Time,TimeDST,TimeUTC,total_site_electricity_kwh,net_site_electricity_kwh,electricity_heating_kwh,electricity_central_system_heating_kwh,electricity_cooling_kwh,electricity_central_system_cooling_kwh,electricity_interior_lighting_kwh,electricity_exterior_lighting_kwh,electricity_exterior_holiday_lighting_kwh,electricity_garage_lighting_kwh,electricity_interior_equipment_kwh,electricity_fans_heating_kwh,electricity_fans_cooling_kwh,electricity_pumps_heating_kwh,electricity_central_system_pumps_heating_kwh,electricity_pumps_cooling_kwh,electricity_central_system_pumps_cooling_kwh,electricity_water_systems_kwh,electricity_pv_kwh,total_site_natural_gas_therm,natural_gas_heating_therm,natural_gas_central_system_heating_therm,natural_gas_interior_equipment_therm,natural_gas_water_systems_therm,total_site_fuel_oil_mbtu,fuel_oil_heating_mbtu,fuel_oil_central_system_heating_mbtu,fuel_oil_interior_equipment_mbtu,fuel_oil_water_systems_mbtu,total_site_propane_mbtu,propane_heating_mbtu,propane_central_system_heating_mbtu,propane_interior_equipment_mbtu,propane_water_systems_mbtu,total_site_wood_mbtu,wood_heating_mbtu,total_site_energy_mbtu,net_site_energy_mbtu
2018/01/01 01:00:00,2018/01/01 01:00:00,2018/01/01 06:00:00,12.755005986489767,12.755005986489767,12.272874755448624,0.0,0.0,0.0,0.06501908921459039,0.013297274945155983,0.0,0.0014232669458539432,0.40239159993554136,0.0,0.0,0.0,0.0,0.0,0.0,0.0,0.0,0.0,0.0,0.0,0.0,0.0,0.0,0.0,0.0,0.0,0.0,0.0,0.0,0.0,0.0,0.0,0.0,0.0,0.04352185213981615,0.04352185213981615
2018/01/01 02:00:00,2018/01/01 02:00:00,2018/01/01 07:00:00,12.04190063919295,12.04190063919295,11.611982710381502,0.0,0.0,0.0,0.03901145352875434,0.00797836496709361,0.0,0.0008539601675123682,0.382074150148087,0.0,0.0,0.0,0.0,0.0,0.0,0.0,0.0,0.0,0.0,0.0,0.0,0.0,0.0,0.0,0.0,0.0,0.0,0.0,0.0,0.0,0.0,0.0,0.0,0.0,0.041088637642070124,0.041088637642070124
2018/01/01 03:00:00,2018/01/01 03:00:00,2018/01/01 08:00:00,11.816760431931616,11.816760431931616,11.43339049911469,0.0,0.0,0.0,0.026007635685836212,0.005318909978062404,0.0,0.0005693067783415784,0.35147408037468464,0.0,0.0,0.0,0.0,0.0,0.0,0.0,0.0,0.0,0.0,0.0,0.0,0.0,0.0,0.0,0.0,0.0,0.0,0.0,0.0,0.0,0.0,0.0,0.0,0.0,0.0403204279821504,0.0403204279821504
2018/01/01 04:00:00,2018/01/01 04:00:00,2018/01/01 09:00:00,11.559485766118362,11.559485766118362,11.190288745620807,0.0,0.0,0.0,0.026007635685836212,0.005318909978062404,0.0,0.0005693067783415784,0.33730116805531524,0.0,0.0,0.0,0.0,0.0,0.0,0.0,0.0,0.0,0.0,0.0,0.0,0.0,0.0,0.0,0.0,0.0,0.0,0.0,0.0,0.0,0.0,0.0,0.0,0.0,0.039442571086065435,0.039442571086065435
2018/01/01 05:00:00,2018/01/01 05:00:00,2018/01/01 10:00:00,11.483022171109136,11.483022171109136,11.131080259622797,0.0,0.0,0.0,0.02891463827931774,0.005913430959804041,0.0,0.0006329410241114424,0.3164809012231033,0.0,0.0,0.0,0.0,0.0,0.0,0.0,0.0,0.0,0.0,0.0,0.0,0.0,0.0,0.0,0.0,0.0,0.0,0.0,0.0,0.0,0.0,0.0,0.0,0.0,0.03918166667883934,0.03918166667883934
2018/01/01 06:00:00,2018/01/01 06:00:00,2018/01/01 11:00:00,12.164574255378565,12.164574255378565,11.296222460405232,0.0,0.0,0.0,0.0793383753156568,0.016225760819139942,0.0,0.0017367159166417452,0.3466963815344563,0.0,0.0,0.0,0.0,0.0,0.0,0.4243545613874356,0.0,0.0,0.0,0.0,0.0,0.0,0.0,0.0,0.0,0.0,0.0,0.0,0.0,0.0,0.0,0.0,0.0,0.0,0.041507217060279884,0.041507217060279884
2018/01/01 07:00:00,2018/01/01 07:00:00,2018/01/01 12:00:00,11.730811548538597,11.730811548538597,11.075981304359521,0.0,0.0,0.0,0.18626460412594562,0.038093607331822404,0.0,0.0040773295571716285,0.42639470316413536,0.0,0.0,0.0,0.0,0.0,0.0,0.0,0.0,0.0,0.0,0.0,0.0,0.0,0.0,0.0,0.0,0.0,0.0,0.0,0.0,0.0,0.0,0.0,0.0,0.0,0.040027158453419844,0.040027158453419844
2018/01/01 08:00:00,2018/01/01 08:00:00,2018/01/01 13:00:00,12.486033397297367,12.486033397297367,11.368875504914762,0.0,0.0,0.0,0.2357130548240661,0.048206478066980994,0.0,0.005159755445514127,0.48637227993051274,0.0,0.0,0.0,0.0,0.0,0.0,0.34170632411552876,0.0,0.0,0.0,0.0,0.0,0.0,0.0,0.0,0.0,0.0,0.0,0.0,0.0,0.0,0.0,0.0,0.0,0.0,0.04260408030428001,0.04260408030428001
2018/01/01 09:00:00,2018/01/01 09:00:00,2018/01/01 14:00:00,13.206501348449518,13.206501348449518,11.118788152903603,0.0,0.0,0.0,0.250496774796642,0.05122994689070952,0.0,0.005483370867198723,0.46168223216050985,0.0,0.0,0.0,0.0,0.0,0.0,1.3188208708308526,0.0,0.0,0.0,0.0,0.0,0.0,0.0,0.0,0.0,0.0,0.0,0.0,0.0,0.0,0.0,0.0,0.0,0.0,0.04506241702907128,0.04506241702907128
2018/01/01 10:00:00,2018/01/01 10:00:00,2018/01/01 15:00:00,14.772380913798717,14.772380913798717,11.169508091224351,0.0,0.0,0.0,0.25749316728611565,0.05266080290054545,0.0,0.005636521800113578,1.968261459756738,0.0,0.0,0.0,0.0,0.0,0.0,1.3188208708308526,0.0,0.0,0.0,0.0,0.0,0.0,0.0,0.0,0.0,0.0,0.0,0.0,0.0,0.0,0.0,0.0,0.0,0.0,0.0504054156120647,0.0504054156120647
2018/01/01 11:00:00,2018/01/01 11:00:00,2018/01/01 16:00:00,13.799688258244137,13.799688258244137,11.502848320997092,0.0,0.0,0.0,0.25049210539113925,0.0512289919347181,0.0,0.0054832686539781255,0.6708147004363559,0.0,0.0,0.0,0.0,0.0,0.0,1.3188208708308526,0.0,0.0,0.0,0.0,0.0,0.0,0.0,0.0,0.0,0.0,0.0,0.0,0.0,0.0,0.0,0.0,0.0,0.0,0.047086453160979105,0.047086453160979105
2018/01/01 12:00:00,2018/01/01 12:00:00,2018/01/01 17:00:00,13.591940870621002,13.591940870621002,11.552844303436425,0.0,0.0,0.0,0.2407923239647726,0.049245256664163566,0.0,0.00527094057536429,0.42496717514942167,0.0,0.0,0.0,0.0,0.0,0.0,1.3188208708308526,0.0,0.0,0.0,0.0,0.0,0.0,0.0,0.0,0.0,0.0,0.0,0.0,0.0,0.0,0.0,0.0,0.0,0.0,0.046377590217586986,0.046377590217586986
2018/01/01 13:00:00,2018/01/01 13:00:00,2018/01/01 18:00:00,14.261851114534695,14.261851114534695,11.494551301024204,0.0,0.0,0.0,0.23379126206979614,0.04781344569833624,0.0,0.005117687429228839,1.1617565474822777,0.0,0.0,0.0,0.0,0.0,0.0,1.3188208708308526,0.0,0.0,0.0,0.0,0.0,0.0,0.0,0.0,0.0,0.0,0.0,0.0,0.0,0.0,0.0,0.0,0.0,0.0,0.048663417022642354,0.048663417022642354
2018/01/01 14:00:00,2018/01/01 14:00:00,2018/01/01 19:00:00,12.22711233426233,12.22711233426233,11.247708423233812,0.0,0.0,0.0,0.2317310969246499,0.04739211432168432,0.0,0.005072590443258922,0.34118455425017113,0.0,0.0,0.0,0.0,0.0,0.0,0.35402355508875427,0.0,0.0,0.0,0.0,0.0,0.0,0.0,0.0,0.0,0.0,0.0,0.0,0.0,0.0,0.0,0.0,0.0,0.0,0.04172060567218413,0.04172060567218413
2018/01/01 15:00:00,2018/01/01 15:00:00,2018/01/01 20:00:00,12.246900034666997,12.246900034666997,11.579033328270373,0.0,0.0,0.0,0.23317934365905124,0.047688300184150045,0.0,0.005104292543848358,0.3818947700095756,0.0,0.0,0.0,0.0,0.0,0.0,0.0,0.0,0.0,0.0,0.0,0.0,0.0,0.0,0.0,0.0,0.0,0.0,0.0,0.0,0.0,0.0,0.0,0.0,0.0,0.04178812405454405,0.04178812405454405
2018/01/01 16:00:00,2018/01/01 16:00:00,2018/01/01 21:00:00,12.819665450843344,12.819665450843344,11.68111719515626,0.0,0.0,0.0,0.24459549474031855,0.05002305604703263,0.0,0.005354191929999653,0.36937785460796296,0.0,0.0,0.0,0.0,0.0,0.0,0.4691976583617698,0.0,0.0,0.0,0.0,0.0,0.0,0.0,0.0,0.0,0.0,0.0,0.0,0.0,0.0,0.0,0.0,0.0,0.0,0.04374247921361109,0.04374247921361109
2018/01/01 17:00:00,2018/01/01 17:00:00,2018/01/01 22:00:00,12.520286813446539,12.520286813446539,11.672411484614381,0.0,0.0,0.0,0.28271709417415014,0.05781943392842271,0.0,0.006188673203924996,0.50115012752566,0.0,0.0,0.0,0.0,0.0,0.0,0.0,0.0,0.0,0.0,0.0,0.0,0.0,0.0,0.0,0.0,0.0,0.0,0.0,0.0,0.0,0.0,0.0,0.0,0.0,0.04272095771809753,0.04272095771809753
2018/01/01 18:00:00,2018/01/01 18:00:00,2018/01/01 23:00:00,13.4859331530486,13.4859331530486,12.103182198217509,0.0,0.0,0.0,0.3675402510758053,0.07516690607333103,0.0,0.008045450912124845,0.7055242084195247,0.0,0.0,0.0,0.0,0.0,0.0,0.22647413835030336,0.0,0.0,0.0,0.0,0.0,0.0,0.0,0.0,0.0,0.0,0.0,0.0,0.0,0.0,0.0,0.0,0.0,0.0,0.04601587716039578,0.04601587716039578
2018/01/01 19:00:00,2018/01/01 19:00:00,2018/01/02 00:00:00,13.957250082845576,13.957250082845576,12.447100717517442,0.0,0.0,0.0,0.47677390830942135,0.09750665261617207,0.0,0.010436574128296532,0.7389763663818958,0.0,0.0,0.0,0.0,0.0,0.0,0.18645586389234636,0.0,0.0,0.0,0.0,0.0,0.0,0.0,0.0,0.0,0.0,0.0,0.0,0.0,0.0,0.0,0.0,0.0,0.0,0.047624075992395015,0.047624075992395015
2018/01/01 20:00:00,2018/01/01 20:00:00,2018/01/02 01:00:00,15.244733476750357,15.244733476750357,12.67984922071555,0.0,0.0,0.0,0.5317029901440857,0.10874038585457309,0.0,0.011638970954917116,0.6836115091075151,0.0,0.0,0.0,0.0,0.0,0.0,1.2291903999737144,0.0,0.0,0.0,0.0,0.0,0.0,0.0,0.0,0.0,0.0,0.0,0.0,0.0,0.0,0.0,0.0,0.0,0.0,0.05201714816824063,0.05201714816824063
2018/01/01 21:00:00,2018/01/01 21:00:00,2018/01/02 02:00:00,14.619229144577927,14.619229144577927,12.75415262910937,0.0,0.0,0.0,0.4809530735025553,0.09836134789544489,0.0,0.010528055995429731,0.6773221072788519,0.0,0.0,0.0,0.0,0.0,0.0,0.5979119307962756,0.0,0.0,0.0,0.0,0.0,0.0,0.0,0.0,0.0,0.0,0.0,0.0,0.0,0.0,0.0,0.0,0.0,0.0,0.04988284050217933,0.04988284050217933
2018/01/01 22:00:00,2018/01/01 22:00:00,2018/01/02 03:00:00,14.185951224765448,14.185951224765448,12.792098725210103,0.0,0.0,0.0,0.3722164214914055,0.07612324558004757,0.0,0.008147812216567882,0.645084447013938,0.0,0.0,0.0,0.0,0.0,0.0,0.29228057325338724,0.0,0.0,0.0,0.0,0.0,0.0,0.0,0.0,0.0,0.0,0.0,0.0,0.0,0.0,0.0,0.0,0.0,0.0,0.04840443605599566,0.04840443605599566
2018/01/01 23:00:00,2018/01/01 23:00:00,2018/01/02 04:00:00,14.131202254459412,14.131202254459412,12.913417621873345,0.0,0.0,0.0,0.3200453407126226,0.06545356051245445,0.0,0.0070057879941606725,0.5486638763632579,0.0,0.0,0.0,0.0,0.0,0.0,0.27661606700357066,0.0,0.0,0.0,0.0,0.0,0.0,0.0,0.0,0.0,0.0,0.0,0.0,0.0,0.0,0.0,0.0,0.0,0.0,0.04821762496449242,0.04821762496449242
2018/01/02 00:00:00,2018/01/02 00:00:00,2018/01/02 05:00:00,13.915290329613416,13.915290329613416,13.289487042037361,0.0,0.0,0.0,0.13094360677997474,0.026779722120023,0.0,0.002866353705536267,0.46521360497051883,0.0,0.0,0.0,0.0,0.0,0.0,0.0,0.0,0.0,0.0,0.0,0.0,0.0,0.0,0.0,0.0,0.0,0.0,0.0,0.0,0.0,0.0,0.0,0.0,0.0,0.04748090348601378,0.04748090348601378
2018/01/02 01:00:00,2018/01/02 01:00:00,2018/01/02 06:00:00,14.823837525012886,14.823837525012886,14.341706293971743,0.0,0.0,0.0,0.06501908921459039,0.013297274945155983,0.0,0.0014232669458539432,0.40239159993554136,0.0,0.0,0.0,0.0,0.0,0.0,0.0,0.0,0.0,0.0,0.0,0.0,0.0,0.0,0.0,0.0,0.0,0.0,0.0,0.0,0.0,0.0,0.0,0.0,0.0,0.050580992717026554,0.050580992717026554
2018/01/02 02:00:00,2018/01/02 02:00:00,2018/01/02 07:00:00,15.103578769221794,15.103578769221794,14.67366084041035,0.0,0.0,0.0,0.03901145352875434,0.00797836496709361,0.0,0.0008539601675123682,0.382074150148087,0.0,0.0,0.0,0.0,0.0,0.0,0.0,0.0,0.0,0.0,0.0,0.0,0.0,0.0,0.0,0.0,0.0,0.0,0.0,0.0,0.0,0.0,0.0,0.0,0.0,0.05153550869928201,0.05153550869928201
2018/01/02 03:00:00,2018/01/02 03:00:00,2018/01/02 08:00:00,14.69993798859582,14.69993798859582,14.316568055778896,0.0,0.0,0.0,0.026007635685836212,0.005318909978062404,0.0,0.0005693067783415784,0.35147408037468464,0.0,0.0,0.0,0.0,0.0,0.0,0.0,0.0,0.0,0.0,0.0,0.0,0.0,0.0,0.0,0.0,0.0,0.0,0.0,0.0,0.0,0.0,0.0,0.0,0.0,0.05015823028870259,0.05015823028870259
2018/01/02 04:00:00,2018/01/02 04:00:00,2018/01/02 09:00:00,14.92494800250066,14.92494800250066,14.555750982003104,0.0,0.0,0.0,0.026007635685836212,0.005318909978062404,0.0,0.0005693067783415784,0.33730116805531524,0.0,0.0,0.0,0.0,0.0,0.0,0.0,0.0,0.0,0.0,0.0,0.0,0.0,0.0,0.0,0.0,0.0,0.0,0.0,0.0,0.0,0.0,0.0,0.0,0.0,0.050925995710805645,0.050925995710805645
2018/01/02 05:00:00,2018/01/02 05:00:00,2018/01/02 10:00:00,15.462677984046277,15.462677984046277,14.706902821804826,0.0,0.0,0.0,0.02891463827931774,0.005913430959804041,0.0,0.0006329410241114424,0.3164809012231033,0.0,0.0,0.0,0.0,0.0,0.0,0.40383325075511134,0.0,0.0,0.0,0.0,0.0,0.0,0.0,0.0,0.0,0.0,0.0,0.0,0.0,0.0,0.0,0.0,0.0,0.0,0.05276080510037105,0.05276080510037105
2018/01/02 06:00:00,2018/01/02 06:00:00,2018/01/02 11:00:00,15.237459512932865,15.237459512932865,14.793462279346969,0.0,0.0,0.0,0.0793383753156568,0.016225760819139942,0.0,0.0017367159166417452,0.3466963815344563,0.0,0.0,0.0,0.0,0.0,0.0,0.0,0.0,0.0,0.0,0.0,0.0,0.0,0.0,0.0,0.0,0.0,0.0,0.0,0.0,0.0,0.0,0.0,0.0,0.0,0.051992328393316925,0.051992328393316925
2018/01/02 07:00:00,2018/01/02 07:00:00,2018/01/02 12:00:00,15.573253868765736,15.573253868765736,14.91842362458666,0.0,0.0,0.0,0.18626460412594562,0.038093607331822404,0.0,0.0040773295571716285,0.42639470316413536,0.0,0.0,0.0,0.0,0.0,0.0,0.0,0.0,0.0,0.0,0.0,0.0,0.0,0.0,0.0,0.0,0.0,0.0,0.0,0.0,0.0,0.0,0.0,0.0,0.0,0.05313810537840206,0.05313810537840206
2018/01/02 08:00:00,2018/01/02 08:00:00,2018/01/02 13:00:00,15.939900333292913,15.939900333292913,14.408688454370914,0.0,0.0,0.0,0.2357130548240661,0.048206478066980994,0.0,0.005159755445514127,0.5844296437462715,0.0,0.0,0.0,0.0,0.0,0.0,0.6577029468391656,0.0,0.0,0.0,0.0,0.0,0.0,0.0,0.0,0.0,0.0,0.0,0.0,0.0,0.0,0.0,0.0,0.0,0.0,0.05438915404381547,0.05438915404381547
2018/01/02 09:00:00,2018/01/02 09:00:00,2018/01/02 14:00:00,17.902587386607188,17.902587386607188,13.677520583498644,0.0,0.0,0.0,0.250496774796642,0.05122994689070952,0.0,0.005483370867198723,2.59903583972314,0.0,0.0,0.0,0.0,0.0,0.0,1.3188208708308526,0.0,0.0,0.0,0.0,0.0,0.0,0.0,0.0,0.0,0.0,0.0,0.0,0.0,0.0,0.0,0.0,0.0,0.0,0.06108611489366162,0.06108611489366162
2018/01/02 10:00:00,2018/01/02 10:00:00,2018/01/02 15:00:00,15.390357955961132,15.390357955961132,13.453027212731197,0.0,0.0,0.0,0.25749316728611565,0.05266080290054545,0.0,0.005636521800113578,0.3027193804123075,0.0,0.0,0.0,0.0,0.0,0.0,1.3188208708308526,0.0,0.0,0.0,0.0,0.0,0.0,0.0,0.0,0.0,0.0,0.0,0.0,0.0,0.0,0.0,0.0,0.0,0.0,0.05251403911904553,0.05251403911904553
2018/01/02 11:00:00,2018/01/02 11:00:00,2018/01/02 16:00:00,14.6614265446636,14.6614265446636,12.734704107394165,0.0,0.0,0.0,0.25049210539113925,0.0512289919347181,0.0,0.0054832686539781255,0.30069720045874637,0.0,0.0,0.0,0.0,0.0,0.0,1.3188208708308526,0.0,0.0,0.0,0.0,0.0,0.0,0.0,0.0,0.0,0.0,0.0,0.0,0.0,0.0,0.0,0.0,0.0,0.0,0.0500268238926347,0.0500268238926347
2018/01/02 12:00:00,2018/01/02 12:00:00,2018/01/02 17:00:00,14.215256330575853,14.215256330575853,12.2803629251705,0.0,0.0,0.0,0.2407923239647726,0.049245256664163566,0.0,0.00527094057536429,0.3207640133701988,0.0,0.0,0.0,0.0,0.0,0.0,1.3188208708308526,0.0,0.0,0.0,0.0,0.0,0.0,0.0,0.0,0.0,0.0,0.0,0.0,0.0,0.0,0.0,0.0,0.0,0.0,0.04850442914760009,0.04850442914760009
2018/01/02 13:00:00,2018/01/02 13:00:00,2018/01/02 18:00:00,13.27658718584238,13.27658718584238,11.648817222223087,0.0,0.0,0.0,0.23379126206979614,0.04781344569833624,0.0,0.005117687429228839,0.3253849632138206,0.0,0.0,0.0,0.0,0.0,0.0,1.0156626052081124,0.0,0.0,0.0,0.0,0.0,0.0,0.0,0.0,0.0,0.0,0.0,0.0,0.0,0.0,0.0,0.0,0.0,0.0,0.045301559641418014,0.045301559641418014
2018/01/02 14:00:00,2018/01/02 14:00:00,2018/01/02 19:00:00,11.690558248980935,11.690558248980935,11.065177893041172,0.0,0.0,0.0,0.2317310969246499,0.04739211432168432,0.0,0.005072590443258922,0.34118455425017113,0.0,0.0,0.0,0.0,0.0,0.0,0.0,0.0,0.0,0.0,0.0,0.0,0.0,0.0,0.0,0.0,0.0,0.0,0.0,0.0,0.0,0.0,0.0,0.0,0.0,0.03988980860400826,0.03988980860400826
2018/01/02 15:00:00,2018/01/02 15:00:00,2018/01/02 20:00:00,11.173549671876241,11.173549671876241,10.505682965479618,0.0,0.0,0.0,0.23317934365905124,0.047688300184150045,0.0,0.005104292543848358,0.3818947700095756,0.0,0.0,0.0,0.0,0.0,0.0,0.0,0.0,0.0,0.0,0.0,0.0,0.0,0.0,0.0,0.0,0.0,0.0,0.0,0.0,0.0,0.0,0.0,0.0,0.0,0.03812570352466916,0.03812570352466916
2018/01/02 16:00:00,2018/01/02 16:00:00,2018/01/02 21:00:00,11.034534088461566,11.034534088461566,10.365183491136252,0.0,0.0,0.0,0.24459549474031855,0.05002305604703263,0.0,0.005354191929999653,0.36937785460796296,0.0,0.0,0.0,0.0,0.0,0.0,0.0,0.0,0.0,0.0,0.0,0.0,0.0,0.0,0.0,0.0,0.0,0.0,0.0,0.0,0.0,0.0,0.0,0.0,0.0,0.03765136304431876,0.03765136304431876
2018/01/02 17:00:00,2018/01/02 17:00:00,2018/01/02 22:00:00,11.057081036024627,11.057081036024627,10.20920570719247,0.0,0.0,0.0,0.28271709417415014,0.05781943392842271,0.0,0.006188673203924996,0.50115012752566,0.0,0.0,0.0,0.0,0.0,0.0,0.0,0.0,0.0,0.0,0.0,0.0,0.0,0.0,0.0,0.0,0.0,0.0,0.0,0.0,0.0,0.0,0.0,0.0,0.0,0.03772829636125198,0.03772829636125198
2018/01/02 18:00:00,2018/01/02 18:00:00,2018/01/02 23:00:00,11.449646809511727,11.449646809511727,10.293369993030938,0.0,0.0,0.0,0.3675402510758053,0.07516690607333103,0.0,0.008045450912124845,0.7055242084195247,0.0,0.0,0.0,0.0,0.0,0.0,0.0,0.0,0.0,0.0,0.0,0.0,0.0,0.0,0.0,0.0,0.0,0.0,0.0,0.0,0.0,0.0,0.0,0.0,0.0,0.039067785309117226,0.039067785309117226
2018/01/02 19:00:00,2018/01/02 19:00:00,2018/01/03 00:00:00,12.058165646407137,12.058165646407137,10.734472144971349,0.0,0.0,0.0,0.47677390830942135,0.09750665261617207,0.0,0.010436574128296532,0.7389763663818958,0.0,0.0,0.0,0.0,0.0,0.0,0.0,0.0,0.0,0.0,0.0,0.0,0.0,0.0,0.0,0.0,0.0,0.0,0.0,0.0,0.0,0.0,0.0,0.0,0.0,0.041144136105950004,0.041144136105950004
2018/01/02 20:00:00,2018/01/02 20:00:00,2018/01/03 01:00:00,13.869737665180452,13.869737665180452,10.957734062792237,0.0,0.0,0.0,0.5317029901440857,0.10874038585457309,0.0,0.011638970954917116,1.018073563395663,0.0,0.0,0.0,0.0,0.0,0.0,1.2418476920389754,0.0,0.0,0.0,0.0,0.0,0.0,0.0,0.0,0.0,0.0,0.0,0.0,0.0,0.0,0.0,0.0,0.0,0.0,0.04732547146754778,0.04732547146754778
2018/01/02 21:00:00,2018/01/02 21:00:00,2018/01/03 02:00:00,21.34569983018285,21.34569983018285,11.066640568544512,0.0,0.0,0.0,0.4809530735025553,0.09836134789544489,0.0,0.010528055995429731,8.370395913414052,0.0,0.0,0.0,0.0,0.0,0.0,1.3188208708308526,0.0,0.0,0.0,0.0,0.0,0.0,0.0,0.0,0.0,0.0,0.0,0.0,0.0,0.0,0.0,0.0,0.0,0.0,0.07283449281122469,0.07283449281122469
2018/01/02 22:00:00,2018/01/02 22:00:00,2018/01/03 03:00:00,17.11575248952672,17.11575248952672,11.1602172703387,0.0,0.0,0.0,0.3722164214914055,0.07612324558004757,0.0,0.008147812216567882,4.180226869069144,0.0,0.0,0.0,0.0,0.0,0.0,1.3188208708308526,0.0,0.0,0.0,0.0,0.0,0.0,0.0,0.0,0.0,0.0,0.0,0.0,0.0,0.0,0.0,0.0,0.0,0.0,0.058401324930767384,0.058401324930767384
2018/01/02 23:00:00,2018/01/02 23:00:00,2018/01/03 04:00:00,15.168917980023085,15.168917980023085,11.107734948640172,0.0,0.0,0.0,0.3200453407126226,0.06545356051245445,0.0,0.0070057879941606725,2.3498574713328217,0.0,0.0,0.0,0.0,0.0,0.0,1.3188208708308526,0.0,0.0,0.0,0.0,0.0,0.0,0.0,0.0,0.0,0.0,0.0,0.0,0.0,0.0,0.0,0.0,0.0,0.0,0.05175845516237564,0.05175845516237564
2018/01/03 00:00:00,2018/01/03 00:00:00,2018/01/03 05:00:00,13.901253624306234,13.901253624306234,11.910768749470979,0.0,0.0,0.0,0.13094360677997474,0.026779722120023,0.0,0.002866353705536267,0.5110743213988677,0.0,0.0,0.0,0.0,0.0,0.0,1.3188208708308526,0.0,0.0,0.0,0.0,0.0,0.0,0.0,0.0,0.0,0.0,0.0,0.0,0.0,0.0,0.0,0.0,0.0,0.0,0.04743300829775936,0.04743300829775936
2018/01/03 01:00:00,2018/01/03 01:00:00,2018/01/03 06:00:00,16.32605907417636,16.32605907417636,13.49126571875314,0.0,0.0,0.0,0.06501908921459039,0.013297274945155983,0.0,0.0014232669458539432,1.4362328534867663,0.0,0.0,0.0,0.0,0.0,0.0,1.3188208708308526,0.0,0.0,0.0,0.0,0.0,0.0,0.0,0.0,0.0,0.0,0.0,0.0,0.0,0.0,0.0,0.0,0.0,0.0,0.05570678130647833,0.05570678130647833
2018/01/03 02:00:00,2018/01/03 02:00:00,2018/01/03 07:00:00,15.596052638266627,15.596052638266627,13.764266919323918,0.0,0.0,0.0,0.03901145352875434,0.00797836496709361,0.0,0.0008539601675123682,0.46512106944849735,0.0,0.0,0.0,0.0,0.0,0.0,1.3188208708308526,0.0,0.0,0.0,0.0,0.0,0.0,0.0,0.0,0.0,0.0,0.0,0.0,0.0,0.0,0.0,0.0,0.0,0.0,0.05321589794676608,0.05321589794676608
2018/01/03 03:00:00,2018/01/03 03:00:00,2018/01/03 08:00:00,16.292789283306565,16.292789283306565,12.648006021792787,0.0,0.0,0.0,0.026007635685836212,0.005318909978062404,0.0,0.0005693067783415784,2.294066538240683,0.0,0.0,0.0,0.0,0.0,0.0,1.3188208708308526,0.0,0.0,0.0,0.0,0.0,0.0,0.0,0.0,0.0,0.0,0.0,0.0,0.0,0.0,0.0,0.0,0.0,0.0,0.05559326015874296,0.05559326015874296
2018/01/03 04:00:00,2018/01/03 04:00:00,2018/01/03 09:00:00,15.998814583444627,15.998814583444627,12.647229741341148,0.0,0.0,0.0,0.026007635685836212,0.005318909978062404,0.0,0.0005693067783415784,2.0008681188303856,0.0,0.0,0.0,0.0,0.0,0.0,1.3188208708308526,0.0,0.0,0.0,0.0,0.0,0.0,0.0,0.0,0.0,0.0,0.0,0.0,0.0,0.0,0.0,0.0,0.0,0.0,0.054590177648723766,0.054590177648723766
2018/01/03 05:00:00,2018/01/03 05:00:00,2018/01/03 10:00:00,14.608896326170788,14.608896326170788,12.46018214321595,0.0,0.0,0.0,0.02891463827931774,0.005913430959804041,0.0,0.0006329410241114424,2.011271121734182,0.0,0.0,0.0,0.0,0.0,0.0,0.10198205095742181,0.0,0.0,0.0,0.0,0.0,0.0,0.0,0.0,0.0,0.0,0.0,0.0,0.0,0.0,0.0,0.0,0.0,0.0,0.04984758349051039,0.04984758349051039
2018/01/03 06:00:00,2018/01/03 06:00:00,2018/01/03 11:00:00,13.254839182484814,13.254839182484814,12.810841948898918,0.0,0.0,0.0,0.0793383753156568,0.016225760819139942,0.0,0.0017367159166417452,0.3466963815344563,0.0,0.0,0.0,0.0,0.0,0.0,0.0,0.0,0.0,0.0,0.0,0.0,0.0,0.0,0.0,0.0,0.0,0.0,0.0,0.0,0.0,0.0,0.0,0.0,0.0,0.04522735243309002,0.04522735243309002
2018/01/03 07:00:00,2018/01/03 07:00:00,2018/01/03 12:00:00,13.736786683372042,13.736786683372042,13.081956439192966,0.0,0.0,0.0,0.18626460412594562,0.038093607331822404,0.0,0.0040773295571716285,0.42639470316413536,0.0,0.0,0.0,0.0,0.0,0.0,0.0,0.0,0.0,0.0,0.0,0.0,0.0,0.0,0.0,0.0,0.0,0.0,0.0,0.0,0.0,0.0,0.0,0.0,0.0,0.04687182425027184,0.04687182425027184
2018/01/03 08:00:00,2018/01/03 08:00:00,2018/01/03 13:00:00,13.95079986604126,13.95079986604126,13.175348297774184,0.0,0.0,0.0,0.2357130548240661,0.048206478066980994,0.0,0.005159755445514127,0.48637227993051274,0.0,0.0,0.0,0.0,0.0,0.0,0.0,0.0,0.0,0.0,0.0,0.0,0.0,0.0,0.0,0.0,0.0,0.0,0.0,0.0,0.0,0.0,0.0,0.0,0.0,0.04760206695670153,0.04760206695670153
2018/01/03 09:00:00,2018/01/03 09:00:00,2018/01/03 14:00:00,13.55939120006589,13.55939120006589,12.863659097976575,0.0,0.0,0.0,0.250496774796642,0.05122994689070952,0.0,0.005483370867198723,0.38852200953476496,0.0,0.0,0.0,0.0,0.0,0.0,0.0,0.0,0.0,0.0,0.0,0.0,0.0,0.0,0.0,0.0,0.0,0.0,0.0,0.0,0.0,0.0,0.0,0.0,0.0,0.0462665262203925,0.0462665262203925
2018/01/03 10:00:00,2018/01/03 10:00:00,2018/01/03 15:00:00,12.810937463082976,12.810937463082976,12.192427590683893,0.0,0.0,0.0,0.25749316728611565,0.05266080290054545,0.0,0.005636521800113578,0.3027193804123075,0.0,0.0,0.0,0.0,0.0,0.0,0.0,0.0,0.0,0.0,0.0,0.0,0.0,0.0,0.0,0.0,0.0,0.0,0.0,0.0,0.0,0.0,0.0,0.0,0.0,0.04371269810702539,0.04371269810702539
2018/01/03 11:00:00,2018/01/03 11:00:00,2018/01/03 16:00:00,11.759151384912526,11.759151384912526,11.151249818473943,0.0,0.0,0.0,0.25049210539113925,0.0512289919347181,0.0,0.0054832686539781255,0.30069720045874637,0.0,0.0,0.0,0.0,0.0,0.0,0.0,0.0,0.0,0.0,0.0,0.0,0.0,0.0,0.0,0.0,0.0,0.0,0.0,0.0,0.0,0.0,0.0,0.0,0.0,0.04012385791162779,0.04012385791162779
2018/01/03 12:00:00,2018/01/03 12:00:00,2018/01/03 17:00:00,11.20541400828023,11.20541400828023,10.155182119883525,0.0,0.0,0.0,0.2407923239647726,0.049245256664163566,0.0,0.00527094057536429,0.3207640133701988,0.0,0.0,0.0,0.0,0.0,0.0,0.43415935382220316,0.0,0.0,0.0,0.0,0.0,0.0,0.0,0.0,0.0,0.0,0.0,0.0,0.0,0.0,0.0,0.0,0.0,0.0,0.03823442906654476,0.03823442906654476
2018/01/03 13:00:00,2018/01/03 13:00:00,2018/01/03 18:00:00,11.517819860798378,11.517819860798378,9.586891631556343,0.0,0.0,0.0,0.23379126206979614,0.04781344569833624,0.0,0.005117687429228839,0.3253849632138206,0.0,0.0,0.0,0.0,0.0,0.0,1.3188208708308526,0.0,0.0,0.0,0.0,0.0,0.0,0.0,0.0,0.0,0.0,0.0,0.0,0.0,0.0,0.0,0.0,0.0,0.0,0.03930040122957704,0.03930040122957704
2018/01/03 14:00:00,2018/01/03 14:00:00,2018/01/03 19:00:00,10.46859986956543,10.46859986956543,8.809197610922183,0.0,0.0,0.0,0.2317310969246499,0.04739211432168432,0.0,0.005072590443258922,0.34118455425017113,0.0,0.0,0.0,0.0,0.0,0.0,1.034021902703483,0.0,0.0,0.0,0.0,0.0,0.0,0.0,0.0,0.0,0.0,0.0,0.0,0.0,0.0,0.0,0.0,0.0,0.0,0.03572031687924844,0.03572031687924844
2018/01/03 15:00:00,2018/01/03 15:00:00,2018/01/03 20:00:00,9.052885485003163,9.052885485003163,8.385018778606538,0.0,0.0,0.0,0.23317934365905124,0.047688300184150045,0.0,0.005104292543848358,0.3818947700095756,0.0,0.0,0.0,0.0,0.0,0.0,0.0,0.0,0.0,0.0,0.0,0.0,0.0,0.0,0.0,0.0,0.0,0.0,0.0,0.0,0.0,0.0,0.0,0.0,0.0,0.030889702751556728,0.030889702751556728
2018/01/03 16:00:00,2018/01/03 16:00:00,2018/01/03 21:00:00,8.776822858054665,8.776822858054665,8.020704806611677,0.0,0.0,0.0,0.24459549474031855,0.05002305604703263,0.0,0.005354191929999653,0.4561453087256356,0.0,0.0,0.0,0.0,0.0,0.0,0.0,0.0,0.0,0.0,0.0,0.0,0.0,0.0,0.0,0.0,0.0,0.0,0.0,0.0,0.0,0.0,0.0,0.0,0.0,0.02994773872236631,0.02994773872236631
2018/01/03 17:00:00,2018/01/03 17:00:00,2018/01/03 22:00:00,11.491571634177912,11.491571634177912,7.904847353072351,0.0,0.0,0.0,0.28271709417415014,0.05781943392842271,0.0,0.006188673203924996,2.606600749448547,0.0,0.0,0.0,0.0,0.0,0.0,0.6333983303505157,0.0,0.0,0.0,0.0,0.0,0.0,0.0,0.0,0.0,0.0,0.0,0.0,0.0,0.0,0.0,0.0,0.0,0.0,0.039210838634379644,0.039210838634379644
2018/01/03 18:00:00,2018/01/03 18:00:00,2018/01/03 23:00:00,12.506736305361034,12.506736305361034,7.822884495496782,0.0,0.0,0.0,0.3675402510758053,0.07516690607333103,0.0,0.008045450912124845,4.074495448683224,0.0,0.0,0.0,0.0,0.0,0.0,0.15860375311976566,0.0,0.0,0.0,0.0,0.0,0.0,0.0,0.0,0.0,0.0,0.0,0.0,0.0,0.0,0.0,0.0,0.0,0.0,0.04267472150229792,0.04267472150229792
2018/01/03 19:00:00,2018/01/03 19:00:00,2018/01/04 00:00:00,9.639514911328195,9.639514911328195,8.315821409892408,0.0,0.0,0.0,0.47677390830942135,0.09750665261617207,0.0,0.010436574128296532,0.7389763663818958,0.0,0.0,0.0,0.0,0.0,0.0,0.0,0.0,0.0,0.0,0.0,0.0,0.0,0.0,0.0,0.0,0.0,0.0,0.0,0.0,0.0,0.0,0.0,0.0,0.0,0.032891363839009466,0.032891363839009466
2018/01/03 20:00:00,2018/01/03 20:00:00,2018/01/04 01:00:00,9.75327923583526,9.75327923583526,8.412312594759507,0.0,0.0,0.0,0.5317029901440857,0.10874038585457309,0.0,0.011638970954917116,0.6888842941221767,0.0,0.0,0.0,0.0,0.0,0.0,0.0,0.0,0.0,0.0,0.0,0.0,0.0,0.0,0.0,0.0,0.0,0.0,0.0,0.0,0.0,0.0,0.0,0.0,0.0,0.03327954351648095,0.03327954351648095
2018/01/03 21:00:00,2018/01/03 21:00:00,2018/01/04 02:00:00,9.949874568386353,9.949874568386353,8.563845232052797,0.0,0.0,0.0,0.4809530735025553,0.09836134789544489,0.0,0.010528055995429731,0.7961868589401253,0.0,0.0,0.0,0.0,0.0,0.0,0.0,0.0,0.0,0.0,0.0,0.0,0.0,0.0,0.0,0.0,0.0,0.0,0.0,0.0,0.0,0.0,0.0,0.0,0.0,0.03395035409890871,0.03395035409890871
2018/01/03 22:00:00,2018/01/03 22:00:00,2018/01/04 03:00:00,9.766687981586324,9.766687981586324,8.665116055284365,0.0,0.0,0.0,0.3722164214914055,0.07612324558004757,0.0,0.008147812216567882,0.645084447013938,0.0,0.0,0.0,0.0,0.0,0.0,0.0,0.0,0.0,0.0,0.0,0.0,0.0,0.0,0.0,0.0,0.0,0.0,0.0,0.0,0.0,0.0,0.0,0.0,0.0,0.03332529601950419,0.03332529601950419
2018/01/03 23:00:00,2018/01/03 23:00:00,2018/01/04 04:00:00,9.84934628626871,9.84934628626871,8.908177720686215,0.0,0.0,0.0,0.3200453407126226,0.06545356051245445,0.0,0.0070057879941606725,0.5486638763632579,0.0,0.0,0.0,0.0,0.0,0.0,0.0,0.0,0.0,0.0,0.0,0.0,0.0,0.0,0.0,0.0,0.0,0.0,0.0,0.0,0.0,0.0,0.0,0.0,0.0,0.03360733763660144,0.03360733763660144
2018/01/04 00:00:00,2018/01/04 00:00:00,2018/01/04 05:00:00,9.88510265202085,9.88510265202085,9.259299364444797,0.0,0.0,0.0,0.13094360677997474,0.026779722120023,0.0,0.002866353705536267,0.46521360497051883,0.0,0.0,0.0,0.0,0.0,0.0,0.0,0.0,0.0,0.0,0.0,0.0,0.0,0.0,0.0,0.0,0.0,0.0,0.0,0.0,0.0,0.0,0.0,0.0,0.0,0.03372934332322911,0.03372934332322911
2018/01/04 01:00:00,2018/01/04 01:00:00,2018/01/04 06:00:00,10.294730497028823,10.294730497028823,9.81259926598768,0.0,0.0,0.0,0.06501908921459039,0.013297274945155983,0.0,0.0014232669458539432,0.40239159993554136,0.0,0.0,0.0,0.0,0.0,0.0,0.0,0.0,0.0,0.0,0.0,0.0,0.0,0.0,0.0,0.0,0.0,0.0,0.0,0.0,0.0,0.0,0.0,0.0,0.0,0.035127050429103614,0.035127050429103614
2018/01/04 02:00:00,2018/01/04 02:00:00,2018/01/04 07:00:00,10.710950576384224,10.710950576384224,9.876620234548383,0.0,0.0,0.0,0.03901145352875434,0.00797836496709361,0.0,0.0008539601675123682,0.382074150148087,0.0,0.0,0.0,0.0,0.0,0.0,0.40441241302439535,0.0,0.0,0.0,0.0,0.0,0.0,0.0,0.0,0.0,0.0,0.0,0.0,0.0,0.0,0.0,0.0,0.0,0.0,0.03654725115425541,0.03654725115425541
2018/01/04 03:00:00,2018/01/04 03:00:00,2018/01/04 08:00:00,9.870942542430628,9.870942542430628,9.487572609613702,0.0,0.0,0.0,0.026007635685836212,0.005318909978062404,0.0,0.0005693067783415784,0.35147408037468464,0.0,0.0,0.0,0.0,0.0,0.0,0.0,0.0,0.0,0.0,0.0,0.0,0.0,0.0,0.0,0.0,0.0,0.0,0.0,0.0,0.0,0.0,0.0,0.0,0.0,0.03368102706241967,0.03368102706241967
2018/01/04 04:00:00,2018/01/04 04:00:00,2018/01/04 09:00:00,9.885185085089704,9.885185085089704,9.51598806459215,0.0,0.0,0.0,0.026007635685836212,0.005318909978062404,0.0,0.0005693067783415784,0.33730116805531524,0.0,0.0,0.0,0.0,0.0,0.0,0.0,0.0,0.0,0.0,0.0,0.0,0.0,0.0,0.0,0.0,0.0,0.0,0.0,0.0,0.0,0.0,0.0,0.0,0.0,0.03372962459631028,0.03372962459631028
2018/01/04 05:00:00,2018/01/04 05:00:00,2018/01/04 10:00:00,10.036860857106024,10.036860857106024,9.684918945619685,0.0,0.0,0.0,0.02891463827931774,0.005913430959804041,0.0,0.0006329410241114424,0.3164809012231033,0.0,0.0,0.0,0.0,0.0,0.0,0.0,0.0,0.0,0.0,0.0,0.0,0.0,0.0,0.0,0.0,0.0,0.0,0.0,0.0,0.0,0.0,0.0,0.0,0.0,0.03424716339871294,0.03424716339871294
2018/01/04 06:00:00,2018/01/04 06:00:00,2018/01/04 11:00:00,10.281343784346284,10.281343784346284,9.837346550760389,0.0,0.0,0.0,0.0793383753156568,0.016225760819139942,0.0,0.0017367159166417452,0.3466963815344563,0.0,0.0,0.0,0.0,0.0,0.0,0.0,0.0,0.0,0.0,0.0,0.0,0.0,0.0,0.0,0.0,0.0,0.0,0.0,0.0,0.0,0.0,0.0,0.0,0.0,0.035081373105970655,0.035081373105970655
2018/01/04 07:00:00,2018/01/04 07:00:00,2018/01/04 12:00:00,10.653209135847337,10.653209135847337,9.998378891668262,0.0,0.0,0.0,0.18626460412594562,0.038093607331822404,0.0,0.0040773295571716285,0.42639470316413536,0.0,0.0,0.0,0.0,0.0,0.0,0.0,0.0,0.0,0.0,0.0,0.0,0.0,0.0,0.0,0.0,0.0,0.0,0.0,0.0,0.0,0.0,0.0,0.0,0.0,0.036350229338660174,0.036350229338660174
2018/01/04 08:00:00,2018/01/04 08:00:00,2018/01/04 13:00:00,11.189516652467628,11.189516652467628,10.001056748554682,0.0,0.0,0.0,0.2357130548240661,0.048206478066980994,0.0,0.005159755445514127,0.48637227993051274,0.0,0.0,0.0,0.0,0.0,0.0,0.4130083356458702,0.0,0.0,0.0,0.0,0.0,0.0,0.0,0.0,0.0,0.0,0.0,0.0,0.0,0.0,0.0,0.0,0.0,0.0,0.03818018508031513,0.03818018508031513
2018/01/04 09:00:00,2018/01/04 09:00:00,2018/01/04 14:00:00,13.277391816602611,13.277391816602611,11.262838843682442,0.0,0.0,0.0,0.250496774796642,0.05122994689070952,0.0,0.005483370867198723,0.38852200953476496,0.0,0.0,0.0,0.0,0.0,0.0,1.3188208708308526,0.0,0.0,0.0,0.0,0.0,0.0,0.0,0.0,0.0,0.0,0.0,0.0,0.0,0.0,0.0,0.0,0.0,0.0,0.04530430515333788,0.04530430515333788
2018/01/04 10:00:00,2018/01/04 10:00:00,2018/01/04 15:00:00,13.601804189061857,13.601804189061857,11.664473445831922,0.0,0.0,0.0,0.25749316728611565,0.05266080290054545,0.0,0.005636521800113578,0.3027193804123075,0.0,0.0,0.0,0.0,0.0,0.0,1.3188208708308526,0.0,0.0,0.0,0.0,0.0,0.0,0.0,0.0,0.0,0.0,0.0,0.0,0.0,0.0,0.0,0.0,0.0,0.0,0.04641124523015582,0.04641124523015582
2018/01/04 11:00:00,2018/01/04 11:00:00,2018/01/04 16:00:00,14.2930452321586,14.2930452321586,12.366322794889165,0.0,0.0,0.0,0.25049210539113925,0.0512289919347181,0.0,0.0054832686539781255,0.30069720045874637,0.0,0.0,0.0,0.0,0.0,0.0,1.3188208708308526,0.0,0.0,0.0,0.0,0.0,0.0,0.0,0.0,0.0,0.0,0.0,0.0,0.0,0.0,0.0,0.0,0.0,0.0,0.04876985568494464,0.04876985568494464
2018/01/04 12:00:00,2018/01/04 12:00:00,2018/01/04 17:00:00,13.304781255384928,13.304781255384928,12.50222098214355,0.0,0.0,0.0,0.2407923239647726,0.049245256664163566,0.0,0.00527094057536429,0.3207640133701988,0.0,0.0,0.0,0.0,0.0,0.0,0.186487738666877,0.0,0.0,0.0,0.0,0.0,0.0,0.0,0.0,0.0,0.0,0.0,0.0,0.0,0.0,0.0,0.0,0.0,0.0,0.04539776172294978,0.04539776172294978
2018/01/04 13:00:00,2018/01/04 13:00:00,2018/01/04 18:00:00,12.821481493960608,12.821481493960608,12.209374135549426,0.0,0.0,0.0,0.23379126206979614,0.04781344569833624,0.0,0.005117687429228839,0.3253849632138206,0.0,0.0,0.0,0.0,0.0,0.0,0.0,0.0,0.0,0.0,0.0,0.0,0.0,0.0,0.0,0.0,0.0,0.0,0.0,0.0,0.0,0.0,0.0,0.0,0.0,0.04374867580498179,0.04374867580498179
2018/01/04 14:00:00,2018/01/04 14:00:00,2018/01/04 19:00:00,13.078572285299208,13.078572285299208,12.453191929359443,0.0,0.0,0.0,0.2317310969246499,0.04739211432168432,0.0,0.005072590443258922,0.34118455425017113,0.0,0.0,0.0,0.0,0.0,0.0,0.0,0.0,0.0,0.0,0.0,0.0,0.0,0.0,0.0,0.0,0.0,0.0,0.0,0.0,0.0,0.0,0.0,0.0,0.0,0.04462590529581844,0.04462590529581844
2018/01/04 15:00:00,2018/01/04 15:00:00,2018/01/04 20:00:00,13.061679101646284,13.061679101646284,12.346420900977579,0.0,0.0,0.0,0.23317934365905124,0.047688300184150045,0.0,0.005104292543848358,0.42928626428165617,0.0,0.0,0.0,0.0,0.0,0.0,0.0,0.0,0.0,0.0,0.0,0.0,0.0,0.0,0.0,0.0,0.0,0.0,0.0,0.0,0.0,0.0,0.0,0.0,0.0,0.04456826340667373,0.04456826340667373
2018/01/04 16:00:00,2018/01/04 16:00:00,2018/01/04 21:00:00,14.999413634754204,14.999413634754204,12.84147613613139,0.0,0.0,0.0,0.24459549474031855,0.05002305604703263,0.0,0.005354191929999653,1.4533121293180298,0.0,0.0,0.0,0.0,0.0,0.0,0.40465262658743095,0.0,0.0,0.0,0.0,0.0,0.0,0.0,0.0,0.0,0.0,0.0,0.0,0.0,0.0,0.0,0.0,0.0,0.0,0.05118008279158549,0.05118008279158549
2018/01/04 17:00:00,2018/01/04 17:00:00,2018/01/04 22:00:00,14.813467470132808,14.813467470132808,13.614267622944874,0.0,0.0,0.0,0.28271709417415014,0.05781943392842271,0.0,0.006188673203924996,0.8524746458814354,0.0,0.0,0.0,0.0,0.0,0.0,0.0,0.0,0.0,0.0,0.0,0.0,0.0,0.0,0.0,0.0,0.0,0.0,0.0,0.0,0.0,0.0,0.0,0.0,0.0,0.050545608649339685,0.050545608649339685
2018/01/04 18:00:00,2018/01/04 18:00:00,2018/01/04 23:00:00,15.244643703065002,15.244643703065002,14.088366886584213,0.0,0.0,0.0,0.3675402510758053,0.07516690607333103,0.0,0.008045450912124845,0.7055242084195247,0.0,0.0,0.0,0.0,0.0,0.0,0.0,0.0,0.0,0.0,0.0,0.0,0.0,0.0,0.0,0.0,0.0,0.0,0.0,0.0,0.0,0.0,0.0,0.0,0.0,0.05201684184795633,0.05201684184795633
2018/01/04 19:00:00,2018/01/04 19:00:00,2018/01/05 00:00:00,16.197631737018526,16.197631737018526,14.383123500795211,0.0,0.0,0.0,0.47677390830942135,0.09750665261617207,0.0,0.010436574128296532,0.7389763663818958,0.0,0.0,0.0,0.0,0.0,0.0,0.4908147347875287,0.0,0.0,0.0,0.0,0.0,0.0,0.0,0.0,0.0,0.0,0.0,0.0,0.0,0.0,0.0,0.0,0.0,0.0,0.05526856939309986,0.05526856939309986
2018/01/04 20:00:00,2018/01/04 20:00:00,2018/01/05 01:00:00,17.156427898045752,17.156427898045752,14.501913171153808,0.0,0.0,0.0,0.5317029901440857,0.10874038585457309,0.0,0.011638970954917116,0.6836115091075151,0.0,0.0,0.0,0.0,0.0,0.0,1.3188208708308526,0.0,0.0,0.0,0.0,0.0,0.0,0.0,0.0,0.0,0.0,0.0,0.0,0.0,0.0,0.0,0.0,0.0,0.0,0.05854011507458755,0.05854011507458755
2018/01/04 21:00:00,2018/01/04 21:00:00,2018/01/05 02:00:00,17.983193062064288,17.983193062064288,15.397207606561153,0.0,0.0,0.0,0.4809530735025553,0.09836134789544489,0.0,0.010528055995429731,0.6773221072788519,0.0,0.0,0.0,0.0,0.0,0.0,1.3188208708308526,0.0,0.0,0.0,0.0,0.0,0.0,0.0,0.0,0.0,0.0,0.0,0.0,0.0,0.0,0.0,0.0,0.0,0.0,0.061361152654724985,0.061361152654724985
2018/01/04 22:00:00,2018/01/04 22:00:00,2018/01/05 03:00:00,18.49702561093052,18.49702561093052,16.07663281379771,0.0,0.0,0.0,0.3722164214914055,0.07612324558004757,0.0,0.008147812216567882,0.645084447013938,0.0,0.0,0.0,0.0,0.0,0.0,1.3188208708308526,0.0,0.0,0.0,0.0,0.0,0.0,0.0,0.0,0.0,0.0,0.0,0.0,0.0,0.0,0.0,0.0,0.0,0.0,0.0631144206845533,0.0631144206845533
2018/01/04 23:00:00,2018/01/04 23:00:00,2018/01/05 04:00:00,18.593296620695607,18.593296620695607,16.719348667243572,0.0,0.0,0.0,0.3200453407126226,0.06545356051245445,0.0,0.0070057879941606725,0.5486638763632579,0.0,0.0,0.0,0.0,0.0,0.0,0.9327793878695385,0.0,0.0,0.0,0.0,0.0,0.0,0.0,0.0,0.0,0.0,0.0,0.0,0.0,0.0,0.0,0.0,0.0,0.0,0.06344291074224395,0.06344291074224395
2018/01/05 00:00:00,2018/01/05 00:00:00,2018/01/05 05:00:00,17.873982456691092,17.873982456691092,17.24817916911504,0.0,0.0,0.0,0.13094360677997474,0.026779722120023,0.0,0.002866353705536267,0.46521360497051883,0.0,0.0,0.0,0.0,0.0,0.0,0.0,0.0,0.0,0.0,0.0,0.0,0.0,0.0,0.0,0.0,0.0,0.0,0.0,0.0,0.0,0.0,0.0,0.0,0.0,0.06098851089946541,0.06098851089946541
2018/01/05 01:00:00,2018/01/05 01:00:00,2018/01/05 06:00:00,18.613095640570634,18.613095640570634,18.130964409529494,0.0,0.0,0.0,0.06501908921459039,0.013297274945155983,0.0,0.0014232669458539432,0.40239159993554136,0.0,0.0,0.0,0.0,0.0,0.0,0.0,0.0,0.0,0.0,0.0,0.0,0.0,0.0,0.0,0.0,0.0,0.0,0.0,0.0,0.0,0.0,0.0,0.0,0.0,0.06351046774820905,0.06351046774820905
2018/01/05 02:00:00,2018/01/05 02:00:00,2018/01/05 07:00:00,18.784030100012778,18.784030100012778,18.35411217120133,0.0,0.0,0.0,0.03901145352875434,0.00797836496709361,0.0,0.0008539601675123682,0.382074150148087,0.0,0.0,0.0,0.0,0.0,0.0,0.0,0.0,0.0,0.0,0.0,0.0,0.0,0.0,0.0,0.0,0.0,0.0,0.0,0.0,0.0,0.0,0.0,0.0,0.0,0.06409371986720612,0.06409371986720612
2018/01/05 03:00:00,2018/01/05 03:00:00,2018/01/05 08:00:00,18.521728535330784,18.521728535330784,18.138358602513854,0.0,0.0,0.0,0.026007635685836212,0.005318909978062404,0.0,0.0005693067783415784,0.35147408037468464,0.0,0.0,0.0,0.0,0.0,0.0,0.0,0.0,0.0,0.0,0.0,0.0,0.0,0.0,0.0,0.0,0.0,0.0,0.0,0.0,0.0,0.0,0.0,0.0,0.0,0.06319871049392758,0.06319871049392758
2018/01/05 04:00:00,2018/01/05 04:00:00,2018/01/05 09:00:00,18.556652146912924,18.556652146912924,18.187455126415365,0.0,0.0,0.0,0.026007635685836212,0.005318909978062404,0.0,0.0005693067783415784,0.33730116805531524,0.0,0.0,0.0,0.0,0.0,0.0,0.0,0.0,0.0,0.0,0.0,0.0,0.0,0.0,0.0,0.0,0.0,0.0,0.0,0.0,0.0,0.0,0.0,0.0,0.0,0.06331787470765482,0.06331787470765482
2018/01/05 05:00:00,2018/01/05 05:00:00,2018/01/05 10:00:00,18.470065171962876,18.470065171962876,18.11812326047654,0.0,0.0,0.0,0.02891463827931774,0.005913430959804041,0.0,0.0006329410241114424,0.3164809012231033,0.0,0.0,0.0,0.0,0.0,0.0,0.0,0.0,0.0,0.0,0.0,0.0,0.0,0.0,0.0,0.0,0.0,0.0,0.0,0.0,0.0,0.0,0.0,0.0,0.0,0.06302242792189859,0.06302242792189859
2018/01/05 06:00:00,2018/01/05 06:00:00,2018/01/05 11:00:00,18.265599223477224,18.265599223477224,17.821601989891334,0.0,0.0,0.0,0.0793383753156568,0.016225760819139942,0.0,0.0017367159166417452,0.3466963815344563,0.0,0.0,0.0,0.0,0.0,0.0,0.0,0.0,0.0,0.0,0.0,0.0,0.0,0.0,0.0,0.0,0.0,0.0,0.0,0.0,0.0,0.0,0.0,0.0,0.0,0.06232476170464668,0.06232476170464668
2018/01/05 07:00:00,2018/01/05 07:00:00,2018/01/05 12:00:00,18.87719263324257,18.87719263324257,16.91964556189307,0.0,0.0,0.0,0.18626460412594562,0.038093607331822404,0.0,0.0040773295571716285,0.42639470316413536,0.0,0.0,0.0,0.0,0.0,0.0,1.3027168271704241,0.0,0.0,0.0,0.0,0.0,0.0,0.0,0.0,0.0,0.0,0.0,0.0,0.0,0.0,0.0,0.0,0.0,0.0,0.06441160337118035,0.06441160337118035
2018/01/05 08:00:00,2018/01/05 08:00:00,2018/01/05 13:00:00,19.851026881745906,19.851026881745906,17.756754442647978,0.0,0.0,0.0,0.2357130548240661,0.048206478066980994,0.0,0.005159755445514127,0.48637227993051274,0.0,0.0,0.0,0.0,0.0,0.0,1.3188208708308526,0.0,0.0,0.0,0.0,0.0,0.0,0.0,0.0,0.0,0.0,0.0,0.0,0.0,0.0,0.0,0.0,0.0,0.0,0.06773446109597826,0.06773446109597826
2018/01/05 09:00:00,2018/01/05 09:00:00,2018/01/05 14:00:00,19.33344571899182,19.33344571899182,17.318892746071658,0.0,0.0,0.0,0.250496774796642,0.05122994689070952,0.0,0.005483370867198723,0.38852200953476496,0.0,0.0,0.0,0.0,0.0,0.0,1.3188208708308526,0.0,0.0,0.0,0.0,0.0,0.0,0.0,0.0,0.0,0.0,0.0,0.0,0.0,0.0,0.0,0.0,0.0,0.0,0.06596840227486933,0.06596840227486933
2018/01/05 10:00:00,2018/01/05 10:00:00,2018/01/05 15:00:00,18.449048378280025,18.449048378280025,16.51171763505009,0.0,0.0,0.0,0.25749316728611565,0.05266080290054545,0.0,0.005636521800113578,0.3027193804123075,0.0,0.0,0.0,0.0,0.0,0.0,1.3188208708308526,0.0,0.0,0.0,0.0,0.0,0.0,0.0,0.0,0.0,0.0,0.0,0.0,0.0,0.0,0.0,0.0,0.0,0.0,0.06295071570254825,0.06295071570254825
2018/01/05 11:00:00,2018/01/05 11:00:00,2018/01/05 16:00:00,18.30908094445471,18.30908094445471,16.382358507185273,0.0,0.0,0.0,0.25049210539113925,0.0512289919347181,0.0,0.0054832686539781255,0.30069720045874637,0.0,0.0,0.0,0.0,0.0,0.0,1.3188208708308526,0.0,0.0,0.0,0.0,0.0,0.0,0.0,0.0,0.0,0.0,0.0,0.0,0.0,0.0,0.0,0.0,0.0,0.0,0.06247312737638147,0.06247312737638147
2018/01/05 12:00:00,2018/01/05 12:00:00,2018/01/05 17:00:00,17.565128999112964,17.565128999112964,16.574750106872315,0.0,0.0,0.0,0.2407923239647726,0.049245256664163566,0.0,0.00527094057536429,0.3207640133701988,0.0,0.0,0.0,0.0,0.0,0.0,0.3743063576661499,0.0,0.0,0.0,0.0,0.0,0.0,0.0,0.0,0.0,0.0,0.0,0.0,0.0,0.0,0.0,0.0,0.0,0.0,0.05993466000140828,0.05993466000140828
2018/01/05 13:00:00,2018/01/05 13:00:00,2018/01/05 18:00:00,18.777610161679522,18.777610161679522,16.846681932437487,0.0,0.0,0.0,0.23379126206979614,0.04781344569833624,0.0,0.005117687429228839,0.3253849632138206,0.0,0.0,0.0,0.0,0.0,0.0,1.3188208708308526,0.0,0.0,0.0,0.0,0.0,0.0,0.0,0.0,0.0,0.0,0.0,0.0,0.0,0.0,0.0,0.0,0.0,0.0,0.06407181414586167,0.06407181414586167
2018/01/05 14:00:00,2018/01/05 14:00:00,2018/01/05 19:00:00,16.982120837685628,16.982120837685628,16.353018307862115,0.0,0.0,0.0,0.2317310969246499,0.04739211432168432,0.0,0.005072590443258922,0.34118455425017113,0.0,0.0,0.0,0.0,0.0,0.0,0.0037221738837503716,0.0,0.0,0.0,0.0,0.0,0.0,0.0,0.0,0.0,0.0,0.0,0.0,0.0,0.0,0.0,0.0,0.0,0.0,0.057945355172792555,0.057945355172792555
2018/01/05 15:00:00,2018/01/05 15:00:00,2018/01/05 20:00:00,16.882488651431903,16.882488651431903,15.270862878469266,0.0,0.0,0.0,0.23317934365905124,0.047688300184150045,0.0,0.005104292543848358,0.7410571373996557,0.0,0.0,0.0,0.0,0.0,0.0,0.584596699175931,0.0,0.0,0.0,0.0,0.0,0.0,0.0,0.0,0.0,0.0,0.0,0.0,0.0,0.0,0.0,0.0,0.0,0.0,0.05760539631404374,0.05760539631404374
2018/01/05 16:00:00,2018/01/05 16:00:00,2018/01/05 21:00:00,15.823064797783601,15.823064797783601,15.153714200458287,0.0,0.0,0.0,0.24459549474031855,0.05002305604703263,0.0,0.005354191929999653,0.36937785460796296,0.0,0.0,0.0,0.0,0.0,0.0,0.0,0.0,0.0,0.0,0.0,0.0,0.0,0.0,0.0,0.0,0.0,0.0,0.0,0.0,0.0,0.0,0.0,0.0,0.0,0.05399049496780261,0.05399049496780261
2018/01/05 17:00:00,2018/01/05 17:00:00,2018/01/05 22:00:00,15.973148807850412,15.973148807850412,15.125273479018254,0.0,0.0,0.0,0.28271709417415014,0.05781943392842271,0.0,0.006188673203924996,0.50115012752566,0.0,0.0,0.0,0.0,0.0,0.0,0.0,0.0,0.0,0.0,0.0,0.0,0.0,0.0,0.0,0.0,0.0,0.0,0.0,0.0,0.0,0.0,0.0,0.0,0.0,0.05450260245733237,0.05450260245733237
2018/01/05 18:00:00,2018/01/05 18:00:00,2018/01/05 23:00:00,16.510013936214232,16.510013936214232,15.353737119733445,0.0,0.0,0.0,0.3675402510758053,0.07516690607333103,0.0,0.008045450912124845,0.7055242084195247,0.0,0.0,0.0,0.0,0.0,0.0,0.0,0.0,0.0,0.0,0.0,0.0,0.0,0.0,0.0,0.0,0.0,0.0,0.0,0.0,0.0,0.0,0.0,0.0,0.0,0.05633446084771043,0.05633446084771043
2018/01/05 19:00:00,2018/01/05 19:00:00,2018/01/06 00:00:00,17.1356390259247,17.1356390259247,15.81194552448891,0.0,0.0,0.0,0.47677390830942135,0.09750665261617207,0.0,0.010436574128296532,0.7389763663818958,0.0,0.0,0.0,0.0,0.0,0.0,0.0,0.0,0.0,0.0,0.0,0.0,0.0,0.0,0.0,0.0,0.0,0.0,0.0,0.0,0.0,0.0,0.0,0.0,0.0,0.05846918055526515,0.05846918055526515
2018/01/05 20:00:00,2018/01/05 20:00:00,2018/01/06 01:00:00,18.09302443458921,18.09302443458921,15.89923254299153,0.0,0.0,0.0,0.5317029901440857,0.10874038585457309,0.0,0.011638970954917116,0.6836115091075151,0.0,0.0,0.0,0.0,0.0,0.0,0.8580980355365916,0.0,0.0,0.0,0.0,0.0,0.0,0.0,0.0,0.0,0.0,0.0,0.0,0.0,0.0,0.0,0.0,0.0,0.0,0.061735912553732945,0.061735912553732945
2018/01/05 21:00:00,2018/01/05 21:00:00,2018/01/06 02:00:00,19.173463617433327,19.173463617433327,16.587478161930193,0.0,0.0,0.0,0.4809530735025553,0.09836134789544489,0.0,0.010528055995429731,0.6773221072788519,0.0,0.0,0.0,0.0,0.0,0.0,1.3188208708308526,0.0,0.0,0.0,0.0,0.0,0.0,0.0,0.0,0.0,0.0,0.0,0.0,0.0,0.0,0.0,0.0,0.0,0.0,0.06542252112229123,0.06542252112229123
2018/01/05 22:00:00,2018/01/05 22:00:00,2018/01/06 03:00:00,19.403867629724655,19.403867629724655,16.98347483259184,0.0,0.0,0.0,0.3722164214914055,0.07612324558004757,0.0,0.008147812216567882,0.645084447013938,0.0,0.0,0.0,0.0,0.0,0.0,1.3188208708308526,0.0,0.0,0.0,0.0,0.0,0.0,0.0,0.0,0.0,0.0,0.0,0.0,0.0,0.0,0.0,0.0,0.0,0.0,0.0662086916161338,0.0662086916161338
2018/01/05 23:00:00,2018/01/05 23:00:00,2018/01/06 04:00:00,18.924420281869512,18.924420281869512,17.339553732860256,0.0,0.0,0.0,0.3200453407126226,0.06545356051245445,0.0,0.0070057879941606725,0.5486638763632579,0.0,0.0,0.0,0.0,0.0,0.0,0.6436979834267642,0.0,0.0,0.0,0.0,0.0,0.0,0.0,0.0,0.0,0.0,0.0,0.0,0.0,0.0,0.0,0.0,0.0,0.0,0.06457275066837725,0.06457275066837725
2018/01/06 00:00:00,2018/01/06 00:00:00,2018/01/06 05:00:00,18.324863005962012,18.324863005962012,17.69905971838596,0.0,0.0,0.0,0.13094360677997474,0.026779722120023,0.0,0.002866353705536267,0.46521360497051883,0.0,0.0,0.0,0.0,0.0,0.0,0.0,0.0,0.0,0.0,0.0,0.0,0.0,0.0,0.0,0.0,0.0,0.0,0.0,0.0,0.0,0.0,0.0,0.0,0.0,0.06252697796242665,0.06252697796242665
2018/01/06 01:00:00,2018/01/06 01:00:00,2018/01/06 06:00:00,18.859068352477564,18.859068352477564,18.376937121436423,0.0,0.0,0.0,0.06501908921459039,0.013297274945155983,0.0,0.0014232669458539432,0.40239159993554136,0.0,0.0,0.0,0.0,0.0,0.0,0.0,0.0,0.0,0.0,0.0,0.0,0.0,0.0,0.0,0.0,0.0,0.0,0.0,0.0,0.0,0.0,0.0,0.0,0.0,0.06434976080768563,0.06434976080768563
2018/01/06 02:00:00,2018/01/06 02:00:00,2018/01/06 07:00:00,18.68446892846967,18.68446892846967,18.254550999658218,0.0,0.0,0.0,0.03901145352875434,0.00797836496709361,0.0,0.0008539601675123682,0.382074150148087,0.0,0.0,0.0,0.0,0.0,0.0,0.0,0.0,0.0,0.0,0.0,0.0,0.0,0.0,0.0,0.0,0.0,0.0,0.0,0.0,0.0,0.0,0.0,0.0,0.0,0.06375400332051412,0.06375400332051412
2018/01/06 03:00:00,2018/01/06 03:00:00,2018/01/06 08:00:00,17.983887822933813,17.983887822933813,17.600517890116883,0.0,0.0,0.0,0.026007635685836212,0.005318909978062404,0.0,0.0005693067783415784,0.35147408037468464,0.0,0.0,0.0,0.0,0.0,0.0,0.0,0.0,0.0,0.0,0.0,0.0,0.0,0.0,0.0,0.0,0.0,0.0,0.0,0.0,0.0,0.0,0.0,0.0,0.0,0.06136352327531646,0.06136352327531646
2018/01/06 04:00:00,2018/01/06 04:00:00,2018/01/06 09:00:00,18.011590949882358,18.011590949882358,17.6423939293848,0.0,0.0,0.0,0.026007635685836212,0.005318909978062404,0.0,0.0005693067783415784,0.33730116805531524,0.0,0.0,0.0,0.0,0.0,0.0,0.0,0.0,0.0,0.0,0.0,0.0,0.0,0.0,0.0,0.0,0.0,0.0,0.0,0.0,0.0,0.0,0.0,0.0,0.0,0.061458050192523886,0.061458050192523886
2018/01/06 05:00:00,2018/01/06 05:00:00,2018/01/06 10:00:00,18.11668666592586,18.11668666592586,17.764744754439526,0.0,0.0,0.0,0.02891463827931774,0.005913430959804041,0.0,0.0006329410241114424,0.3164809012231033,0.0,0.0,0.0,0.0,0.0,0.0,0.0,0.0,0.0,0.0,0.0,0.0,0.0,0.0,0.0,0.0,0.0,0.0,0.0,0.0,0.0,0.0,0.0,0.0,0.0,0.06181665137381838,0.06181665137381838
2018/01/06 06:00:00,2018/01/06 06:00:00,2018/01/06 11:00:00,18.25338795286375,18.25338795286375,17.80939071927786,0.0,0.0,0.0,0.0793383753156568,0.016225760819139942,0.0,0.0017367159166417452,0.3466963815344563,0.0,0.0,0.0,0.0,0.0,0.0,0.0,0.0,0.0,0.0,0.0,0.0,0.0,0.0,0.0,0.0,0.0,0.0,0.0,0.0,0.0,0.0,0.0,0.0,0.0,0.06228309515312629,0.06228309515312629
2018/01/06 07:00:00,2018/01/06 07:00:00,2018/01/06 12:00:00,18.83624422980589,18.83624422980589,17.775857148153236,0.0,0.0,0.0,0.18626460412594562,0.038093607331822404,0.0,0.0040773295571716285,0.42639470316413536,0.0,0.0,0.0,0.0,0.0,0.0,0.4055568374735784,0.0,0.0,0.0,0.0,0.0,0.0,0.0,0.0,0.0,0.0,0.0,0.0,0.0,0.0,0.0,0.0,0.0,0.0,0.06427188173078124,0.06427188173078124
2018/01/06 08:00:00,2018/01/06 08:00:00,2018/01/06 13:00:00,19.155583483244367,19.155583483244367,17.526977411798885,0.0,0.0,0.0,0.2357130548240661,0.048206478066980994,0.0,0.005159755445514127,0.48637227993051274,0.0,0.0,0.0,0.0,0.0,0.0,0.8531545031784132,0.0,0.0,0.0,0.0,0.0,0.0,0.0,0.0,0.0,0.0,0.0,0.0,0.0,0.0,0.0,0.0,0.0,0.0,0.06536151162082676,0.06536151162082676
2018/01/06 09:00:00,2018/01/06 09:00:00,2018/01/06 14:00:00,19.437314172133625,19.437314172133625,17.422761199213465,0.0,0.0,0.0,0.250496774796642,0.05122994689070952,0.0,0.005483370867198723,0.38852200953476496,0.0,0.0,0.0,0.0,0.0,0.0,1.3188208708308526,0.0,0.0,0.0,0.0,0.0,0.0,0.0,0.0,0.0,0.0,0.0,0.0,0.0,0.0,0.0,0.0,0.0,0.0,0.06632281586467223,0.06632281586467223
2018/01/06 10:00:00,2018/01/06 10:00:00,2018/01/06 15:00:00,18.049510398794666,18.049510398794666,16.53328917783584,0.0,0.0,0.0,0.25749316728611565,0.05266080290054545,0.0,0.005636521800113578,0.3027193804123075,0.0,0.0,0.0,0.0,0.0,0.0,0.8977113485597448,0.0,0.0,0.0,0.0,0.0,0.0,0.0,0.0,0.0,0.0,0.0,0.0,0.0,0.0,0.0,0.0,0.0,0.0,0.0615874366193537,0.0615874366193537
2018/01/06 11:00:00,2018/01/06 11:00:00,2018/01/06 16:00:00,16.20316880610061,16.20316880610061,15.595267239662027,0.0,0.0,0.0,0.25049210539113925,0.0512289919347181,0.0,0.0054832686539781255,0.30069720045874637,0.0,0.0,0.0,0.0,0.0,0.0,0.0,0.0,0.0,0.0,0.0,0.0,0.0,0.0,0.0,0.0,0.0,0.0,0.0,0.0,0.0,0.0,0.0,0.0,0.0,0.05528746264192574,0.05528746264192574
2018/01/06 12:00:00,2018/01/06 12:00:00,2018/01/06 17:00:00,15.618059584342687,15.618059584342687,15.001987049768186,0.0,0.0,0.0,0.2407923239647726,0.049245256664163566,0.0,0.00527094057536429,0.3207640133701988,0.0,0.0,0.0,0.0,0.0,0.0,0.0,0.0,0.0,0.0,0.0,0.0,0.0,0.0,0.0,0.0,0.0,0.0,0.0,0.0,0.0,0.0,0.0,0.0,0.0,0.05329098870361759,0.05329098870361759
2018/01/06 13:00:00,2018/01/06 13:00:00,2018/01/06 18:00:00,15.224601135652994,15.224601135652994,14.612493777241813,0.0,0.0,0.0,0.23379126206979614,0.04781344569833624,0.0,0.005117687429228839,0.3253849632138206,0.0,0.0,0.0,0.0,0.0,0.0,0.0,0.0,0.0,0.0,0.0,0.0,0.0,0.0,0.0,0.0,0.0,0.0,0.0,0.0,0.0,0.0,0.0,0.0,0.0,0.051948453823965464,0.051948453823965464
2018/01/06 14:00:00,2018/01/06 14:00:00,2018/01/06 19:00:00,15.44306190246138,15.44306190246138,13.749371738344967,0.0,0.0,0.0,0.2317310969246499,0.04739211432168432,0.0,0.005072590443258922,0.34118455425017113,0.0,0.0,0.0,0.0,0.0,0.0,1.0683098081766482,0.0,0.0,0.0,0.0,0.0,0.0,0.0,0.0,0.0,0.0,0.0,0.0,0.0,0.0,0.0,0.0,0.0,0.0,0.05269387230526263,0.05269387230526263
2018/01/06 15:00:00,2018/01/06 15:00:00,2018/01/06 20:00:00,14.440067724496663,14.440067724496663,13.146205026521836,0.0,0.0,0.0,0.23317934365905124,0.047688300184150045,0.0,0.005104292543848358,0.3818947700095756,0.0,0.0,0.0,0.0,0.0,0.0,0.6259959915782026,0.0,0.0,0.0,0.0,0.0,0.0,0.0,0.0,0.0,0.0,0.0,0.0,0.0,0.0,0.0,0.0,0.0,0.0,0.04927151685072864,0.04927151685072864
2018/01/06 16:00:00,2018/01/06 16:00:00,2018/01/06 21:00:00,13.652966836416965,13.652966836416965,12.983616239091651,0.0,0.0,0.0,0.24459549474031855,0.05002305604703263,0.0,0.005354191929999653,0.36937785460796296,0.0,0.0,0.0,0.0,0.0,0.0,0.0,0.0,0.0,0.0,0.0,0.0,0.0,0.0,0.0,0.0,0.0,0.0,0.0,0.0,0.0,0.0,0.0,0.0,0.0,0.046585819289597985,0.046585819289597985
2018/01/06 17:00:00,2018/01/06 17:00:00,2018/01/06 22:00:00,14.040873607665239,14.040873607665239,13.19299827883308,0.0,0.0,0.0,0.28271709417415014,0.05781943392842271,0.0,0.006188673203924996,0.50115012752566,0.0,0.0,0.0,0.0,0.0,0.0,0.0,0.0,0.0,0.0,0.0,0.0,0.0,0.0,0.0,0.0,0.0,0.0,0.0,0.0,0.0,0.0,0.0,0.0,0.0,0.047909411074673024,0.047909411074673024
2018/01/06 18:00:00,2018/01/06 18:00:00,2018/01/06 23:00:00,14.707327027523199,14.707327027523199,13.55105021104241,0.0,0.0,0.0,0.3675402510758053,0.07516690607333103,0.0,0.008045450912124845,0.7055242084195247,0.0,0.0,0.0,0.0,0.0,0.0,0.0,0.0,0.0,0.0,0.0,0.0,0.0,0.0,0.0,0.0,0.0,0.0,0.0,0.0,0.0,0.0,0.0,0.0,0.0,0.050183442715885554,0.050183442715885554
2018/01/06 19:00:00,2018/01/06 19:00:00,2018/01/07 00:00:00,16.137980764169235,16.137980764169235,13.507170451807736,0.0,0.0,0.0,0.47677390830942135,0.09750665261617207,0.0,0.010436574128296532,0.7389763663818958,0.0,0.0,0.0,0.0,0.0,0.0,1.3071168109257105,0.0,0.0,0.0,0.0,0.0,0.0,0.0,0.0,0.0,0.0,0.0,0.0,0.0,0.0,0.0,0.0,0.0,0.0,0.05506503198801413,0.05506503198801413
2018/01/06 20:00:00,2018/01/06 20:00:00,2018/01/07 01:00:00,17.05037305064947,17.05037305064947,13.981633637578524,0.0,0.0,0.0,0.5317029901440857,0.10874038585457309,0.0,0.011638970954917116,1.0978361952865172,0.0,0.0,0.0,0.0,0.0,0.0,1.3188208708308526,0.0,0.0,0.0,0.0,0.0,0.0,0.0,0.0,0.0,0.0,0.0,0.0,0.0,0.0,0.0,0.0,0.0,0.0,0.058178241203890764,0.058178241203890764
2018/01/06 21:00:00,2018/01/06 21:00:00,2018/01/07 02:00:00,16.939521407654393,16.939521407654393,14.353535952151256,0.0,0.0,0.0,0.4809530735025553,0.09836134789544489,0.0,0.010528055995429731,0.6773221072788519,0.0,0.0,0.0,0.0,0.0,0.0,1.3188208708308526,0.0,0.0,0.0,0.0,0.0,0.0,0.0,0.0,0.0,0.0,0.0,0.0,0.0,0.0,0.0,0.0,0.0,0.0,0.05780000000031959,0.05780000000031959
2018/01/06 22:00:00,2018/01/06 22:00:00,2018/01/07 03:00:00,16.148175041586075,16.148175041586075,14.901157545070516,0.0,0.0,0.0,0.3722164214914055,0.07612324558004757,0.0,0.008147812216567882,0.645084447013938,0.0,0.0,0.0,0.0,0.0,0.0,0.1454455702135974,0.0,0.0,0.0,0.0,0.0,0.0,0.0,0.0,0.0,0.0,0.0,0.0,0.0,0.0,0.0,0.0,0.0,0.0,0.05509981627858035,0.05509981627858035
2018/01/06 23:00:00,2018/01/06 23:00:00,2018/01/07 04:00:00,16.285132524743087,16.285132524743087,15.34396395916059,0.0,0.0,0.0,0.3200453407126226,0.06545356051245445,0.0,0.0070057879941606725,0.5486638763632579,0.0,0.0,0.0,0.0,0.0,0.0,0.0,0.0,0.0,0.0,0.0,0.0,0.0,0.0,0.0,0.0,0.0,0.0,0.0,0.0,0.0,0.0,0.0,0.0,0.0,0.05556713423497445,0.05556713423497445
2018/01/07 00:00:00,2018/01/07 00:00:00,2018/01/07 05:00:00,16.38494909251283,16.38494909251283,15.759145804936775,0.0,0.0,0.0,0.13094360677997474,0.026779722120023,0.0,0.002866353705536267,0.46521360497051883,0.0,0.0,0.0,0.0,0.0,0.0,0.0,0.0,0.0,0.0,0.0,0.0,0.0,0.0,0.0,0.0,0.0,0.0,0.0,0.0,0.0,0.0,0.0,0.0,0.0,0.055907722229067126,0.055907722229067126
2018/01/07 01:00:00,2018/01/07 01:00:00,2018/01/07 06:00:00,17.662026797612477,17.662026797612477,17.179895566571336,0.0,0.0,0.0,0.06501908921459039,0.013297274945155983,0.0,0.0014232669458539432,0.40239159993554136,0.0,0.0,0.0,0.0,0.0,0.0,0.0,0.0,0.0,0.0,0.0,0.0,0.0,0.0,0.0,0.0,0.0,0.0,0.0,0.0,0.0,0.0,0.0,0.0,0.0,0.0602652887493239,0.0602652887493239
2018/01/07 02:00:00,2018/01/07 02:00:00,2018/01/07 07:00:00,18.16914408077135,18.16914408077135,17.739226151959897,0.0,0.0,0.0,0.03901145352875434,0.00797836496709361,0.0,0.0008539601675123682,0.382074150148087,0.0,0.0,0.0,0.0,0.0,0.0,0.0,0.0,0.0,0.0,0.0,0.0,0.0,0.0,0.0,0.0,0.0,0.0,0.0,0.0,0.0,0.0,0.0,0.0,0.0,0.061995643359785337,0.061995643359785337
2018/01/07 03:00:00,2018/01/07 03:00:00,2018/01/07 08:00:00,17.73695905043663,17.73695905043663,17.353589117619705,0.0,0.0,0.0,0.026007635685836212,0.005318909978062404,0.0,0.0005693067783415784,0.35147408037468464,0.0,0.0,0.0,0.0,0.0,0.0,0.0,0.0,0.0,0.0,0.0,0.0,0.0,0.0,0.0,0.0,0.0,0.0,0.0,0.0,0.0,0.0,0.0,0.0,0.0,0.06052096800430587,0.06052096800430587
2018/01/07 04:00:00,2018/01/07 04:00:00,2018/01/07 09:00:00,17.63675894128465,17.63675894128465,17.26756192078709,0.0,0.0,0.0,0.026007635685836212,0.005318909978062404,0.0,0.0005693067783415784,0.33730116805531524,0.0,0.0,0.0,0.0,0.0,0.0,0.0,0.0,0.0,0.0,0.0,0.0,0.0,0.0,0.0,0.0,0.0,0.0,0.0,0.0,0.0,0.0,0.0,0.0,0.0,0.06017907131374178,0.06017907131374178
2018/01/07 05:00:00,2018/01/07 05:00:00,2018/01/07 10:00:00,17.531975287870395,17.531975287870395,17.180033376384056,0.0,0.0,0.0,0.02891463827931774,0.005913430959804041,0.0,0.0006329410241114424,0.3164809012231033,0.0,0.0,0.0,0.0,0.0,0.0,0.0,0.0,0.0,0.0,0.0,0.0,0.0,0.0,0.0,0.0,0.0,0.0,0.0,0.0,0.0,0.0,0.0,0.0,0.0,0.059821534933484855,0.059821534933484855
2018/01/07 06:00:00,2018/01/07 06:00:00,2018/01/07 11:00:00,17.931373307660152,17.931373307660152,17.081587600074762,0.0,0.0,0.0,0.0793383753156568,0.016225760819139942,0.0,0.0017367159166417452,0.3466963815344563,0.0,0.0,0.0,0.0,0.0,0.0,0.40578847399949336,0.0,0.0,0.0,0.0,0.0,0.0,0.0,0.0,0.0,0.0,0.0,0.0,0.0,0.0,0.0,0.0,0.0,0.0,0.06118433645475713,0.06118433645475713
2018/01/07 07:00:00,2018/01/07 07:00:00,2018/01/07 12:00:00,17.759135996554345,17.759135996554345,16.869874170763424,0.0,0.0,0.0,0.18626460412594562,0.038093607331822404,0.0,0.0040773295571716285,0.42639470316413536,0.0,0.0,0.0,0.0,0.0,0.0,0.23443158161184952,0.0,0.0,0.0,0.0,0.0,0.0,0.0,0.0,0.0,0.0,0.0,0.0,0.0,0.0,0.0,0.0,0.0,0.0,0.0605966388249131,0.0605966388249131
2018/01/07 08:00:00,2018/01/07 08:00:00,2018/01/07 13:00:00,18.23275326992301,18.23275326992301,16.13848083082508,0.0,0.0,0.0,0.2357130548240661,0.048206478066980994,0.0,0.005159755445514127,0.48637227993051274,0.0,0.0,0.0,0.0,0.0,0.0,1.3188208708308526,0.0,0.0,0.0,0.0,0.0,0.0,0.0,0.0,0.0,0.0,0.0,0.0,0.0,0.0,0.0,0.0,0.0,0.0,0.06221268674870452,0.06221268674870452
2018/01/07 09:00:00,2018/01/07 09:00:00,2018/01/07 14:00:00,18.07722004208542,18.07722004208542,16.06266706916525,0.0,0.0,0.0,0.250496774796642,0.05122994689070952,0.0,0.005483370867198723,0.38852200953476496,0.0,0.0,0.0,0.0,0.0,0.0,1.3188208708308526,0.0,0.0,0.0,0.0,0.0,0.0,0.0,0.0,0.0,0.0,0.0,0.0,0.0,0.0,0.0,0.0,0.0,0.0,0.06168198577122588,0.06168198577122588
2018/01/07 10:00:00,2018/01/07 10:00:00,2018/01/07 15:00:00,17.429164472660467,17.429164472660467,15.491833729430532,0.0,0.0,0.0,0.25749316728611565,0.05266080290054545,0.0,0.005636521800113578,0.3027193804123075,0.0,0.0,0.0,0.0,0.0,0.0,1.3188208708308526,0.0,0.0,0.0,0.0,0.0,0.0,0.0,0.0,0.0,0.0,0.0,0.0,0.0,0.0,0.0,0.0,0.0,0.0,0.059470730151215075,0.059470730151215075
2018/01/07 11:00:00,2018/01/07 11:00:00,2018/01/07 16:00:00,15.758593261356332,15.758593261356332,13.797533780418728,0.0,0.0,0.0,0.25049210539113925,0.0512289919347181,0.0,0.0054832686539781255,0.33503424412691357,0.0,0.0,0.0,0.0,0.0,0.0,1.3188208708308526,0.0,0.0,0.0,0.0,0.0,0.0,0.0,0.0,0.0,0.0,0.0,0.0,0.0,0.0,0.0,0.0,0.0,0.0,0.05377050913019606,0.05377050913019606
2018/01/07 12:00:00,2018/01/07 12:00:00,2018/01/07 17:00:00,14.210613238492614,14.210613238492614,12.424865712900464,0.0,0.0,0.0,0.2407923239647726,0.049245256664163566,0.0,0.00527094057536429,1.0948263271285004,0.0,0.0,0.0,0.0,0.0,0.0,0.3956126772593465,0.0,0.0,0.0,0.0,0.0,0.0,0.0,0.0,0.0,0.0,0.0,0.0,0.0,0.0,0.0,0.0,0.0,0.0,0.04848858627247072,0.04848858627247072
2018/01/07 13:00:00,2018/01/07 13:00:00,2018/01/07 18:00:00,12.534054475069391,12.534054475069391,11.92194711665821,0.0,0.0,0.0,0.23379126206979614,0.04781344569833624,0.0,0.005117687429228839,0.3253849632138206,0.0,0.0,0.0,0.0,0.0,0.0,0.0,0.0,0.0,0.0,0.0,0.0,0.0,0.0,0.0,0.0,0.0,0.0,0.0,0.0,0.0,0.0,0.0,0.0,0.0,0.04276793489192995,0.04276793489192995
2018/01/07 14:00:00,2018/01/07 14:00:00,2018/01/07 19:00:00,12.650516615001465,12.650516615001465,11.571884116791576,0.0,0.0,0.0,0.2317310969246499,0.04739211432168432,0.0,0.005072590443258922,0.34118455425017113,0.0,0.0,0.0,0.0,0.0,0.0,0.45325214227012334,0.0,0.0,0.0,0.0,0.0,0.0,0.0,0.0,0.0,0.0,0.0,0.0,0.0,0.0,0.0,0.0,0.0,0.0,0.04316531989036734,0.04316531989036734
2018/01/07 15:00:00,2018/01/07 15:00:00,2018/01/07 20:00:00,12.201041935535107,12.201041935535107,11.533175229138482,0.0,0.0,0.0,0.23317934365905124,0.047688300184150045,0.0,0.005104292543848358,0.3818947700095756,0.0,0.0,0.0,0.0,0.0,0.0,0.0,0.0,0.0,0.0,0.0,0.0,0.0,0.0,0.0,0.0,0.0,0.0,0.0,0.0,0.0,0.0,0.0,0.0,0.0,0.04163164985045938,0.04163164985045938
2018/01/07 16:00:00,2018/01/07 16:00:00,2018/01/07 21:00:00,12.140767807698989,12.140767807698989,11.440970999500134,0.0,0.0,0.0,0.24459549474031855,0.05002305604703263,0.0,0.005354191929999653,0.3998240654815043,0.0,0.0,0.0,0.0,0.0,0.0,0.0,0.0,0.0,0.0,0.0,0.0,0.0,0.0,0.0,0.0,0.0,0.0,0.0,0.0,0.0,0.0,0.0,0.0,0.0,0.04142598615400024,0.04142598615400024
2018/01/07 17:00:00,2018/01/07 17:00:00,2018/01/07 22:00:00,13.117867788097469,13.117867788097469,11.583641454161311,0.0,0.0,0.0,0.28271709417415014,0.05781943392842271,0.0,0.006188673203924996,1.1875011326296598,0.0,0.0,0.0,0.0,0.0,0.0,0.0,0.0,0.0,0.0,0.0,0.0,0.0,0.0,0.0,0.0,0.0,0.0,0.0,0.0,0.0,0.0,0.0,0.0,0.0,0.04475998700964571,0.04475998700964571
2018/01/07 18:00:00,2018/01/07 18:00:00,2018/01/07 23:00:00,12.895005352257618,12.895005352257618,11.73872853577683,0.0,0.0,0.0,0.3675402510758053,0.07516690607333103,0.0,0.008045450912124845,0.7055242084195247,0.0,0.0,0.0,0.0,0.0,0.0,0.0,0.0,0.0,0.0,0.0,0.0,0.0,0.0,0.0,0.0,0.0,0.0,0.0,0.0,0.0,0.0,0.0,0.0,0.0,0.04399954942220632,0.04399954942220632
2018/01/07 19:00:00,2018/01/07 19:00:00,2018/01/08 00:00:00,13.839995262131492,13.839995262131492,11.701043121896834,0.0,0.0,0.0,0.47677390830942135,0.09750665261617207,0.0,0.010436574128296532,0.7389763663818958,0.0,0.0,0.0,0.0,0.0,0.0,0.8152586387988704,0.0,0.0,0.0,0.0,0.0,0.0,0.0,0.0,0.0,0.0,0.0,0.0,0.0,0.0,0.0,0.0,0.0,0.0,0.04722398625702332,0.04722398625702332
2018/01/07 20:00:00,2018/01/07 20:00:00,2018/01/08 01:00:00,13.722371585922835,13.722371585922835,11.969796585894086,0.0,0.0,0.0,0.5317029901440857,0.10874038585457309,0.0,0.011638970954917116,0.6836115091075151,0.0,0.0,0.0,0.0,0.0,0.0,0.4168811439676569,0.0,0.0,0.0,0.0,0.0,0.0,0.0,0.0,0.0,0.0,0.0,0.0,0.0,0.0,0.0,0.0,0.0,0.0,0.046822637935468855,0.046822637935468855
2018/01/07 21:00:00,2018/01/07 21:00:00,2018/01/08 02:00:00,13.08244657087465,13.08244657087465,11.77699032732942,0.0,0.0,0.0,0.4809530735025553,0.09836134789544489,0.0,0.010528055995429731,0.7156137661518006,0.0,0.0,0.0,0.0,0.0,0.0,0.0,0.0,0.0,0.0,0.0,0.0,0.0,0.0,0.0,0.0,0.0,0.0,0.0,0.0,0.0,0.0,0.0,0.0,0.0,0.04463912489635335,0.04463912489635335
2018/01/07 22:00:00,2018/01/07 22:00:00,2018/01/08 03:00:00,14.180133953773963,14.180133953773963,11.809620183670846,0.0,0.0,0.0,0.3722164214914055,0.07612324558004757,0.0,0.008147812216567882,1.5082959206422475,0.0,0.0,0.0,0.0,0.0,0.0,0.40573037017284685,0.0,0.0,0.0,0.0,0.0,0.0,0.0,0.0,0.0,0.0,0.0,0.0,0.0,0.0,0.0,0.0,0.0,0.0,0.04838458671933389,0.04838458671933389
2018/01/07 23:00:00,2018/01/07 23:00:00,2018/01/08 04:00:00,13.607819661443713,13.607819661443713,12.158227046103018,0.0,0.0,0.0,0.3200453407126226,0.06545356051245445,0.0,0.0070057879941606725,0.5486638763632579,0.0,0.0,0.0,0.0,0.0,0.0,0.5084240497581988,0.0,0.0,0.0,0.0,0.0,0.0,0.0,0.0,0.0,0.0,0.0,0.0,0.0,0.0,0.0,0.0,0.0,0.0,0.04643177085749239,0.04643177085749239
2018/01/08 00:00:00,2018/01/08 00:00:00,2018/01/08 05:00:00,13.699575861285089,13.699575861285089,12.668026855630583,0.0,0.0,0.0,0.13094360677997474,0.026779722120023,0.0,0.002866353705536267,0.46521360497051883,0.0,0.0,0.0,0.0,0.0,0.0,0.4057457180784538,0.0,0.0,0.0,0.0,0.0,0.0,0.0,0.0,0.0,0.0,0.0,0.0,0.0,0.0,0.0,0.0,0.0,0.0,0.046744855756600825,0.046744855756600825
2018/01/08 01:00:00,2018/01/08 01:00:00,2018/01/08 06:00:00,14.617010523807368,14.617010523807368,13.673767834394226,0.0,0.0,0.0,0.06501908921459039,0.013297274945155983,0.0,0.0014232669458539432,0.40239159993554136,0.0,0.0,0.0,0.0,0.0,0.0,0.4611114583719984,0.0,0.0,0.0,0.0,0.0,0.0,0.0,0.0,0.0,0.0,0.0,0.0,0.0,0.0,0.0,0.0,0.0,0.0,0.049875270259936176,0.049875270259936176
2018/01/08 02:00:00,2018/01/08 02:00:00,2018/01/08 07:00:00,14.336850596327903,14.336850596327903,13.906932667516458,0.0,0.0,0.0,0.03901145352875434,0.00797836496709361,0.0,0.0008539601675123682,0.382074150148087,0.0,0.0,0.0,0.0,0.0,0.0,0.0,0.0,0.0,0.0,0.0,0.0,0.0,0.0,0.0,0.0,0.0,0.0,0.0,0.0,0.0,0.0,0.0,0.0,0.0,0.04891932567220506,0.04891932567220506
2018/01/08 03:00:00,2018/01/08 03:00:00,2018/01/08 08:00:00,14.030551474039683,14.030551474039683,13.647181541222757,0.0,0.0,0.0,0.026007635685836212,0.005318909978062404,0.0,0.0005693067783415784,0.35147408037468464,0.0,0.0,0.0,0.0,0.0,0.0,0.0,0.0,0.0,0.0,0.0,0.0,0.0,0.0,0.0,0.0,0.0,0.0,0.0,0.0,0.0,0.0,0.0,0.0,0.0,0.047874190520963,0.047874190520963
2018/01/08 04:00:00,2018/01/08 04:00:00,2018/01/08 09:00:00,14.330204944181514,14.330204944181514,13.961007923683958,0.0,0.0,0.0,0.026007635685836212,0.005318909978062404,0.0,0.0005693067783415784,0.33730116805531524,0.0,0.0,0.0,0.0,0.0,0.0,0.0,0.0,0.0,0.0,0.0,0.0,0.0,0.0,0.0,0.0,0.0,0.0,0.0,0.0,0.0,0.0,0.0,0.0,0.0,0.048896649783977786,0.048896649783977786
2018/01/08 05:00:00,2018/01/08 05:00:00,2018/01/08 10:00:00,14.543123747043674,14.543123747043674,14.191181835557337,0.0,0.0,0.0,0.02891463827931774,0.005913430959804041,0.0,0.0006329410241114424,0.3164809012231033,0.0,0.0,0.0,0.0,0.0,0.0,0.0,0.0,0.0,0.0,0.0,0.0,0.0,0.0,0.0,0.0,0.0,0.0,0.0,0.0,0.0,0.0,0.0,0.0,0.0,0.0496231583144927,0.0496231583144927
2018/01/08 06:00:00,2018/01/08 06:00:00,2018/01/08 11:00:00,14.824614228785029,14.824614228785029,14.380616995199134,0.0,0.0,0.0,0.0793383753156568,0.016225760819139942,0.0,0.0017367159166417452,0.3466963815344563,0.0,0.0,0.0,0.0,0.0,0.0,0.0,0.0,0.0,0.0,0.0,0.0,0.0,0.0,0.0,0.0,0.0,0.0,0.0,0.0,0.0,0.0,0.0,0.0,0.0,0.05058364293818392,0.05058364293818392
2018/01/08 07:00:00,2018/01/08 07:00:00,2018/01/08 12:00:00,15.341806504984941,15.341806504984941,14.686976260805865,0.0,0.0,0.0,0.18626460412594562,0.038093607331822404,0.0,0.0040773295571716285,0.42639470316413536,0.0,0.0,0.0,0.0,0.0,0.0,0.0,0.0,0.0,0.0,0.0,0.0,0.0,0.0,0.0,0.0,0.0,0.0,0.0,0.0,0.0,0.0,0.0,0.0,0.0,0.05234837482435233,0.05234837482435233
2018/01/08 08:00:00,2018/01/08 08:00:00,2018/01/08 13:00:00,16.330642276429376,16.330642276429376,15.014954256181658,0.0,0.0,0.0,0.2357130548240661,0.048206478066980994,0.0,0.005159755445514127,0.48637227993051274,0.0,0.0,0.0,0.0,0.0,0.0,0.5402364519806446,0.0,0.0,0.0,0.0,0.0,0.0,0.0,0.0,0.0,0.0,0.0,0.0,0.0,0.0,0.0,0.0,0.0,0.0,0.05572241982918808,0.05572241982918808
2018/01/08 09:00:00,2018/01/08 09:00:00,2018/01/08 14:00:00,16.270877200525458,16.270877200525458,14.404145086280414,0.0,0.0,0.0,0.250496774796642,0.05122994689070952,0.0,0.005483370867198723,0.46168223216050985,0.0,0.0,0.0,0.0,0.0,0.0,1.0978397895299832,0.0,0.0,0.0,0.0,0.0,0.0,0.0,0.0,0.0,0.0,0.0,0.0,0.0,0.0,0.0,0.0,0.0,0.0,0.055518493088630654,0.055518493088630654
2018/01/08 10:00:00,2018/01/08 10:00:00,2018/01/08 15:00:00,17.231916991158705,17.231916991158705,13.629044168584342,0.0,0.0,0.0,0.25749316728611565,0.05266080290054545,0.0,0.005636521800113578,1.968261459756738,0.0,0.0,0.0,0.0,0.0,0.0,1.3188208708308526,0.0,0.0,0.0,0.0,0.0,0.0,0.0,0.0,0.0,0.0,0.0,0.0,0.0,0.0,0.0,0.0,0.0,0.0,0.05879769434598192,0.05879769434598192
2018/01/08 11:00:00,2018/01/08 11:00:00,2018/01/08 16:00:00,14.932957853466187,14.932957853466187,12.636117916219142,0.0,0.0,0.0,0.25049210539113925,0.0512289919347181,0.0,0.0054832686539781255,0.6708147004363559,0.0,0.0,0.0,0.0,0.0,0.0,1.3188208708308526,0.0,0.0,0.0,0.0,0.0,0.0,0.0,0.0,0.0,0.0,0.0,0.0,0.0,0.0,0.0,0.0,0.0,0.0,0.05095332643489569,0.05095332643489569
2018/01/08 12:00:00,2018/01/08 12:00:00,2018/01/08 17:00:00,13.985332392003677,13.985332392003677,11.9462358248191,0.0,0.0,0.0,0.2407923239647726,0.049245256664163566,0.0,0.00527094057536429,0.42496717514942167,0.0,0.0,0.0,0.0,0.0,0.0,1.3188208708308526,0.0,0.0,0.0,0.0,0.0,0.0,0.0,0.0,0.0,0.0,0.0,0.0,0.0,0.0,0.0,0.0,0.0,0.0,0.04771989673197114,0.04771989673197114
2018/01/08 13:00:00,2018/01/08 13:00:00,2018/01/08 18:00:00,13.94099502688904,13.94099502688904,11.173695213378547,0.0,0.0,0.0,0.23379126206979614,0.04781344569833624,0.0,0.005117687429228839,1.1617565474822777,0.0,0.0,0.0,0.0,0.0,0.0,1.3188208708308526,0.0,0.0,0.0,0.0,0.0,0.0,0.0,0.0,0.0,0.0,0.0,0.0,0.0,0.0,0.0,0.0,0.0,0.0,0.04756861148358849,0.04756861148358849
2018/01/08 14:00:00,2018/01/08 14:00:00,2018/01/08 19:00:00,11.744566058105905,11.744566058105905,10.455220143513202,0.0,0.0,0.0,0.2317310969246499,0.04739211432168432,0.0,0.005072590443258922,0.34118455425017113,0.0,0.0,0.0,0.0,0.0,0.0,0.6639655586529382,0.0,0.0,0.0,0.0,0.0,0.0,0.0,0.0,0.0,0.0,0.0,0.0,0.0,0.0,0.0,0.0,0.0,0.0,0.04007409075061187,0.04007409075061187
2018/01/08 15:00:00,2018/01/08 15:00:00,2018/01/08 20:00:00,10.57733503597492,10.57733503597492,9.909468329578296,0.0,0.0,0.0,0.23317934365905124,0.047688300184150045,0.0,0.005104292543848358,0.3818947700095756,0.0,0.0,0.0,0.0,0.0,0.0,0.0,0.0,0.0,0.0,0.0,0.0,0.0,0.0,0.0,0.0,0.0,0.0,0.0,0.0,0.0,0.0,0.0,0.0,0.0,0.036091336370723766,0.036091336370723766
2018/01/08 16:00:00,2018/01/08 16:00:00,2018/01/08 21:00:00,10.87902816680397,10.87902816680397,9.768819259079159,0.0,0.0,0.0,0.24459549474031855,0.05002305604703263,0.0,0.005354191929999653,0.36937785460796296,0.0,0.0,0.0,0.0,0.0,0.0,0.44085831039949785,0.0,0.0,0.0,0.0,0.0,0.0,0.0,0.0,0.0,0.0,0.0,0.0,0.0,0.0,0.0,0.0,0.0,0.0,0.03712075523931918,0.03712075523931918
2018/01/08 17:00:00,2018/01/08 17:00:00,2018/01/08 22:00:00,10.855979621403351,10.855979621403351,10.008104292571193,0.0,0.0,0.0,0.28271709417415014,0.05781943392842271,0.0,0.006188673203924996,0.50115012752566,0.0,0.0,0.0,0.0,0.0,0.0,0.0,0.0,0.0,0.0,0.0,0.0,0.0,0.0,0.0,0.0,0.0,0.0,0.0,0.0,0.0,0.0,0.0,0.0,0.0,0.03704211040089056,0.03704211040089056
2018/01/08 18:00:00,2018/01/08 18:00:00,2018/01/08 23:00:00,11.998076960692707,11.998076960692707,10.602376251395706,0.0,0.0,0.0,0.3675402510758053,0.07516690607333103,0.0,0.008045450912124845,0.7055242084195247,0.0,0.0,0.0,0.0,0.0,0.0,0.23942389281621262,0.0,0.0,0.0,0.0,0.0,0.0,0.0,0.0,0.0,0.0,0.0,0.0,0.0,0.0,0.0,0.0,0.0,0.0,0.04093910516376861,0.04093910516376861
2018/01/08 19:00:00,2018/01/08 19:00:00,2018/01/09 00:00:00,12.617715402629647,12.617715402629647,11.098997238378573,0.0,0.0,0.0,0.47677390830942135,0.09750665261617207,0.0,0.010436574128296532,0.7389763663818958,0.0,0.0,0.0,0.0,0.0,0.0,0.1950246628152871,0.0,0.0,0.0,0.0,0.0,0.0,0.0,0.0,0.0,0.0,0.0,0.0,0.0,0.0,0.0,0.0,0.0,0.0,0.043053397597554235,0.043053397597554235
2018/01/08 20:00:00,2018/01/08 20:00:00,2018/01/09 01:00:00,14.032382136145669,14.032382136145669,11.463531388057888,0.0,0.0,0.0,0.5317029901440857,0.10874038585457309,0.0,0.011638970954917116,0.6836115091075151,0.0,0.0,0.0,0.0,0.0,0.0,1.2331568920266904,0.0,0.0,0.0,0.0,0.0,0.0,0.0,0.0,0.0,0.0,0.0,0.0,0.0,0.0,0.0,0.0,0.0,0.0,0.04788043699435384,0.04788043699435384
2018/01/08 21:00:00,2018/01/08 21:00:00,2018/01/09 02:00:00,13.847429186295415,13.847429186295415,11.94447461979677,0.0,0.0,0.0,0.4809530735025553,0.09836134789544489,0.0,0.010528055995429731,0.6773221072788519,0.0,0.0,0.0,0.0,0.0,0.0,0.6357899818263618,0.0,0.0,0.0,0.0,0.0,0.0,0.0,0.0,0.0,0.0,0.0,0.0,0.0,0.0,0.0,0.0,0.0,0.0,0.04724935183886809,0.04724935183886809
2018/01/08 22:00:00,2018/01/08 22:00:00,2018/01/09 03:00:00,13.67482986867386,13.67482986867386,12.275473968712644,0.0,0.0,0.0,0.3722164214914055,0.07612324558004757,0.0,0.008147812216567882,0.645084447013938,0.0,0.0,0.0,0.0,0.0,0.0,0.29778397365925907,0.0,0.0,0.0,0.0,0.0,0.0,0.0,0.0,0.0,0.0,0.0,0.0,0.0,0.0,0.0,0.0,0.0,0.0,0.04666041899250839,0.04666041899250839
2018/01/08 23:00:00,2018/01/08 23:00:00,2018/01/09 04:00:00,13.87115170124127,13.87115170124127,12.640469115660864,0.0,0.0,0.0,0.3200453407126226,0.06545356051245445,0.0,0.0070057879941606725,0.5486638763632579,0.0,0.0,0.0,0.0,0.0,0.0,0.2895140199979109,0.0,0.0,0.0,0.0,0.0,0.0,0.0,0.0,0.0,0.0,0.0,0.0,0.0,0.0,0.0,0.0,0.0,0.0,0.04733029635500174,0.04733029635500174
2018/01/09 00:00:00,2018/01/09 00:00:00,2018/01/09 05:00:00,13.547437631300657,13.547437631300657,12.921634343724602,0.0,0.0,0.0,0.13094360677997474,0.026779722120023,0.0,0.002866353705536267,0.46521360497051883,0.0,0.0,0.0,0.0,0.0,0.0,0.0,0.0,0.0,0.0,0.0,0.0,0.0,0.0,0.0,0.0,0.0,0.0,0.0,0.0,0.0,0.0,0.0,0.0,0.0,0.04622573898337397,0.04622573898337397
2018/01/09 01:00:00,2018/01/09 01:00:00,2018/01/09 06:00:00,14.078356130042625,14.078356130042625,13.596224899001482,0.0,0.0,0.0,0.06501908921459039,0.013297274945155983,0.0,0.0014232669458539432,0.40239159993554136,0.0,0.0,0.0,0.0,0.0,0.0,0.0,0.0,0.0,0.0,0.0,0.0,0.0,0.0,0.0,0.0,0.0,0.0,0.0,0.0,0.0,0.0,0.0,0.0,0.0,0.04803730664747509,0.04803730664747509
2018/01/09 02:00:00,2018/01/09 02:00:00,2018/01/09 07:00:00,14.048013670295111,14.048013670295111,13.618095741483666,0.0,0.0,0.0,0.03901145352875434,0.00797836496709361,0.0,0.0008539601675123682,0.382074150148087,0.0,0.0,0.0,0.0,0.0,0.0,0.0,0.0,0.0,0.0,0.0,0.0,0.0,0.0,0.0,0.0,0.0,0.0,0.0,0.0,0.0,0.0,0.0,0.0,0.0,0.04793377396014525,0.04793377396014525
2018/01/09 03:00:00,2018/01/09 03:00:00,2018/01/09 08:00:00,13.421464367233575,13.421464367233575,13.03809443441665,0.0,0.0,0.0,0.026007635685836212,0.005318909978062404,0.0,0.0005693067783415784,0.35147408037468464,0.0,0.0,0.0,0.0,0.0,0.0,0.0,0.0,0.0,0.0,0.0,0.0,0.0,0.0,0.0,0.0,0.0,0.0,0.0,0.0,0.0,0.0,0.0,0.0,0.0,0.04579590070826028,0.04579590070826028
2018/01/09 04:00:00,2018/01/09 04:00:00,2018/01/09 09:00:00,13.258548132065087,13.258548132065087,12.889351111567532,0.0,0.0,0.0,0.026007635685836212,0.005318909978062404,0.0,0.0005693067783415784,0.33730116805531524,0.0,0.0,0.0,0.0,0.0,0.0,0.0,0.0,0.0,0.0,0.0,0.0,0.0,0.0,0.0,0.0,0.0,0.0,0.0,0.0,0.0,0.0,0.0,0.0,0.0,0.04524000788424368,0.04524000788424368
2018/01/09 05:00:00,2018/01/09 05:00:00,2018/01/09 10:00:00,13.657930500862182,13.657930500862182,12.879934710299937,0.0,0.0,0.0,0.02891463827931774,0.005913430959804041,0.0,0.0006329410241114424,0.3164809012231033,0.0,0.0,0.0,0.0,0.0,0.0,0.42605387907590625,0.0,0.0,0.0,0.0,0.0,0.0,0.0,0.0,0.0,0.0,0.0,0.0,0.0,0.0,0.0,0.0,0.0,0.0,0.046602756002155014,0.046602756002155014
2018/01/09 06:00:00,2018/01/09 06:00:00,2018/01/09 11:00:00,13.55249312055617,13.55249312055617,13.108495886970275,0.0,0.0,0.0,0.0793383753156568,0.016225760819139942,0.0,0.0017367159166417452,0.3466963815344563,0.0,0.0,0.0,0.0,0.0,0.0,0.0,0.0,0.0,0.0,0.0,0.0,0.0,0.0,0.0,0.0,0.0,0.0,0.0,0.0,0.0,0.0,0.0,0.0,0.0,0.046242989014938514,0.046242989014938514
2018/01/09 07:00:00,2018/01/09 07:00:00,2018/01/09 12:00:00,14.157132895212222,14.157132895212222,13.502302651033146,0.0,0.0,0.0,0.18626460412594562,0.038093607331822404,0.0,0.0040773295571716285,0.42639470316413536,0.0,0.0,0.0,0.0,0.0,0.0,0.0,0.0,0.0,0.0,0.0,0.0,0.0,0.0,0.0,0.0,0.0,0.0,0.0,0.0,0.0,0.0,0.0,0.0,0.0,0.048306103912595606,0.048306103912595606
2018/01/09 08:00:00,2018/01/09 08:00:00,2018/01/09 13:00:00,14.698085735450547,14.698085735450547,13.144362650007245,0.0,0.0,0.0,0.2357130548240661,0.048206478066980994,0.0,0.005159755445514127,0.5844296437462715,0.0,0.0,0.0,0.0,0.0,0.0,0.6802141533604682,0.0,0.0,0.0,0.0,0.0,0.0,0.0,0.0,0.0,0.0,0.0,0.0,0.0,0.0,0.0,0.0,0.0,0.0,0.05015191014368662,0.05015191014368662
2018/01/09 09:00:00,2018/01/09 09:00:00,2018/01/09 14:00:00,16.75006004870112,16.75006004870112,12.524993245592574,0.0,0.0,0.0,0.250496774796642,0.05122994689070952,0.0,0.005483370867198723,2.59903583972314,0.0,0.0,0.0,0.0,0.0,0.0,1.3188208708308526,0.0,0.0,0.0,0.0,0.0,0.0,0.0,0.0,0.0,0.0,0.0,0.0,0.0,0.0,0.0,0.0,0.0,0.0,0.0571535315267409,0.0571535315267409
2018/01/09 10:00:00,2018/01/09 10:00:00,2018/01/09 15:00:00,14.986126535744594,14.986126535744594,13.04879579251466,0.0,0.0,0.0,0.25749316728611565,0.05266080290054545,0.0,0.005636521800113578,0.3027193804123075,0.0,0.0,0.0,0.0,0.0,0.0,1.3188208708308526,0.0,0.0,0.0,0.0,0.0,0.0,0.0,0.0,0.0,0.0,0.0,0.0,0.0,0.0,0.0,0.0,0.0,0.0,0.051134745364141254,0.051134745364141254
2018/01/09 11:00:00,2018/01/09 11:00:00,2018/01/09 16:00:00,14.554180972317347,14.554180972317347,12.627458535047912,0.0,0.0,0.0,0.25049210539113925,0.0512289919347181,0.0,0.0054832686539781255,0.30069720045874637,0.0,0.0,0.0,0.0,0.0,0.0,1.3188208708308526,0.0,0.0,0.0,0.0,0.0,0.0,0.0,0.0,0.0,0.0,0.0,0.0,0.0,0.0,0.0,0.0,0.0,0.0,0.04966088710301285,0.04966088710301285
2018/01/09 12:00:00,2018/01/09 12:00:00,2018/01/09 17:00:00,13.877112462593907,13.877112462593907,11.942219057188554,0.0,0.0,0.0,0.2407923239647726,0.049245256664163566,0.0,0.00527094057536429,0.3207640133701988,0.0,0.0,0.0,0.0,0.0,0.0,1.3188208708308526,0.0,0.0,0.0,0.0,0.0,0.0,0.0,0.0,0.0,0.0,0.0,0.0,0.0,0.0,0.0,0.0,0.0,0.0,0.047350635300707045,0.047350635300707045
2018/01/09 13:00:00,2018/01/09 13:00:00,2018/01/09 18:00:00,13.206914160065633,13.206914160065633,11.453028725325701,0.0,0.0,0.0,0.23379126206979614,0.04781344569833624,0.0,0.005117687429228839,0.3253849632138206,0.0,0.0,0.0,0.0,0.0,0.0,1.1417780763287493,0.0,0.0,0.0,0.0,0.0,0.0,0.0,0.0,0.0,0.0,0.0,0.0,0.0,0.0,0.0,0.0,0.0,0.0,0.04506382559964641,0.04506382559964641
2018/01/09 14:00:00,2018/01/09 14:00:00,2018/01/09 19:00:00,12.163139136730836,12.163139136730836,11.537758780791071,0.0,0.0,0.0,0.2317310969246499,0.04739211432168432,0.0,0.005072590443258922,0.34118455425017113,0.0,0.0,0.0,0.0,0.0,0.0,0.0,0.0,0.0,0.0,0.0,0.0,0.0,0.0,0.0,0.0,0.0,0.0,0.0,0.0,0.0,0.0,0.0,0.0,0.0,0.041502320236110946,0.041502320236110946
2018/01/09 15:00:00,2018/01/09 15:00:00,2018/01/09 20:00:00,11.925950260691998,11.925950260691998,11.258083554295375,0.0,0.0,0.0,0.23317934365905124,0.047688300184150045,0.0,0.005104292543848358,0.3818947700095756,0.0,0.0,0.0,0.0,0.0,0.0,0.0,0.0,0.0,0.0,0.0,0.0,0.0,0.0,0.0,0.0,0.0,0.0,0.0,0.0,0.0,0.0,0.0,0.0,0.0,0.04069299884472112,0.04069299884472112
2018/01/09 16:00:00,2018/01/09 16:00:00,2018/01/09 21:00:00,11.880185678208953,11.880185678208953,11.210835080883639,0.0,0.0,0.0,0.24459549474031855,0.05002305604703263,0.0,0.005354191929999653,0.36937785460796296,0.0,0.0,0.0,0.0,0.0,0.0,0.0,0.0,0.0,0.0,0.0,0.0,0.0,0.0,0.0,0.0,0.0,0.0,0.0,0.0,0.0,0.0,0.0,0.0,0.0,0.0405368437324321,0.0405368437324321
2018/01/09 17:00:00,2018/01/09 17:00:00,2018/01/09 22:00:00,12.301175803740687,12.301175803740687,11.453300474908529,0.0,0.0,0.0,0.28271709417415014,0.05781943392842271,0.0,0.006188673203924996,0.50115012752566,0.0,0.0,0.0,0.0,0.0,0.0,0.0,0.0,0.0,0.0,0.0,0.0,0.0,0.0,0.0,0.0,0.0,0.0,0.0,0.0,0.0,0.0,0.0,0.0,0.0,0.041973320517713256,0.041973320517713256
2018/01/09 18:00:00,2018/01/09 18:00:00,2018/01/09 23:00:00,12.663162875649027,12.663162875649027,11.506886059168238,0.0,0.0,0.0,0.3675402510758053,0.07516690607333103,0.0,0.008045450912124845,0.7055242084195247,0.0,0.0,0.0,0.0,0.0,0.0,0.0,0.0,0.0,0.0,0.0,0.0,0.0,0.0,0.0,0.0,0.0,0.0,0.0,0.0,0.0,0.0,0.0,0.0,0.0,0.04320847068830564,0.04320847068830564
2018/01/09 19:00:00,2018/01/09 19:00:00,2018/01/10 00:00:00,13.157071675666716,13.157071675666716,11.83337817423093,0.0,0.0,0.0,0.47677390830942135,0.09750665261617207,0.0,0.010436574128296532,0.7389763663818958,0.0,0.0,0.0,0.0,0.0,0.0,0.0,0.0,0.0,0.0,0.0,0.0,0.0,0.0,0.0,0.0,0.0,0.0,0.0,0.0,0.0,0.0,0.0,0.0,0.0,0.04489375611958592,0.04489375611958592
2018/01/09 20:00:00,2018/01/09 20:00:00,2018/01/10 01:00:00,14.716536920578863,14.716536920578863,11.789294338314996,0.0,0.0,0.0,0.5317029901440857,0.10874038585457309,0.0,0.011638970954917116,1.018073563395663,0.0,0.0,0.0,0.0,0.0,0.0,1.2570866719146279,0.0,0.0,0.0,0.0,0.0,0.0,0.0,0.0,0.0,0.0,0.0,0.0,0.0,0.0,0.0,0.0,0.0,0.0,0.050214868150277085,0.050214868150277085
2018/01/09 21:00:00,2018/01/09 21:00:00,2018/01/10 02:00:00,22.057631581415574,22.057631581415574,11.77857231977724,0.0,0.0,0.0,0.4809530735025553,0.09836134789544489,0.0,0.010528055995429731,8.370395913414052,0.0,0.0,0.0,0.0,0.0,0.0,1.3188208708308526,0.0,0.0,0.0,0.0,0.0,0.0,0.0,0.0,0.0,0.0,0.0,0.0,0.0,0.0,0.0,0.0,0.0,0.0,0.07526370283618354,0.07526370283618354
2018/01/09 22:00:00,2018/01/09 22:00:00,2018/01/10 03:00:00,18.14324824632583,18.14324824632583,12.187713027137812,0.0,0.0,0.0,0.3722164214914055,0.07612324558004757,0.0,0.008147812216567882,4.180226869069144,0.0,0.0,0.0,0.0,0.0,0.0,1.3188208708308526,0.0,0.0,0.0,0.0,0.0,0.0,0.0,0.0,0.0,0.0,0.0,0.0,0.0,0.0,0.0,0.0,0.0,0.0,0.06190728317563734,0.06190728317563734
2018/01/09 23:00:00,2018/01/09 23:00:00,2018/01/10 04:00:00,16.56015969301249,16.56015969301249,12.498976661629577,0.0,0.0,0.0,0.3200453407126226,0.06545356051245445,0.0,0.0070057879941606725,2.3498574713328217,0.0,0.0,0.0,0.0,0.0,0.0,1.3188208708308526,0.0,0.0,0.0,0.0,0.0,0.0,0.0,0.0,0.0,0.0,0.0,0.0,0.0,0.0,0.0,0.0,0.0,0.0,0.056505565135323045,0.056505565135323045
2018/01/10 00:00:00,2018/01/10 00:00:00,2018/01/10 05:00:00,15.390486489969014,15.390486489969014,13.400001615133759,0.0,0.0,0.0,0.13094360677997474,0.026779722120023,0.0,0.002866353705536267,0.5110743213988677,0.0,0.0,0.0,0.0,0.0,0.0,1.3188208708308526,0.0,0.0,0.0,0.0,0.0,0.0,0.0,0.0,0.0,0.0,0.0,0.0,0.0,0.0,0.0,0.0,0.0,0.0,0.05251447769493424,0.05251447769493424
2018/01/10 01:00:00,2018/01/10 01:00:00,2018/01/10 06:00:00,18.14252170091941,18.14252170091941,15.30772834549619,0.0,0.0,0.0,0.06501908921459039,0.013297274945155983,0.0,0.0014232669458539432,1.4362328534867663,0.0,0.0,0.0,0.0,0.0,0.0,1.3188208708308526,0.0,0.0,0.0,0.0,0.0,0.0,0.0,0.0,0.0,0.0,0.0,0.0,0.0,0.0,0.0,0.0,0.0,0.0,0.061904804101791,0.061904804101791
2018/01/10 02:00:00,2018/01/10 02:00:00,2018/01/10 07:00:00,17.667854700163243,17.667854700163243,15.836068981220533,0.0,0.0,0.0,0.03901145352875434,0.00797836496709361,0.0,0.0008539601675123682,0.46512106944849735,0.0,0.0,0.0,0.0,0.0,0.0,1.3188208708308526,0.0,0.0,0.0,0.0,0.0,0.0,0.0,0.0,0.0,0.0,0.0,0.0,0.0,0.0,0.0,0.0,0.0,0.0,0.060285174362342694,0.060285174362342694
2018/01/10 03:00:00,2018/01/10 03:00:00,2018/01/10 08:00:00,18.335199183298,18.335199183298,14.69041592178422,0.0,0.0,0.0,0.026007635685836212,0.005318909978062404,0.0,0.0005693067783415784,2.294066538240683,0.0,0.0,0.0,0.0,0.0,0.0,1.3188208708308526,0.0,0.0,0.0,0.0,0.0,0.0,0.0,0.0,0.0,0.0,0.0,0.0,0.0,0.0,0.0,0.0,0.0,0.0,0.06256224643522738,0.06256224643522738
2018/01/10 04:00:00,2018/01/10 04:00:00,2018/01/10 09:00:00,18.31686534302833,18.31686534302833,14.965280500924852,0.0,0.0,0.0,0.026007635685836212,0.005318909978062404,0.0,0.0005693067783415784,2.0008681188303856,0.0,0.0,0.0,0.0,0.0,0.0,1.3188208708308526,0.0,0.0,0.0,0.0,0.0,0.0,0.0,0.0,0.0,0.0,0.0,0.0,0.0,0.0,0.0,0.0,0.0,0.0,0.06249968882559422,0.06249968882559422
2018/01/10 05:00:00,2018/01/10 05:00:00,2018/01/10 10:00:00,17.75391103622858,17.75391103622858,15.468642879550963,0.0,0.0,0.0,0.02891463827931774,0.005913430959804041,0.0,0.0006329410241114424,2.011271121734182,0.0,0.0,0.0,0.0,0.0,0.0,0.23853602468020135,0.0,0.0,0.0,0.0,0.0,0.0,0.0,0.0,0.0,0.0,0.0,0.0,0.0,0.0,0.0,0.0,0.0,0.0,0.06057881053451675,0.06057881053451675
2018/01/10 06:00:00,2018/01/10 06:00:00,2018/01/10 11:00:00,16.371567026115116,16.371567026115116,15.927569792529221,0.0,0.0,0.0,0.0793383753156568,0.016225760819139942,0.0,0.0017367159166417452,0.3466963815344563,0.0,0.0,0.0,0.0,0.0,0.0,0.0,0.0,0.0,0.0,0.0,0.0,0.0,0.0,0.0,0.0,0.0,0.0,0.0,0.0,0.0,0.0,0.0,0.0,0.0,0.05586206075970339,0.05586206075970339
2018/01/10 07:00:00,2018/01/10 07:00:00,2018/01/10 12:00:00,16.625749535774325,16.625749535774325,15.970919291595248,0.0,0.0,0.0,0.18626460412594562,0.038093607331822404,0.0,0.0040773295571716285,0.42639470316413536,0.0,0.0,0.0,0.0,0.0,0.0,0.0,0.0,0.0,0.0,0.0,0.0,0.0,0.0,0.0,0.0,0.0,0.0,0.0,0.0,0.0,0.0,0.0,0.0,0.0,0.056729366789479686,0.056729366789479686
2018/01/10 08:00:00,2018/01/10 08:00:00,2018/01/10 13:00:00,16.941579095461226,16.941579095461226,16.16612752719415,0.0,0.0,0.0,0.2357130548240661,0.048206478066980994,0.0,0.005159755445514127,0.48637227993051274,0.0,0.0,0.0,0.0,0.0,0.0,0.0,0.0,0.0,0.0,0.0,0.0,0.0,0.0,0.0,0.0,0.0,0.0,0.0,0.0,0.0,0.0,0.0,0.0,0.0,0.05780702111693637,0.05780702111693637
2018/01/10 09:00:00,2018/01/10 09:00:00,2018/01/10 14:00:00,16.435722261621674,16.435722261621674,15.73999015953236,0.0,0.0,0.0,0.250496774796642,0.05122994689070952,0.0,0.005483370867198723,0.38852200953476496,0.0,0.0,0.0,0.0,0.0,0.0,0.0,0.0,0.0,0.0,0.0,0.0,0.0,0.0,0.0,0.0,0.0,0.0,0.0,0.0,0.0,0.0,0.0,0.0,0.0,0.056080967334633185,0.056080967334633185
2018/01/10 10:00:00,2018/01/10 10:00:00,2018/01/10 15:00:00,15.119078605588827,15.119078605588827,14.500568733189745,0.0,0.0,0.0,0.25749316728611565,0.05266080290054545,0.0,0.005636521800113578,0.3027193804123075,0.0,0.0,0.0,0.0,0.0,0.0,0.0,0.0,0.0,0.0,0.0,0.0,0.0,0.0,0.0,0.0,0.0,0.0,0.0,0.0,0.0,0.0,0.0,0.0,0.0,0.05158839629394655,0.05158839629394655
2018/01/10 11:00:00,2018/01/10 11:00:00,2018/01/10 16:00:00,13.886659696668882,13.886659696668882,13.278758130230301,0.0,0.0,0.0,0.25049210539113925,0.0512289919347181,0.0,0.0054832686539781255,0.30069720045874637,0.0,0.0,0.0,0.0,0.0,0.0,0.0,0.0,0.0,0.0,0.0,0.0,0.0,0.0,0.0,0.0,0.0,0.0,0.0,0.0,0.0,0.0,0.0,0.0,0.0,0.0473832117895143,0.0473832117895143
2018/01/10 12:00:00,2018/01/10 12:00:00,2018/01/10 17:00:00,13.611746154844456,13.611746154844456,12.557809047433592,0.0,0.0,0.0,0.2407923239647726,0.049245256664163566,0.0,0.00527094057536429,0.3207640133701988,0.0,0.0,0.0,0.0,0.0,0.0,0.43786457283636504,0.0,0.0,0.0,0.0,0.0,0.0,0.0,0.0,0.0,0.0,0.0,0.0,0.0,0.0,0.0,0.0,0.0,0.0,0.046445168598379064,0.046445168598379064
2018/01/10 13:00:00,2018/01/10 13:00:00,2018/01/10 18:00:00,14.435000909152388,14.435000909152388,12.504072679910353,0.0,0.0,0.0,0.23379126206979614,0.04781344569833624,0.0,0.005117687429228839,0.3253849632138206,0.0,0.0,0.0,0.0,0.0,0.0,1.3188208708308526,0.0,0.0,0.0,0.0,0.0,0.0,0.0,0.0,0.0,0.0,0.0,0.0,0.0,0.0,0.0,0.0,0.0,0.0,0.04925422817297601,0.04925422817297601
2018/01/10 14:00:00,2018/01/10 14:00:00,2018/01/10 19:00:00,13.82219639556374,13.82219639556374,12.089728830827285,0.0,0.0,0.0,0.2317310969246499,0.04739211432168432,0.0,0.005072590443258922,0.34118455425017113,0.0,0.0,0.0,0.0,0.0,0.0,1.1070872087966903,0.0,0.0,0.0,0.0,0.0,0.0,0.0,0.0,0.0,0.0,0.0,0.0,0.0,0.0,0.0,0.0,0.0,0.0,0.04716325405197076,0.04716325405197076
2018/01/10 15:00:00,2018/01/10 15:00:00,2018/01/10 20:00:00,12.672941191877273,12.672941191877273,12.005074485480648,0.0,0.0,0.0,0.23317934365905124,0.047688300184150045,0.0,0.005104292543848358,0.3818947700095756,0.0,0.0,0.0,0.0,0.0,0.0,0.0,0.0,0.0,0.0,0.0,0.0,0.0,0.0,0.0,0.0,0.0,0.0,0.0,0.0,0.0,0.0,0.0,0.0,0.0,0.04324183566151795,0.04324183566151795
2018/01/10 16:00:00,2018/01/10 16:00:00,2018/01/10 21:00:00,12.381976717592217,12.381976717592217,11.625858666149231,0.0,0.0,0.0,0.24459549474031855,0.05002305604703263,0.0,0.005354191929999653,0.4561453087256356,0.0,0.0,0.0,0.0,0.0,0.0,0.0,0.0,0.0,0.0,0.0,0.0,0.0,0.0,0.0,0.0,0.0,0.0,0.0,0.0,0.0,0.0,0.0,0.0,0.0,0.042249024459297686,0.042249024459297686
2018/01/10 17:00:00,2018/01/10 17:00:00,2018/01/10 22:00:00,14.992082813298746,14.992082813298746,11.386015899773176,0.0,0.0,0.0,0.28271709417415014,0.05781943392842271,0.0,0.006188673203924996,2.606600749448547,0.0,0.0,0.0,0.0,0.0,0.0,0.6527409627705245,0.0,0.0,0.0,0.0,0.0,0.0,0.0,0.0,0.0,0.0,0.0,0.0,0.0,0.0,0.0,0.0,0.0,0.0,0.05115506901050332,0.05115506901050332
2018/01/10 18:00:00,2018/01/10 18:00:00,2018/01/10 23:00:00,16.364078353222208,16.364078353222208,11.672912822210574,0.0,0.0,0.0,0.3675402510758053,0.07516690607333103,0.0,0.008045450912124845,4.074495448683224,0.0,0.0,0.0,0.0,0.0,0.0,0.16591747426714848,0.0,0.0,0.0,0.0,0.0,0.0,0.0,0.0,0.0,0.0,0.0,0.0,0.0,0.0,0.0,0.0,0.0,0.0,0.05583650836759053,0.05583650836759053
2018/01/10 19:00:00,2018/01/10 19:00:00,2018/01/11 00:00:00,14.070902390189852,14.070902390189852,12.747208888754066,0.0,0.0,0.0,0.47677390830942135,0.09750665261617207,0.0,0.010436574128296532,0.7389763663818958,0.0,0.0,0.0,0.0,0.0,0.0,0.0,0.0,0.0,0.0,0.0,0.0,0.0,0.0,0.0,0.0,0.0,0.0,0.0,0.0,0.0,0.0,0.0,0.0,0.0,0.048011873451747504,0.048011873451747504
2018/01/10 20:00:00,2018/01/10 20:00:00,2018/01/11 01:00:00,14.494611811109852,14.494611811109852,13.1536451700341,0.0,0.0,0.0,0.5317029901440857,0.10874038585457309,0.0,0.011638970954917116,0.6888842941221767,0.0,0.0,0.0,0.0,0.0,0.0,0.0,0.0,0.0,0.0,0.0,0.0,0.0,0.0,0.0,0.0,0.0,0.0,0.0,0.0,0.0,0.0,0.0,0.0,0.0,0.04945762885061284,0.04945762885061284
2018/01/10 21:00:00,2018/01/10 21:00:00,2018/01/11 02:00:00,14.989163372245224,14.989163372245224,13.603134035911669,0.0,0.0,0.0,0.4809530735025553,0.09836134789544489,0.0,0.010528055995429731,0.7961868589401253,0.0,0.0,0.0,0.0,0.0,0.0,0.0,0.0,0.0,0.0,0.0,0.0,0.0,0.0,0.0,0.0,0.0,0.0,0.0,0.0,0.0,0.0,0.0,0.0,0.0,0.05114510747210837,0.05114510747210837
2018/01/10 22:00:00,2018/01/10 22:00:00,2018/01/11 03:00:00,15.253710120286293,15.253710120286293,14.152138193984333,0.0,0.0,0.0,0.3722164214914055,0.07612324558004757,0.0,0.008147812216567882,0.645084447013938,0.0,0.0,0.0,0.0,0.0,0.0,0.0,0.0,0.0,0.0,0.0,0.0,0.0,0.0,0.0,0.0,0.0,0.0,0.0,0.0,0.0,0.0,0.0,0.0,0.0,0.05204777772287171,0.05204777772287171
2018/01/10 23:00:00,2018/01/10 23:00:00,2018/01/11 04:00:00,15.451196137083496,15.451196137083496,14.510027571500999,0.0,0.0,0.0,0.3200453407126226,0.06545356051245445,0.0,0.0070057879941606725,0.5486638763632579,0.0,0.0,0.0,0.0,0.0,0.0,0.0,0.0,0.0,0.0,0.0,0.0,0.0,0.0,0.0,0.0,0.0,0.0,0.0,0.0,0.0,0.0,0.0,0.0,0.0,0.05272162744366627,0.05272162744366627
2018/01/11 00:00:00,2018/01/11 00:00:00,2018/01/11 05:00:00,15.471742339534636,15.471742339534636,14.845939051958583,0.0,0.0,0.0,0.13094360677997474,0.026779722120023,0.0,0.002866353705536267,0.46521360497051883,0.0,0.0,0.0,0.0,0.0,0.0,0.0,0.0,0.0,0.0,0.0,0.0,0.0,0.0,0.0,0.0,0.0,0.0,0.0,0.0,0.0,0.0,0.0,0.0,0.0,0.052791733940367284,0.052791733940367284
2018/01/11 01:00:00,2018/01/11 01:00:00,2018/01/11 06:00:00,16.47335251752885,16.47335251752885,15.5850856317922,0.0,0.0,0.0,0.06501908921459039,0.013297274945155983,0.0,0.0014232669458539432,0.40239159993554136,0.0,0.0,0.0,0.0,0.0,0.0,0.4061356546955059,0.0,0.0,0.0,0.0,0.0,0.0,0.0,0.0,0.0,0.0,0.0,0.0,0.0,0.0,0.0,0.0,0.0,0.0,0.05620936699475958,0.05620936699475958
2018/01/11 02:00:00,2018/01/11 02:00:00,2018/01/11 07:00:00,15.958139013847306,15.958139013847306,15.528221085035861,0.0,0.0,0.0,0.03901145352875434,0.00797836496709361,0.0,0.0008539601675123682,0.382074150148087,0.0,0.0,0.0,0.0,0.0,0.0,0.0,0.0,0.0,0.0,0.0,0.0,0.0,0.0,0.0,0.0,0.0,0.0,0.0,0.0,0.0,0.0,0.0,0.0,0.0,0.05445138695528211,0.05445138695528211
2018/01/11 03:00:00,2018/01/11 03:00:00,2018/01/11 08:00:00,15.6384879598399,15.6384879598399,15.255118027022974,0.0,0.0,0.0,0.026007635685836212,0.005318909978062404,0.0,0.0005693067783415784,0.35147408037468464,0.0,0.0,0.0,0.0,0.0,0.0,0.0,0.0,0.0,0.0,0.0,0.0,0.0,0.0,0.0,0.0,0.0,0.0,0.0,0.0,0.0,0.0,0.0,0.0,0.0,0.053360693158385236,0.053360693158385236
2018/01/11 04:00:00,2018/01/11 04:00:00,2018/01/11 09:00:00,15.753759818199017,15.753759818199017,15.384562797701461,0.0,0.0,0.0,0.026007635685836212,0.005318909978062404,0.0,0.0005693067783415784,0.33730116805531524,0.0,0.0,0.0,0.0,0.0,0.0,0.0,0.0,0.0,0.0,0.0,0.0,0.0,0.0,0.0,0.0,0.0,0.0,0.0,0.0,0.0,0.0,0.0,0.0,0.0,0.05375401675076154,0.05375401675076154
2018/01/11 05:00:00,2018/01/11 05:00:00,2018/01/11 10:00:00,15.539951637115951,15.539951637115951,15.188009725629612,0.0,0.0,0.0,0.02891463827931774,0.005913430959804041,0.0,0.0006329410241114424,0.3164809012231033,0.0,0.0,0.0,0.0,0.0,0.0,0.0,0.0,0.0,0.0,0.0,0.0,0.0,0.0,0.0,0.0,0.0,0.0,0.0,0.0,0.0,0.0,0.0,0.0,0.0,0.05302447353821922,0.05302447353821922
2018/01/11 06:00:00,2018/01/11 06:00:00,2018/01/11 11:00:00,15.221730596432282,15.221730596432282,14.777733362846387,0.0,0.0,0.0,0.0793383753156568,0.016225760819139942,0.0,0.0017367159166417452,0.3466963815344563,0.0,0.0,0.0,0.0,0.0,0.0,0.0,0.0,0.0,0.0,0.0,0.0,0.0,0.0,0.0,0.0,0.0,0.0,0.0,0.0,0.0,0.0,0.0,0.0,0.0,0.05193865914541669,0.05193865914541669
2018/01/11 07:00:00,2018/01/11 07:00:00,2018/01/11 12:00:00,14.943816231894251,14.943816231894251,14.288985987715177,0.0,0.0,0.0,0.18626460412594562,0.038093607331822404,0.0,0.0040773295571716285,0.42639470316413536,0.0,0.0,0.0,0.0,0.0,0.0,0.0,0.0,0.0,0.0,0.0,0.0,0.0,0.0,0.0,0.0,0.0,0.0,0.0,0.0,0.0,0.0,0.0,0.0,0.0,0.05099037673035811,0.05099037673035811
2018/01/11 08:00:00,2018/01/11 08:00:00,2018/01/11 13:00:00,14.761245929420836,14.761245929420836,13.557332453608252,0.0,0.0,0.0,0.2357130548240661,0.048206478066980994,0.0,0.005159755445514127,0.48637227993051274,0.0,0.0,0.0,0.0,0.0,0.0,0.42846190754550695,0.0,0.0,0.0,0.0,0.0,0.0,0.0,0.0,0.0,0.0,0.0,0.0,0.0,0.0,0.0,0.0,0.0,0.0,0.050367421498679996,0.050367421498679996
2018/01/11 09:00:00,2018/01/11 09:00:00,2018/01/11 14:00:00,15.944773321617074,15.944773321617074,13.930220348696905,0.0,0.0,0.0,0.250496774796642,0.05122994689070952,0.0,0.005483370867198723,0.38852200953476496,0.0,0.0,0.0,0.0,0.0,0.0,1.3188208708308526,0.0,0.0,0.0,0.0,0.0,0.0,0.0,0.0,0.0,0.0,0.0,0.0,0.0,0.0,0.0,0.0,0.0,0.0,0.054405781356852236,0.054405781356852236
2018/01/11 10:00:00,2018/01/11 10:00:00,2018/01/11 15:00:00,15.568890580165231,15.568890580165231,13.631559836935295,0.0,0.0,0.0,0.25749316728611565,0.05266080290054545,0.0,0.005636521800113578,0.3027193804123075,0.0,0.0,0.0,0.0,0.0,0.0,1.3188208708308526,0.0,0.0,0.0,0.0,0.0,0.0,0.0,0.0,0.0,0.0,0.0,0.0,0.0,0.0,0.0,0.0,0.0,0.0,0.05312321723162143,0.05312321723162143
2018/01/11 11:00:00,2018/01/11 11:00:00,2018/01/11 16:00:00,14.860593963140484,14.860593963140484,12.93387152587105,0.0,0.0,0.0,0.25049210539113925,0.0512289919347181,0.0,0.0054832686539781255,0.30069720045874637,0.0,0.0,0.0,0.0,0.0,0.0,1.3188208708308526,0.0,0.0,0.0,0.0,0.0,0.0,0.0,0.0,0.0,0.0,0.0,0.0,0.0,0.0,0.0,0.0,0.0,0.0,0.050706410789512775,0.050706410789512775
2018/01/11 12:00:00,2018/01/11 12:00:00,2018/01/11 17:00:00,13.019612786661725,13.019612786661725,12.119939170574472,0.0,0.0,0.0,0.2407923239647726,0.049245256664163566,0.0,0.00527094057536429,0.3207640133701988,0.0,0.0,0.0,0.0,0.0,0.0,0.2836010815127519,0.0,0.0,0.0,0.0,0.0,0.0,0.0,0.0,0.0,0.0,0.0,0.0,0.0,0.0,0.0,0.0,0.0,0.0,0.044424727296791526,0.044424727296791526
2018/01/11 13:00:00,2018/01/11 13:00:00,2018/01/11 18:00:00,11.859428514371814,11.859428514371814,11.24732115596063,0.0,0.0,0.0,0.23379126206979614,0.04781344569833624,0.0,0.005117687429228839,0.3253849632138206,0.0,0.0,0.0,0.0,0.0,0.0,0.0,0.0,0.0,0.0,0.0,0.0,0.0,0.0,0.0,0.0,0.0,0.0,0.0,0.0,0.0,0.0,0.0,0.0,0.0,0.04046601740617879,0.04046601740617879
2018/01/11 14:00:00,2018/01/11 14:00:00,2018/01/11 19:00:00,11.288965741056435,11.288965741056435,10.66358538511667,0.0,0.0,0.0,0.2317310969246499,0.04739211432168432,0.0,0.005072590443258922,0.34118455425017113,0.0,0.0,0.0,0.0,0.0,0.0,0.0,0.0,0.0,0.0,0.0,0.0,0.0,0.0,0.0,0.0,0.0,0.0,0.0,0.0,0.0,0.0,0.0,0.0,0.0,0.03851951918439834,0.03851951918439834
2018/01/11 15:00:00,2018/01/11 15:00:00,2018/01/11 20:00:00,10.463165252715642,10.463165252715642,9.747907052046937,0.0,0.0,0.0,0.23317934365905124,0.047688300184150045,0.0,0.005104292543848358,0.42928626428165617,0.0,0.0,0.0,0.0,0.0,0.0,0.0,0.0,0.0,0.0,0.0,0.0,0.0,0.0,0.0,0.0,0.0,0.0,0.0,0.0,0.0,0.0,0.0,0.0,0.0,0.03570177321167012,0.03570177321167012
2018/01/11 16:00:00,2018/01/11 16:00:00,2018/01/11 21:00:00,10.811329342720432,10.811329342720432,8.646212700059175,0.0,0.0,0.0,0.24459549474031855,0.05002305604703263,0.0,0.005354191929999653,1.4533121293180298,0.0,0.0,0.0,0.0,0.0,0.0,0.4118317706258748,0.0,0.0,0.0,0.0,0.0,0.0,0.0,0.0,0.0,0.0,0.0,0.0,0.0,0.0,0.0,0.0,0.0,0.0,0.036889757447948174,0.036889757447948174
2018/01/11 17:00:00,2018/01/11 17:00:00,2018/01/11 22:00:00,9.570392768706627,9.570392768706627,8.371192921518693,0.0,0.0,0.0,0.28271709417415014,0.05781943392842271,0.0,0.006188673203924996,0.8524746458814354,0.0,0.0,0.0,0.0,0.0,0.0,0.0,0.0,0.0,0.0,0.0,0.0,0.0,0.0,0.0,0.0,0.0,0.0,0.0,0.0,0.0,0.0,0.0,0.0,0.0,0.03265550948708289,0.03265550948708289
2018/01/11 18:00:00,2018/01/11 18:00:00,2018/01/11 23:00:00,9.753372235575453,9.753372235575453,8.597095419094666,0.0,0.0,0.0,0.3675402510758053,0.07516690607333103,0.0,0.008045450912124845,0.7055242084195247,0.0,0.0,0.0,0.0,0.0,0.0,0.0,0.0,0.0,0.0,0.0,0.0,0.0,0.0,0.0,0.0,0.0,0.0,0.0,0.0,0.0,0.0,0.0,0.0,0.0,0.033279860844512475,0.033279860844512475
2018/01/11 19:00:00,2018/01/11 19:00:00,2018/01/12 00:00:00,10.343981366249695,10.343981366249695,8.511295485856886,0.0,0.0,0.0,0.47677390830942135,0.09750665261617207,0.0,0.010436574128296532,0.7389763663818958,0.0,0.0,0.0,0.0,0.0,0.0,0.5089923789570233,0.0,0.0,0.0,0.0,0.0,0.0,0.0,0.0,0.0,0.0,0.0,0.0,0.0,0.0,0.0,0.0,0.0,0.0,0.03529510123599924,0.03529510123599924
2018/01/11 20:00:00,2018/01/11 20:00:00,2018/01/12 01:00:00,11.324179159792385,11.324179159792385,8.66966443290044,0.0,0.0,0.0,0.5317029901440857,0.10874038585457309,0.0,0.011638970954917116,0.6836115091075151,0.0,0.0,0.0,0.0,0.0,0.0,1.3188208708308526,0.0,0.0,0.0,0.0,0.0,0.0,0.0,0.0,0.0,0.0,0.0,0.0,0.0,0.0,0.0,0.0,0.0,0.0,0.038639672260389585,0.038639672260389585
2018/01/11 21:00:00,2018/01/11 21:00:00,2018/01/12 02:00:00,11.80427081140348,11.80427081140348,9.218285355900345,0.0,0.0,0.0,0.4809530735025553,0.09836134789544489,0.0,0.010528055995429731,0.6773221072788519,0.0,0.0,0.0,0.0,0.0,0.0,1.3188208708308526,0.0,0.0,0.0,0.0,0.0,0.0,0.0,0.0,0.0,0.0,0.0,0.0,0.0,0.0,0.0,0.0,0.0,0.0,0.04027781166205743,0.04027781166205743
2018/01/11 22:00:00,2018/01/11 22:00:00,2018/01/12 03:00:00,11.896663781120928,11.896663781120928,9.476270983988115,0.0,0.0,0.0,0.3722164214914055,0.07612324558004757,0.0,0.008147812216567882,0.645084447013938,0.0,0.0,0.0,0.0,0.0,0.0,1.3188208708308526,0.0,0.0,0.0,0.0,0.0,0.0,0.0,0.0,0.0,0.0,0.0,0.0,0.0,0.0,0.0,0.0,0.0,0.0,0.04059306930843255,0.04059306930843255
2018/01/11 23:00:00,2018/01/11 23:00:00,2018/01/12 04:00:00,11.675045718770757,11.675045718770757,9.726847488245959,0.0,0.0,0.0,0.3200453407126226,0.06545356051245445,0.0,0.0070057879941606725,0.5486638763632579,0.0,0.0,0.0,0.0,0.0,0.0,1.0070296649423036,0.0,0.0,0.0,0.0,0.0,0.0,0.0,0.0,0.0,0.0,0.0,0.0,0.0,0.0,0.0,0.0,0.0,0.0,0.039836877696187684,0.039836877696187684
2018/01/12 00:00:00,2018/01/12 00:00:00,2018/01/12 05:00:00,10.559170793186805,10.559170793186805,9.933367505610752,0.0,0.0,0.0,0.13094360677997474,0.026779722120023,0.0,0.002866353705536267,0.46521360497051883,0.0,0.0,0.0,0.0,0.0,0.0,0.0,0.0,0.0,0.0,0.0,0.0,0.0,0.0,0.0,0.0,0.0,0.0,0.0,0.0,0.0,0.0,0.0,0.0,0.0,0.03602935745125533,0.03602935745125533
2018/01/12 01:00:00,2018/01/12 01:00:00,2018/01/12 06:00:00,10.855309425694637,10.855309425694637,10.373178194653496,0.0,0.0,0.0,0.06501908921459039,0.013297274945155983,0.0,0.0014232669458539432,0.40239159993554136,0.0,0.0,0.0,0.0,0.0,0.0,0.0,0.0,0.0,0.0,0.0,0.0,0.0,0.0,0.0,0.0,0.0,0.0,0.0,0.0,0.0,0.0,0.0,0.0,0.0,0.03703982360003996,0.03703982360003996
2018/01/12 02:00:00,2018/01/12 02:00:00,2018/01/12 07:00:00,10.789744437268658,10.789744437268658,10.359826508457212,0.0,0.0,0.0,0.03901145352875434,0.00797836496709361,0.0,0.0008539601675123682,0.382074150148087,0.0,0.0,0.0,0.0,0.0,0.0,0.0,0.0,0.0,0.0,0.0,0.0,0.0,0.0,0.0,0.0,0.0,0.0,0.0,0.0,0.0,0.0,0.0,0.0,0.0,0.0368161067523296,0.0368161067523296
2018/01/12 03:00:00,2018/01/12 03:00:00,2018/01/12 08:00:00,10.482710624746563,10.482710624746563,10.099340691929637,0.0,0.0,0.0,0.026007635685836212,0.005318909978062404,0.0,0.0005693067783415784,0.35147408037468464,0.0,0.0,0.0,0.0,0.0,0.0,0.0,0.0,0.0,0.0,0.0,0.0,0.0,0.0,0.0,0.0,0.0,0.0,0.0,0.0,0.0,0.0,0.0,0.0,0.0,0.03576846473595858,0.03576846473595858
2018/01/12 04:00:00,2018/01/12 04:00:00,2018/01/12 09:00:00,10.31370194820653,10.31370194820653,9.944504927708975,0.0,0.0,0.0,0.026007635685836212,0.005318909978062404,0.0,0.0005693067783415784,0.33730116805531524,0.0,0.0,0.0,0.0,0.0,0.0,0.0,0.0,0.0,0.0,0.0,0.0,0.0,0.0,0.0,0.0,0.0,0.0,0.0,0.0,0.0,0.0,0.0,0.0,0.0,0.035191783655721336,0.035191783655721336
2018/01/12 05:00:00,2018/01/12 05:00:00,2018/01/12 10:00:00,10.076682269174233,10.076682269174233,9.724740357687896,0.0,0.0,0.0,0.02891463827931774,0.005913430959804041,0.0,0.0006329410241114424,0.3164809012231033,0.0,0.0,0.0,0.0,0.0,0.0,0.0,0.0,0.0,0.0,0.0,0.0,0.0,0.0,0.0,0.0,0.0,0.0,0.0,0.0,0.0,0.0,0.0,0.0,0.0,0.03438303958801987,0.03438303958801987
2018/01/12 06:00:00,2018/01/12 06:00:00,2018/01/12 11:00:00,10.275133647920422,10.275133647920422,9.831136414334527,0.0,0.0,0.0,0.0793383753156568,0.016225760819139942,0.0,0.0017367159166417452,0.3466963815344563,0.0,0.0,0.0,0.0,0.0,0.0,0.0,0.0,0.0,0.0,0.0,0.0,0.0,0.0,0.0,0.0,0.0,0.0,0.0,0.0,0.0,0.0,0.0,0.0,0.0,0.03506018325787645,0.03506018325787645
2018/01/12 07:00:00,2018/01/12 07:00:00,2018/01/12 12:00:00,11.016575375045047,11.016575375045047,9.052832766691589,0.0,0.0,0.0,0.18626460412594562,0.038093607331822404,0.0,0.0040773295571716285,0.42639470316413536,0.0,0.0,0.0,0.0,0.0,0.0,1.308912364174383,0.0,0.0,0.0,0.0,0.0,0.0,0.0,0.0,0.0,0.0,0.0,0.0,0.0,0.0,0.0,0.0,0.0,0.0,0.03759008541961494,0.03759008541961494
2018/01/12 08:00:00,2018/01/12 08:00:00,2018/01/12 13:00:00,11.847188160207738,11.847188160207738,9.752915721109808,0.0,0.0,0.0,0.2357130548240661,0.048206478066980994,0.0,0.005159755445514127,0.48637227993051274,0.0,0.0,0.0,0.0,0.0,0.0,1.3188208708308526,0.0,0.0,0.0,0.0,0.0,0.0,0.0,0.0,0.0,0.0,0.0,0.0,0.0,0.0,0.0,0.0,0.0,0.0,0.04042425161754395,0.04042425161754395
2018/01/12 09:00:00,2018/01/12 09:00:00,2018/01/12 14:00:00,11.574726260578988,11.574726260578988,9.560173287658818,0.0,0.0,0.0,0.250496774796642,0.05122994689070952,0.0,0.005483370867198723,0.38852200953476496,0.0,0.0,0.0,0.0,0.0,0.0,1.3188208708308526,0.0,0.0,0.0,0.0,0.0,0.0,0.0,0.0,0.0,0.0,0.0,0.0,0.0,0.0,0.0,0.0,0.0,0.0,0.039494573770121846,0.039494573770121846
2018/01/12 10:00:00,2018/01/12 10:00:00,2018/01/12 15:00:00,10.991967753644538,10.991967753644538,9.054637010414604,0.0,0.0,0.0,0.25749316728611565,0.05266080290054545,0.0,0.005636521800113578,0.3027193804123075,0.0,0.0,0.0,0.0,0.0,0.0,1.3188208708308526,0.0,0.0,0.0,0.0,0.0,0.0,0.0,0.0,0.0,0.0,0.0,0.0,0.0,0.0,0.0,0.0,0.0,0.0,0.03750612079731371,0.03750612079731371
2018/01/12 11:00:00,2018/01/12 11:00:00,2018/01/12 16:00:00,10.651108326865778,10.651108326865778,8.724385889596343,0.0,0.0,0.0,0.25049210539113925,0.0512289919347181,0.0,0.0054832686539781255,0.30069720045874637,0.0,0.0,0.0,0.0,0.0,0.0,1.3188208708308526,0.0,0.0,0.0,0.0,0.0,0.0,0.0,0.0,0.0,0.0,0.0,0.0,0.0,0.0,0.0,0.0,0.0,0.0,0.036343061086605545,0.036343061086605545
2018/01/12 12:00:00,2018/01/12 12:00:00,2018/01/12 17:00:00,9.343040857140123,9.343040857140123,8.277527366954606,0.0,0.0,0.0,0.2407923239647726,0.049245256664163566,0.0,0.00527094057536429,0.3207640133701988,0.0,0.0,0.0,0.0,0.0,0.0,0.4494409556110177,0.0,0.0,0.0,0.0,0.0,0.0,0.0,0.0,0.0,0.0,0.0,0.0,0.0,0.0,0.0,0.0,0.0,0.0,0.03187975318486064,0.03187975318486064
2018/01/12 13:00:00,2018/01/12 13:00:00,2018/01/12 18:00:00,10.00787050340955,10.00787050340955,8.076942274167514,0.0,0.0,0.0,0.23379126206979614,0.04781344569833624,0.0,0.005117687429228839,0.3253849632138206,0.0,0.0,0.0,0.0,0.0,0.0,1.3188208708308526,0.0,0.0,0.0,0.0,0.0,0.0,0.0,0.0,0.0,0.0,0.0,0.0,0.0,0.0,0.0,0.0,0.0,0.0,0.03414824428504139,0.03414824428504139
2018/01/12 14:00:00,2018/01/12 14:00:00,2018/01/12 19:00:00,7.9332676345890984,7.9332676345890984,7.283029673240487,0.0,0.0,0.0,0.2317310969246499,0.04739211432168432,0.0,0.005072590443258922,0.34118455425017113,0.0,0.0,0.0,0.0,0.0,0.0,0.02485760540884709,0.0,0.0,0.0,0.0,0.0,0.0,0.0,0.0,0.0,0.0,0.0,0.0,0.0,0.0,0.0,0.0,0.0,0.0,0.02706941112719899,0.02706941112719899
2018/01/12 15:00:00,2018/01/12 15:00:00,2018/01/12 20:00:00,8.798262891126056,8.798262891126056,7.178906365671762,0.0,0.0,0.0,0.23317934365905124,0.047688300184150045,0.0,0.005104292543848358,0.7410571373996557,0.0,0.0,0.0,0.0,0.0,0.0,0.5923274516675876,0.0,0.0,0.0,0.0,0.0,0.0,0.0,0.0,0.0,0.0,0.0,0.0,0.0,0.0,0.0,0.0,0.0,0.0,0.03002089509329975,0.03002089509329975
2018/01/12 16:00:00,2018/01/12 16:00:00,2018/01/12 21:00:00,8.495090603205817,8.495090603205817,7.825740005880505,0.0,0.0,0.0,0.24459549474031855,0.05002305604703263,0.0,0.005354191929999653,0.36937785460796296,0.0,0.0,0.0,0.0,0.0,0.0,0.0,0.0,0.0,0.0,0.0,0.0,0.0,0.0,0.0,0.0,0.0,0.0,0.0,0.0,0.0,0.0,0.0,0.0,0.0,0.028986429135249223,0.028986429135249223
2018/01/12 17:00:00,2018/01/12 17:00:00,2018/01/12 22:00:00,8.810200105233497,8.810200105233497,7.962324776401339,0.0,0.0,0.0,0.28271709417415014,0.05781943392842271,0.0,0.006188673203924996,0.50115012752566,0.0,0.0,0.0,0.0,0.0,0.0,0.0,0.0,0.0,0.0,0.0,0.0,0.0,0.0,0.0,0.0,0.0,0.0,0.0,0.0,0.0,0.0,0.0,0.0,0.0,0.030061626525954167,0.030061626525954167
2018/01/12 18:00:00,2018/01/12 18:00:00,2018/01/12 23:00:00,9.160635598169666,9.160635598169666,8.004358781688879,0.0,0.0,0.0,0.3675402510758053,0.07516690607333103,0.0,0.008045450912124845,0.7055242084195247,0.0,0.0,0.0,0.0,0.0,0.0,0.0,0.0,0.0,0.0,0.0,0.0,0.0,0.0,0.0,0.0,0.0,0.0,0.0,0.0,0.0,0.0,0.0,0.0,0.0,0.031257361104539715,0.031257361104539715
2018/01/12 19:00:00,2018/01/12 19:00:00,2018/01/13 00:00:00,9.09560704738143,9.09560704738143,7.771913545945644,0.0,0.0,0.0,0.47677390830942135,0.09750665261617207,0.0,0.010436574128296532,0.7389763663818958,0.0,0.0,0.0,0.0,0.0,0.0,0.0,0.0,0.0,0.0,0.0,0.0,0.0,0.0,0.0,0.0,0.0,0.0,0.0,0.0,0.0,0.0,0.0,0.0,0.0,0.031035474656562364,0.031035474656562364
2018/01/12 20:00:00,2018/01/12 20:00:00,2018/01/13 01:00:00,9.782755667727159,9.782755667727159,7.587731489771423,0.0,0.0,0.0,0.5317029901440857,0.10874038585457309,0.0,0.011638970954917116,0.6836115091075151,0.0,0.0,0.0,0.0,0.0,0.0,0.8593303218946436,0.0,0.0,0.0,0.0,0.0,0.0,0.0,0.0,0.0,0.0,0.0,0.0,0.0,0.0,0.0,0.0,0.0,0.0,0.03338012119647322,0.03338012119647322
2018/01/12 21:00:00,2018/01/12 21:00:00,2018/01/13 02:00:00,10.689309284619458,10.689309284619458,8.103323829116322,0.0,0.0,0.0,0.4809530735025553,0.09836134789544489,0.0,0.010528055995429731,0.6773221072788519,0.0,0.0,0.0,0.0,0.0,0.0,1.3188208708308526,0.0,0.0,0.0,0.0,0.0,0.0,0.0,0.0,0.0,0.0,0.0,0.0,0.0,0.0,0.0,0.0,0.0,0.0,0.036473408060704655,0.036473408060704655
2018/01/12 22:00:00,2018/01/12 22:00:00,2018/01/13 03:00:00,10.41252082565796,10.41252082565796,7.992128028525149,0.0,0.0,0.0,0.3722164214914055,0.07612324558004757,0.0,0.008147812216567882,0.645084447013938,0.0,0.0,0.0,0.0,0.0,0.0,1.3188208708308526,0.0,0.0,0.0,0.0,0.0,0.0,0.0,0.0,0.0,0.0,0.0,0.0,0.0,0.0,0.0,0.0,0.0,0.0,0.03552896739186534,0.03552896739186534
2018/01/12 23:00:00,2018/01/12 23:00:00,2018/01/13 04:00:00,9.827704564905721,9.827704564905721,8.193710151625218,0.0,0.0,0.0,0.3200453407126226,0.06545356051245445,0.0,0.0070057879941606725,0.5486638763632579,0.0,0.0,0.0,0.0,0.0,0.0,0.6928258476980078,0.0,0.0,0.0,0.0,0.0,0.0,0.0,0.0,0.0,0.0,0.0,0.0,0.0,0.0,0.0,0.0,0.0,0.0,0.033533493077201874,0.033533493077201874
2018/01/13 00:00:00,2018/01/13 00:00:00,2018/01/13 05:00:00,9.188257386642213,9.188257386642213,8.562454099066162,0.0,0.0,0.0,0.13094360677997474,0.026779722120023,0.0,0.002866353705536267,0.46521360497051883,0.0,0.0,0.0,0.0,0.0,0.0,0.0,0.0,0.0,0.0,0.0,0.0,0.0,0.0,0.0,0.0,0.0,0.0,0.0,0.0,0.0,0.0,0.0,0.0,0.0,0.031351610483568854,0.031351610483568854
2018/01/13 01:00:00,2018/01/13 01:00:00,2018/01/13 06:00:00,9.407287906227161,9.407287906227161,8.92515667518602,0.0,0.0,0.0,0.06501908921459039,0.013297274945155983,0.0,0.0014232669458539432,0.40239159993554136,0.0,0.0,0.0,0.0,0.0,0.0,0.0,0.0,0.0,0.0,0.0,0.0,0.0,0.0,0.0,0.0,0.0,0.0,0.0,0.0,0.0,0.0,0.0,0.0,0.0,0.032098973040480254,0.032098973040480254
2018/01/13 02:00:00,2018/01/13 02:00:00,2018/01/13 07:00:00,10.48850672484693,10.48850672484693,10.058588796035485,0.0,0.0,0.0,0.03901145352875434,0.00797836496709361,0.0,0.0008539601675123682,0.382074150148087,0.0,0.0,0.0,0.0,0.0,0.0,0.0,0.0,0.0,0.0,0.0,0.0,0.0,0.0,0.0,0.0,0.0,0.0,0.0,0.0,0.0,0.0,0.0,0.0,0.0,0.03578824183459914,0.03578824183459914
2018/01/13 03:00:00,2018/01/13 03:00:00,2018/01/13 08:00:00,11.101683340046431,11.101683340046431,10.718313407229505,0.0,0.0,0.0,0.026007635685836212,0.005318909978062404,0.0,0.0005693067783415784,0.35147408037468464,0.0,0.0,0.0,0.0,0.0,0.0,0.0,0.0,0.0,0.0,0.0,0.0,0.0,0.0,0.0,0.0,0.0,0.0,0.0,0.0,0.0,0.0,0.0,0.0,0.0,0.0378804856179868,0.0378804856179868
2018/01/13 04:00:00,2018/01/13 04:00:00,2018/01/13 09:00:00,11.42833277567252,11.42833277567252,11.059135755174966,0.0,0.0,0.0,0.026007635685836212,0.005318909978062404,0.0,0.0005693067783415784,0.33730116805531524,0.0,0.0,0.0,0.0,0.0,0.0,0.0,0.0,0.0,0.0,0.0,0.0,0.0,0.0,0.0,0.0,0.0,0.0,0.0,0.0,0.0,0.0,0.0,0.0,0.0,0.038995058865065726,0.038995058865065726
2018/01/13 05:00:00,2018/01/13 05:00:00,2018/01/13 10:00:00,11.762238807862051,11.762238807862051,11.410296896375712,0.0,0.0,0.0,0.02891463827931774,0.005913430959804041,0.0,0.0006329410241114424,0.3164809012231033,0.0,0.0,0.0,0.0,0.0,0.0,0.0,0.0,0.0,0.0,0.0,0.0,0.0,0.0,0.0,0.0,0.0,0.0,0.0,0.0,0.0,0.0,0.0,0.0,0.0,0.04013439262758517,0.04013439262758517
2018/01/13 06:00:00,2018/01/13 06:00:00,2018/01/13 11:00:00,11.768804744882756,11.768804744882756,11.32480751129686,0.0,0.0,0.0,0.0793383753156568,0.016225760819139942,0.0,0.0017367159166417452,0.3466963815344563,0.0,0.0,0.0,0.0,0.0,0.0,0.0,0.0,0.0,0.0,0.0,0.0,0.0,0.0,0.0,0.0,0.0,0.0,0.0,0.0,0.0,0.0,0.0,0.0,0.0,0.0401567965167309,0.0401567965167309
2018/01/13 07:00:00,2018/01/13 07:00:00,2018/01/13 12:00:00,12.816105400330287,12.816105400330287,11.75538751110519,0.0,0.0,0.0,0.18626460412594562,0.038093607331822404,0.0,0.0040773295571716285,0.42639470316413536,0.0,0.0,0.0,0.0,0.0,0.0,0.4058876450460203,0.0,0.0,0.0,0.0,0.0,0.0,0.0,0.0,0.0,0.0,0.0,0.0,0.0,0.0,0.0,0.0,0.0,0.0,0.043730331826757354,0.043730331826757354
2018/01/13 08:00:00,2018/01/13 08:00:00,2018/01/13 13:00:00,13.857738879208693,13.857738879208693,12.228226635628321,0.0,0.0,0.0,0.2357130548240661,0.048206478066980994,0.0,0.005159755445514127,0.48637227993051274,0.0,0.0,0.0,0.0,0.0,0.0,0.8540606753132964,0.0,0.0,0.0,0.0,0.0,0.0,0.0,0.0,0.0,0.0,0.0,0.0,0.0,0.0,0.0,0.0,0.0,0.0,0.047284529943139766,0.047284529943139766
2018/01/13 09:00:00,2018/01/13 09:00:00,2018/01/13 14:00:00,13.967724847730498,13.967724847730498,11.953171874810328,0.0,0.0,0.0,0.250496774796642,0.05122994689070952,0.0,0.005483370867198723,0.38852200953476496,0.0,0.0,0.0,0.0,0.0,0.0,1.3188208708308526,0.0,0.0,0.0,0.0,0.0,0.0,0.0,0.0,0.0,0.0,0.0,0.0,0.0,0.0,0.0,0.0,0.0,0.0,0.047659817345162996,0.047659817345162996
2018/01/13 10:00:00,2018/01/13 10:00:00,2018/01/13 15:00:00,12.733880341987229,12.733880341987229,11.172669274110586,0.0,0.0,0.0,0.25749316728611565,0.05266080290054545,0.0,0.005636521800113578,0.3027193804123075,0.0,0.0,0.0,0.0,0.0,0.0,0.9427011954775614,0.0,0.0,0.0,0.0,0.0,0.0,0.0,0.0,0.0,0.0,0.0,0.0,0.0,0.0,0.0,0.0,0.0,0.0,0.043449768506349296,0.043449768506349296
2018/01/13 11:00:00,2018/01/13 11:00:00,2018/01/13 16:00:00,11.962528469303615,11.962528469303615,11.354626902865034,0.0,0.0,0.0,0.25049210539113925,0.0512289919347181,0.0,0.0054832686539781255,0.30069720045874637,0.0,0.0,0.0,0.0,0.0,0.0,0.0,0.0,0.0,0.0,0.0,0.0,0.0,0.0,0.0,0.0,0.0,0.0,0.0,0.0,0.0,0.0,0.0,0.0,0.0,0.04081780877334212,0.04081780877334212
2018/01/13 12:00:00,2018/01/13 12:00:00,2018/01/13 17:00:00,12.142765163760334,12.142765163760334,11.526692629185835,0.0,0.0,0.0,0.2407923239647726,0.049245256664163566,0.0,0.00527094057536429,0.3207640133701988,0.0,0.0,0.0,0.0,0.0,0.0,0.0,0.0,0.0,0.0,0.0,0.0,0.0,0.0,0.0,0.0,0.0,0.0,0.0,0.0,0.0,0.0,0.0,0.0,0.0,0.041432801410321136,0.041432801410321136
2018/01/13 13:00:00,2018/01/13 13:00:00,2018/01/13 18:00:00,12.019829139792083,12.019829139792083,11.407721781380902,0.0,0.0,0.0,0.23379126206979614,0.04781344569833624,0.0,0.005117687429228839,0.3253849632138206,0.0,0.0,0.0,0.0,0.0,0.0,0.0,0.0,0.0,0.0,0.0,0.0,0.0,0.0,0.0,0.0,0.0,0.0,0.0,0.0,0.0,0.0,0.0,0.0,0.0,0.04101332662030768,0.04101332662030768
2018/01/13 14:00:00,2018/01/13 14:00:00,2018/01/13 19:00:00,12.948431236287533,12.948431236287533,11.2540932728211,0.0,0.0,0.0,0.2317310969246499,0.04739211432168432,0.0,0.005072590443258922,0.34118455425017113,0.0,0.0,0.0,0.0,0.0,0.0,1.0689576075266674,0.0,0.0,0.0,0.0,0.0,0.0,0.0,0.0,0.0,0.0,0.0,0.0,0.0,0.0,0.0,0.0,0.0,0.0,0.04418184595955423,0.04418184595955423
2018/01/13 15:00:00,2018/01/13 15:00:00,2018/01/13 20:00:00,12.518646029355669,12.518646029355669,11.203712633504143,0.0,0.0,0.0,0.23317934365905124,0.047688300184150045,0.0,0.005104292543848358,0.3818947700095756,0.0,0.0,0.0,0.0,0.0,0.0,0.6470666894549019,0.0,0.0,0.0,0.0,0.0,0.0,0.0,0.0,0.0,0.0,0.0,0.0,0.0,0.0,0.0,0.0,0.0,0.0,0.042715359134868965,0.042715359134868965
2018/01/13 16:00:00,2018/01/13 16:00:00,2018/01/13 21:00:00,11.860015517026511,11.860015517026511,11.190664919701197,0.0,0.0,0.0,0.24459549474031855,0.05002305604703263,0.0,0.005354191929999653,0.36937785460796296,0.0,0.0,0.0,0.0,0.0,0.0,0.0,0.0,0.0,0.0,0.0,0.0,0.0,0.0,0.0,0.0,0.0,0.0,0.0,0.0,0.0,0.0,0.0,0.0,0.0,0.0404680203407733,0.0404680203407733
2018/01/13 17:00:00,2018/01/13 17:00:00,2018/01/13 22:00:00,12.190330510952736,12.190330510952736,11.342455182120577,0.0,0.0,0.0,0.28271709417415014,0.05781943392842271,0.0,0.006188673203924996,0.50115012752566,0.0,0.0,0.0,0.0,0.0,0.0,0.0,0.0,0.0,0.0,0.0,0.0,0.0,0.0,0.0,0.0,0.0,0.0,0.0,0.0,0.0,0.0,0.0,0.0,0.0,0.04159510098193086,0.04159510098193086
2018/01/13 18:00:00,2018/01/13 18:00:00,2018/01/13 23:00:00,12.901386576791593,12.901386576791593,11.745109760310804,0.0,0.0,0.0,0.3675402510758053,0.07516690607333103,0.0,0.008045450912124845,0.7055242084195247,0.0,0.0,0.0,0.0,0.0,0.0,0.0,0.0,0.0,0.0,0.0,0.0,0.0,0.0,0.0,0.0,0.0,0.0,0.0,0.0,0.0,0.0,0.0,0.0,0.0,0.04402132304669014,0.04402132304669014
2018/01/13 19:00:00,2018/01/13 19:00:00,2018/01/14 00:00:00,14.229899979627953,14.229899979627953,11.598796133336858,0.0,0.0,0.0,0.47677390830942135,0.09750665261617207,0.0,0.010436574128296532,0.7389763663818958,0.0,0.0,0.0,0.0,0.0,0.0,1.3074103448553065,0.0,0.0,0.0,0.0,0.0,0.0,0.0,0.0,0.0,0.0,0.0,0.0,0.0,0.0,0.0,0.0,0.0,0.0,0.048554395312218744,0.048554395312218744
2018/01/13 20:00:00,2018/01/13 20:00:00,2018/01/14 01:00:00,15.006178713953835,15.006178713953835,11.93743930088289,0.0,0.0,0.0,0.5317029901440857,0.10874038585457309,0.0,0.011638970954917116,1.0978361952865172,0.0,0.0,0.0,0.0,0.0,0.0,1.3188208708308526,0.0,0.0,0.0,0.0,0.0,0.0,0.0,0.0,0.0,0.0,0.0,0.0,0.0,0.0,0.0,0.0,0.0,0.0,0.05120316618150725,0.05120316618150725
2018/01/13 21:00:00,2018/01/13 21:00:00,2018/01/14 02:00:00,14.971348508686466,14.971348508686466,12.385363053183331,0.0,0.0,0.0,0.4809530735025553,0.09836134789544489,0.0,0.010528055995429731,0.6773221072788519,0.0,0.0,0.0,0.0,0.0,0.0,1.3188208708308526,0.0,0.0,0.0,0.0,0.0,0.0,0.0,0.0,0.0,0.0,0.0,0.0,0.0,0.0,0.0,0.0,0.0,0.0,0.05108432068310047,0.05108432068310047
2018/01/13 22:00:00,2018/01/13 22:00:00,2018/01/14 03:00:00,14.068280406765757,14.068280406765757,12.779465055061923,0.0,0.0,0.0,0.3722164214914055,0.07612324558004757,0.0,0.008147812216567882,0.645084447013938,0.0,0.0,0.0,0.0,0.0,0.0,0.1872434254018734,0.0,0.0,0.0,0.0,0.0,0.0,0.0,0.0,0.0,0.0,0.0,0.0,0.0,0.0,0.0,0.0,0.0,0.0,0.04800292688010203,0.04800292688010203
2018/01/13 23:00:00,2018/01/13 23:00:00,2018/01/14 04:00:00,14.36581016262913,14.36581016262913,13.424641597046632,0.0,0.0,0.0,0.3200453407126226,0.06545356051245445,0.0,0.0070057879941606725,0.5486638763632579,0.0,0.0,0.0,0.0,0.0,0.0,0.0,0.0,0.0,0.0,0.0,0.0,0.0,0.0,0.0,0.0,0.0,0.0,0.0,0.0,0.0,0.0,0.0,0.0,0.0,0.04901813973500755,0.04901813973500755
2018/01/14 00:00:00,2018/01/14 00:00:00,2018/01/14 05:00:00,14.457650675293149,14.457650675293149,13.831847387717096,0.0,0.0,0.0,0.13094360677997474,0.026779722120023,0.0,0.002866353705536267,0.46521360497051883,0.0,0.0,0.0,0.0,0.0,0.0,0.0,0.0,0.0,0.0,0.0,0.0,0.0,0.0,0.0,0.0,0.0,0.0,0.0,0.0,0.0,0.0,0.0,0.0,0.0,0.049331512321178196,0.049331512321178196
2018/01/14 01:00:00,2018/01/14 01:00:00,2018/01/14 06:00:00,15.108103047029678,15.108103047029678,14.625971815988537,0.0,0.0,0.0,0.06501908921459039,0.013297274945155983,0.0,0.0014232669458539432,0.40239159993554136,0.0,0.0,0.0,0.0,0.0,0.0,0.0,0.0,0.0,0.0,0.0,0.0,0.0,0.0,0.0,0.0,0.0,0.0,0.0,0.0,0.0,0.0,0.0,0.0,0.0,0.05155094616360015,0.05155094616360015
2018/01/14 02:00:00,2018/01/14 02:00:00,2018/01/14 07:00:00,15.433693371225479,15.433693371225479,15.003775442414033,0.0,0.0,0.0,0.03901145352875434,0.00797836496709361,0.0,0.0008539601675123682,0.382074150148087,0.0,0.0,0.0,0.0,0.0,0.0,0.0,0.0,0.0,0.0,0.0,0.0,0.0,0.0,0.0,0.0,0.0,0.0,0.0,0.0,0.0,0.0,0.0,0.0,0.0,0.05266190557536474,0.05266190557536474
2018/01/14 03:00:00,2018/01/14 03:00:00,2018/01/14 08:00:00,15.101478231784304,15.101478231784304,14.718108298967378,0.0,0.0,0.0,0.026007635685836212,0.005318909978062404,0.0,0.0005693067783415784,0.35147408037468464,0.0,0.0,0.0,0.0,0.0,0.0,0.0,0.0,0.0,0.0,0.0,0.0,0.0,0.0,0.0,0.0,0.0,0.0,0.0,0.0,0.0,0.0,0.0,0.0,0.0,0.051528341373773455,0.051528341373773455
2018/01/14 04:00:00,2018/01/14 04:00:00,2018/01/14 09:00:00,15.340957640413079,15.340957640413079,14.971760619915523,0.0,0.0,0.0,0.026007635685836212,0.005318909978062404,0.0,0.0005693067783415784,0.33730116805531524,0.0,0.0,0.0,0.0,0.0,0.0,0.0,0.0,0.0,0.0,0.0,0.0,0.0,0.0,0.0,0.0,0.0,0.0,0.0,0.0,0.0,0.0,0.0,0.0,0.0,0.052345478380522954,0.052345478380522954
2018/01/14 05:00:00,2018/01/14 05:00:00,2018/01/14 10:00:00,15.594749277435719,15.594749277435719,15.225979172160748,0.0,0.0,0.0,0.02891463827931774,0.005913430959804041,0.0,0.0006329410241114424,0.3164809012231033,0.0,0.0,0.0,0.0,0.0,0.0,0.016828193788631828,0.0,0.0,0.0,0.0,0.0,0.0,0.0,0.0,0.0,0.0,0.0,0.0,0.0,0.0,0.0,0.0,0.0,0.0,0.053211450698569744,0.053211450698569744
2018/01/14 06:00:00,2018/01/14 06:00:00,2018/01/14 11:00:00,16.225403824810336,16.225403824810336,15.392062611547743,0.0,0.0,0.0,0.0793383753156568,0.016225760819139942,0.0,0.0017367159166417452,0.3466963815344563,0.0,0.0,0.0,0.0,0.0,0.0,0.38934397967669643,0.0,0.0,0.0,0.0,0.0,0.0,0.0,0.0,0.0,0.0,0.0,0.0,0.0,0.0,0.0,0.0,0.0,0.0,0.0553633316142834,0.0553633316142834
2018/01/14 07:00:00,2018/01/14 07:00:00,2018/01/14 12:00:00,16.210822209622247,16.210822209622247,15.30162479666583,0.0,0.0,0.0,0.18626460412594562,0.038093607331822404,0.0,0.0040773295571716285,0.42639470316413536,0.0,0.0,0.0,0.0,0.0,0.0,0.25436716877733995,0.0,0.0,0.0,0.0,0.0,0.0,0.0,0.0,0.0,0.0,0.0,0.0,0.0,0.0,0.0,0.0,0.0,0.0,0.05531357711782547,0.05531357711782547
2018/01/14 08:00:00,2018/01/14 08:00:00,2018/01/14 13:00:00,16.926140100654145,16.926140100654145,14.831867661556215,0.0,0.0,0.0,0.2357130548240661,0.048206478066980994,0.0,0.005159755445514127,0.48637227993051274,0.0,0.0,0.0,0.0,0.0,0.0,1.3188208708308526,0.0,0.0,0.0,0.0,0.0,0.0,0.0,0.0,0.0,0.0,0.0,0.0,0.0,0.0,0.0,0.0,0.0,0.0,0.05775434112212548,0.05775434112212548
2018/01/14 09:00:00,2018/01/14 09:00:00,2018/01/14 14:00:00,17.009289190709627,17.009289190709627,14.994736217789455,0.0,0.0,0.0,0.250496774796642,0.05122994689070952,0.0,0.005483370867198723,0.38852200953476496,0.0,0.0,0.0,0.0,0.0,0.0,1.3188208708308526,0.0,0.0,0.0,0.0,0.0,0.0,0.0,0.0,0.0,0.0,0.0,0.0,0.0,0.0,0.0,0.0,0.0,0.0,0.058038057367087496,0.058038057367087496
2018/01/14 10:00:00,2018/01/14 10:00:00,2018/01/14 15:00:00,16.134124440455412,16.134124440455412,14.196793697225477,0.0,0.0,0.0,0.25749316728611565,0.05266080290054545,0.0,0.005636521800113578,0.3027193804123075,0.0,0.0,0.0,0.0,0.0,0.0,1.3188208708308526,0.0,0.0,0.0,0.0,0.0,0.0,0.0,0.0,0.0,0.0,0.0,0.0,0.0,0.0,0.0,0.0,0.0,0.0,0.055051873675846026,0.055051873675846026
2018/01/14 11:00:00,2018/01/14 11:00:00,2018/01/14 16:00:00,14.988925540318515,14.988925540318515,13.027866059380914,0.0,0.0,0.0,0.25049210539113925,0.0512289919347181,0.0,0.0054832686539781255,0.33503424412691357,0.0,0.0,0.0,0.0,0.0,0.0,1.3188208708308526,0.0,0.0,0.0,0.0,0.0,0.0,0.0,0.0,0.0,0.0,0.0,0.0,0.0,0.0,0.0,0.0,0.0,0.0,0.05114429595653877,0.05114429595653877
2018/01/14 12:00:00,2018/01/14 12:00:00,2018/01/14 17:00:00,13.934859722390339,13.934859722390339,12.09775583798373,0.0,0.0,0.0,0.2407923239647726,0.049245256664163566,0.0,0.00527094057536429,1.0948263271285004,0.0,0.0,0.0,0.0,0.0,0.0,0.44696903607380695,0.0,0.0,0.0,0.0,0.0,0.0,0.0,0.0,0.0,0.0,0.0,0.0,0.0,0.0,0.0,0.0,0.0,0.0,0.04754767697242417,0.04754767697242417
2018/01/14 13:00:00,2018/01/14 13:00:00,2018/01/14 18:00:00,12.314009152645005,12.314009152645005,11.701901794233823,0.0,0.0,0.0,0.23379126206979614,0.04781344569833624,0.0,0.005117687429228839,0.3253849632138206,0.0,0.0,0.0,0.0,0.0,0.0,0.0,0.0,0.0,0.0,0.0,0.0,0.0,0.0,0.0,0.0,0.0,0.0,0.0,0.0,0.0,0.0,0.0,0.0,0.0,0.0420171096867708,0.0420171096867708
2018/01/14 14:00:00,2018/01/14 14:00:00,2018/01/14 19:00:00,12.538070377127218,12.538070377127218,11.454327222757328,0.0,0.0,0.0,0.2317310969246499,0.04739211432168432,0.0,0.005072590443258922,0.34118455425017113,0.0,0.0,0.0,0.0,0.0,0.0,0.4583627984301252,0.0,0.0,0.0,0.0,0.0,0.0,0.0,0.0,0.0,0.0,0.0,0.0,0.0,0.0,0.0,0.0,0.0,0.0,0.04278163770757377,0.04278163770757377
2018/01/14 15:00:00,2018/01/14 15:00:00,2018/01/14 20:00:00,12.204350558843913,12.204350558843913,11.53648385244729,0.0,0.0,0.0,0.23317934365905124,0.047688300184150045,0.0,0.005104292543848358,0.3818947700095756,0.0,0.0,0.0,0.0,0.0,0.0,0.0,0.0,0.0,0.0,0.0,0.0,0.0,0.0,0.0,0.0,0.0,0.0,0.0,0.0,0.0,0.0,0.0,0.0,0.0,0.041642939332768115,0.041642939332768115
2018/01/14 16:00:00,2018/01/14 16:00:00,2018/01/14 21:00:00,12.42646735018977,12.42646735018977,11.726670541990915,0.0,0.0,0.0,0.24459549474031855,0.05002305604703263,0.0,0.005354191929999653,0.3998240654815043,0.0,0.0,0.0,0.0,0.0,0.0,0.0,0.0,0.0,0.0,0.0,0.0,0.0,0.0,0.0,0.0,0.0,0.0,0.0,0.0,0.0,0.0,0.0,0.0,0.0,0.042400832677621424,0.042400832677621424
2018/01/14 17:00:00,2018/01/14 17:00:00,2018/01/14 22:00:00,13.527160058078922,13.527160058078922,11.992933724142762,0.0,0.0,0.0,0.28271709417415014,0.05781943392842271,0.0,0.006188673203924996,1.1875011326296598,0.0,0.0,0.0,0.0,0.0,0.0,0.0,0.0,0.0,0.0,0.0,0.0,0.0,0.0,0.0,0.0,0.0,0.0,0.0,0.0,0.0,0.0,0.0,0.0,0.0,0.0461565490869172,0.0461565490869172
2018/01/14 18:00:00,2018/01/14 18:00:00,2018/01/14 23:00:00,13.511888283793644,13.511888283793644,12.355611467312855,0.0,0.0,0.0,0.3675402510758053,0.07516690607333103,0.0,0.008045450912124845,0.7055242084195247,0.0,0.0,0.0,0.0,0.0,0.0,0.0,0.0,0.0,0.0,0.0,0.0,0.0,0.0,0.0,0.0,0.0,0.0,0.0,0.0,0.0,0.0,0.0,0.0,0.0,0.046104439671754205,0.046104439671754205
2018/01/14 19:00:00,2018/01/14 19:00:00,2018/01/15 00:00:00,14.620013750589154,14.620013750589154,12.473982906794278,0.0,0.0,0.0,0.47677390830942135,0.09750665261617207,0.0,0.010436574128296532,0.7389763663818958,0.0,0.0,0.0,0.0,0.0,0.0,0.8223373423590882,0.0,0.0,0.0,0.0,0.0,0.0,0.0,0.0,0.0,0.0,0.0,0.0,0.0,0.0,0.0,0.0,0.0,0.0,0.04988551768687409,0.04988551768687409
2018/01/14 20:00:00,2018/01/14 20:00:00,2018/01/15 01:00:00,14.591383659003622,14.591383659003622,12.826294532784342,0.0,0.0,0.0,0.5317029901440857,0.10874038585457309,0.0,0.011638970954917116,0.6836115091075151,0.0,0.0,0.0,0.0,0.0,0.0,0.4293952701581895,0.0,0.0,0.0,0.0,0.0,0.0,0.0,0.0,0.0,0.0,0.0,0.0,0.0,0.0,0.0,0.0,0.0,0.0,0.04978782783756671,0.04978782783756671
2018/01/14 21:00:00,2018/01/14 21:00:00,2018/01/15 02:00:00,14.020975622854731,14.020975622854731,12.715519379309502,0.0,0.0,0.0,0.4809530735025553,0.09836134789544489,0.0,0.010528055995429731,0.7156137661518006,0.0,0.0,0.0,0.0,0.0,0.0,0.0,0.0,0.0,0.0,0.0,0.0,0.0,0.0,0.0,0.0,0.0,0.0,0.0,0.0,0.0,0.0,0.0,0.0,0.0,0.047841516386601494,0.047841516386601494
2018/01/14 22:00:00,2018/01/14 22:00:00,2018/01/15 03:00:00,15.22073754228306,15.22073754228306,12.849751073984129,0.0,0.0,0.0,0.3722164214914055,0.07612324558004757,0.0,0.008147812216567882,1.5082959206422475,0.0,0.0,0.0,0.0,0.0,0.0,0.4062030683686644,0.0,0.0,0.0,0.0,0.0,0.0,0.0,0.0,0.0,0.0,0.0,0.0,0.0,0.0,0.0,0.0,0.0,0.0,0.05193527070672093,0.05193527070672093
2018/01/14 23:00:00,2018/01/14 23:00:00,2018/01/15 04:00:00,14.735519890622465,14.735519890622465,13.272311769068052,0.0,0.0,0.0,0.3200453407126226,0.06545356051245445,0.0,0.0070057879941606725,0.5486638763632579,0.0,0.0,0.0,0.0,0.0,0.0,0.5220395559719139,0.0,0.0,0.0,0.0,0.0,0.0,0.0,0.0,0.0,0.0,0.0,0.0,0.0,0.0,0.0,0.0,0.0,0.0,0.05027964068086526,0.05027964068086526
2018/01/15 00:00:00,2018/01/15 00:00:00,2018/01/15 05:00:00,14.700198214069308,14.700198214069308,13.66817423005138,0.0,0.0,0.0,0.13094360677997474,0.026779722120023,0.0,0.002866353705536267,0.46521360497051883,0.0,0.0,0.0,0.0,0.0,0.0,0.4062206964418757,0.0,0.0,0.0,0.0,0.0,0.0,0.0,0.0,0.0,0.0,0.0,0.0,0.0,0.0,0.0,0.0,0.0,0.0,0.05015911821416433,0.05015911821416433
2018/01/15 01:00:00,2018/01/15 01:00:00,2018/01/15 06:00:00,15.267315317399852,15.267315317399852,14.31265420484206,0.0,0.0,0.0,0.06501908921459039,0.013297274945155983,0.0,0.0014232669458539432,0.40239159993554136,0.0,0.0,0.0,0.0,0.0,0.0,0.47252988151664943,0.0,0.0,0.0,0.0,0.0,0.0,0.0,0.0,0.0,0.0,0.0,0.0,0.0,0.0,0.0,0.0,0.0,0.0,0.052094200545231534,0.052094200545231534
2018/01/15 02:00:00,2018/01/15 02:00:00,2018/01/15 07:00:00,14.656439793360459,14.656439793360459,14.226521864549014,0.0,0.0,0.0,0.03901145352875434,0.00797836496709361,0.0,0.0008539601675123682,0.382074150148087,0.0,0.0,0.0,0.0,0.0,0.0,0.0,0.0,0.0,0.0,0.0,0.0,0.0,0.0,0.0,0.0,0.0,0.0,0.0,0.0,0.0,0.0,0.0,0.0,0.0,0.05000980840451159,0.05000980840451159
2018/01/15 03:00:00,2018/01/15 03:00:00,2018/01/15 08:00:00,13.827665050720007,13.827665050720007,13.444295117903081,0.0,0.0,0.0,0.026007635685836212,0.005318909978062404,0.0,0.0005693067783415784,0.35147408037468464,0.0,0.0,0.0,0.0,0.0,0.0,0.0,0.0,0.0,0.0,0.0,0.0,0.0,0.0,0.0,0.0,0.0,0.0,0.0,0.0,0.0,0.0,0.0,0.0,0.0,0.04718191386297884,0.04718191386297884
2018/01/15 04:00:00,2018/01/15 04:00:00,2018/01/15 09:00:00,13.933108962676716,13.933108962676716,13.56391194217916,0.0,0.0,0.0,0.026007635685836212,0.005318909978062404,0.0,0.0005693067783415784,0.33730116805531524,0.0,0.0,0.0,0.0,0.0,0.0,0.0,0.0,0.0,0.0,0.0,0.0,0.0,0.0,0.0,0.0,0.0,0.0,0.0,0.0,0.0,0.0,0.0,0.0,0.0,0.047541703137094785,0.047541703137094785
2018/01/15 05:00:00,2018/01/15 05:00:00,2018/01/15 10:00:00,13.765321598016415,13.765321598016415,13.413379686530076,0.0,0.0,0.0,0.02891463827931774,0.005913430959804041,0.0,0.0006329410241114424,0.3164809012231033,0.0,0.0,0.0,0.0,0.0,0.0,0.0,0.0,0.0,0.0,0.0,0.0,0.0,0.0,0.0,0.0,0.0,0.0,0.0,0.0,0.0,0.0,0.0,0.0,0.0,0.04696918934263559,0.04696918934263559
2018/01/15 06:00:00,2018/01/15 06:00:00,2018/01/15 11:00:00,13.695240720713723,13.695240720713723,13.251243487127828,0.0,0.0,0.0,0.0793383753156568,0.016225760819139942,0.0,0.0017367159166417452,0.3466963815344563,0.0,0.0,0.0,0.0,0.0,0.0,0.0,0.0,0.0,0.0,0.0,0.0,0.0,0.0,0.0,0.0,0.0,0.0,0.0,0.0,0.0,0.0,0.0,0.0,0.0,0.04673006365480549,0.04673006365480549
2018/01/15 07:00:00,2018/01/15 07:00:00,2018/01/15 12:00:00,13.734335688608873,13.734335688608873,13.079505444429799,0.0,0.0,0.0,0.18626460412594562,0.038093607331822404,0.0,0.0040773295571716285,0.42639470316413536,0.0,0.0,0.0,0.0,0.0,0.0,0.0,0.0,0.0,0.0,0.0,0.0,0.0,0.0,0.0,0.0,0.0,0.0,0.0,0.0,0.0,0.0,0.0,0.0,0.0,0.046863461115688364,0.046863461115688364
2018/01/15 08:00:00,2018/01/15 08:00:00,2018/01/15 13:00:00,14.29882262889633,14.29882262889633,12.972024571611614,0.0,0.0,0.0,0.2357130548240661,0.048206478066980994,0.0,0.005159755445514127,0.48637227993051274,0.0,0.0,0.0,0.0,0.0,0.0,0.5513464890176388,0.0,0.0,0.0,0.0,0.0,0.0,0.0,0.0,0.0,0.0,0.0,0.0,0.0,0.0,0.0,0.0,0.0,0.0,0.04878956896511392,0.04878956896511392
2018/01/15 09:00:00,2018/01/15 09:00:00,2018/01/15 14:00:00,14.312767325724282,14.312767325724282,12.445778544700973,0.0,0.0,0.0,0.250496774796642,0.05122994689070952,0.0,0.005483370867198723,0.46168223216050985,0.0,0.0,0.0,0.0,0.0,0.0,1.098096456308247,0.0,0.0,0.0,0.0,0.0,0.0,0.0,0.0,0.0,0.0,0.0,0.0,0.0,0.0,0.0,0.0,0.0,0.0,0.04883715020765693,0.04883715020765693
2018/01/15 10:00:00,2018/01/15 10:00:00,2018/01/15 15:00:00,15.983834280581378,15.983834280581378,12.380961458007013,0.0,0.0,0.0,0.25749316728611565,0.05266080290054545,0.0,0.005636521800113578,1.968261459756738,0.0,0.0,0.0,0.0,0.0,0.0,1.3188208708308526,0.0,0.0,0.0,0.0,0.0,0.0,0.0,0.0,0.0,0.0,0.0,0.0,0.0,0.0,0.0,0.0,0.0,0.0,0.054539062774539106,0.054539062774539106
2018/01/15 11:00:00,2018/01/15 11:00:00,2018/01/15 16:00:00,14.111755185761114,14.111755185761114,11.814915248514069,0.0,0.0,0.0,0.25049210539113925,0.0512289919347181,0.0,0.0054832686539781255,0.6708147004363559,0.0,0.0,0.0,0.0,0.0,0.0,1.3188208708308526,0.0,0.0,0.0,0.0,0.0,0.0,0.0,0.0,0.0,0.0,0.0,0.0,0.0,0.0,0.0,0.0,0.0,0.0,0.04815126886482954,0.04815126886482954
2018/01/15 12:00:00,2018/01/15 12:00:00,2018/01/15 17:00:00,13.387610669404388,13.387610669404388,11.348514102219811,0.0,0.0,0.0,0.2407923239647726,0.049245256664163566,0.0,0.00527094057536429,0.42496717514942167,0.0,0.0,0.0,0.0,0.0,0.0,1.3188208708308526,0.0,0.0,0.0,0.0,0.0,0.0,0.0,0.0,0.0,0.0,0.0,0.0,0.0,0.0,0.0,0.0,0.0,0.0,0.045680387188872795,0.045680387188872795
2018/01/15 13:00:00,2018/01/15 13:00:00,2018/01/15 18:00:00,13.570507752686158,13.570507752686158,10.803207939175667,0.0,0.0,0.0,0.23379126206979614,0.04781344569833624,0.0,0.005117687429228839,1.1617565474822777,0.0,0.0,0.0,0.0,0.0,0.0,1.3188208708308526,0.0,0.0,0.0,0.0,0.0,0.0,0.0,0.0,0.0,0.0,0.0,0.0,0.0,0.0,0.0,0.0,0.0,0.0,0.04630445744205999,0.04630445744205999
2018/01/15 14:00:00,2018/01/15 14:00:00,2018/01/15 19:00:00,11.451632890214297,11.451632890214297,10.097139623461809,0.0,0.0,0.0,0.2317310969246499,0.04739211432168432,0.0,0.005072590443258922,0.34118455425017113,0.0,0.0,0.0,0.0,0.0,0.0,0.7291129108127239,0.0,0.0,0.0,0.0,0.0,0.0,0.0,0.0,0.0,0.0,0.0,0.0,0.0,0.0,0.0,0.0,0.0,0.0,0.03907456209234779,0.03907456209234779
2018/01/15 15:00:00,2018/01/15 15:00:00,2018/01/15 20:00:00,9.942354881041231,9.942354881041231,9.274488174644608,0.0,0.0,0.0,0.23317934365905124,0.047688300184150045,0.0,0.005104292543848358,0.3818947700095756,0.0,0.0,0.0,0.0,0.0,0.0,0.0,0.0,0.0,0.0,0.0,0.0,0.0,0.0,0.0,0.0,0.0,0.0,0.0,0.0,0.0,0.0,0.0,0.0,0.0,0.033924695881176886,0.033924695881176886
2018/01/15 16:00:00,2018/01/15 16:00:00,2018/01/15 21:00:00,9.817671917431733,9.817671917431733,8.703094478360013,0.0,0.0,0.0,0.24459549474031855,0.05002305604703263,0.0,0.005354191929999653,0.36937785460796296,0.0,0.0,0.0,0.0,0.0,0.0,0.44522684174640487,0.0,0.0,0.0,0.0,0.0,0.0,0.0,0.0,0.0,0.0,0.0,0.0,0.0,0.0,0.0,0.0,0.0,0.0,0.03349926029045161,0.03349926029045161
2018/01/15 17:00:00,2018/01/15 17:00:00,2018/01/15 22:00:00,9.236169590070327,9.236169590070327,8.388294261238169,0.0,0.0,0.0,0.28271709417415014,0.05781943392842271,0.0,0.006188673203924996,0.50115012752566,0.0,0.0,0.0,0.0,0.0,0.0,0.0,0.0,0.0,0.0,0.0,0.0,0.0,0.0,0.0,0.0,0.0,0.0,0.0,0.0,0.0,0.0,0.0,0.0,0.0,0.03151509357683434,0.03151509357683434
2018/01/15 18:00:00,2018/01/15 18:00:00,2018/01/15 23:00:00,9.851284737261086,9.851284737261086,8.451511601519316,0.0,0.0,0.0,0.3675402510758053,0.07516690607333103,0.0,0.008045450912124845,0.7055242084195247,0.0,0.0,0.0,0.0,0.0,0.0,0.24349631926098111,0.0,0.0,0.0,0.0,0.0,0.0,0.0,0.0,0.0,0.0,0.0,0.0,0.0,0.0,0.0,0.0,0.0,0.0,0.03361395190064489,0.03361395190064489
2018/01/15 19:00:00,2018/01/15 19:00:00,2018/01/16 00:00:00,10.379915419507128,10.379915419507128,8.858584047272585,0.0,0.0,0.0,0.47677390830942135,0.09750665261617207,0.0,0.010436574128296532,0.7389763663818958,0.0,0.0,0.0,0.0,0.0,0.0,0.19763787079875678,0.0,0.0,0.0,0.0,0.0,0.0,0.0,0.0,0.0,0.0,0.0,0.0,0.0,0.0,0.0,0.0,0.0,0.0,0.03541771321707638,0.03541771321707638
2018/01/15 20:00:00,2018/01/15 20:00:00,2018/01/16 01:00:00,11.657479133787929,11.657479133787929,9.087199513852969,0.0,0.0,0.0,0.5317029901440857,0.10874038585457309,0.0,0.011638970954917116,0.6836115091075151,0.0,0.0,0.0,0.0,0.0,0.0,1.2345857638738678,0.0,0.0,0.0,0.0,0.0,0.0,0.0,0.0,0.0,0.0,0.0,0.0,0.0,0.0,0.0,0.0,0.0,0.0,0.03977693806816759,0.03977693806816759
2018/01/15 21:00:00,2018/01/15 21:00:00,2018/01/16 02:00:00,11.266221375109607,11.266221375109607,9.342517597229346,0.0,0.0,0.0,0.4809530735025553,0.09836134789544489,0.0,0.010528055995429731,0.6773221072788519,0.0,0.0,0.0,0.0,0.0,0.0,0.6565391932079779,0.0,0.0,0.0,0.0,0.0,0.0,0.0,0.0,0.0,0.0,0.0,0.0,0.0,0.0,0.0,0.0,0.0,0.0,0.038441912248517625,0.038441912248517625
2018/01/15 22:00:00,2018/01/15 22:00:00,2018/01/16 03:00:00,10.955688438138631,10.955688438138631,9.554538614827129,0.0,0.0,0.0,0.3722164214914055,0.07612324558004757,0.0,0.008147812216567882,0.645084447013938,0.0,0.0,0.0,0.0,0.0,0.0,0.2995778970095439,0.0,0.0,0.0,0.0,0.0,0.0,0.0,0.0,0.0,0.0,0.0,0.0,0.0,0.0,0.0,0.0,0.0,0.0,0.03738233073348667,0.03738233073348667
2018/01/15 23:00:00,2018/01/15 23:00:00,2018/01/16 04:00:00,10.963772649791608,10.963772649791608,9.728100299467943,0.0,0.0,0.0,0.3200453407126226,0.06545356051245445,0.0,0.0070057879941606725,0.5486638763632579,0.0,0.0,0.0,0.0,0.0,0.0,0.2945037847411703,0.0,0.0,0.0,0.0,0.0,0.0,0.0,0.0,0.0,0.0,0.0,0.0,0.0,0.0,0.0,0.0,0.0,0.0,0.03740991518657125,0.03740991518657125
2018/01/16 00:00:00,2018/01/16 00:00:00,2018/01/16 05:00:00,10.589253424740134,10.589253424740134,9.963450137164081,0.0,0.0,0.0,0.13094360677997474,0.026779722120023,0.0,0.002866353705536267,0.46521360497051883,0.0,0.0,0.0,0.0,0.0,0.0,0.0,0.0,0.0,0.0,0.0,0.0,0.0,0.0,0.0,0.0,0.0,0.0,0.0,0.0,0.0,0.0,0.0,0.0,0.0,0.03613200356869559,0.03613200356869559
2018/01/16 01:00:00,2018/01/16 01:00:00,2018/01/16 06:00:00,10.949083636634631,10.949083636634631,10.466952405593489,0.0,0.0,0.0,0.06501908921459039,0.013297274945155983,0.0,0.0014232669458539432,0.40239159993554136,0.0,0.0,0.0,0.0,0.0,0.0,0.0,0.0,0.0,0.0,0.0,0.0,0.0,0.0,0.0,0.0,0.0,0.0,0.0,0.0,0.0,0.0,0.0,0.0,0.0,0.03735979423332553,0.03735979423332553
2018/01/16 02:00:00,2018/01/16 02:00:00,2018/01/16 07:00:00,10.955294217171605,10.955294217171605,10.52537628836016,0.0,0.0,0.0,0.03901145352875434,0.00797836496709361,0.0,0.0008539601675123682,0.382074150148087,0.0,0.0,0.0,0.0,0.0,0.0,0.0,0.0,0.0,0.0,0.0,0.0,0.0,0.0,0.0,0.0,0.0,0.0,0.0,0.0,0.0,0.0,0.0,0.0,0.0,0.03738098559678854,0.03738098559678854
2018/01/16 03:00:00,2018/01/16 03:00:00,2018/01/16 08:00:00,10.564998098162727,10.564998098162727,10.181628165345801,0.0,0.0,0.0,0.026007635685836212,0.005318909978062404,0.0,0.0005693067783415784,0.35147408037468464,0.0,0.0,0.0,0.0,0.0,0.0,0.0,0.0,0.0,0.0,0.0,0.0,0.0,0.0,0.0,0.0,0.0,0.0,0.0,0.0,0.0,0.0,0.0,0.0,0.0,0.036049241025265744,0.036049241025265744
2018/01/16 04:00:00,2018/01/16 04:00:00,2018/01/16 09:00:00,10.59102605410121,10.59102605410121,10.221829033603656,0.0,0.0,0.0,0.026007635685836212,0.005318909978062404,0.0,0.0005693067783415784,0.33730116805531524,0.0,0.0,0.0,0.0,0.0,0.0,0.0,0.0,0.0,0.0,0.0,0.0,0.0,0.0,0.0,0.0,0.0,0.0,0.0,0.0,0.0,0.0,0.0,0.0,0.0,0.03613805202629986,0.03613805202629986
2018/01/16 05:00:00,2018/01/16 05:00:00,2018/01/16 10:00:00,11.132187948730818,11.132187948730818,10.34802473773488,0.0,0.0,0.0,0.02891463827931774,0.005913430959804041,0.0,0.0006329410241114424,0.3164809012231033,0.0,0.0,0.0,0.0,0.0,0.0,0.4322212995096006,0.0,0.0,0.0,0.0,0.0,0.0,0.0,0.0,0.0,0.0,0.0,0.0,0.0,0.0,0.0,0.0,0.0,0.0,0.0379845715800123,0.0379845715800123
2018/01/16 06:00:00,2018/01/16 06:00:00,2018/01/16 11:00:00,10.832381148721911,10.832381148721911,10.388383915136014,0.0,0.0,0.0,0.0793383753156568,0.016225760819139942,0.0,0.0017367159166417452,0.3466963815344563,0.0,0.0,0.0,0.0,0.0,0.0,0.0,0.0,0.0,0.0,0.0,0.0,0.0,0.0,0.0,0.0,0.0,0.0,0.0,0.0,0.0,0.0,0.0,0.0,0.0,0.036961589134193,0.036961589134193
2018/01/16 07:00:00,2018/01/16 07:00:00,2018/01/16 12:00:00,11.097332647549196,11.097332647549196,10.44250240337012,0.0,0.0,0.0,0.18626460412594562,0.038093607331822404,0.0,0.0040773295571716285,0.42639470316413536,0.0,0.0,0.0,0.0,0.0,0.0,0.0,0.0,0.0,0.0,0.0,0.0,0.0,0.0,0.0,0.0,0.0,0.0,0.0,0.0,0.0,0.0,0.0,0.0,0.0,0.03786564045086018,0.03786564045086018
2018/01/16 08:00:00,2018/01/16 08:00:00,2018/01/16 13:00:00,11.424131071191868,11.424131071191868,9.86560641606976,0.0,0.0,0.0,0.2357130548240661,0.048206478066980994,0.0,0.005159755445514127,0.5844296437462715,0.0,0.0,0.0,0.0,0.0,0.0,0.6850157230392737,0.0,0.0,0.0,0.0,0.0,0.0,0.0,0.0,0.0,0.0,0.0,0.0,0.0,0.0,0.0,0.0,0.0,0.0,0.038980722065746626,0.038980722065746626
2018/01/16 09:00:00,2018/01/16 09:00:00,2018/01/16 14:00:00,13.340322736015885,13.340322736015885,9.115255932907342,0.0,0.0,0.0,0.250496774796642,0.05122994689070952,0.0,0.005483370867198723,2.59903583972314,0.0,0.0,0.0,0.0,0.0,0.0,1.3188208708308526,0.0,0.0,0.0,0.0,0.0,0.0,0.0,0.0,0.0,0.0,0.0,0.0,0.0,0.0,0.0,0.0,0.0,0.0,0.0455190341916957,0.0455190341916957
2018/01/16 10:00:00,2018/01/16 10:00:00,2018/01/16 15:00:00,11.216696894859542,11.216696894859542,9.279366151629606,0.0,0.0,0.0,0.25749316728611565,0.05266080290054545,0.0,0.005636521800113578,0.3027193804123075,0.0,0.0,0.0,0.0,0.0,0.0,1.3188208708308526,0.0,0.0,0.0,0.0,0.0,0.0,0.0,0.0,0.0,0.0,0.0,0.0,0.0,0.0,0.0,0.0,0.0,0.0,0.038272927842784875,0.038272927842784875
2018/01/16 11:00:00,2018/01/16 11:00:00,2018/01/16 16:00:00,10.573133977548547,10.573133977548547,8.646411540279114,0.0,0.0,0.0,0.25049210539113925,0.0512289919347181,0.0,0.0054832686539781255,0.30069720045874637,0.0,0.0,0.0,0.0,0.0,0.0,1.3188208708308526,0.0,0.0,0.0,0.0,0.0,0.0,0.0,0.0,0.0,0.0,0.0,0.0,0.0,0.0,0.0,0.0,0.0,0.0,0.03607700177583161,0.03607700177583161
2018/01/16 12:00:00,2018/01/16 12:00:00,2018/01/16 17:00:00,10.078976364202578,10.078976364202578,8.144082958797226,0.0,0.0,0.0,0.2407923239647726,0.049245256664163566,0.0,0.00527094057536429,0.3207640133701988,0.0,0.0,0.0,0.0,0.0,0.0,1.3188208708308526,0.0,0.0,0.0,0.0,0.0,0.0,0.0,0.0,0.0,0.0,0.0,0.0,0.0,0.0,0.0,0.0,0.0,0.0,0.03439086735891422,0.03439086735891422
2018/01/16 13:00:00,2018/01/16 13:00:00,2018/01/16 18:00:00,9.248273514155951,9.248273514155951,7.431648266096587,0.0,0.0,0.0,0.23379126206979614,0.04781344569833624,0.0,0.005117687429228839,0.3253849632138206,0.0,0.0,0.0,0.0,0.0,0.0,1.2045178896481832,0.0,0.0,0.0,0.0,0.0,0.0,0.0,0.0,0.0,0.0,0.0,0.0,0.0,0.0,0.0,0.0,0.0,0.0,0.0315563938470909,0.0315563938470909
2018/01/16 14:00:00,2018/01/16 14:00:00,2018/01/16 19:00:00,7.512513803371729,7.512513803371729,6.887133447431965,0.0,0.0,0.0,0.2317310969246499,0.04739211432168432,0.0,0.005072590443258922,0.34118455425017113,0.0,0.0,0.0,0.0,0.0,0.0,0.0,0.0,0.0,0.0,0.0,0.0,0.0,0.0,0.0,0.0,0.0,0.0,0.0,0.0,0.0,0.0,0.0,0.0,0.0,0.025633740610940526,0.025633740610940526
2018/01/16 15:00:00,2018/01/16 15:00:00,2018/01/16 20:00:00,6.730593587569351,6.730593587569351,6.062726881172726,0.0,0.0,0.0,0.23317934365905124,0.047688300184150045,0.0,0.005104292543848358,0.3818947700095756,0.0,0.0,0.0,0.0,0.0,0.0,0.0,0.0,0.0,0.0,0.0,0.0,0.0,0.0,0.0,0.0,0.0,0.0,0.0,0.0,0.0,0.0,0.0,0.0,0.0,0.02296572022323316,0.02296572022323316
2018/01/16 16:00:00,2018/01/16 16:00:00,2018/01/16 21:00:00,6.084312166516917,6.084312166516917,5.414961569191604,0.0,0.0,0.0,0.24459549474031855,0.05002305604703263,0.0,0.005354191929999653,0.36937785460796296,0.0,0.0,0.0,0.0,0.0,0.0,0.0,0.0,0.0,0.0,0.0,0.0,0.0,0.0,0.0,0.0,0.0,0.0,0.0,0.0,0.0,0.0,0.0,0.0,0.0,0.020760518243904645,0.020760518243904645
2018/01/16 17:00:00,2018/01/16 17:00:00,2018/01/16 22:00:00,6.045744266934432,6.045744266934432,5.197868938102274,0.0,0.0,0.0,0.28271709417415014,0.05781943392842271,0.0,0.006188673203924996,0.50115012752566,0.0,0.0,0.0,0.0,0.0,0.0,0.0,0.0,0.0,0.0,0.0,0.0,0.0,0.0,0.0,0.0,0.0,0.0,0.0,0.0,0.0,0.0,0.0,0.0,0.0,0.020628919213316173,0.020628919213316173
2018/01/16 18:00:00,2018/01/16 18:00:00,2018/01/16 23:00:00,6.681725849477089,6.681725849477089,5.5254490329963035,0.0,0.0,0.0,0.3675402510758053,0.07516690607333103,0.0,0.008045450912124845,0.7055242084195247,0.0,0.0,0.0,0.0,0.0,0.0,0.0,0.0,0.0,0.0,0.0,0.0,0.0,0.0,0.0,0.0,0.0,0.0,0.0,0.0,0.0,0.0,0.0,0.0,0.0,0.02279897671296657,0.02279897671296657
2018/01/16 19:00:00,2018/01/16 19:00:00,2018/01/17 00:00:00,7.314300095635103,7.314300095635103,5.990606594199317,0.0,0.0,0.0,0.47677390830942135,0.09750665261617207,0.0,0.010436574128296532,0.7389763663818958,0.0,0.0,0.0,0.0,0.0,0.0,0.0,0.0,0.0,0.0,0.0,0.0,0.0,0.0,0.0,0.0,0.0,0.0,0.0,0.0,0.0,0.0,0.0,0.0,0.0,0.024957407907581892,0.024957407907581892
2018/01/16 20:00:00,2018/01/16 20:00:00,2018/01/17 01:00:00,8.923014306663223,8.923014306663223,5.996411645878947,0.0,0.0,0.0,0.5317029901440857,0.10874038585457309,0.0,0.011638970954917116,1.018073563395663,0.0,0.0,0.0,0.0,0.0,0.0,1.2564467504350367,0.0,0.0,0.0,0.0,0.0,0.0,0.0,0.0,0.0,0.0,0.0,0.0,0.0,0.0,0.0,0.0,0.0,0.0,0.03044656425151044,0.03044656425151044
2018/01/16 21:00:00,2018/01/16 21:00:00,2018/01/17 02:00:00,16.326397075067828,16.326397075067828,6.047337813429493,0.0,0.0,0.0,0.4809530735025553,0.09836134789544489,0.0,0.010528055995429731,8.370395913414052,0.0,0.0,0.0,0.0,0.0,0.0,1.3188208708308526,0.0,0.0,0.0,0.0,0.0,0.0,0.0,0.0,0.0,0.0,0.0,0.0,0.0,0.0,0.0,0.0,0.0,0.0,0.0557079346124695,0.0557079346124695
2018/01/16 22:00:00,2018/01/16 22:00:00,2018/01/17 03:00:00,12.082873652663165,12.082873652663165,6.127338433475146,0.0,0.0,0.0,0.3722164214914055,0.07612324558004757,0.0,0.008147812216567882,4.180226869069144,0.0,0.0,0.0,0.0,0.0,0.0,1.3188208708308526,0.0,0.0,0.0,0.0,0.0,0.0,0.0,0.0,0.0,0.0,0.0,0.0,0.0,0.0,0.0,0.0,0.0,0.0,0.041228443255322066,0.041228443255322066
2018/01/16 23:00:00,2018/01/16 23:00:00,2018/01/17 04:00:00,10.202586490965519,10.202586490965519,6.141403459582608,0.0,0.0,0.0,0.3200453407126226,0.06545356051245445,0.0,0.0070057879941606725,2.3498574713328217,0.0,0.0,0.0,0.0,0.0,0.0,1.3188208708308526,0.0,0.0,0.0,0.0,0.0,0.0,0.0,0.0,0.0,0.0,0.0,0.0,0.0,0.0,0.0,0.0,0.0,0.0,0.03481264228129834,0.03481264228129834
2018/01/17 00:00:00,2018/01/17 00:00:00,2018/01/17 05:00:00,8.821275062374234,8.821275062374234,6.83079018753898,0.0,0.0,0.0,0.13094360677997474,0.026779722120023,0.0,0.002866353705536267,0.5110743213988677,0.0,0.0,0.0,0.0,0.0,0.0,1.3188208708308526,0.0,0.0,0.0,0.0,0.0,0.0,0.0,0.0,0.0,0.0,0.0,0.0,0.0,0.0,0.0,0.0,0.0,0.0,0.03009941581806775,0.03009941581806775
2018/01/17 01:00:00,2018/01/17 01:00:00,2018/01/17 06:00:00,10.416224912435347,10.416224912435347,7.581431557012127,0.0,0.0,0.0,0.06501908921459039,0.013297274945155983,0.0,0.0014232669458539432,1.4362328534867663,0.0,0.0,0.0,0.0,0.0,0.0,1.3188208708308526,0.0,0.0,0.0,0.0,0.0,0.0,0.0,0.0,0.0,0.0,0.0,0.0,0.0,0.0,0.0,0.0,0.0,0.0,0.035541606250460094,0.035541606250460094
2018/01/17 02:00:00,2018/01/17 02:00:00,2018/01/17 07:00:00,9.4744776817324,9.4744776817324,7.642691962789689,0.0,0.0,0.0,0.03901145352875434,0.00797836496709361,0.0,0.0008539601675123682,0.46512106944849735,0.0,0.0,0.0,0.0,0.0,0.0,1.3188208708308526,0.0,0.0,0.0,0.0,0.0,0.0,0.0,0.0,0.0,0.0,0.0,0.0,0.0,0.0,0.0,0.0,0.0,0.0,0.03232823388739352,0.03232823388739352
2018/01/17 03:00:00,2018/01/17 03:00:00,2018/01/17 08:00:00,10.356955562955852,10.356955562955852,6.712172301442077,0.0,0.0,0.0,0.026007635685836212,0.005318909978062404,0.0,0.0005693067783415784,2.294066538240683,0.0,0.0,0.0,0.0,0.0,0.0,1.3188208708308526,0.0,0.0,0.0,0.0,0.0,0.0,0.0,0.0,0.0,0.0,0.0,0.0,0.0,0.0,0.0,0.0,0.0,0.0,0.0353393709973209,0.0353393709973209
2018/01/17 04:00:00,2018/01/17 04:00:00,2018/01/17 09:00:00,10.306514785177946,10.306514785177946,6.954929943074468,0.0,0.0,0.0,0.026007635685836212,0.005318909978062404,0.0,0.0005693067783415784,2.0008681188303856,0.0,0.0,0.0,0.0,0.0,0.0,1.3188208708308526,0.0,0.0,0.0,0.0,0.0,0.0,0.0,0.0,0.0,0.0,0.0,0.0,0.0,0.0,0.0,0.0,0.0,0.0,0.03516726005714631,0.03516726005714631
2018/01/17 05:00:00,2018/01/17 05:00:00,2018/01/17 10:00:00,9.859364612328354,9.859364612328354,7.494974868687322,0.0,0.0,0.0,0.02891463827931774,0.005913430959804041,0.0,0.0006329410241114424,2.011271121734182,0.0,0.0,0.0,0.0,0.0,0.0,0.3176576116436151,0.0,0.0,0.0,0.0,0.0,0.0,0.0,0.0,0.0,0.0,0.0,0.0,0.0,0.0,0.0,0.0,0.0,0.0,0.03364152155669666,0.03364152155669666
2018/01/17 06:00:00,2018/01/17 06:00:00,2018/01/17 11:00:00,7.996749563578636,7.996749563578636,7.552752329992741,0.0,0.0,0.0,0.0793383753156568,0.016225760819139942,0.0,0.0017367159166417452,0.3466963815344563,0.0,0.0,0.0,0.0,0.0,0.0,0.0,0.0,0.0,0.0,0.0,0.0,0.0,0.0,0.0,0.0,0.0,0.0,0.0,0.0,0.0,0.0,0.0,0.0,0.0,0.02728602028676813,0.02728602028676813
2018/01/17 07:00:00,2018/01/17 07:00:00,2018/01/17 12:00:00,8.014534244904777,8.014534244904777,7.359704000725701,0.0,0.0,0.0,0.18626460412594562,0.038093607331822404,0.0,0.0040773295571716285,0.42639470316413536,0.0,0.0,0.0,0.0,0.0,0.0,0.0,0.0,0.0,0.0,0.0,0.0,0.0,0.0,0.0,0.0,0.0,0.0,0.0,0.0,0.0,0.0,0.0,0.0,0.0,0.02734670408980593,0.02734670408980593
2018/01/17 08:00:00,2018/01/17 08:00:00,2018/01/17 13:00:00,8.114633780303597,8.114633780303597,7.339182212036524,0.0,0.0,0.0,0.2357130548240661,0.048206478066980994,0.0,0.005159755445514127,0.48637227993051274,0.0,0.0,0.0,0.0,0.0,0.0,0.0,0.0,0.0,0.0,0.0,0.0,0.0,0.0,0.0,0.0,0.0,0.0,0.0,0.0,0.0,0.0,0.0,0.0,0.0,0.027688257608754197,0.027688257608754197
2018/01/17 09:00:00,2018/01/17 09:00:00,2018/01/17 14:00:00,8.133838226121211,8.133838226121211,7.438106124031895,0.0,0.0,0.0,0.250496774796642,0.05122994689070952,0.0,0.005483370867198723,0.38852200953476496,0.0,0.0,0.0,0.0,0.0,0.0,0.0,0.0,0.0,0.0,0.0,0.0,0.0,0.0,0.0,0.0,0.0,0.0,0.0,0.0,0.0,0.0,0.0,0.0,0.0,0.02775378584544703,0.02775378584544703
2018/01/17 10:00:00,2018/01/17 10:00:00,2018/01/17 15:00:00,8.042135693190064,8.042135693190064,7.423625820790982,0.0,0.0,0.0,0.25749316728611565,0.05266080290054545,0.0,0.005636521800113578,0.3027193804123075,0.0,0.0,0.0,0.0,0.0,0.0,0.0,0.0,0.0,0.0,0.0,0.0,0.0,0.0,0.0,0.0,0.0,0.0,0.0,0.0,0.0,0.0,0.0,0.0,0.0,0.027440884065290806,0.027440884065290806
2018/01/17 11:00:00,2018/01/17 11:00:00,2018/01/17 16:00:00,8.021796249481673,8.021796249481673,7.413894683043091,0.0,0.0,0.0,0.25049210539113925,0.0512289919347181,0.0,0.0054832686539781255,0.30069720045874637,0.0,0.0,0.0,0.0,0.0,0.0,0.0,0.0,0.0,0.0,0.0,0.0,0.0,0.0,0.0,0.0,0.0,0.0,0.0,0.0,0.0,0.0,0.0,0.0,0.0,0.027371483058139544,0.027371483058139544
2018/01/17 12:00:00,2018/01/17 12:00:00,2018/01/17 17:00:00,8.210663825067522,8.210663825067522,7.157523184274288,0.0,0.0,0.0,0.2407923239647726,0.049245256664163566,0.0,0.00527094057536429,0.3207640133701988,0.0,0.0,0.0,0.0,0.0,0.0,0.4370681062187355,0.0,0.0,0.0,0.0,0.0,0.0,0.0,0.0,0.0,0.0,0.0,0.0,0.0,0.0,0.0,0.0,0.0,0.0,0.02801592546039004,0.02801592546039004
2018/01/17 13:00:00,2018/01/17 13:00:00,2018/01/17 18:00:00,9.184491810667465,9.184491810667465,7.253563581425431,0.0,0.0,0.0,0.23379126206979614,0.04781344569833624,0.0,0.005117687429228839,0.3253849632138206,0.0,0.0,0.0,0.0,0.0,0.0,1.3188208708308526,0.0,0.0,0.0,0.0,0.0,0.0,0.0,0.0,0.0,0.0,0.0,0.0,0.0,0.0,0.0,0.0,0.0,0.0,0.03133876181529164,0.03133876181529164
2018/01/17 14:00:00,2018/01/17 14:00:00,2018/01/17 19:00:00,8.851904798097808,8.851904798097808,7.098423244566827,0.0,0.0,0.0,0.2317310969246499,0.04739211432168432,0.0,0.005072590443258922,0.34118455425017113,0.0,0.0,0.0,0.0,0.0,0.0,1.1281011975912167,0.0,0.0,0.0,0.0,0.0,0.0,0.0,0.0,0.0,0.0,0.0,0.0,0.0,0.0,0.0,0.0,0.0,0.0,0.030203928730931532,0.030203928730931532
2018/01/17 15:00:00,2018/01/17 15:00:00,2018/01/17 20:00:00,7.8641093182961805,7.8641093182961805,7.196242611899556,0.0,0.0,0.0,0.23317934365905124,0.047688300184150045,0.0,0.005104292543848358,0.3818947700095756,0.0,0.0,0.0,0.0,0.0,0.0,0.0,0.0,0.0,0.0,0.0,0.0,0.0,0.0,0.0,0.0,0.0,0.0,0.0,0.0,0.0,0.0,0.0,0.0,0.0,0.02683343334568112,0.02683343334568112
2018/01/17 16:00:00,2018/01/17 16:00:00,2018/01/17 21:00:00,7.893573360978259,7.893573360978259,7.137455309535273,0.0,0.0,0.0,0.24459549474031855,0.05002305604703263,0.0,0.005354191929999653,0.4561453087256356,0.0,0.0,0.0,0.0,0.0,0.0,0.0,0.0,0.0,0.0,0.0,0.0,0.0,0.0,0.0,0.0,0.0,0.0,0.0,0.0,0.0,0.0,0.0,0.0,0.0,0.02693396875196857,0.02693396875196857
2018/01/17 17:00:00,2018/01/17 17:00:00,2018/01/17 22:00:00,10.486483166079203,10.486483166079203,6.879945409709207,0.0,0.0,0.0,0.28271709417415014,0.05781943392842271,0.0,0.006188673203924996,2.606600749448547,0.0,0.0,0.0,0.0,0.0,0.0,0.6532118056149528,0.0,0.0,0.0,0.0,0.0,0.0,0.0,0.0,0.0,0.0,0.0,0.0,0.0,0.0,0.0,0.0,0.0,0.0,0.03578133717100442,0.03578133717100442
2018/01/17 18:00:00,2018/01/17 18:00:00,2018/01/17 23:00:00,11.232002949927942,11.232002949927942,6.535391381152062,0.0,0.0,0.0,0.3675402510758053,0.07516690607333103,0.0,0.008045450912124845,4.074495448683224,0.0,0.0,0.0,0.0,0.0,0.0,0.17136351203139574,0.0,0.0,0.0,0.0,0.0,0.0,0.0,0.0,0.0,0.0,0.0,0.0,0.0,0.0,0.0,0.0,0.0,0.0,0.0383251542287416,0.0383251542287416
2018/01/17 19:00:00,2018/01/17 19:00:00,2018/01/18 00:00:00,8.193208736466437,8.193208736466437,6.869515235030651,0.0,0.0,0.0,0.47677390830942135,0.09750665261617207,0.0,0.010436574128296532,0.7389763663818958,0.0,0.0,0.0,0.0,0.0,0.0,0.0,0.0,0.0,0.0,0.0,0.0,0.0,0.0,0.0,0.0,0.0,0.0,0.0,0.0,0.0,0.0,0.0,0.0,0.0,0.027956366273511685,0.027956366273511685
2018/01/17 20:00:00,2018/01/17 20:00:00,2018/01/18 01:00:00,8.202595624198176,8.202595624198176,6.861628983122425,0.0,0.0,0.0,0.5317029901440857,0.10874038585457309,0.0,0.011638970954917116,0.6888842941221767,0.0,0.0,0.0,0.0,0.0,0.0,0.0,0.0,0.0,0.0,0.0,0.0,0.0,0.0,0.0,0.0,0.0,0.0,0.0,0.0,0.0,0.0,0.0,0.0,0.0,0.027988395638323164,0.027988395638323164
2018/01/17 21:00:00,2018/01/17 21:00:00,2018/01/18 02:00:00,8.30050690940434,8.30050690940434,6.914477573070785,0.0,0.0,0.0,0.4809530735025553,0.09836134789544489,0.0,0.010528055995429731,0.7961868589401253,0.0,0.0,0.0,0.0,0.0,0.0,0.0,0.0,0.0,0.0,0.0,0.0,0.0,0.0,0.0,0.0,0.0,0.0,0.0,0.0,0.0,0.0,0.0,0.0,0.0,0.028322482543658656,0.028322482543658656
2018/01/17 22:00:00,2018/01/17 22:00:00,2018/01/18 03:00:00,8.181100907628554,8.181100907628554,7.079528981326594,0.0,0.0,0.0,0.3722164214914055,0.07612324558004757,0.0,0.008147812216567882,0.645084447013938,0.0,0.0,0.0,0.0,0.0,0.0,0.0,0.0,0.0,0.0,0.0,0.0,0.0,0.0,0.0,0.0,0.0,0.0,0.0,0.0,0.0,0.0,0.0,0.0,0.0,0.027915052679698037,0.027915052679698037
2018/01/17 23:00:00,2018/01/17 23:00:00,2018/01/18 04:00:00,8.19379555916363,8.19379555916363,7.252626993581135,0.0,0.0,0.0,0.3200453407126226,0.06545356051245445,0.0,0.0070057879941606725,0.5486638763632579,0.0,0.0,0.0,0.0,0.0,0.0,0.0,0.0,0.0,0.0,0.0,0.0,0.0,0.0,0.0,0.0,0.0,0.0,0.0,0.0,0.0,0.0,0.0,0.0,0.0,0.027958368594066193,0.027958368594066193
2018/01/18 00:00:00,2018/01/18 00:00:00,2018/01/18 05:00:00,8.02684135795813,8.02684135795813,7.401038070382079,0.0,0.0,0.0,0.13094360677997474,0.026779722120023,0.0,0.002866353705536267,0.46521360497051883,0.0,0.0,0.0,0.0,0.0,0.0,0.0,0.0,0.0,0.0,0.0,0.0,0.0,0.0,0.0,0.0,0.0,0.0,0.0,0.0,0.0,0.0,0.0,0.0,0.0,0.027388697669044025,0.027388697669044025
2018/01/18 01:00:00,2018/01/18 01:00:00,2018/01/18 06:00:00,8.504221268958881,8.504221268958881,7.8034649865917975,0.0,0.0,0.0,0.06501908921459039,0.013297274945155983,0.0,0.0014232669458539432,0.40239159993554136,0.0,0.0,0.0,0.0,0.0,0.0,0.2186250513259426,0.0,0.0,0.0,0.0,0.0,0.0,0.0,0.0,0.0,0.0,0.0,0.0,0.0,0.0,0.0,0.0,0.0,0.0,0.029017584235079347,0.029017584235079347
2018/01/18 02:00:00,2018/01/18 02:00:00,2018/01/18 07:00:00,8.455446186170372,8.455446186170372,7.838397035167765,0.0,0.0,0.0,0.03901145352875434,0.00797836496709361,0.0,0.0008539601675123682,0.382074150148087,0.0,0.0,0.0,0.0,0.0,0.0,0.1871312221911595,0.0,0.0,0.0,0.0,0.0,0.0,0.0,0.0,0.0,0.0,0.0,0.0,0.0,0.0,0.0,0.0,0.0,0.0,0.0288511568775793,0.0288511568775793
2018/01/18 03:00:00,2018/01/18 03:00:00,2018/01/18 08:00:00,7.885565064247493,7.885565064247493,7.502195131430569,0.0,0.0,0.0,0.026007635685836212,0.005318909978062404,0.0,0.0005693067783415784,0.35147408037468464,0.0,0.0,0.0,0.0,0.0,0.0,0.0,0.0,0.0,0.0,0.0,0.0,0.0,0.0,0.0,0.0,0.0,0.0,0.0,0.0,0.0,0.0,0.0,0.0,0.0,0.02690664333114342,0.02690664333114342
2018/01/18 04:00:00,2018/01/18 04:00:00,2018/01/18 09:00:00,7.795036942506865,7.795036942506865,7.4258399220093105,0.0,0.0,0.0,0.026007635685836212,0.005318909978062404,0.0,0.0005693067783415784,0.33730116805531524,0.0,0.0,0.0,0.0,0.0,0.0,0.0,0.0,0.0,0.0,0.0,0.0,0.0,0.0,0.0,0.0,0.0,0.0,0.0,0.0,0.0,0.0,0.0,0.0,0.0,0.026597748805098968,0.026597748805098968
2018/01/18 05:00:00,2018/01/18 05:00:00,2018/01/18 10:00:00,7.796803754859777,7.796803754859777,7.44486184337344,0.0,0.0,0.0,0.02891463827931774,0.005913430959804041,0.0,0.0006329410241114424,0.3164809012231033,0.0,0.0,0.0,0.0,0.0,0.0,0.0,0.0,0.0,0.0,0.0,0.0,0.0,0.0,0.0,0.0,0.0,0.0,0.0,0.0,0.0,0.0,0.0,0.0,0.0,0.026603777414263376,0.026603777414263376
2018/01/18 06:00:00,2018/01/18 06:00:00,2018/01/18 11:00:00,7.923890163784771,7.923890163784771,7.479892930198876,0.0,0.0,0.0,0.0793383753156568,0.016225760819139942,0.0,0.0017367159166417452,0.3466963815344563,0.0,0.0,0.0,0.0,0.0,0.0,0.0,0.0,0.0,0.0,0.0,0.0,0.0,0.0,0.0,0.0,0.0,0.0,0.0,0.0,0.0,0.0,0.0,0.0,0.0,0.027037413894251888,0.027037413894251888
2018/01/18 07:00:00,2018/01/18 07:00:00,2018/01/18 12:00:00,8.458091549252442,8.458091549252442,7.803261305073367,0.0,0.0,0.0,0.18626460412594562,0.038093607331822404,0.0,0.0040773295571716285,0.42639470316413536,0.0,0.0,0.0,0.0,0.0,0.0,0.0,0.0,0.0,0.0,0.0,0.0,0.0,0.0,0.0,0.0,0.0,0.0,0.0,0.0,0.0,0.0,0.0,0.0,0.0,0.028860183223865292,0.028860183223865292
2018/01/18 08:00:00,2018/01/18 08:00:00,2018/01/18 13:00:00,8.905082038695806,8.905082038695806,7.704176392531944,0.0,0.0,0.0,0.2357130548240661,0.048206478066980994,0.0,0.005159755445514127,0.48637227993051274,0.0,0.0,0.0,0.0,0.0,0.0,0.4254540778967871,0.0,0.0,0.0,0.0,0.0,0.0,0.0,0.0,0.0,0.0,0.0,0.0,0.0,0.0,0.0,0.0,0.0,0.0,0.030385376862352317,0.030385376862352317
2018/01/18 09:00:00,2018/01/18 09:00:00,2018/01/18 14:00:00,10.208341691381197,10.208341691381197,8.193788718461029,0.0,0.0,0.0,0.250496774796642,0.05122994689070952,0.0,0.005483370867198723,0.38852200953476496,0.0,0.0,0.0,0.0,0.0,0.0,1.3188208708308526,0.0,0.0,0.0,0.0,0.0,0.0,0.0,0.0,0.0,0.0,0.0,0.0,0.0,0.0,0.0,0.0,0.0,0.0,0.03483227982453363,0.03483227982453363
2018/01/18 10:00:00,2018/01/18 10:00:00,2018/01/18 15:00:00,10.043994296931908,10.043994296931908,8.106663553701974,0.0,0.0,0.0,0.25749316728611565,0.05266080290054545,0.0,0.005636521800113578,0.3027193804123075,0.0,0.0,0.0,0.0,0.0,0.0,1.3188208708308526,0.0,0.0,0.0,0.0,0.0,0.0,0.0,0.0,0.0,0.0,0.0,0.0,0.0,0.0,0.0,0.0,0.0,0.0,0.034271503686258024,0.034271503686258024
2018/01/18 11:00:00,2018/01/18 11:00:00,2018/01/18 16:00:00,9.705567970686989,9.705567970686989,7.778845533417557,0.0,0.0,0.0,0.25049210539113925,0.0512289919347181,0.0,0.0054832686539781255,0.30069720045874637,0.0,0.0,0.0,0.0,0.0,0.0,1.3188208708308526,0.0,0.0,0.0,0.0,0.0,0.0,0.0,0.0,0.0,0.0,0.0,0.0,0.0,0.0,0.0,0.0,0.0,0.0,0.0331167460525373,0.0331167460525373
2018/01/18 12:00:00,2018/01/18 12:00:00,2018/01/18 17:00:00,8.475749787188127,8.475749787188127,7.551417690543469,0.0,0.0,0.0,0.2407923239647726,0.049245256664163566,0.0,0.00527094057536429,0.3207640133701988,0.0,0.0,0.0,0.0,0.0,0.0,0.3082595620701592,0.0,0.0,0.0,0.0,0.0,0.0,0.0,0.0,0.0,0.0,0.0,0.0,0.0,0.0,0.0,0.0,0.0,0.0,0.028920435584491436,0.028920435584491436
2018/01/18 13:00:00,2018/01/18 13:00:00,2018/01/18 18:00:00,7.75608796471707,7.75608796471707,7.143980606305888,0.0,0.0,0.0,0.23379126206979614,0.04781344569833624,0.0,0.005117687429228839,0.3253849632138206,0.0,0.0,0.0,0.0,0.0,0.0,0.0,0.0,0.0,0.0,0.0,0.0,0.0,0.0,0.0,0.0,0.0,0.0,0.0,0.0,0.0,0.0,0.0,0.0,0.0,0.02646484948273409,0.02646484948273409
2018/01/18 14:00:00,2018/01/18 14:00:00,2018/01/18 19:00:00,7.258960105710395,7.258960105710395,6.633579749770631,0.0,0.0,0.0,0.2317310969246499,0.04739211432168432,0.0,0.005072590443258922,0.34118455425017113,0.0,0.0,0.0,0.0,0.0,0.0,0.0,0.0,0.0,0.0,0.0,0.0,0.0,0.0,0.0,0.0,0.0,0.0,0.0,0.0,0.0,0.0,0.0,0.0,0.0,0.024768580175045105,0.024768580175045105
2018/01/18 15:00:00,2018/01/18 15:00:00,2018/01/18 20:00:00,6.493833320719467,6.493833320719467,5.778575120050762,0.0,0.0,0.0,0.23317934365905124,0.047688300184150045,0.0,0.005104292543848358,0.42928626428165617,0.0,0.0,0.0,0.0,0.0,0.0,0.0,0.0,0.0,0.0,0.0,0.0,0.0,0.0,0.0,0.0,0.0,0.0,0.0,0.0,0.0,0.0,0.0,0.0,0.0,0.022157861305931326,0.022157861305931326
2018/01/18 16:00:00,2018/01/18 16:00:00,2018/01/18 21:00:00,7.018014626692802,7.018014626692802,4.856221890483735,0.0,0.0,0.0,0.24459549474031855,0.05002305604703263,0.0,0.005354191929999653,1.4533121293180298,0.0,0.0,0.0,0.0,0.0,0.0,0.40850786417368556,0.0,0.0,0.0,0.0,0.0,0.0,0.0,0.0,0.0,0.0,0.0,0.0,0.0,0.0,0.0,0.0,0.0,0.0,0.023946440732486772,0.023946440732486772
2018/01/18 17:00:00,2018/01/18 17:00:00,2018/01/18 22:00:00,5.7736273537179486,5.7736273537179486,4.574427506530016,0.0,0.0,0.0,0.28271709417415014,0.05781943392842271,0.0,0.006188673203924996,0.8524746458814354,0.0,0.0,0.0,0.0,0.0,0.0,0.0,0.0,0.0,0.0,0.0,0.0,0.0,0.0,0.0,0.0,0.0,0.0,0.0,0.0,0.0,0.0,0.0,0.0,0.0,0.01970041850745251,0.01970041850745251
2018/01/18 18:00:00,2018/01/18 18:00:00,2018/01/18 23:00:00,6.100666144724319,6.100666144724319,4.944389328243534,0.0,0.0,0.0,0.3675402510758053,0.07516690607333103,0.0,0.008045450912124845,0.7055242084195247,0.0,0.0,0.0,0.0,0.0,0.0,0.0,0.0,0.0,0.0,0.0,0.0,0.0,0.0,0.0,0.0,0.0,0.0,0.0,0.0,0.0,0.0,0.0,0.0,0.0,0.020816320289171752,0.020816320289171752
2018/01/18 19:00:00,2018/01/18 19:00:00,2018/01/19 00:00:00,7.02636944002528,7.02636944002528,5.1949645813155865,0.0,0.0,0.0,0.47677390830942135,0.09750665261617207,0.0,0.010436574128296532,0.7389763663818958,0.0,0.0,0.0,0.0,0.0,0.0,0.5077113572739084,0.0,0.0,0.0,0.0,0.0,0.0,0.0,0.0,0.0,0.0,0.0,0.0,0.0,0.0,0.0,0.0,0.0,0.0,0.02397494851608931,0.02397494851608931
2018/01/18 20:00:00,2018/01/18 20:00:00,2018/01/19 01:00:00,8.484194547318658,8.484194547318658,5.829679820426715,0.0,0.0,0.0,0.5317029901440857,0.10874038585457309,0.0,0.011638970954917116,0.6836115091075151,0.0,0.0,0.0,0.0,0.0,0.0,1.3188208708308526,0.0,0.0,0.0,0.0,0.0,0.0,0.0,0.0,0.0,0.0,0.0,0.0,0.0,0.0,0.0,0.0,0.0,0.0,0.02894925027906284,0.02894925027906284
2018/01/18 21:00:00,2018/01/18 21:00:00,2018/01/19 02:00:00,9.329966553038542,9.329966553038542,6.743981097535407,0.0,0.0,0.0,0.4809530735025553,0.09836134789544489,0.0,0.010528055995429731,0.6773221072788519,0.0,0.0,0.0,0.0,0.0,0.0,1.3188208708308526,0.0,0.0,0.0,0.0,0.0,0.0,0.0,0.0,0.0,0.0,0.0,0.0,0.0,0.0,0.0,0.0,0.0,0.0,0.03183514184320053,0.03183514184320053
2018/01/18 22:00:00,2018/01/18 22:00:00,2018/01/19 03:00:00,9.772413390586317,9.772413390586317,7.352020593453506,0.0,0.0,0.0,0.3722164214914055,0.07612324558004757,0.0,0.008147812216567882,0.645084447013938,0.0,0.0,0.0,0.0,0.0,0.0,1.3188208708308526,0.0,0.0,0.0,0.0,0.0,0.0,0.0,0.0,0.0,0.0,0.0,0.0,0.0,0.0,0.0,0.0,0.0,0.0,0.033344831910291035,0.033344831910291035
2018/01/18 23:00:00,2018/01/18 23:00:00,2018/01/19 04:00:00,9.88944990352636,9.88944990352636,7.934634273158996,0.0,0.0,0.0,0.3200453407126226,0.06545356051245445,0.0,0.0070057879941606725,0.5486638763632579,0.0,0.0,0.0,0.0,0.0,0.0,1.0136470647848692,0.0,0.0,0.0,0.0,0.0,0.0,0.0,0.0,0.0,0.0,0.0,0.0,0.0,0.0,0.0,0.0,0.0,0.0,0.033744176749214004,0.033744176749214004
2018/01/19 00:00:00,2018/01/19 00:00:00,2018/01/19 05:00:00,9.243592477205718,9.243592477205718,8.617789189629665,0.0,0.0,0.0,0.13094360677997474,0.026779722120023,0.0,0.002866353705536267,0.46521360497051883,0.0,0.0,0.0,0.0,0.0,0.0,0.0,0.0,0.0,0.0,0.0,0.0,0.0,0.0,0.0,0.0,0.0,0.0,0.0,0.0,0.0,0.0,0.0,0.0,0.0,0.03154042149880468,0.03154042149880468
2018/01/19 01:00:00,2018/01/19 01:00:00,2018/01/19 06:00:00,10.043946588744424,10.043946588744424,9.561815357703281,0.0,0.0,0.0,0.06501908921459039,0.013297274945155983,0.0,0.0014232669458539432,0.40239159993554136,0.0,0.0,0.0,0.0,0.0,0.0,0.0,0.0,0.0,0.0,0.0,0.0,0.0,0.0,0.0,0.0,0.0,0.0,0.0,0.0,0.0,0.0,0.0,0.0,0.0,0.0342713408992955,0.0342713408992955
2018/01/19 02:00:00,2018/01/19 02:00:00,2018/01/19 07:00:00,10.275836234118163,10.275836234118163,9.845918305306718,0.0,0.0,0.0,0.03901145352875434,0.00797836496709361,0.0,0.0008539601675123682,0.382074150148087,0.0,0.0,0.0,0.0,0.0,0.0,0.0,0.0,0.0,0.0,0.0,0.0,0.0,0.0,0.0,0.0,0.0,0.0,0.0,0.0,0.0,0.0,0.0,0.0,0.0,0.035062580579574766,0.035062580579574766
2018/01/19 03:00:00,2018/01/19 03:00:00,2018/01/19 08:00:00,9.958983334384168,9.958983334384168,9.575613401567242,0.0,0.0,0.0,0.026007635685836212,0.005318909978062404,0.0,0.0005693067783415784,0.35147408037468464,0.0,0.0,0.0,0.0,0.0,0.0,0.0,0.0,0.0,0.0,0.0,0.0,0.0,0.0,0.0,0.0,0.0,0.0,0.0,0.0,0.0,0.0,0.0,0.0,0.0,0.03398143447373197,0.03398143447373197
2018/01/19 04:00:00,2018/01/19 04:00:00,2018/01/19 09:00:00,10.125498898915895,10.125498898915895,9.75630187841834,0.0,0.0,0.0,0.026007635685836212,0.005318909978062404,0.0,0.0005693067783415784,0.33730116805531524,0.0,0.0,0.0,0.0,0.0,0.0,0.0,0.0,0.0,0.0,0.0,0.0,0.0,0.0,0.0,0.0,0.0,0.0,0.0,0.0,0.0,0.0,0.0,0.0,0.0,0.03454960870949509,0.03454960870949509
2018/01/19 05:00:00,2018/01/19 05:00:00,2018/01/19 10:00:00,10.16579628377137,10.16579628377137,9.81385437228503,0.0,0.0,0.0,0.02891463827931774,0.005913430959804041,0.0,0.0006329410241114424,0.3164809012231033,0.0,0.0,0.0,0.0,0.0,0.0,0.0,0.0,0.0,0.0,0.0,0.0,0.0,0.0,0.0,0.0,0.0,0.0,0.0,0.0,0.0,0.0,0.0,0.0,0.0,0.03468710898406641,0.03468710898406641
2018/01/19 06:00:00,2018/01/19 06:00:00,2018/01/19 11:00:00,10.128858429153675,10.128858429153675,9.68486119556778,0.0,0.0,0.0,0.0793383753156568,0.016225760819139942,0.0,0.0017367159166417452,0.3466963815344563,0.0,0.0,0.0,0.0,0.0,0.0,0.0,0.0,0.0,0.0,0.0,0.0,0.0,0.0,0.0,0.0,0.0,0.0,0.0,0.0,0.0,0.0,0.0,0.0,0.0,0.03456107189331663,0.03456107189331663
2018/01/19 07:00:00,2018/01/19 07:00:00,2018/01/19 12:00:00,10.648824805360945,10.648824805360945,8.686716190272914,0.0,0.0,0.0,0.18626460412594562,0.038093607331822404,0.0,0.0040773295571716285,0.42639470316413536,0.0,0.0,0.0,0.0,0.0,0.0,1.3072783709089546,0.0,0.0,0.0,0.0,0.0,0.0,0.0,0.0,0.0,0.0,0.0,0.0,0.0,0.0,0.0,0.0,0.0,0.0,0.036335269394042115,0.036335269394042115
2018/01/19 08:00:00,2018/01/19 08:00:00,2018/01/19 13:00:00,11.410605013384245,11.410605013384245,9.316332574286315,0.0,0.0,0.0,0.2357130548240661,0.048206478066980994,0.0,0.005159755445514127,0.48637227993051274,0.0,0.0,0.0,0.0,0.0,0.0,1.3188208708308526,0.0,0.0,0.0,0.0,0.0,0.0,0.0,0.0,0.0,0.0,0.0,0.0,0.0,0.0,0.0,0.0,0.0,0.0,0.03893456927769137,0.03893456927769137
2018/01/19 09:00:00,2018/01/19 09:00:00,2018/01/19 14:00:00,11.208301458614255,11.208301458614255,9.193748485694085,0.0,0.0,0.0,0.250496774796642,0.05122994689070952,0.0,0.005483370867198723,0.38852200953476496,0.0,0.0,0.0,0.0,0.0,0.0,1.3188208708308526,0.0,0.0,0.0,0.0,0.0,0.0,0.0,0.0,0.0,0.0,0.0,0.0,0.0,0.0,0.0,0.0,0.0,0.0,0.03824428144816118,0.03824428144816118
2018/01/19 10:00:00,2018/01/19 10:00:00,2018/01/19 15:00:00,10.935018683580871,10.935018683580871,8.997687940350936,0.0,0.0,0.0,0.25749316728611565,0.05266080290054545,0.0,0.005636521800113578,0.3027193804123075,0.0,0.0,0.0,0.0,0.0,0.0,1.3188208708308526,0.0,0.0,0.0,0.0,0.0,0.0,0.0,0.0,0.0,0.0,0.0,0.0,0.0,0.0,0.0,0.0,0.0,0.0,0.03731180265983606,0.03731180265983606
2018/01/19 11:00:00,2018/01/19 11:00:00,2018/01/19 16:00:00,10.641918960540568,10.641918960540568,8.715196523271134,0.0,0.0,0.0,0.25049210539113925,0.0512289919347181,0.0,0.0054832686539781255,0.30069720045874637,0.0,0.0,0.0,0.0,0.0,0.0,1.3188208708308526,0.0,0.0,0.0,0.0,0.0,0.0,0.0,0.0,0.0,0.0,0.0,0.0,0.0,0.0,0.0,0.0,0.0,0.0,0.03631170569226955,0.03631170569226955
2018/01/19 12:00:00,2018/01/19 12:00:00,2018/01/19 17:00:00,9.350248373584002,9.350248373584002,8.238709615515313,0.0,0.0,0.0,0.2407923239647726,0.049245256664163566,0.0,0.00527094057536429,0.3207640133701988,0.0,0.0,0.0,0.0,0.0,0.0,0.495466223494188,0.0,0.0,0.0,0.0,0.0,0.0,0.0,0.0,0.0,0.0,0.0,0.0,0.0,0.0,0.0,0.0,0.0,0.0,0.03190434623211581,0.03190434623211581
2018/01/19 13:00:00,2018/01/19 13:00:00,2018/01/19 18:00:00,10.096047713521102,10.096047713521102,8.165119484279066,0.0,0.0,0.0,0.23379126206979614,0.04781344569833624,0.0,0.005117687429228839,0.3253849632138206,0.0,0.0,0.0,0.0,0.0,0.0,1.3188208708308526,0.0,0.0,0.0,0.0,0.0,0.0,0.0,0.0,0.0,0.0,0.0,0.0,0.0,0.0,0.0,0.0,0.0,0.0,0.034449117174057776,0.034449117174057776
2018/01/19 14:00:00,2018/01/19 14:00:00,2018/01/19 19:00:00,8.690518603132356,8.690518603132356,8.026458943114497,0.0,0.0,0.0,0.2317310969246499,0.04739211432168432,0.0,0.005072590443258922,0.34118455425017113,0.0,0.0,0.0,0.0,0.0,0.0,0.038679304078094154,0.0,0.0,0.0,0.0,0.0,0.0,0.0,0.0,0.0,0.0,0.0,0.0,0.0,0.0,0.0,0.0,0.0,0.0,0.029653256616615498,0.029653256616615498
2018/01/19 15:00:00,2018/01/19 15:00:00,2018/01/19 20:00:00,9.556561762837804,9.556561762837804,7.93422389873886,0.0,0.0,0.0,0.23317934365905124,0.047688300184150045,0.0,0.005104292543848358,0.7410571373996557,0.0,0.0,0.0,0.0,0.0,0.0,0.5953087903122392,0.0,0.0,0.0,0.0,0.0,0.0,0.0,0.0,0.0,0.0,0.0,0.0,0.0,0.0,0.0,0.0,0.0,0.0,0.03260831617388449,0.03260831617388449
2018/01/19 16:00:00,2018/01/19 16:00:00,2018/01/19 21:00:00,8.93286180817592,8.93286180817592,8.263511210850607,0.0,0.0,0.0,0.24459549474031855,0.05002305604703263,0.0,0.005354191929999653,0.36937785460796296,0.0,0.0,0.0,0.0,0.0,0.0,0.0,0.0,0.0,0.0,0.0,0.0,0.0,0.0,0.0,0.0,0.0,0.0,0.0,0.0,0.0,0.0,0.0,0.0,0.0,0.030480165294523368,0.030480165294523368
2018/01/19 17:00:00,2018/01/19 17:00:00,2018/01/19 22:00:00,9.228258451717814,9.228258451717814,8.380383122885656,0.0,0.0,0.0,0.28271709417415014,0.05781943392842271,0.0,0.006188673203924996,0.50115012752566,0.0,0.0,0.0,0.0,0.0,0.0,0.0,0.0,0.0,0.0,0.0,0.0,0.0,0.0,0.0,0.0,0.0,0.0,0.0,0.0,0.0,0.0,0.0,0.0,0.0,0.03148809967389141,0.03148809967389141
2018/01/19 18:00:00,2018/01/19 18:00:00,2018/01/19 23:00:00,9.57748609824356,9.57748609824356,8.421209281762772,0.0,0.0,0.0,0.3675402510758053,0.07516690607333103,0.0,0.008045450912124845,0.7055242084195247,0.0,0.0,0.0,0.0,0.0,0.0,0.0,0.0,0.0,0.0,0.0,0.0,0.0,0.0,0.0,0.0,0.0,0.0,0.0,0.0,0.0,0.0,0.0,0.0,0.0,0.032679712912750604,0.032679712912750604
2018/01/19 19:00:00,2018/01/19 19:00:00,2018/01/20 00:00:00,9.598323488626106,9.598323488626106,8.274629987190318,0.0,0.0,0.0,0.47677390830942135,0.09750665261617207,0.0,0.010436574128296532,0.7389763663818958,0.0,0.0,0.0,0.0,0.0,0.0,0.0,0.0,0.0,0.0,0.0,0.0,0.0,0.0,0.0,0.0,0.0,0.0,0.0,0.0,0.0,0.0,0.0,0.0,0.0,0.032750812983120575,0.032750812983120575
2018/01/19 20:00:00,2018/01/19 20:00:00,2018/01/20 01:00:00,9.972072253529845,9.972072253529845,7.776974134398687,0.0,0.0,0.0,0.5317029901440857,0.10874038585457309,0.0,0.011638970954917116,0.6836115091075151,0.0,0.0,0.0,0.0,0.0,0.0,0.8594042630700671,0.0,0.0,0.0,0.0,0.0,0.0,0.0,0.0,0.0,0.0,0.0,0.0,0.0,0.0,0.0,0.0,0.0,0.0,0.03402609568395261,0.03402609568395261
2018/01/19 21:00:00,2018/01/19 21:00:00,2018/01/20 02:00:00,10.975953577340277,10.975953577340277,8.389968121837143,0.0,0.0,0.0,0.4809530735025553,0.09836134789544489,0.0,0.010528055995429731,0.6773221072788519,0.0,0.0,0.0,0.0,0.0,0.0,1.3188208708308526,0.0,0.0,0.0,0.0,0.0,0.0,0.0,0.0,0.0,0.0,0.0,0.0,0.0,0.0,0.0,0.0,0.0,0.0,0.037451478203339765,0.037451478203339765
2018/01/19 22:00:00,2018/01/19 22:00:00,2018/01/20 03:00:00,10.983477914898668,10.983477914898668,8.563085117765857,0.0,0.0,0.0,0.3722164214914055,0.07612324558004757,0.0,0.008147812216567882,0.645084447013938,0.0,0.0,0.0,0.0,0.0,0.0,1.3188208708308526,0.0,0.0,0.0,0.0,0.0,0.0,0.0,0.0,0.0,0.0,0.0,0.0,0.0,0.0,0.0,0.0,0.0,0.0,0.037477152288245184,0.037477152288245184
2018/01/19 23:00:00,2018/01/19 23:00:00,2018/01/20 04:00:00,10.313870288624232,10.313870288624232,8.648540516641418,0.0,0.0,0.0,0.3200453407126226,0.06545356051245445,0.0,0.0070057879941606725,0.5486638763632579,0.0,0.0,0.0,0.0,0.0,0.0,0.724161206400318,0.0,0.0,0.0,0.0,0.0,0.0,0.0,0.0,0.0,0.0,0.0,0.0,0.0,0.0,0.0,0.0,0.0,0.0,0.0351923580566096,0.0351923580566096
2018/01/20 00:00:00,2018/01/20 00:00:00,2018/01/20 05:00:00,9.275568785601294,9.275568785601294,8.649765498025241,0.0,0.0,0.0,0.13094360677997474,0.026779722120023,0.0,0.002866353705536267,0.46521360497051883,0.0,0.0,0.0,0.0,0.0,0.0,0.0,0.0,0.0,0.0,0.0,0.0,0.0,0.0,0.0,0.0,0.0,0.0,0.0,0.0,0.0,0.0,0.0,0.0,0.0,0.03164952910466887,0.03164952910466887
2018/01/20 01:00:00,2018/01/20 01:00:00,2018/01/20 06:00:00,9.083745424831577,9.083745424831577,8.601614193790434,0.0,0.0,0.0,0.06501908921459039,0.013297274945155983,0.0,0.0014232669458539432,0.40239159993554136,0.0,0.0,0.0,0.0,0.0,0.0,0.0,0.0,0.0,0.0,0.0,0.0,0.0,0.0,0.0,0.0,0.0,0.0,0.0,0.0,0.0,0.0,0.0,0.0,0.0,0.030995001152802362,0.030995001152802362
2018/01/20 02:00:00,2018/01/20 02:00:00,2018/01/20 07:00:00,8.549516622876045,8.549516622876045,8.119598694064598,0.0,0.0,0.0,0.03901145352875434,0.00797836496709361,0.0,0.0008539601675123682,0.382074150148087,0.0,0.0,0.0,0.0,0.0,0.0,0.0,0.0,0.0,0.0,0.0,0.0,0.0,0.0,0.0,0.0,0.0,0.0,0.0,0.0,0.0,0.0,0.0,0.0,0.0,0.029172138274324137,0.029172138274324137
2018/01/20 03:00:00,2018/01/20 03:00:00,2018/01/20 08:00:00,7.8859283539794545,7.8859283539794545,7.50255842116253,0.0,0.0,0.0,0.026007635685836212,0.005318909978062404,0.0,0.0005693067783415784,0.35147408037468464,0.0,0.0,0.0,0.0,0.0,0.0,0.0,0.0,0.0,0.0,0.0,0.0,0.0,0.0,0.0,0.0,0.0,0.0,0.0,0.0,0.0,0.0,0.0,0.0,0.0,0.026907882926171054,0.026907882926171054
2018/01/20 04:00:00,2018/01/20 04:00:00,2018/01/20 09:00:00,7.662894984888077,7.662894984888077,7.293697964390524,0.0,0.0,0.0,0.026007635685836212,0.005318909978062404,0.0,0.0005693067783415784,0.33730116805531524,0.0,0.0,0.0,0.0,0.0,0.0,0.0,0.0,0.0,0.0,0.0,0.0,0.0,0.0,0.0,0.0,0.0,0.0,0.0,0.0,0.0,0.0,0.0,0.0,0.0,0.026146862090734246,0.026146862090734246
2018/01/20 05:00:00,2018/01/20 05:00:00,2018/01/20 10:00:00,7.359820714211972,7.359820714211972,7.007878802725635,0.0,0.0,0.0,0.02891463827931774,0.005913430959804041,0.0,0.0006329410241114424,0.3164809012231033,0.0,0.0,0.0,0.0,0.0,0.0,0.0,0.0,0.0,0.0,0.0,0.0,0.0,0.0,0.0,0.0,0.0,0.0,0.0,0.0,0.0,0.0,0.0,0.0,0.0,0.02511273058113563,0.02511273058113563
2018/01/20 06:00:00,2018/01/20 06:00:00,2018/01/20 11:00:00,7.2410589851602225,7.2410589851602225,6.7970617515743275,0.0,0.0,0.0,0.0793383753156568,0.016225760819139942,0.0,0.0017367159166417452,0.3466963815344563,0.0,0.0,0.0,0.0,0.0,0.0,0.0,0.0,0.0,0.0,0.0,0.0,0.0,0.0,0.0,0.0,0.0,0.0,0.0,0.0,0.0,0.0,0.0,0.0,0.0,0.024707499065201106,0.024707499065201106
2018/01/20 07:00:00,2018/01/20 07:00:00,2018/01/20 12:00:00,7.588836721042823,7.588836721042823,6.528381270227718,0.0,0.0,0.0,0.18626460412594562,0.038093607331822404,0.0,0.0040773295571716285,0.42639470316413536,0.0,0.0,0.0,0.0,0.0,0.0,0.405625206636029,0.0,0.0,0.0,0.0,0.0,0.0,0.0,0.0,0.0,0.0,0.0,0.0,0.0,0.0,0.0,0.0,0.0,0.0,0.025894165007548348,0.025894165007548348
2018/01/20 08:00:00,2018/01/20 08:00:00,2018/01/20 13:00:00,7.796885404444347,7.796885404444347,6.167457156693179,0.0,0.0,0.0,0.2357130548240661,0.048206478066980994,0.0,0.005159755445514127,0.48637227993051274,0.0,0.0,0.0,0.0,0.0,0.0,0.8539766794840943,0.0,0.0,0.0,0.0,0.0,0.0,0.0,0.0,0.0,0.0,0.0,0.0,0.0,0.0,0.0,0.0,0.0,0.0,0.026604056013987337,0.026604056013987337
2018/01/20 09:00:00,2018/01/20 09:00:00,2018/01/20 14:00:00,8.57486235226973,8.57486235226973,6.560309379349561,0.0,0.0,0.0,0.250496774796642,0.05122994689070952,0.0,0.005483370867198723,0.38852200953476496,0.0,0.0,0.0,0.0,0.0,0.0,1.3188208708308526,0.0,0.0,0.0,0.0,0.0,0.0,0.0,0.0,0.0,0.0,0.0,0.0,0.0,0.0,0.0,0.0,0.0,0.0,0.029258621423623798,0.029258621423623798
2018/01/20 10:00:00,2018/01/20 10:00:00,2018/01/20 15:00:00,8.323266518982685,8.323266518982685,6.73982822457448,0.0,0.0,0.0,0.25749316728611565,0.05266080290054545,0.0,0.005636521800113578,0.3027193804123075,0.0,0.0,0.0,0.0,0.0,0.0,0.9649284220091237,0.0,0.0,0.0,0.0,0.0,0.0,0.0,0.0,0.0,0.0,0.0,0.0,0.0,0.0,0.0,0.0,0.0,0.0,0.028400141492927505,0.028400141492927505
2018/01/20 11:00:00,2018/01/20 11:00:00,2018/01/20 16:00:00,7.224844009173511,7.224844009173511,6.61694244273493,0.0,0.0,0.0,0.25049210539113925,0.0512289919347181,0.0,0.0054832686539781255,0.30069720045874637,0.0,0.0,0.0,0.0,0.0,0.0,0.0,0.0,0.0,0.0,0.0,0.0,0.0,0.0,0.0,0.0,0.0,0.0,0.0,0.0,0.0,0.0,0.0,0.0,0.0,0.02465217131481888,0.02465217131481888
2018/01/20 12:00:00,2018/01/20 12:00:00,2018/01/20 17:00:00,7.016559709810485,7.016559709810485,6.400487175235987,0.0,0.0,0.0,0.2407923239647726,0.049245256664163566,0.0,0.00527094057536429,0.3207640133701988,0.0,0.0,0.0,0.0,0.0,0.0,0.0,0.0,0.0,0.0,0.0,0.0,0.0,0.0,0.0,0.0,0.0,0.0,0.0,0.0,0.0,0.0,0.0,0.0,0.0,0.02394147635399138,0.02394147635399138
2018/01/20 13:00:00,2018/01/20 13:00:00,2018/01/20 18:00:00,6.871633501840181,6.871633501840181,6.259526143428999,0.0,0.0,0.0,0.23379126206979614,0.04781344569833624,0.0,0.005117687429228839,0.3253849632138206,0.0,0.0,0.0,0.0,0.0,0.0,0.0,0.0,0.0,0.0,0.0,0.0,0.0,0.0,0.0,0.0,0.0,0.0,0.0,0.0,0.0,0.0,0.0,0.0,0.0,0.02344696800165123,0.02344696800165123
2018/01/20 14:00:00,2018/01/20 14:00:00,2018/01/20 19:00:00,7.807972740499903,7.807972740499903,6.113928527317387,0.0,0.0,0.0,0.2317310969246499,0.04739211432168432,0.0,0.005072590443258922,0.34118455425017113,0.0,0.0,0.0,0.0,0.0,0.0,1.068663857242753,0.0,0.0,0.0,0.0,0.0,0.0,0.0,0.0,0.0,0.0,0.0,0.0,0.0,0.0,0.0,0.0,0.0,0.0,0.026641887544677754,0.026641887544677754
2018/01/20 15:00:00,2018/01/20 15:00:00,2018/01/20 20:00:00,7.553985411985369,7.553985411985369,6.229777222616829,0.0,0.0,0.0,0.23317934365905124,0.047688300184150045,0.0,0.005104292543848358,0.3818947700095756,0.0,0.0,0.0,0.0,0.0,0.0,0.656341482971915,0.0,0.0,0.0,0.0,0.0,0.0,0.0,0.0,0.0,0.0,0.0,0.0,0.0,0.0,0.0,0.0,0.0,0.0,0.025775247500078407,0.025775247500078407
2018/01/20 16:00:00,2018/01/20 16:00:00,2018/01/20 21:00:00,7.096422422672063,7.096422422672063,6.42707182534675,0.0,0.0,0.0,0.24459549474031855,0.05002305604703263,0.0,0.005354191929999653,0.36937785460796296,0.0,0.0,0.0,0.0,0.0,0.0,0.0,0.0,0.0,0.0,0.0,0.0,0.0,0.0,0.0,0.0,0.0,0.0,0.0,0.0,0.0,0.0,0.0,0.0,0.0,0.024213979023478778,0.024213979023478778
2018/01/20 17:00:00,2018/01/20 17:00:00,2018/01/20 22:00:00,7.283123395280249,7.283123395280249,6.435248066448092,0.0,0.0,0.0,0.28271709417415014,0.05781943392842271,0.0,0.006188673203924996,0.50115012752566,0.0,0.0,0.0,0.0,0.0,0.0,0.0,0.0,0.0,0.0,0.0,0.0,0.0,0.0,0.0,0.0,0.0,0.0,0.0,0.0,0.0,0.0,0.0,0.0,0.0,0.02485102867542093,0.02485102867542093
2018/01/20 18:00:00,2018/01/20 18:00:00,2018/01/20 23:00:00,7.533810568746368,7.533810568746368,6.377533752265582,0.0,0.0,0.0,0.3675402510758053,0.07516690607333103,0.0,0.008045450912124845,0.7055242084195247,0.0,0.0,0.0,0.0,0.0,0.0,0.0,0.0,0.0,0.0,0.0,0.0,0.0,0.0,0.0,0.0,0.0,0.0,0.0,0.0,0.0,0.0,0.0,0.0,0.0,0.025706408132592274,0.025706408132592274
2018/01/20 19:00:00,2018/01/20 19:00:00,2018/01/21 00:00:00,9.012538603594274,9.012538603594274,6.381579854502076,0.0,0.0,0.0,0.47677390830942135,0.09750665261617207,0.0,0.010436574128296532,0.7389763663818958,0.0,0.0,0.0,0.0,0.0,0.0,1.3072652476564128,0.0,0.0,0.0,0.0,0.0,0.0,0.0,0.0,0.0,0.0,0.0,0.0,0.0,0.0,0.0,0.0,0.0,0.0,0.030752033587869917,0.030752033587869917
2018/01/20 20:00:00,2018/01/20 20:00:00,2018/01/21 01:00:00,10.00545129237181,10.00545129237181,6.936711879300864,0.0,0.0,0.0,0.5317029901440857,0.10874038585457309,0.0,0.011638970954917116,1.0978361952865172,0.0,0.0,0.0,0.0,0.0,0.0,1.3188208708308526,0.0,0.0,0.0,0.0,0.0,0.0,0.0,0.0,0.0,0.0,0.0,0.0,0.0,0.0,0.0,0.0,0.0,0.0,0.034139989600943936,0.034139989600943936
2018/01/20 21:00:00,2018/01/20 21:00:00,2018/01/21 02:00:00,9.786555052224129,9.786555052224129,7.200569596720995,0.0,0.0,0.0,0.4809530735025553,0.09836134789544489,0.0,0.010528055995429731,0.6773221072788519,0.0,0.0,0.0,0.0,0.0,0.0,1.3188208708308526,0.0,0.0,0.0,0.0,0.0,0.0,0.0,0.0,0.0,0.0,0.0,0.0,0.0,0.0,0.0,0.0,0.0,0.0,0.03339308522412437,0.03339308522412437
2018/01/20 22:00:00,2018/01/20 22:00:00,2018/01/21 03:00:00,8.865157397073464,8.865157397073464,7.553271554513123,0.0,0.0,0.0,0.3722164214914055,0.07612324558004757,0.0,0.008147812216567882,0.645084447013938,0.0,0.0,0.0,0.0,0.0,0.0,0.2103139162583801,0.0,0.0,0.0,0.0,0.0,0.0,0.0,0.0,0.0,0.0,0.0,0.0,0.0,0.0,0.0,0.0,0.0,0.0,0.03024914843946775,0.03024914843946775
2018/01/20 23:00:00,2018/01/20 23:00:00,2018/01/21 04:00:00,8.823589369226882,8.823589369226882,7.882420803644386,0.0,0.0,0.0,0.3200453407126226,0.06545356051245445,0.0,0.0070057879941606725,0.5486638763632579,0.0,0.0,0.0,0.0,0.0,0.0,0.0,0.0,0.0,0.0,0.0,0.0,0.0,0.0,0.0,0.0,0.0,0.0,0.0,0.0,0.0,0.0,0.0,0.0,0.0,0.03010731255451412,0.03010731255451412
2018/01/21 00:00:00,2018/01/21 00:00:00,2018/01/21 05:00:00,8.792361839820359,8.792361839820359,8.166558552244306,0.0,0.0,0.0,0.13094360677997474,0.026779722120023,0.0,0.002866353705536267,0.46521360497051883,0.0,0.0,0.0,0.0,0.0,0.0,0.0,0.0,0.0,0.0,0.0,0.0,0.0,0.0,0.0,0.0,0.0,0.0,0.0,0.0,0.0,0.0,0.0,0.0,0.0,0.030000759886568522,0.030000759886568522
2018/01/21 01:00:00,2018/01/21 01:00:00,2018/01/21 06:00:00,9.363251114339059,9.363251114339059,8.881119883297917,0.0,0.0,0.0,0.06501908921459039,0.013297274945155983,0.0,0.0014232669458539432,0.40239159993554136,0.0,0.0,0.0,0.0,0.0,0.0,0.0,0.0,0.0,0.0,0.0,0.0,0.0,0.0,0.0,0.0,0.0,0.0,0.0,0.0,0.0,0.0,0.0,0.0,0.0,0.03194871338969719,0.03194871338969719
2018/01/21 02:00:00,2018/01/21 02:00:00,2018/01/21 07:00:00,9.898521266019609,9.898521266019609,9.468603337208163,0.0,0.0,0.0,0.03901145352875434,0.00797836496709361,0.0,0.0008539601675123682,0.382074150148087,0.0,0.0,0.0,0.0,0.0,0.0,0.0,0.0,0.0,0.0,0.0,0.0,0.0,0.0,0.0,0.0,0.0,0.0,0.0,0.0,0.0,0.0,0.0,0.0,0.0,0.033775129498084214,0.033775129498084214
2018/01/21 03:00:00,2018/01/21 03:00:00,2018/01/21 08:00:00,9.864102847777945,9.864102847777945,9.480732914961019,0.0,0.0,0.0,0.026007635685836212,0.005318909978062404,0.0,0.0005693067783415784,0.35147408037468464,0.0,0.0,0.0,0.0,0.0,0.0,0.0,0.0,0.0,0.0,0.0,0.0,0.0,0.0,0.0,0.0,0.0,0.0,0.0,0.0,0.0,0.0,0.0,0.0,0.0,0.033657689074207756,0.033657689074207756
2018/01/21 04:00:00,2018/01/21 04:00:00,2018/01/21 09:00:00,9.831806561448058,9.831806561448058,9.462609540950503,0.0,0.0,0.0,0.026007635685836212,0.005318909978062404,0.0,0.0005693067783415784,0.33730116805531524,0.0,0.0,0.0,0.0,0.0,0.0,0.0,0.0,0.0,0.0,0.0,0.0,0.0,0.0,0.0,0.0,0.0,0.0,0.0,0.0,0.0,0.0,0.0,0.0,0.0,0.033547489659185664,0.033547489659185664
2018/01/21 05:00:00,2018/01/21 05:00:00,2018/01/21 10:00:00,10.024181792650108,10.024181792650108,9.67223988116377,0.0,0.0,0.0,0.02891463827931774,0.005913430959804041,0.0,0.0006329410241114424,0.3164809012231033,0.0,0.0,0.0,0.0,0.0,0.0,0.0,0.0,0.0,0.0,0.0,0.0,0.0,0.0,0.0,0.0,0.0,0.0,0.0,0.0,0.0,0.0,0.0,0.0,0.0,0.034203900669623984,0.034203900669623984
2018/01/21 06:00:00,2018/01/21 06:00:00,2018/01/21 11:00:00,10.709888271377501,10.709888271377501,9.860226309591528,0.0,0.0,0.0,0.0793383753156568,0.016225760819139942,0.0,0.0017367159166417452,0.3466963815344563,0.0,0.0,0.0,0.0,0.0,0.0,0.40566472820007654,0.0,0.0,0.0,0.0,0.0,0.0,0.0,0.0,0.0,0.0,0.0,0.0,0.0,0.0,0.0,0.0,0.0,0.0,0.036543626422014676,0.036543626422014676
2018/01/21 07:00:00,2018/01/21 07:00:00,2018/01/21 12:00:00,10.658671542261462,10.658671542261462,9.76632050967756,0.0,0.0,0.0,0.18626460412594562,0.038093607331822404,0.0,0.0040773295571716285,0.42639470316413536,0.0,0.0,0.0,0.0,0.0,0.0,0.23752078840482893,0.0,0.0,0.0,0.0,0.0,0.0,0.0,0.0,0.0,0.0,0.0,0.0,0.0,0.0,0.0,0.0,0.0,0.0,0.03636886782809208,0.03636886782809208
2018/01/21 08:00:00,2018/01/21 08:00:00,2018/01/21 13:00:00,11.478342555947217,11.478342555947217,9.384070116849289,0.0,0.0,0.0,0.2357130548240661,0.048206478066980994,0.0,0.005159755445514127,0.48637227993051274,0.0,0.0,0.0,0.0,0.0,0.0,1.3188208708308526,0.0,0.0,0.0,0.0,0.0,0.0,0.0,0.0,0.0,0.0,0.0,0.0,0.0,0.0,0.0,0.0,0.0,0.0,0.03916569918189235,0.03916569918189235
2018/01/21 09:00:00,2018/01/21 09:00:00,2018/01/21 14:00:00,12.21091818558602,12.21091818558602,10.196365212665851,0.0,0.0,0.0,0.250496774796642,0.05122994689070952,0.0,0.005483370867198723,0.38852200953476496,0.0,0.0,0.0,0.0,0.0,0.0,1.3188208708308526,0.0,0.0,0.0,0.0,0.0,0.0,0.0,0.0,0.0,0.0,0.0,0.0,0.0,0.0,0.0,0.0,0.0,0.0,0.04166534898747798,0.04166534898747798
2018/01/21 10:00:00,2018/01/21 10:00:00,2018/01/21 15:00:00,12.221276571681358,12.221276571681358,10.283945828451422,0.0,0.0,0.0,0.25749316728611565,0.05266080290054545,0.0,0.005636521800113578,0.3027193804123075,0.0,0.0,0.0,0.0,0.0,0.0,1.3188208708308526,0.0,0.0,0.0,0.0,0.0,0.0,0.0,0.0,0.0,0.0,0.0,0.0,0.0,0.0,0.0,0.0,0.0,0.0,0.04170069323965049,0.04170069323965049
2018/01/21 11:00:00,2018/01/21 11:00:00,2018/01/21 16:00:00,12.02544758411298,12.02544758411298,10.064388103175379,0.0,0.0,0.0,0.25049210539113925,0.0512289919347181,0.0,0.0054832686539781255,0.33503424412691357,0.0,0.0,0.0,0.0,0.0,0.0,1.3188208708308526,0.0,0.0,0.0,0.0,0.0,0.0,0.0,0.0,0.0,0.0,0.0,0.0,0.0,0.0,0.0,0.0,0.0,0.0,0.0410324975327517,0.0410324975327517
2018/01/21 12:00:00,2018/01/21 12:00:00,2018/01/21 17:00:00,11.623102756529164,11.623102756529164,9.749702839981941,0.0,0.0,0.0,0.2407923239647726,0.049245256664163566,0.0,0.00527094057536429,1.0948263271285004,0.0,0.0,0.0,0.0,0.0,0.0,0.48326506821442256,0.0,0.0,0.0,0.0,0.0,0.0,0.0,0.0,0.0,0.0,0.0,0.0,0.0,0.0,0.0,0.0,0.0,0.0,0.03965964109396443,0.03965964109396443
2018/01/21 13:00:00,2018/01/21 13:00:00,2018/01/21 18:00:00,10.494678690366996,10.494678690366996,9.882571331955814,0.0,0.0,0.0,0.23379126206979614,0.04781344569833624,0.0,0.005117687429228839,0.3253849632138206,0.0,0.0,0.0,0.0,0.0,0.0,0.0,0.0,0.0,0.0,0.0,0.0,0.0,0.0,0.0,0.0,0.0,0.0,0.0,0.0,0.0,0.0,0.0,0.0,0.0,0.0358093014382607,0.0358093014382607
2018/01/21 14:00:00,2018/01/21 14:00:00,2018/01/21 19:00:00,10.876119579462857,10.876119579462857,9.793511946811101,0.0,0.0,0.0,0.2317310969246499,0.04739211432168432,0.0,0.005072590443258922,0.34118455425017113,0.0,0.0,0.0,0.0,0.0,0.0,0.4572272767119902,0.0,0.0,0.0,0.0,0.0,0.0,0.0,0.0,0.0,0.0,0.0,0.0,0.0,0.0,0.0,0.0,0.0,0.0,0.03711083073529858,0.03711083073529858
2018/01/21 15:00:00,2018/01/21 15:00:00,2018/01/21 20:00:00,10.539898278771226,10.539898278771226,9.8720315723746,0.0,0.0,0.0,0.23317934365905124,0.047688300184150045,0.0,0.005104292543848358,0.3818947700095756,0.0,0.0,0.0,0.0,0.0,0.0,0.0,0.0,0.0,0.0,0.0,0.0,0.0,0.0,0.0,0.0,0.0,0.0,0.0,0.0,0.0,0.0,0.0,0.0,0.0,0.03596359695505127,0.03596359695505127
2018/01/21 16:00:00,2018/01/21 16:00:00,2018/01/21 21:00:00,10.640438112151958,10.640438112151958,9.940641303953104,0.0,0.0,0.0,0.24459549474031855,0.05002305604703263,0.0,0.005354191929999653,0.3998240654815043,0.0,0.0,0.0,0.0,0.0,0.0,0.0,0.0,0.0,0.0,0.0,0.0,0.0,0.0,0.0,0.0,0.0,0.0,0.0,0.0,0.0,0.0,0.0,0.0,0.0,0.03630665283187271,0.03630665283187271
2018/01/21 17:00:00,2018/01/21 17:00:00,2018/01/21 22:00:00,11.575882573707055,11.575882573707055,10.041656239770898,0.0,0.0,0.0,0.28271709417415014,0.05781943392842271,0.0,0.006188673203924996,1.1875011326296598,0.0,0.0,0.0,0.0,0.0,0.0,0.0,0.0,0.0,0.0,0.0,0.0,0.0,0.0,0.0,0.0,0.0,0.0,0.0,0.0,0.0,0.0,0.0,0.0,0.0,0.039498519271130655,0.039498519271130655
2018/01/21 18:00:00,2018/01/21 18:00:00,2018/01/21 23:00:00,11.330428741590326,11.330428741590326,10.174151925109538,0.0,0.0,0.0,0.3675402510758053,0.07516690607333103,0.0,0.008045450912124845,0.7055242084195247,0.0,0.0,0.0,0.0,0.0,0.0,0.0,0.0,0.0,0.0,0.0,0.0,0.0,0.0,0.0,0.0,0.0,0.0,0.0,0.0,0.0,0.0,0.0,0.0,0.0,0.03866099670157242,0.03866099670157242
2018/01/21 19:00:00,2018/01/21 19:00:00,2018/01/22 00:00:00,12.27933916029964,12.27933916029964,10.13697299962716,0.0,0.0,0.0,0.47677390830942135,0.09750665261617207,0.0,0.010436574128296532,0.7389763663818958,0.0,0.0,0.0,0.0,0.0,0.0,0.8186726592366944,0.0,0.0,0.0,0.0,0.0,0.0,0.0,0.0,0.0,0.0,0.0,0.0,0.0,0.0,0.0,0.0,0.0,0.0,0.04189881085710802,0.04189881085710802
2018/01/21 20:00:00,2018/01/21 20:00:00,2018/01/22 01:00:00,12.13569606961942,12.13569606961942,10.364831160169292,0.0,0.0,0.0,0.5317029901440857,0.10874038585457309,0.0,0.011638970954917116,0.6836115091075151,0.0,0.0,0.0,0.0,0.0,0.0,0.43517105338903717,0.0,0.0,0.0,0.0,0.0,0.0,0.0,0.0,0.0,0.0,0.0,0.0,0.0,0.0,0.0,0.0,0.0,0.0,0.04140868067919101,0.04140868067919101
2018/01/21 21:00:00,2018/01/21 21:00:00,2018/01/22 02:00:00,11.601565444726528,11.601565444726528,10.296109201181299,0.0,0.0,0.0,0.4809530735025553,0.09836134789544489,0.0,0.010528055995429731,0.7156137661518006,0.0,0.0,0.0,0.0,0.0,0.0,0.0,0.0,0.0,0.0,0.0,0.0,0.0,0.0,0.0,0.0,0.0,0.0,0.0,0.0,0.0,0.0,0.0,0.0,0.0,0.039586152794487635,0.039586152794487635
2018/01/21 22:00:00,2018/01/21 22:00:00,2018/01/22 03:00:00,12.709429031931586,12.709429031931586,10.338834230912457,0.0,0.0,0.0,0.3722164214914055,0.07612324558004757,0.0,0.008147812216567882,1.5082959206422475,0.0,0.0,0.0,0.0,0.0,0.0,0.40581140108886066,0.0,0.0,0.0,0.0,0.0,0.0,0.0,0.0,0.0,0.0,0.0,0.0,0.0,0.0,0.0,0.0,0.0,0.0,0.04336633724006893,0.04336633724006893
2018/01/21 23:00:00,2018/01/21 23:00:00,2018/01/22 04:00:00,11.898250857748007,11.898250857748007,10.431241978390798,0.0,0.0,0.0,0.3200453407126226,0.06545356051245445,0.0,0.0070057879941606725,0.5486638763632579,0.0,0.0,0.0,0.0,0.0,0.0,0.5258403137747133,0.0,0.0,0.0,0.0,0.0,0.0,0.0,0.0,0.0,0.0,0.0,0.0,0.0,0.0,0.0,0.0,0.0,0.0,0.04059848463433451,0.04059848463433451
2018/01/22 00:00:00,2018/01/22 00:00:00,2018/01/22 05:00:00,11.689949421816822,11.689949421816822,10.656442386489823,0.0,0.0,0.0,0.13094360677997474,0.026779722120023,0.0,0.002866353705536267,0.46521360497051883,0.0,0.0,0.0,0.0,0.0,0.0,0.40770374775094725,0.0,0.0,0.0,0.0,0.0,0.0,0.0,0.0,0.0,0.0,0.0,0.0,0.0,0.0,0.0,0.0,0.0,0.0,0.03988773120115613,0.03988773120115613
2018/01/22 01:00:00,2018/01/22 01:00:00,2018/01/22 06:00:00,12.375018787688118,12.375018787688118,11.417661524462028,0.0,0.0,0.0,0.06501908921459039,0.013297274945155983,0.0,0.0014232669458539432,0.40239159993554136,0.0,0.0,0.0,0.0,0.0,0.0,0.47522603218494863,0.0,0.0,0.0,0.0,0.0,0.0,0.0,0.0,0.0,0.0,0.0,0.0,0.0,0.0,0.0,0.0,0.0,0.0,0.04222528303598467,0.04222528303598467
2018/01/22 02:00:00,2018/01/22 02:00:00,2018/01/22 07:00:00,11.956590340416433,11.956590340416433,11.526672411604988,0.0,0.0,0.0,0.03901145352875434,0.00797836496709361,0.0,0.0008539601675123682,0.382074150148087,0.0,0.0,0.0,0.0,0.0,0.0,0.0,0.0,0.0,0.0,0.0,0.0,0.0,0.0,0.0,0.0,0.0,0.0,0.0,0.0,0.0,0.0,0.0,0.0,0.0,0.04079754705275266,0.04079754705275266
2018/01/22 03:00:00,2018/01/22 03:00:00,2018/01/22 08:00:00,11.423190057959284,11.423190057959284,11.039820125142358,0.0,0.0,0.0,0.026007635685836212,0.005318909978062404,0.0,0.0005693067783415784,0.35147408037468464,0.0,0.0,0.0,0.0,0.0,0.0,0.0,0.0,0.0,0.0,0.0,0.0,0.0,0.0,0.0,0.0,0.0,0.0,0.0,0.0,0.0,0.0,0.0,0.0,0.0,0.038977511197887095,0.038977511197887095
2018/01/22 04:00:00,2018/01/22 04:00:00,2018/01/22 09:00:00,11.400525111989015,11.400525111989015,11.03132809149146,0.0,0.0,0.0,0.026007635685836212,0.005318909978062404,0.0,0.0005693067783415784,0.33730116805531524,0.0,0.0,0.0,0.0,0.0,0.0,0.0,0.0,0.0,0.0,0.0,0.0,0.0,0.0,0.0,0.0,0.0,0.0,0.0,0.0,0.0,0.0,0.0,0.0,0.0,0.03890017525399811,0.03890017525399811
2018/01/22 05:00:00,2018/01/22 05:00:00,2018/01/22 10:00:00,11.533110250765152,11.533110250765152,11.181168339278814,0.0,0.0,0.0,0.02891463827931774,0.005913430959804041,0.0,0.0006329410241114424,0.3164809012231033,0.0,0.0,0.0,0.0,0.0,0.0,0.0,0.0,0.0,0.0,0.0,0.0,0.0,0.0,0.0,0.0,0.0,0.0,0.0,0.0,0.0,0.0,0.0,0.0,0.0,0.03935257416403108,0.03935257416403108
2018/01/22 06:00:00,2018/01/22 06:00:00,2018/01/22 11:00:00,11.83373683653606,11.83373683653606,11.389739602950165,0.0,0.0,0.0,0.0793383753156568,0.016225760819139942,0.0,0.0017367159166417452,0.3466963815344563,0.0,0.0,0.0,0.0,0.0,0.0,0.0,0.0,0.0,0.0,0.0,0.0,0.0,0.0,0.0,0.0,0.0,0.0,0.0,0.0,0.0,0.0,0.0,0.0,0.0,0.04037835383274137,0.04037835383274137
2018/01/22 07:00:00,2018/01/22 07:00:00,2018/01/22 12:00:00,12.128631925457139,12.128631925457139,11.473801681278063,0.0,0.0,0.0,0.18626460412594562,0.038093607331822404,0.0,0.0040773295571716285,0.42639470316413536,0.0,0.0,0.0,0.0,0.0,0.0,0.0,0.0,0.0,0.0,0.0,0.0,0.0,0.0,0.0,0.0,0.0,0.0,0.0,0.0,0.0,0.0,0.0,0.0,0.0,0.041384576838075546,0.041384576838075546
2018/01/22 08:00:00,2018/01/22 08:00:00,2018/01/22 13:00:00,12.882686481051627,12.882686481051627,11.561091104199251,0.0,0.0,0.0,0.2357130548240661,0.048206478066980994,0.0,0.005159755445514127,0.48637227993051274,0.0,0.0,0.0,0.0,0.0,0.0,0.5461438085853001,0.0,0.0,0.0,0.0,0.0,0.0,0.0,0.0,0.0,0.0,0.0,0.0,0.0,0.0,0.0,0.0,0.0,0.0,0.04395751572251818,0.04395751572251818
2018/01/22 09:00:00,2018/01/22 09:00:00,2018/01/22 14:00:00,12.488246946456254,12.488246946456254,10.62112163952956,0.0,0.0,0.0,0.250496774796642,0.05122994689070952,0.0,0.005483370867198723,0.46168223216050985,0.0,0.0,0.0,0.0,0.0,0.0,1.0982329822116326,0.0,0.0,0.0,0.0,0.0,0.0,0.0,0.0,0.0,0.0,0.0,0.0,0.0,0.0,0.0,0.0,0.0,0.0,0.04261163324147968,0.04261163324147968
2018/01/22 10:00:00,2018/01/22 10:00:00,2018/01/22 15:00:00,14.328287992880485,14.328287992880485,10.72541517030612,0.0,0.0,0.0,0.25749316728611565,0.05266080290054545,0.0,0.005636521800113578,1.968261459756738,0.0,0.0,0.0,0.0,0.0,0.0,1.3188208708308526,0.0,0.0,0.0,0.0,0.0,0.0,0.0,0.0,0.0,0.0,0.0,0.0,0.0,0.0,0.0,0.0,0.0,0.0,0.04889010887986759,0.04889010887986759
2018/01/22 11:00:00,2018/01/22 11:00:00,2018/01/22 16:00:00,12.83638440789507,12.83638440789507,10.539544470648025,0.0,0.0,0.0,0.25049210539113925,0.0512289919347181,0.0,0.0054832686539781255,0.6708147004363559,0.0,0.0,0.0,0.0,0.0,0.0,1.3188208708308526,0.0,0.0,0.0,0.0,0.0,0.0,0.0,0.0,0.0,0.0,0.0,0.0,0.0,0.0,0.0,0.0,0.0,0.0,0.04379952661739184,0.04379952661739184
2018/01/22 12:00:00,2018/01/22 12:00:00,2018/01/22 17:00:00,12.28039918986219,12.28039918986219,10.241302622677612,0.0,0.0,0.0,0.2407923239647726,0.049245256664163566,0.0,0.00527094057536429,0.42496717514942167,0.0,0.0,0.0,0.0,0.0,0.0,1.3188208708308526,0.0,0.0,0.0,0.0,0.0,0.0,0.0,0.0,0.0,0.0,0.0,0.0,0.0,0.0,0.0,0.0,0.0,0.0,0.041902427825217164,0.041902427825217164
2018/01/22 13:00:00,2018/01/22 13:00:00,2018/01/22 18:00:00,12.655524237498929,12.655524237498929,9.888224423988436,0.0,0.0,0.0,0.23379126206979614,0.04781344569833624,0.0,0.005117687429228839,1.1617565474822777,0.0,0.0,0.0,0.0,0.0,0.0,1.3188208708308526,0.0,0.0,0.0,0.0,0.0,0.0,0.0,0.0,0.0,0.0,0.0,0.0,0.0,0.0,0.0,0.0,0.0,0.0,0.043182406593904564,0.043182406593904564
2018/01/22 14:00:00,2018/01/22 14:00:00,2018/01/22 19:00:00,11.154474195341075,11.154474195341075,9.757208650132636,0.0,0.0,0.0,0.2317310969246499,0.04739211432168432,0.0,0.005072590443258922,0.34118455425017113,0.0,0.0,0.0,0.0,0.0,0.0,0.7718851892686744,0.0,0.0,0.0,0.0,0.0,0.0,0.0,0.0,0.0,0.0,0.0,0.0,0.0,0.0,0.0,0.0,0.0,0.0,0.038060615349082304,0.038060615349082304
2018/01/22 15:00:00,2018/01/22 15:00:00,2018/01/22 20:00:00,10.160101658916314,10.160101658916314,9.49223495251969,0.0,0.0,0.0,0.23317934365905124,0.047688300184150045,0.0,0.005104292543848358,0.3818947700095756,0.0,0.0,0.0,0.0,0.0,0.0,0.0,0.0,0.0,0.0,0.0,0.0,0.0,0.0,0.0,0.0,0.0,0.0,0.0,0.0,0.0,0.0,0.0,0.0,0.0,0.03466767813305812,0.03466767813305812
2018/01/22 16:00:00,2018/01/22 16:00:00,2018/01/22 21:00:00,10.547236010576423,10.547236010576423,9.432777550847115,0.0,0.0,0.0,0.24459549474031855,0.05002305604703263,0.0,0.005354191929999653,0.36937785460796296,0.0,0.0,0.0,0.0,0.0,0.0,0.445107862403992,0.0,0.0,0.0,0.0,0.0,0.0,0.0,0.0,0.0,0.0,0.0,0.0,0.0,0.0,0.0,0.0,0.0,0.0,0.035988634315206616,0.035988634315206616
2018/01/22 17:00:00,2018/01/22 17:00:00,2018/01/22 22:00:00,10.281706200199999,10.281706200199999,9.43383087136784,0.0,0.0,0.0,0.28271709417415014,0.05781943392842271,0.0,0.006188673203924996,0.50115012752566,0.0,0.0,0.0,0.0,0.0,0.0,0.0,0.0,0.0,0.0,0.0,0.0,0.0,0.0,0.0,0.0,0.0,0.0,0.0,0.0,0.0,0.0,0.0,0.0,0.0,0.03508260971920433,0.03508260971920433
2018/01/22 18:00:00,2018/01/22 18:00:00,2018/01/22 23:00:00,10.604500526888527,10.604500526888527,9.203851176800491,0.0,0.0,0.0,0.3675402510758053,0.07516690607333103,0.0,0.008045450912124845,0.7055242084195247,0.0,0.0,0.0,0.0,0.0,0.0,0.24437253360724906,0.0,0.0,0.0,0.0,0.0,0.0,0.0,0.0,0.0,0.0,0.0,0.0,0.0,0.0,0.0,0.0,0.0,0.0,0.0361840287991005,0.0361840287991005
2018/01/22 19:00:00,2018/01/22 19:00:00,2018/01/23 00:00:00,10.760039467833014,10.760039467833014,9.238182165147677,0.0,0.0,0.0,0.47677390830942135,0.09750665261617207,0.0,0.010436574128296532,0.7389763663818958,0.0,0.0,0.0,0.0,0.0,0.0,0.1981638012495494,0.0,0.0,0.0,0.0,0.0,0.0,0.0,0.0,0.0,0.0,0.0,0.0,0.0,0.0,0.0,0.0,0.0,0.0,0.03671474927049343,0.03671474927049343
2018/01/22 20:00:00,2018/01/22 20:00:00,2018/01/23 01:00:00,11.782948160848724,11.782948160848724,9.21184316466389,0.0,0.0,0.0,0.5317029901440857,0.10874038585457309,0.0,0.011638970954917116,0.6836115091075151,0.0,0.0,0.0,0.0,0.0,0.0,1.2354111401237415,0.0,0.0,0.0,0.0,0.0,0.0,0.0,0.0,0.0,0.0,0.0,0.0,0.0,0.0,0.0,0.0,0.0,0.0,0.04020505581657559,0.04020505581657559
2018/01/22 21:00:00,2018/01/22 21:00:00,2018/01/23 02:00:00,11.20278448840496,11.20278448840496,9.264942510481882,0.0,0.0,0.0,0.4809530735025553,0.09836134789544489,0.0,0.010528055995429731,0.6773221072788519,0.0,0.0,0.0,0.0,0.0,0.0,0.6706773932507957,0.0,0.0,0.0,0.0,0.0,0.0,0.0,0.0,0.0,0.0,0.0,0.0,0.0,0.0,0.0,0.0,0.0,0.0,0.038225456779481054,0.038225456779481054
2018/01/22 22:00:00,2018/01/22 22:00:00,2018/01/23 03:00:00,10.790045140205596,10.790045140205596,9.388179863762712,0.0,0.0,0.0,0.3722164214914055,0.07612324558004757,0.0,0.008147812216567882,0.645084447013938,0.0,0.0,0.0,0.0,0.0,0.0,0.3002933501409236,0.0,0.0,0.0,0.0,0.0,0.0,0.0,0.0,0.0,0.0,0.0,0.0,0.0,0.0,0.0,0.0,0.0,0.0,0.0368171327925191,0.0368171327925191
2018/01/22 23:00:00,2018/01/22 23:00:00,2018/01/23 04:00:00,10.969942873781253,10.969942873781253,9.731843019081365,0.0,0.0,0.0,0.3200453407126226,0.06545356051245445,0.0,0.0070057879941606725,0.5486638763632579,0.0,0.0,0.0,0.0,0.0,0.0,0.29693128911739064,0.0,0.0,0.0,0.0,0.0,0.0,0.0,0.0,0.0,0.0,0.0,0.0,0.0,0.0,0.0,0.0,0.0,0.0,0.037430968847889115,0.037430968847889115
2018/01/23 00:00:00,2018/01/23 00:00:00,2018/01/23 05:00:00,10.475445955319465,10.475445955319465,9.849642667743412,0.0,0.0,0.0,0.13094360677997474,0.026779722120023,0.0,0.002866353705536267,0.46521360497051883,0.0,0.0,0.0,0.0,0.0,0.0,0.0,0.0,0.0,0.0,0.0,0.0,0.0,0.0,0.0,0.0,0.0,0.0,0.0,0.0,0.0,0.0,0.0,0.0,0.0,0.03574367667478592,0.03574367667478592
2018/01/23 01:00:00,2018/01/23 01:00:00,2018/01/23 06:00:00,10.801556121089675,10.801556121089675,10.319424890048532,0.0,0.0,0.0,0.06501908921459039,0.013297274945155983,0.0,0.0014232669458539432,0.40239159993554136,0.0,0.0,0.0,0.0,0.0,0.0,0.0,0.0,0.0,0.0,0.0,0.0,0.0,0.0,0.0,0.0,0.0,0.0,0.0,0.0,0.0,0.0,0.0,0.0,0.0,0.03685640985821015,0.03685640985821015
2018/01/23 02:00:00,2018/01/23 02:00:00,2018/01/23 07:00:00,10.844651129692833,10.844651129692833,10.414733200881386,0.0,0.0,0.0,0.03901145352875434,0.00797836496709361,0.0,0.0008539601675123682,0.382074150148087,0.0,0.0,0.0,0.0,0.0,0.0,0.0,0.0,0.0,0.0,0.0,0.0,0.0,0.0,0.0,0.0,0.0,0.0,0.0,0.0,0.0,0.0,0.0,0.0,0.0,0.03700345601360807,0.03700345601360807
2018/01/23 03:00:00,2018/01/23 03:00:00,2018/01/23 08:00:00,10.3274712725036,10.3274712725036,9.944101339686673,0.0,0.0,0.0,0.026007635685836212,0.005318909978062404,0.0,0.0005693067783415784,0.35147408037468464,0.0,0.0,0.0,0.0,0.0,0.0,0.0,0.0,0.0,0.0,0.0,0.0,0.0,0.0,0.0,0.0,0.0,0.0,0.0,0.0,0.0,0.0,0.0,0.0,0.0,0.03523876650282913,0.03523876650282913
2018/01/23 04:00:00,2018/01/23 04:00:00,2018/01/23 09:00:00,10.371347084390464,10.371347084390464,10.002150063892909,0.0,0.0,0.0,0.026007635685836212,0.005318909978062404,0.0,0.0005693067783415784,0.33730116805531524,0.0,0.0,0.0,0.0,0.0,0.0,0.0,0.0,0.0,0.0,0.0,0.0,0.0,0.0,0.0,0.0,0.0,0.0,0.0,0.0,0.0,0.0,0.0,0.0,0.0,0.0353884768674873,0.0353884768674873
2018/01/23 05:00:00,2018/01/23 05:00:00,2018/01/23 10:00:00,10.987104747521407,10.987104747521407,10.205610203783055,0.0,0.0,0.0,0.02891463827931774,0.005913430959804041,0.0,0.0006329410241114424,0.3164809012231033,0.0,0.0,0.0,0.0,0.0,0.0,0.42955263225201396,0.0,0.0,0.0,0.0,0.0,0.0,0.0,0.0,0.0,0.0,0.0,0.0,0.0,0.0,0.0,0.0,0.0,0.0,0.03748952754493342,0.03748952754493342
2018/01/23 06:00:00,2018/01/23 06:00:00,2018/01/23 11:00:00,10.594231192344846,10.594231192344846,10.150233958758951,0.0,0.0,0.0,0.0793383753156568,0.016225760819139942,0.0,0.0017367159166417452,0.3466963815344563,0.0,0.0,0.0,0.0,0.0,0.0,0.0,0.0,0.0,0.0,0.0,0.0,0.0,0.0,0.0,0.0,0.0,0.0,0.0,0.0,0.0,0.0,0.0,0.0,0.0,0.0361489884031918,0.0361489884031918
2018/01/23 07:00:00,2018/01/23 07:00:00,2018/01/23 12:00:00,10.869821536607054,10.869821536607054,10.214991292427978,0.0,0.0,0.0,0.18626460412594562,0.038093607331822404,0.0,0.0040773295571716285,0.42639470316413536,0.0,0.0,0.0,0.0,0.0,0.0,0.0,0.0,0.0,0.0,0.0,0.0,0.0,0.0,0.0,0.0,0.0,0.0,0.0,0.0,0.0,0.0,0.0,0.0,0.0,0.03708934093825492,0.03708934093825492
2018/01/23 08:00:00,2018/01/23 08:00:00,2018/01/23 13:00:00,11.318158245755598,11.318158245755598,9.75880973733011,0.0,0.0,0.0,0.2357130548240661,0.048206478066980994,0.0,0.005159755445514127,0.5844296437462715,0.0,0.0,0.0,0.0,0.0,0.0,0.6858395763426538,0.0,0.0,0.0,0.0,0.0,0.0,0.0,0.0,0.0,0.0,0.0,0.0,0.0,0.0,0.0,0.0,0.0,0.0,0.03861912806537053,0.03861912806537053
2018/01/23 09:00:00,2018/01/23 09:00:00,2018/01/23 14:00:00,13.691634880323397,13.691634880323397,9.466568077214854,0.0,0.0,0.0,0.250496774796642,0.05122994689070952,0.0,0.005483370867198723,2.59903583972314,0.0,0.0,0.0,0.0,0.0,0.0,1.3188208708308526,0.0,0.0,0.0,0.0,0.0,0.0,0.0,0.0,0.0,0.0,0.0,0.0,0.0,0.0,0.0,0.0,0.0,0.0,0.04671776002653015,0.04671776002653015
2018/01/23 10:00:00,2018/01/23 10:00:00,2018/01/23 15:00:00,11.77306616096181,11.77306616096181,9.835735417731874,0.0,0.0,0.0,0.25749316728611565,0.05266080290054545,0.0,0.005636521800113578,0.3027193804123075,0.0,0.0,0.0,0.0,0.0,0.0,1.3188208708308526,0.0,0.0,0.0,0.0,0.0,0.0,0.0,0.0,0.0,0.0,0.0,0.0,0.0,0.0,0.0,0.0,0.0,0.0,0.040171337060317884,0.040171337060317884
2018/01/23 11:00:00,2018/01/23 11:00:00,2018/01/23 16:00:00,11.311364579336551,11.311364579336551,9.384642142067117,0.0,0.0,0.0,0.25049210539113925,0.0512289919347181,0.0,0.0054832686539781255,0.30069720045874637,0.0,0.0,0.0,0.0,0.0,0.0,1.3188208708308526,0.0,0.0,0.0,0.0,0.0,0.0,0.0,0.0,0.0,0.0,0.0,0.0,0.0,0.0,0.0,0.0,0.0,0.0,0.038595947131885265,0.038595947131885265
2018/01/23 12:00:00,2018/01/23 12:00:00,2018/01/23 17:00:00,11.215056937784064,11.215056937784064,9.280163532378712,0.0,0.0,0.0,0.2407923239647726,0.049245256664163566,0.0,0.00527094057536429,0.3207640133701988,0.0,0.0,0.0,0.0,0.0,0.0,1.3188208708308526,0.0,0.0,0.0,0.0,0.0,0.0,0.0,0.0,0.0,0.0,0.0,0.0,0.0,0.0,0.0,0.0,0.0,0.0,0.038267332081447704,0.038267332081447704
2018/01/23 13:00:00,2018/01/23 13:00:00,2018/01/23 18:00:00,11.019624743427585,11.019624743427585,9.153704212160829,0.0,0.0,0.0,0.23379126206979614,0.04781344569833624,0.0,0.005117687429228839,0.3253849632138206,0.0,0.0,0.0,0.0,0.0,0.0,1.2538131728555746,0.0,0.0,0.0,0.0,0.0,0.0,0.0,0.0,0.0,0.0,0.0,0.0,0.0,0.0,0.0,0.0,0.0,0.0,0.03760049028810384,0.03760049028810384
2018/01/23 14:00:00,2018/01/23 14:00:00,2018/01/23 19:00:00,9.378923134243271,9.378923134243271,8.753542778303506,0.0,0.0,0.0,0.2317310969246499,0.04739211432168432,0.0,0.005072590443258922,0.34118455425017113,0.0,0.0,0.0,0.0,0.0,0.0,0.0,0.0,0.0,0.0,0.0,0.0,0.0,0.0,0.0,0.0,0.0,0.0,0.0,0.0,0.0,0.0,0.0,0.0,0.0,0.03200218849850747,0.03200218849850747
2018/01/23 15:00:00,2018/01/23 15:00:00,2018/01/23 20:00:00,9.683450062246543,9.683450062246543,9.015583355849918,0.0,0.0,0.0,0.23317934365905124,0.047688300184150045,0.0,0.005104292543848358,0.3818947700095756,0.0,0.0,0.0,0.0,0.0,0.0,0.0,0.0,0.0,0.0,0.0,0.0,0.0,0.0,0.0,0.0,0.0,0.0,0.0,0.0,0.0,0.0,0.0,0.0,0.0,0.033041276676685445,0.033041276676685445
2018/01/23 16:00:00,2018/01/23 16:00:00,2018/01/23 21:00:00,9.814466949770708,9.814466949770708,9.145116352445394,0.0,0.0,0.0,0.24459549474031855,0.05002305604703263,0.0,0.005354191929999653,0.36937785460796296,0.0,0.0,0.0,0.0,0.0,0.0,0.0,0.0,0.0,0.0,0.0,0.0,0.0,0.0,0.0,0.0,0.0,0.0,0.0,0.0,0.0,0.0,0.0,0.0,0.0,0.03348832449561124,0.03348832449561124
2018/01/23 17:00:00,2018/01/23 17:00:00,2018/01/23 22:00:00,10.149149663610293,10.149149663610293,9.301274334778135,0.0,0.0,0.0,0.28271709417415014,0.05781943392842271,0.0,0.006188673203924996,0.50115012752566,0.0,0.0,0.0,0.0,0.0,0.0,0.0,0.0,0.0,0.0,0.0,0.0,0.0,0.0,0.0,0.0,0.0,0.0,0.0,0.0,0.0,0.0,0.0,0.0,0.0,0.034630308403804405,0.034630308403804405
2018/01/23 18:00:00,2018/01/23 18:00:00,2018/01/23 23:00:00,10.67651980079901,10.67651980079901,9.520242984318221,0.0,0.0,0.0,0.3675402510758053,0.07516690607333103,0.0,0.008045450912124845,0.7055242084195247,0.0,0.0,0.0,0.0,0.0,0.0,0.0,0.0,0.0,0.0,0.0,0.0,0.0,0.0,0.0,0.0,0.0,0.0,0.0,0.0,0.0,0.0,0.0,0.0,0.0,0.036429768565406286,0.036429768565406286
2018/01/23 19:00:00,2018/01/23 19:00:00,2018/01/24 00:00:00,10.70795072911864,10.70795072911864,9.384257227682852,0.0,0.0,0.0,0.47677390830942135,0.09750665261617207,0.0,0.010436574128296532,0.7389763663818958,0.0,0.0,0.0,0.0,0.0,0.0,0.0,0.0,0.0,0.0,0.0,0.0,0.0,0.0,0.0,0.0,0.0,0.0,0.0,0.0,0.0,0.0,0.0,0.0,0.0,0.0365370152586962,0.0365370152586962
2018/01/23 20:00:00,2018/01/23 20:00:00,2018/01/24 01:00:00,11.972525156599682,11.972525156599682,9.046516899726182,0.0,0.0,0.0,0.5317029901440857,0.10874038585457309,0.0,0.011638970954917116,1.018073563395663,0.0,0.0,0.0,0.0,0.0,0.0,1.2558523465242613,0.0,0.0,0.0,0.0,0.0,0.0,0.0,0.0,0.0,0.0,0.0,0.0,0.0,0.0,0.0,0.0,0.0,0.0,0.04085191885897032,0.04085191885897032
2018/01/23 21:00:00,2018/01/23 21:00:00,2018/01/24 02:00:00,19.2376108721966,19.2376108721966,8.958551610558263,0.0,0.0,0.0,0.4809530735025553,0.09836134789544489,0.0,0.010528055995429731,8.370395913414052,0.0,0.0,0.0,0.0,0.0,0.0,1.3188208708308526,0.0,0.0,0.0,0.0,0.0,0.0,0.0,0.0,0.0,0.0,0.0,0.0,0.0,0.0,0.0,0.0,0.0,0.0,0.06564140046581639,0.06564140046581639
2018/01/23 22:00:00,2018/01/23 22:00:00,2018/01/24 03:00:00,14.91667062026062,14.91667062026062,8.961135401072601,0.0,0.0,0.0,0.3722164214914055,0.07612324558004757,0.0,0.008147812216567882,4.180226869069144,0.0,0.0,0.0,0.0,0.0,0.0,1.3188208708308526,0.0,0.0,0.0,0.0,0.0,0.0,0.0,0.0,0.0,0.0,0.0,0.0,0.0,0.0,0.0,0.0,0.0,0.0,0.050897752132845954,0.050897752132845954
2018/01/23 23:00:00,2018/01/23 23:00:00,2018/01/24 04:00:00,13.190743014164624,13.190743014164624,9.12955998278171,0.0,0.0,0.0,0.3200453407126226,0.06545356051245445,0.0,0.0070057879941606725,2.3498574713328217,0.0,0.0,0.0,0.0,0.0,0.0,1.3188208708308526,0.0,0.0,0.0,0.0,0.0,0.0,0.0,0.0,0.0,0.0,0.0,0.0,0.0,0.0,0.0,0.0,0.0,0.0,0.045008647403604746,0.045008647403604746
2018/01/24 00:00:00,2018/01/24 00:00:00,2018/01/24 05:00:00,11.947637920519432,11.947637920519432,9.957153045684178,0.0,0.0,0.0,0.13094360677997474,0.026779722120023,0.0,0.002866353705536267,0.5110743213988677,0.0,0.0,0.0,0.0,0.0,0.0,1.3188208708308526,0.0,0.0,0.0,0.0,0.0,0.0,0.0,0.0,0.0,0.0,0.0,0.0,0.0,0.0,0.0,0.0,0.0,0.0,0.04076700015254238,0.04076700015254238
2018/01/24 01:00:00,2018/01/24 01:00:00,2018/01/24 06:00:00,13.71127113711431,13.71127113711431,10.876477781691092,0.0,0.0,0.0,0.06501908921459039,0.013297274945155983,0.0,0.0014232669458539432,1.4362328534867663,0.0,0.0,0.0,0.0,0.0,0.0,1.3188208708308526,0.0,0.0,0.0,0.0,0.0,0.0,0.0,0.0,0.0,0.0,0.0,0.0,0.0,0.0,0.0,0.0,0.0,0.0,0.0467847616622439,0.0467847616622439
2018/01/24 02:00:00,2018/01/24 02:00:00,2018/01/24 07:00:00,12.624967044080986,12.624967044080986,10.793181325138276,0.0,0.0,0.0,0.03901145352875434,0.00797836496709361,0.0,0.0008539601675123682,0.46512106944849735,0.0,0.0,0.0,0.0,0.0,0.0,1.3188208708308526,0.0,0.0,0.0,0.0,0.0,0.0,0.0,0.0,0.0,0.0,0.0,0.0,0.0,0.0,0.0,0.0,0.0,0.0,0.04307814120546397,0.04307814120546397
2018/01/24 03:00:00,2018/01/24 03:00:00,2018/01/24 08:00:00,13.35451113726996,13.35451113726996,9.709727875756185,0.0,0.0,0.0,0.026007635685836212,0.005318909978062404,0.0,0.0005693067783415784,2.294066538240683,0.0,0.0,0.0,0.0,0.0,0.0,1.3188208708308526,0.0,0.0,0.0,0.0,0.0,0.0,0.0,0.0,0.0,0.0,0.0,0.0,0.0,0.0,0.0,0.0,0.0,0.0,0.04556744698759202,0.04556744698759202
2018/01/24 04:00:00,2018/01/24 04:00:00,2018/01/24 09:00:00,12.862400900359244,12.862400900359244,9.510816058255765,0.0,0.0,0.0,0.026007635685836212,0.005318909978062404,0.0,0.0005693067783415784,2.0008681188303856,0.0,0.0,0.0,0.0,0.0,0.0,1.3188208708308526,0.0,0.0,0.0,0.0,0.0,0.0,0.0,0.0,0.0,0.0,0.0,0.0,0.0,0.0,0.0,0.0,0.0,0.0,0.043888298503459294,0.043888298503459294
2018/01/24 05:00:00,2018/01/24 05:00:00,2018/01/24 10:00:00,11.812977561868781,11.812977561868781,9.380214402359387,0.0,0.0,0.0,0.02891463827931774,0.005913430959804041,0.0,0.0006329410241114424,2.011271121734182,0.0,0.0,0.0,0.0,0.0,0.0,0.3860310275119773,0.0,0.0,0.0,0.0,0.0,0.0,0.0,0.0,0.0,0.0,0.0,0.0,0.0,0.0,0.0,0.0,0.0,0.0,0.04030752030404243,0.04030752030404243
2018/01/24 06:00:00,2018/01/24 06:00:00,2018/01/24 11:00:00,9.711858777324554,9.711858777324554,9.267861543738658,0.0,0.0,0.0,0.0793383753156568,0.016225760819139942,0.0,0.0017367159166417452,0.3466963815344563,0.0,0.0,0.0,0.0,0.0,0.0,0.0,0.0,0.0,0.0,0.0,0.0,0.0,0.0,0.0,0.0,0.0,0.0,0.0,0.0,0.0,0.0,0.0,0.0,0.0,0.03313821115859921,0.03313821115859921
2018/01/24 07:00:00,2018/01/24 07:00:00,2018/01/24 12:00:00,9.565470044700458,9.565470044700458,8.910639800521382,0.0,0.0,0.0,0.18626460412594562,0.038093607331822404,0.0,0.0040773295571716285,0.42639470316413536,0.0,0.0,0.0,0.0,0.0,0.0,0.0,0.0,0.0,0.0,0.0,0.0,0.0,0.0,0.0,0.0,0.0,0.0,0.0,0.0,0.0,0.0,0.0,0.0,0.0,0.03263871246899065,0.03263871246899065
2018/01/24 08:00:00,2018/01/24 08:00:00,2018/01/24 13:00:00,9.499883631460976,9.499883631460976,8.7244320631939,0.0,0.0,0.0,0.2357130548240661,0.048206478066980994,0.0,0.005159755445514127,0.48637227993051274,0.0,0.0,0.0,0.0,0.0,0.0,0.0,0.0,0.0,0.0,0.0,0.0,0.0,0.0,0.0,0.0,0.0,0.0,0.0,0.0,0.0,0.0,0.0,0.0,0.0,0.032414922516840645,0.032414922516840645
2018/01/24 09:00:00,2018/01/24 09:00:00,2018/01/24 14:00:00,9.276093444831158,9.276093444831158,8.580361342741844,0.0,0.0,0.0,0.250496774796642,0.05122994689070952,0.0,0.005483370867198723,0.38852200953476496,0.0,0.0,0.0,0.0,0.0,0.0,0.0,0.0,0.0,0.0,0.0,0.0,0.0,0.0,0.0,0.0,0.0,0.0,0.0,0.0,0.0,0.0,0.0,0.0,0.0,0.03165131931483813,0.03165131931483813
2018/01/24 10:00:00,2018/01/24 10:00:00,2018/01/24 15:00:00,9.024925857172274,9.024925857172274,8.40641598477319,0.0,0.0,0.0,0.25749316728611565,0.05266080290054545,0.0,0.005636521800113578,0.3027193804123075,0.0,0.0,0.0,0.0,0.0,0.0,0.0,0.0,0.0,0.0,0.0,0.0,0.0,0.0,0.0,0.0,0.0,0.0,0.0,0.0,0.0,0.0,0.0,0.0,0.0,0.030794300617709897,0.030794300617709897
2018/01/24 11:00:00,2018/01/24 11:00:00,2018/01/24 16:00:00,9.144083362685139,9.144083362685139,8.53618179624656,0.0,0.0,0.0,0.25049210539113925,0.0512289919347181,0.0,0.0054832686539781255,0.30069720045874637,0.0,0.0,0.0,0.0,0.0,0.0,0.0,0.0,0.0,0.0,0.0,0.0,0.0,0.0,0.0,0.0,0.0,0.0,0.0,0.0,0.0,0.0,0.0,0.0,0.0,0.031200882577904453,0.031200882577904453
2018/01/24 12:00:00,2018/01/24 12:00:00,2018/01/24 17:00:00,9.802823166102758,9.802823166102758,8.74970310015679,0.0,0.0,0.0,0.2407923239647726,0.049245256664163566,0.0,0.00527094057536429,0.3207640133701988,0.0,0.0,0.0,0.0,0.0,0.0,0.4370475313714691,0.0,0.0,0.0,0.0,0.0,0.0,0.0,0.0,0.0,0.0,0.0,0.0,0.0,0.0,0.0,0.0,0.0,0.0,0.03344859428837486,0.03344859428837486
2018/01/24 13:00:00,2018/01/24 13:00:00,2018/01/24 18:00:00,11.346160881311901,11.346160881311901,9.415232652069868,0.0,0.0,0.0,0.23379126206979614,0.04781344569833624,0.0,0.005117687429228839,0.3253849632138206,0.0,0.0,0.0,0.0,0.0,0.0,1.3188208708308526,0.0,0.0,0.0,0.0,0.0,0.0,0.0,0.0,0.0,0.0,0.0,0.0,0.0,0.0,0.0,0.0,0.0,0.0,0.0387146769475504,0.0387146769475504
2018/01/24 14:00:00,2018/01/24 14:00:00,2018/01/24 19:00:00,11.2598955474686,11.2598955474686,9.485585264243307,0.0,0.0,0.0,0.2317310969246499,0.04739211432168432,0.0,0.005072590443258922,0.34118455425017113,0.0,0.0,0.0,0.0,0.0,0.0,1.148929927285531,0.0,0.0,0.0,0.0,0.0,0.0,0.0,0.0,0.0,0.0,0.0,0.0,0.0,0.0,0.0,0.0,0.0,0.0,0.038420327645927434,0.038420327645927434
2018/01/24 15:00:00,2018/01/24 15:00:00,2018/01/24 20:00:00,10.165647007775554,10.165647007775554,9.49778030137893,0.0,0.0,0.0,0.23317934365905124,0.047688300184150045,0.0,0.005104292543848358,0.3818947700095756,0.0,0.0,0.0,0.0,0.0,0.0,0.0,0.0,0.0,0.0,0.0,0.0,0.0,0.0,0.0,0.0,0.0,0.0,0.0,0.0,0.0,0.0,0.0,0.0,0.0,0.03468659963363375,0.03468659963363375
2018/01/24 16:00:00,2018/01/24 16:00:00,2018/01/24 21:00:00,9.860748428498052,9.860748428498052,9.104630377055067,0.0,0.0,0.0,0.24459549474031855,0.05002305604703263,0.0,0.005354191929999653,0.4561453087256356,0.0,0.0,0.0,0.0,0.0,0.0,0.0,0.0,0.0,0.0,0.0,0.0,0.0,0.0,0.0,0.0,0.0,0.0,0.0,0.0,0.0,0.0,0.0,0.0,0.0,0.033646243329684467,0.033646243329684467
2018/01/24 17:00:00,2018/01/24 17:00:00,2018/01/24 22:00:00,12.32319920744194,12.32319920744194,8.713312995976107,0.0,0.0,0.0,0.28271709417415014,0.05781943392842271,0.0,0.006188673203924996,2.606600749448547,0.0,0.0,0.0,0.0,0.0,0.0,0.6565602607107884,0.0,0.0,0.0,0.0,0.0,0.0,0.0,0.0,0.0,0.0,0.0,0.0,0.0,0.0,0.0,0.0,0.0,0.0,0.04204846743026795,0.04204846743026795
2018/01/24 18:00:00,2018/01/24 18:00:00,2018/01/24 23:00:00,13.702399376103482,13.702399376103482,9.001238503641602,0.0,0.0,0.0,0.3675402510758053,0.07516690607333103,0.0,0.008045450912124845,4.074495448683224,0.0,0.0,0.0,0.0,0.0,0.0,0.17591281571739475,0.0,0.0,0.0,0.0,0.0,0.0,0.0,0.0,0.0,0.0,0.0,0.0,0.0,0.0,0.0,0.0,0.0,0.0,0.04675448998135704,0.04675448998135704
2018/01/24 19:00:00,2018/01/24 19:00:00,2018/01/25 00:00:00,11.143090294544418,11.143090294544418,9.81939679310863,0.0,0.0,0.0,0.47677390830942135,0.09750665261617207,0.0,0.010436574128296532,0.7389763663818958,0.0,0.0,0.0,0.0,0.0,0.0,0.0,0.0,0.0,0.0,0.0,0.0,0.0,0.0,0.0,0.0,0.0,0.0,0.0,0.0,0.0,0.0,0.0,0.0,0.0,0.03802177189830139,0.03802177189830139
2018/01/24 20:00:00,2018/01/24 20:00:00,2018/01/25 01:00:00,11.222320881678428,11.222320881678428,9.881354240602676,0.0,0.0,0.0,0.5317029901440857,0.10874038585457309,0.0,0.011638970954917116,0.6888842941221767,0.0,0.0,0.0,0.0,0.0,0.0,0.0,0.0,0.0,0.0,0.0,0.0,0.0,0.0,0.0,0.0,0.0,0.0,0.0,0.0,0.0,0.0,0.0,0.0,0.0,0.0382921176670019,0.0382921176670019
2018/01/24 21:00:00,2018/01/24 21:00:00,2018/01/25 02:00:00,11.371254083390976,11.371254083390976,9.985224747057421,0.0,0.0,0.0,0.4809530735025553,0.09836134789544489,0.0,0.010528055995429731,0.7961868589401253,0.0,0.0,0.0,0.0,0.0,0.0,0.0,0.0,0.0,0.0,0.0,0.0,0.0,0.0,0.0,0.0,0.0,0.0,0.0,0.0,0.0,0.0,0.0,0.0,0.0,0.038800298438575714,0.038800298438575714
2018/01/24 22:00:00,2018/01/24 22:00:00,2018/01/25 03:00:00,11.15021419210702,11.15021419210702,10.048642265805062,0.0,0.0,0.0,0.3722164214914055,0.07612324558004757,0.0,0.008147812216567882,0.645084447013938,0.0,0.0,0.0,0.0,0.0,0.0,0.0,0.0,0.0,0.0,0.0,0.0,0.0,0.0,0.0,0.0,0.0,0.0,0.0,0.0,0.0,0.0,0.0,0.0,0.0,0.0380460796263187,0.0380460796263187
2018/01/24 23:00:00,2018/01/24 23:00:00,2018/01/25 04:00:00,11.152323345359012,11.152323345359012,10.211154779776514,0.0,0.0,0.0,0.3200453407126226,0.06545356051245445,0.0,0.0070057879941606725,0.5486638763632579,0.0,0.0,0.0,0.0,0.0,0.0,0.0,0.0,0.0,0.0,0.0,0.0,0.0,0.0,0.0,0.0,0.0,0.0,0.0,0.0,0.0,0.0,0.0,0.0,0.0,0.03805327635018309,0.03805327635018309
2018/01/25 00:00:00,2018/01/25 00:00:00,2018/01/25 05:00:00,11.34270850212843,11.34270850212843,10.716905214552376,0.0,0.0,0.0,0.13094360677997474,0.026779722120023,0.0,0.002866353705536267,0.46521360497051883,0.0,0.0,0.0,0.0,0.0,0.0,0.0,0.0,0.0,0.0,0.0,0.0,0.0,0.0,0.0,0.0,0.0,0.0,0.0,0.0,0.0,0.0,0.0,0.0,0.0,0.03870289695022913,0.03870289695022913
2018/01/25 01:00:00,2018/01/25 01:00:00,2018/01/25 06:00:00,12.475036772862222,12.475036772862222,11.679657293423201,0.0,0.0,0.0,0.06501908921459039,0.013297274945155983,0.0,0.0014232669458539432,0.40239159993554136,0.0,0.0,0.0,0.0,0.0,0.0,0.3132482483978787,0.0,0.0,0.0,0.0,0.0,0.0,0.0,0.0,0.0,0.0,0.0,0.0,0.0,0.0,0.0,0.0,0.0,0.0,0.042566558294238596,0.042566558294238596
2018/01/25 02:00:00,2018/01/25 02:00:00,2018/01/25 07:00:00,12.493423713336584,12.493423713336584,11.970799657579526,0.0,0.0,0.0,0.03901145352875434,0.00797836496709361,0.0,0.0008539601675123682,0.382074150148087,0.0,0.0,0.0,0.0,0.0,0.0,0.09270612694561177,0.0,0.0,0.0,0.0,0.0,0.0,0.0,0.0,0.0,0.0,0.0,0.0,0.0,0.0,0.0,0.0,0.0,0.0,0.04262929708914598,0.04262929708914598
2018/01/25 03:00:00,2018/01/25 03:00:00,2018/01/25 08:00:00,11.88481276359294,11.88481276359294,11.501442830776014,0.0,0.0,0.0,0.026007635685836212,0.005318909978062404,0.0,0.0005693067783415784,0.35147408037468464,0.0,0.0,0.0,0.0,0.0,0.0,0.0,0.0,0.0,0.0,0.0,0.0,0.0,0.0,0.0,0.0,0.0,0.0,0.0,0.0,0.0,0.0,0.0,0.0,0.0,0.040552631990480224,0.040552631990480224
2018/01/25 04:00:00,2018/01/25 04:00:00,2018/01/25 09:00:00,11.721145787290212,11.721145787290212,11.351948766792656,0.0,0.0,0.0,0.026007635685836212,0.005318909978062404,0.0,0.0005693067783415784,0.33730116805531524,0.0,0.0,0.0,0.0,0.0,0.0,0.0,0.0,0.0,0.0,0.0,0.0,0.0,0.0,0.0,0.0,0.0,0.0,0.0,0.0,0.0,0.0,0.0,0.0,0.0,0.039994177533433095,0.039994177533433095
2018/01/25 05:00:00,2018/01/25 05:00:00,2018/01/25 10:00:00,11.634111691496662,11.634111691496662,11.282169780010324,0.0,0.0,0.0,0.02891463827931774,0.005913430959804041,0.0,0.0006329410241114424,0.3164809012231033,0.0,0.0,0.0,0.0,0.0,0.0,0.0,0.0,0.0,0.0,0.0,0.0,0.0,0.0,0.0,0.0,0.0,0.0,0.0,0.0,0.0,0.0,0.0,0.0,0.0,0.03969720510925222,0.03969720510925222
2018/01/25 06:00:00,2018/01/25 06:00:00,2018/01/25 11:00:00,11.592627213233897,11.592627213233897,11.148629979648002,0.0,0.0,0.0,0.0793383753156568,0.016225760819139942,0.0,0.0017367159166417452,0.3466963815344563,0.0,0.0,0.0,0.0,0.0,0.0,0.0,0.0,0.0,0.0,0.0,0.0,0.0,0.0,0.0,0.0,0.0,0.0,0.0,0.0,0.0,0.0,0.0,0.0,0.0,0.03955565430708388,0.03955565430708388
2018/01/25 07:00:00,2018/01/25 07:00:00,2018/01/25 12:00:00,11.541455195567973,11.541455195567973,10.886624951388898,0.0,0.0,0.0,0.18626460412594562,0.038093607331822404,0.0,0.0040773295571716285,0.42639470316413536,0.0,0.0,0.0,0.0,0.0,0.0,0.0,0.0,0.0,0.0,0.0,0.0,0.0,0.0,0.0,0.0,0.0,0.0,0.0,0.0,0.0,0.0,0.0,0.0,0.0,0.03938104827483965,0.03938104827483965
2018/01/25 08:00:00,2018/01/25 08:00:00,2018/01/25 13:00:00,11.42610488644747,11.42610488644747,10.223384552139946,0.0,0.0,0.0,0.2357130548240661,0.048206478066980994,0.0,0.005159755445514127,0.48637227993051274,0.0,0.0,0.0,0.0,0.0,0.0,0.42726876604044867,0.0,0.0,0.0,0.0,0.0,0.0,0.0,0.0,0.0,0.0,0.0,0.0,0.0,0.0,0.0,0.0,0.0,0.0,0.03898745699756843,0.03898745699756843
2018/01/25 09:00:00,2018/01/25 09:00:00,2018/01/25 14:00:00,12.626280551085264,12.626280551085264,10.611727578165095,0.0,0.0,0.0,0.250496774796642,0.05122994689070952,0.0,0.005483370867198723,0.38852200953476496,0.0,0.0,0.0,0.0,0.0,0.0,1.3188208708308526,0.0,0.0,0.0,0.0,0.0,0.0,0.0,0.0,0.0,0.0,0.0,0.0,0.0,0.0,0.0,0.0,0.0,0.0,0.043082623073813185,0.043082623073813185
2018/01/25 10:00:00,2018/01/25 10:00:00,2018/01/25 15:00:00,12.24426670027138,12.24426670027138,10.306935957041446,0.0,0.0,0.0,0.25749316728611565,0.05266080290054545,0.0,0.005636521800113578,0.3027193804123075,0.0,0.0,0.0,0.0,0.0,0.0,1.3188208708308526,0.0,0.0,0.0,0.0,0.0,0.0,0.0,0.0,0.0,0.0,0.0,0.0,0.0,0.0,0.0,0.0,0.0,0.0,0.04177913875180706,0.04177913875180706
2018/01/25 11:00:00,2018/01/25 11:00:00,2018/01/25 16:00:00,11.812265951985706,11.812265951985706,9.885543514716272,0.0,0.0,0.0,0.25049210539113925,0.0512289919347181,0.0,0.0054832686539781255,0.30069720045874637,0.0,0.0,0.0,0.0,0.0,0.0,1.3188208708308526,0.0,0.0,0.0,0.0,0.0,0.0,0.0,0.0,0.0,0.0,0.0,0.0,0.0,0.0,0.0,0.0,0.0,0.0,0.040305092192276334,0.040305092192276334
2018/01/25 12:00:00,2018/01/25 12:00:00,2018/01/25 17:00:00,10.70426991626751,10.70426991626751,9.744128098571329,0.0,0.0,0.0,0.2407923239647726,0.049245256664163566,0.0,0.00527094057536429,0.3207640133701988,0.0,0.0,0.0,0.0,0.0,0.0,0.34406928312168034,0.0,0.0,0.0,0.0,0.0,0.0,0.0,0.0,0.0,0.0,0.0,0.0,0.0,0.0,0.0,0.0,0.0,0.0,0.036524455813970666,0.036524455813970666
2018/01/25 13:00:00,2018/01/25 13:00:00,2018/01/25 18:00:00,9.869433717986652,9.869433717986652,9.25732635957547,0.0,0.0,0.0,0.23379126206979614,0.04781344569833624,0.0,0.005117687429228839,0.3253849632138206,0.0,0.0,0.0,0.0,0.0,0.0,0.0,0.0,0.0,0.0,0.0,0.0,0.0,0.0,0.0,0.0,0.0,0.0,0.0,0.0,0.0,0.0,0.0,0.0,0.0,0.03367587874383595,0.03367587874383595
2018/01/25 14:00:00,2018/01/25 14:00:00,2018/01/25 19:00:00,9.441790744063804,9.441790744063804,8.816410388124039,0.0,0.0,0.0,0.2317310969246499,0.04739211432168432,0.0,0.005072590443258922,0.34118455425017113,0.0,0.0,0.0,0.0,0.0,0.0,0.0,0.0,0.0,0.0,0.0,0.0,0.0,0.0,0.0,0.0,0.0,0.0,0.0,0.0,0.0,0.0,0.0,0.0,0.0,0.03221670151574094,0.03221670151574094
2018/01/25 15:00:00,2018/01/25 15:00:00,2018/01/25 20:00:00,9.308974112452553,9.308974112452553,8.593715911783848,0.0,0.0,0.0,0.23317934365905124,0.047688300184150045,0.0,0.005104292543848358,0.42928626428165617,0.0,0.0,0.0,0.0,0.0,0.0,0.0,0.0,0.0,0.0,0.0,0.0,0.0,0.0,0.0,0.0,0.0,0.0,0.0,0.0,0.0,0.0,0.0,0.0,0.0,0.031763512719999415,0.031763512719999415
2018/01/25 16:00:00,2018/01/25 16:00:00,2018/01/25 21:00:00,10.405485735781424,10.405485735781424,8.239569753937253,0.0,0.0,0.0,0.24459549474031855,0.05002305604703263,0.0,0.005354191929999653,1.4533121293180298,0.0,0.0,0.0,0.0,0.0,0.0,0.4126311098087909,0.0,0.0,0.0,0.0,0.0,0.0,0.0,0.0,0.0,0.0,0.0,0.0,0.0,0.0,0.0,0.0,0.0,0.0,0.03550496268800858,0.03550496268800858
2018/01/25 17:00:00,2018/01/25 17:00:00,2018/01/25 22:00:00,9.474658618054947,9.474658618054947,8.275458770867013,0.0,0.0,0.0,0.28271709417415014,0.05781943392842271,0.0,0.006188673203924996,0.8524746458814354,0.0,0.0,0.0,0.0,0.0,0.0,0.0,0.0,0.0,0.0,0.0,0.0,0.0,0.0,0.0,0.0,0.0,0.0,0.0,0.0,0.0,0.0,0.0,0.0,0.0,0.03232885126725872,0.03232885126725872
2018/01/25 18:00:00,2018/01/25 18:00:00,2018/01/25 23:00:00,9.6232258526459,9.6232258526459,8.466949036165113,0.0,0.0,0.0,0.3675402510758053,0.07516690607333103,0.0,0.008045450912124845,0.7055242084195247,0.0,0.0,0.0,0.0,0.0,0.0,0.0,0.0,0.0,0.0,0.0,0.0,0.0,0.0,0.0,0.0,0.0,0.0,0.0,0.0,0.0,0.0,0.0,0.0,0.0,0.032835783308179566,0.032835783308179566
2018/01/25 19:00:00,2018/01/25 19:00:00,2018/01/26 00:00:00,10.213100145817666,10.213100145817666,8.377986296968341,0.0,0.0,0.0,0.47677390830942135,0.09750665261617207,0.0,0.010436574128296532,0.7389763663818958,0.0,0.0,0.0,0.0,0.0,0.0,0.5114203474135369,0.0,0.0,0.0,0.0,0.0,0.0,0.0,0.0,0.0,0.0,0.0,0.0,0.0,0.0,0.0,0.0,0.0,0.0,0.03484851633203644,0.03484851633203644
2018/01/25 20:00:00,2018/01/25 20:00:00,2018/01/26 01:00:00,11.233175536640935,11.233175536640935,8.57866080974899,0.0,0.0,0.0,0.5317029901440857,0.10874038585457309,0.0,0.011638970954917116,0.6836115091075151,0.0,0.0,0.0,0.0,0.0,0.0,1.3188208708308526,0.0,0.0,0.0,0.0,0.0,0.0,0.0,0.0,0.0,0.0,0.0,0.0,0.0,0.0,0.0,0.0,0.0,0.0,0.038329155257482636,0.038329155257482636
2018/01/25 21:00:00,2018/01/25 21:00:00,2018/01/26 02:00:00,11.705849438793257,11.705849438793257,9.119863983290122,0.0,0.0,0.0,0.4809530735025553,0.09836134789544489,0.0,0.010528055995429731,0.6773221072788519,0.0,0.0,0.0,0.0,0.0,0.0,1.3188208708308526,0.0,0.0,0.0,0.0,0.0,0.0,0.0,0.0,0.0,0.0,0.0,0.0,0.0,0.0,0.0,0.0,0.0,0.0,0.03994198426764641,0.03994198426764641
2018/01/25 22:00:00,2018/01/25 22:00:00,2018/01/26 03:00:00,12.262360014331852,12.262360014331852,9.841967217199041,0.0,0.0,0.0,0.3722164214914055,0.07612324558004757,0.0,0.008147812216567882,0.645084447013938,0.0,0.0,0.0,0.0,0.0,0.0,1.3188208708308526,0.0,0.0,0.0,0.0,0.0,0.0,0.0,0.0,0.0,0.0,0.0,0.0,0.0,0.0,0.0,0.0,0.0,0.0,0.04184087565260454,0.04184087565260454
2018/01/25 23:00:00,2018/01/25 23:00:00,2018/01/26 04:00:00,12.76695852132838,12.76695852132838,10.740274471550718,0.0,0.0,0.0,0.3200453407126226,0.06545356051245445,0.0,0.0070057879941606725,0.5486638763632579,0.0,0.0,0.0,0.0,0.0,0.0,1.0855154841951662,0.0,0.0,0.0,0.0,0.0,0.0,0.0,0.0,0.0,0.0,0.0,0.0,0.0,0.0,0.0,0.0,0.0,0.0,0.04356263584893343,0.04356263584893343
2018/01/26 00:00:00,2018/01/26 00:00:00,2018/01/26 05:00:00,12.087208907296136,12.087208907296136,11.461405619720082,0.0,0.0,0.0,0.13094360677997474,0.026779722120023,0.0,0.002866353705536267,0.46521360497051883,0.0,0.0,0.0,0.0,0.0,0.0,0.0,0.0,0.0,0.0,0.0,0.0,0.0,0.0,0.0,0.0,0.0,0.0,0.0,0.0,0.0,0.0,0.0,0.0,0.0,0.041243235746311446,0.041243235746311446
2018/01/26 01:00:00,2018/01/26 01:00:00,2018/01/26 06:00:00,13.213251681643147,13.213251681643147,12.731120450602004,0.0,0.0,0.0,0.06501908921459039,0.013297274945155983,0.0,0.0014232669458539432,0.40239159993554136,0.0,0.0,0.0,0.0,0.0,0.0,0.0,0.0,0.0,0.0,0.0,0.0,0.0,0.0,0.0,0.0,0.0,0.0,0.0,0.0,0.0,0.0,0.0,0.0,0.0,0.04508545010357229,0.04508545010357229
2018/01/26 02:00:00,2018/01/26 02:00:00,2018/01/26 07:00:00,13.911583909547273,13.911583909547273,13.481665980735826,0.0,0.0,0.0,0.03901145352875434,0.00797836496709361,0.0,0.0008539601675123682,0.382074150148087,0.0,0.0,0.0,0.0,0.0,0.0,0.0,0.0,0.0,0.0,0.0,0.0,0.0,0.0,0.0,0.0,0.0,0.0,0.0,0.0,0.0,0.0,0.0,0.0,0.0,0.0474682566659137,0.0474682566659137
2018/01/26 03:00:00,2018/01/26 03:00:00,2018/01/26 08:00:00,14.010767739801608,14.010767739801608,13.627397806984682,0.0,0.0,0.0,0.026007635685836212,0.005318909978062404,0.0,0.0005693067783415784,0.35147408037468464,0.0,0.0,0.0,0.0,0.0,0.0,0.0,0.0,0.0,0.0,0.0,0.0,0.0,0.0,0.0,0.0,0.0,0.0,0.0,0.0,0.0,0.0,0.0,0.0,0.0,0.0478066856717144,0.0478066856717144
2018/01/26 04:00:00,2018/01/26 04:00:00,2018/01/26 09:00:00,14.853060601433958,14.853060601433958,14.483863580936402,0.0,0.0,0.0,0.026007635685836212,0.005318909978062404,0.0,0.0005693067783415784,0.33730116805531524,0.0,0.0,0.0,0.0,0.0,0.0,0.0,0.0,0.0,0.0,0.0,0.0,0.0,0.0,0.0,0.0,0.0,0.0,0.0,0.0,0.0,0.0,0.0,0.0,0.0,0.05068070591296042,0.05068070591296042
2018/01/26 05:00:00,2018/01/26 05:00:00,2018/01/26 10:00:00,15.494289642270447,15.494289642270447,15.142347730784108,0.0,0.0,0.0,0.02891463827931774,0.005913430959804041,0.0,0.0006329410241114424,0.3164809012231033,0.0,0.0,0.0,0.0,0.0,0.0,0.0,0.0,0.0,0.0,0.0,0.0,0.0,0.0,0.0,0.0,0.0,0.0,0.0,0.0,0.0,0.0,0.0,0.0,0.0,0.052868668469199256,0.052868668469199256
2018/01/26 06:00:00,2018/01/26 06:00:00,2018/01/26 11:00:00,15.879660068165474,15.879660068165474,15.43566283457958,0.0,0.0,0.0,0.0793383753156568,0.016225760819139942,0.0,0.0017367159166417452,0.3466963815344563,0.0,0.0,0.0,0.0,0.0,0.0,0.0,0.0,0.0,0.0,0.0,0.0,0.0,0.0,0.0,0.0,0.0,0.0,0.0,0.0,0.0,0.0,0.0,0.0,0.0,0.05418360589162199,0.05418360589162199
2018/01/26 07:00:00,2018/01/26 07:00:00,2018/01/26 12:00:00,16.551321588586475,16.551321588586475,14.587454752693535,0.0,0.0,0.0,0.18626460412594562,0.038093607331822404,0.0,0.0040773295571716285,0.42639470316413536,0.0,0.0,0.0,0.0,0.0,0.0,1.3090365917138649,0.0,0.0,0.0,0.0,0.0,0.0,0.0,0.0,0.0,0.0,0.0,0.0,0.0,0.0,0.0,0.0,0.0,0.0,0.05647540829537858,0.05647540829537858
2018/01/26 08:00:00,2018/01/26 08:00:00,2018/01/26 13:00:00,17.386983255196032,17.386983255196032,15.292710816098099,0.0,0.0,0.0,0.2357130548240661,0.048206478066980994,0.0,0.005159755445514127,0.48637227993051274,0.0,0.0,0.0,0.0,0.0,0.0,1.3188208708308526,0.0,0.0,0.0,0.0,0.0,0.0,0.0,0.0,0.0,0.0,0.0,0.0,0.0,0.0,0.0,0.0,0.0,0.0,0.05932680197811118,0.05932680197811118
2018/01/26 09:00:00,2018/01/26 09:00:00,2018/01/26 14:00:00,17.28718602862728,17.28718602862728,15.27263305570711,0.0,0.0,0.0,0.250496774796642,0.05122994689070952,0.0,0.005483370867198723,0.38852200953476496,0.0,0.0,0.0,0.0,0.0,0.0,1.3188208708308526,0.0,0.0,0.0,0.0,0.0,0.0,0.0,0.0,0.0,0.0,0.0,0.0,0.0,0.0,0.0,0.0,0.0,0.0,0.05898627997888284,0.05898627997888284
2018/01/26 10:00:00,2018/01/26 10:00:00,2018/01/26 15:00:00,16.81342642751195,16.81342642751195,14.876095684282014,0.0,0.0,0.0,0.25749316728611565,0.05266080290054545,0.0,0.005636521800113578,0.3027193804123075,0.0,0.0,0.0,0.0,0.0,0.0,1.3188208708308526,0.0,0.0,0.0,0.0,0.0,0.0,0.0,0.0,0.0,0.0,0.0,0.0,0.0,0.0,0.0,0.0,0.0,0.0,0.05736974641304998,0.05736974641304998
2018/01/26 11:00:00,2018/01/26 11:00:00,2018/01/26 16:00:00,15.764166048354255,15.764166048354255,13.83744361108482,0.0,0.0,0.0,0.25049210539113925,0.0512289919347181,0.0,0.0054832686539781255,0.30069720045874637,0.0,0.0,0.0,0.0,0.0,0.0,1.3188208708308526,0.0,0.0,0.0,0.0,0.0,0.0,0.0,0.0,0.0,0.0,0.0,0.0,0.0,0.0,0.0,0.0,0.0,0.0,0.05378952425351213,0.05378952425351213
2018/01/26 12:00:00,2018/01/26 12:00:00,2018/01/26 17:00:00,13.477545055086171,13.477545055086171,12.31883223604359,0.0,0.0,0.0,0.2407923239647726,0.049245256664163566,0.0,0.00527094057536429,0.3207640133701988,0.0,0.0,0.0,0.0,0.0,0.0,0.5426402844680808,0.0,0.0,0.0,0.0,0.0,0.0,0.0,0.0,0.0,0.0,0.0,0.0,0.0,0.0,0.0,0.0,0.0,0.0,0.0459872558050125,0.0459872558050125
2018/01/26 13:00:00,2018/01/26 13:00:00,2018/01/26 18:00:00,13.438607402674466,13.438607402674466,11.50767917343243,0.0,0.0,0.0,0.23379126206979614,0.04781344569833624,0.0,0.005117687429228839,0.3253849632138206,0.0,0.0,0.0,0.0,0.0,0.0,1.3188208708308526,0.0,0.0,0.0,0.0,0.0,0.0,0.0,0.0,0.0,0.0,0.0,0.0,0.0,0.0,0.0,0.0,0.0,0.0,0.0458543951264108,0.0458543951264108
2018/01/26 14:00:00,2018/01/26 14:00:00,2018/01/26 19:00:00,11.377553855791016,11.377553855791016,10.703865533452,0.0,0.0,0.0,0.2317310969246499,0.04739211432168432,0.0,0.005072590443258922,0.34118455425017113,0.0,0.0,0.0,0.0,0.0,0.0,0.04830796639925277,0.0,0.0,0.0,0.0,0.0,0.0,0.0,0.0,0.0,0.0,0.0,0.0,0.0,0.0,0.0,0.0,0.0,0.0,0.03882179413706456,0.03882179413706456
2018/01/26 15:00:00,2018/01/26 15:00:00,2018/01/26 20:00:00,12.005171508876396,12.005171508876396,10.377537727514085,0.0,0.0,0.0,0.23317934365905124,0.047688300184150045,0.0,0.005104292543848358,0.7410571373996557,0.0,0.0,0.0,0.0,0.0,0.0,0.6006047075756064,0.0,0.0,0.0,0.0,0.0,0.0,0.0,0.0,0.0,0.0,0.0,0.0,0.0,0.0,0.0,0.0,0.0,0.0,0.04096331274762834,0.04096331274762834
2018/01/26 16:00:00,2018/01/26 16:00:00,2018/01/26 21:00:00,11.315224411143987,11.315224411143987,10.645873813818673,0.0,0.0,0.0,0.24459549474031855,0.05002305604703263,0.0,0.005354191929999653,0.36937785460796296,0.0,0.0,0.0,0.0,0.0,0.0,0.0,0.0,0.0,0.0,0.0,0.0,0.0,0.0,0.0,0.0,0.0,0.0,0.0,0.0,0.0,0.0,0.0,0.0,0.0,0.03860911741415607,0.03860911741415607
2018/01/26 17:00:00,2018/01/26 17:00:00,2018/01/26 22:00:00,11.568045802822487,11.568045802822487,10.72017047399033,0.0,0.0,0.0,0.28271709417415014,0.05781943392842271,0.0,0.006188673203924996,0.50115012752566,0.0,0.0,0.0,0.0,0.0,0.0,0.0,0.0,0.0,0.0,0.0,0.0,0.0,0.0,0.0,0.0,0.0,0.0,0.0,0.0,0.0,0.0,0.0,0.0,0.0,0.03947177912031826,0.03947177912031826
2018/01/26 18:00:00,2018/01/26 18:00:00,2018/01/26 23:00:00,12.08286548490763,12.08286548490763,10.926588668426842,0.0,0.0,0.0,0.3675402510758053,0.07516690607333103,0.0,0.008045450912124845,0.7055242084195247,0.0,0.0,0.0,0.0,0.0,0.0,0.0,0.0,0.0,0.0,0.0,0.0,0.0,0.0,0.0,0.0,0.0,0.0,0.0,0.0,0.0,0.0,0.0,0.0,0.0,0.041228415385805656,0.041228415385805656
2018/01/26 19:00:00,2018/01/26 19:00:00,2018/01/27 00:00:00,12.381661537661069,12.381661537661069,11.057968036225281,0.0,0.0,0.0,0.47677390830942135,0.09750665261617207,0.0,0.010436574128296532,0.7389763663818958,0.0,0.0,0.0,0.0,0.0,0.0,0.0,0.0,0.0,0.0,0.0,0.0,0.0,0.0,0.0,0.0,0.0,0.0,0.0,0.0,0.0,0.0,0.0,0.0,0.0,0.04224794902159305,0.04224794902159305
2018/01/26 20:00:00,2018/01/26 20:00:00,2018/01/27 01:00:00,13.111270227578744,13.111270227578744,10.91527036516677,0.0,0.0,0.0,0.5317029901440857,0.10874038585457309,0.0,0.011638970954917116,0.6836115091075151,0.0,0.0,0.0,0.0,0.0,0.0,0.8603060063508826,0.0,0.0,0.0,0.0,0.0,0.0,0.0,0.0,0.0,0.0,0.0,0.0,0.0,0.0,0.0,0.0,0.0,0.0,0.044737475216732124,0.044737475216732124
2018/01/26 21:00:00,2018/01/26 21:00:00,2018/01/27 02:00:00,14.505796046867347,14.505796046867347,11.919810591364211,0.0,0.0,0.0,0.4809530735025553,0.09836134789544489,0.0,0.010528055995429731,0.6773221072788519,0.0,0.0,0.0,0.0,0.0,0.0,1.3188208708308526,0.0,0.0,0.0,0.0,0.0,0.0,0.0,0.0,0.0,0.0,0.0,0.0,0.0,0.0,0.0,0.0,0.0,0.0,0.04949579101654598,0.04949579101654598
2018/01/26 22:00:00,2018/01/26 22:00:00,2018/01/27 03:00:00,14.943300565289,14.943300565289,12.522907768156188,0.0,0.0,0.0,0.3722164214914055,0.07612324558004757,0.0,0.008147812216567882,0.645084447013938,0.0,0.0,0.0,0.0,0.0,0.0,1.3188208708308526,0.0,0.0,0.0,0.0,0.0,0.0,0.0,0.0,0.0,0.0,0.0,0.0,0.0,0.0,0.0,0.0,0.0,0.0,0.05098861720427314,0.05098861720427314
2018/01/26 23:00:00,2018/01/26 23:00:00,2018/01/27 04:00:00,14.83809687321943,14.83809687321943,13.138389969996815,0.0,0.0,0.0,0.3200453407126226,0.06545356051245445,0.0,0.0070057879941606725,0.5486638763632579,0.0,0.0,0.0,0.0,0.0,0.0,0.7585383376401176,0.0,0.0,0.0,0.0,0.0,0.0,0.0,0.0,0.0,0.0,0.0,0.0,0.0,0.0,0.0,0.0,0.0,0.0,0.05062964759377947,0.05062964759377947
2018/01/27 00:00:00,2018/01/27 00:00:00,2018/01/27 05:00:00,14.314186363769112,14.314186363769112,13.688383076193059,0.0,0.0,0.0,0.13094360677997474,0.026779722120023,0.0,0.002866353705536267,0.46521360497051883,0.0,0.0,0.0,0.0,0.0,0.0,0.0,0.0,0.0,0.0,0.0,0.0,0.0,0.0,0.0,0.0,0.0,0.0,0.0,0.0,0.0,0.0,0.0,0.0,0.0,0.04884199216257512,0.04884199216257512
2018/01/27 01:00:00,2018/01/27 01:00:00,2018/01/27 06:00:00,15.33505664483359,15.33505664483359,14.852925413792448,0.0,0.0,0.0,0.06501908921459039,0.013297274945155983,0.0,0.0014232669458539432,0.40239159993554136,0.0,0.0,0.0,0.0,0.0,0.0,0.0,0.0,0.0,0.0,0.0,0.0,0.0,0.0,0.0,0.0,0.0,0.0,0.0,0.0,0.0,0.0,0.0,0.0,0.0,0.05232534336393729,0.05232534336393729
2018/01/27 02:00:00,2018/01/27 02:00:00,2018/01/27 07:00:00,15.764842102595411,15.764842102595411,15.334924173783964,0.0,0.0,0.0,0.03901145352875434,0.00797836496709361,0.0,0.0008539601675123682,0.382074150148087,0.0,0.0,0.0,0.0,0.0,0.0,0.0,0.0,0.0,0.0,0.0,0.0,0.0,0.0,0.0,0.0,0.0,0.0,0.0,0.0,0.0,0.0,0.0,0.0,0.0,0.0537918310444892,0.0537918310444892
2018/01/27 03:00:00,2018/01/27 03:00:00,2018/01/27 08:00:00,15.147585852688735,15.147585852688735,14.764215919871809,0.0,0.0,0.0,0.026007635685836212,0.005318909978062404,0.0,0.0005693067783415784,0.35147408037468464,0.0,0.0,0.0,0.0,0.0,0.0,0.0,0.0,0.0,0.0,0.0,0.0,0.0,0.0,0.0,0.0,0.0,0.0,0.0,0.0,0.0,0.0,0.0,0.0,0.0,0.051685666980805456,0.051685666980805456
2018/01/27 04:00:00,2018/01/27 04:00:00,2018/01/27 09:00:00,15.106607694924891,15.106607694924891,14.737410674427336,0.0,0.0,0.0,0.026007635685836212,0.005318909978062404,0.0,0.0005693067783415784,0.33730116805531524,0.0,0.0,0.0,0.0,0.0,0.0,0.0,0.0,0.0,0.0,0.0,0.0,0.0,0.0,0.0,0.0,0.0,0.0,0.0,0.0,0.0,0.0,0.0,0.0,0.0,0.0515458438145091,0.0515458438145091
2018/01/27 05:00:00,2018/01/27 05:00:00,2018/01/27 10:00:00,15.211736847044016,15.211736847044016,14.859794935557678,0.0,0.0,0.0,0.02891463827931774,0.005913430959804041,0.0,0.0006329410241114424,0.3164809012231033,0.0,0.0,0.0,0.0,0.0,0.0,0.0,0.0,0.0,0.0,0.0,0.0,0.0,0.0,0.0,0.0,0.0,0.0,0.0,0.0,0.0,0.0,0.0,0.0,0.0,0.05190455908433799,0.05190455908433799
2018/01/27 06:00:00,2018/01/27 06:00:00,2018/01/27 11:00:00,15.215951246756061,15.215951246756061,14.771954013170166,0.0,0.0,0.0,0.0793383753156568,0.016225760819139942,0.0,0.0017367159166417452,0.3466963815344563,0.0,0.0,0.0,0.0,0.0,0.0,0.0,0.0,0.0,0.0,0.0,0.0,0.0,0.0,0.0,0.0,0.0,0.0,0.0,0.0,0.0,0.0,0.0,0.0,0.0,0.05191893920155,0.05191893920155
2018/01/27 07:00:00,2018/01/27 07:00:00,2018/01/27 12:00:00,15.480258254483733,15.480258254483733,14.419024626290899,0.0,0.0,0.0,0.18626460412594562,0.038093607331822404,0.0,0.0040773295571716285,0.42639470316413536,0.0,0.0,0.0,0.0,0.0,0.0,0.4064033840137583,0.0,0.0,0.0,0.0,0.0,0.0,0.0,0.0,0.0,0.0,0.0,0.0,0.0,0.0,0.0,0.0,0.0,0.0,0.05282079142506328,0.05282079142506328
2018/01/27 08:00:00,2018/01/27 08:00:00,2018/01/27 13:00:00,15.979072016490324,15.979072016490324,14.348304545275877,0.0,0.0,0.0,0.2357130548240661,0.048206478066980994,0.0,0.005159755445514127,0.48637227993051274,0.0,0.0,0.0,0.0,0.0,0.0,0.8553159029473711,0.0,0.0,0.0,0.0,0.0,0.0,0.0,0.0,0.0,0.0,0.0,0.0,0.0,0.0,0.0,0.0,0.0,0.0,0.054522813267965674,0.054522813267965674
2018/01/27 09:00:00,2018/01/27 09:00:00,2018/01/27 14:00:00,16.44680912446106,16.44680912446106,14.432256151540887,0.0,0.0,0.0,0.250496774796642,0.05122994689070952,0.0,0.005483370867198723,0.38852200953476496,0.0,0.0,0.0,0.0,0.0,0.0,1.3188208708308526,0.0,0.0,0.0,0.0,0.0,0.0,0.0,0.0,0.0,0.0,0.0,0.0,0.0,0.0,0.0,0.0,0.0,0.0,0.05611879725064428,0.05611879725064428
2018/01/27 10:00:00,2018/01/27 10:00:00,2018/01/27 15:00:00,14.936718820856141,14.936718820856141,13.309884553345135,0.0,0.0,0.0,0.25749316728611565,0.05266080290054545,0.0,0.005636521800113578,0.3027193804123075,0.0,0.0,0.0,0.0,0.0,0.0,1.0083243951119232,0.0,0.0,0.0,0.0,0.0,0.0,0.0,0.0,0.0,0.0,0.0,0.0,0.0,0.0,0.0,0.0,0.0,0.0,0.050966159378041435,0.050966159378041435
2018/01/27 11:00:00,2018/01/27 11:00:00,2018/01/27 16:00:00,12.97148362791985,12.97148362791985,12.363582061481269,0.0,0.0,0.0,0.25049210539113925,0.0512289919347181,0.0,0.0054832686539781255,0.30069720045874637,0.0,0.0,0.0,0.0,0.0,0.0,0.0,0.0,0.0,0.0,0.0,0.0,0.0,0.0,0.0,0.0,0.0,0.0,0.0,0.0,0.0,0.0,0.0,0.0,0.0,0.04426050392185966,0.04426050392185966
2018/01/27 12:00:00,2018/01/27 12:00:00,2018/01/27 17:00:00,12.487201875267345,12.487201875267345,11.871129340692844,0.0,0.0,0.0,0.2407923239647726,0.049245256664163566,0.0,0.00527094057536429,0.3207640133701988,0.0,0.0,0.0,0.0,0.0,0.0,0.0,0.0,0.0,0.0,0.0,0.0,0.0,0.0,0.0,0.0,0.0,0.0,0.0,0.0,0.0,0.0,0.0,0.0,0.0,0.042608067313419165,0.042608067313419165
2018/01/27 13:00:00,2018/01/27 13:00:00,2018/01/27 18:00:00,12.283121536215553,12.283121536215553,11.671014177804372,0.0,0.0,0.0,0.23379126206979614,0.04781344569833624,0.0,0.005117687429228839,0.3253849632138206,0.0,0.0,0.0,0.0,0.0,0.0,0.0,0.0,0.0,0.0,0.0,0.0,0.0,0.0,0.0,0.0,0.0,0.0,0.0,0.0,0.0,0.0,0.0,0.0,0.0,0.04191171684911805,0.04191171684911805
2018/01/27 14:00:00,2018/01/27 14:00:00,2018/01/27 19:00:00,12.824308361646334,12.824308361646334,11.129086505736218,0.0,0.0,0.0,0.2317310969246499,0.04739211432168432,0.0,0.005072590443258922,0.34118455425017113,0.0,0.0,0.0,0.0,0.0,0.0,1.0698414999703507,0.0,0.0,0.0,0.0,0.0,0.0,0.0,0.0,0.0,0.0,0.0,0.0,0.0,0.0,0.0,0.0,0.0,0.0,0.043758321470187066,0.043758321470187066
2018/01/27 15:00:00,2018/01/27 15:00:00,2018/01/27 20:00:00,12.475352521783899,12.475352521783899,11.130311022309176,0.0,0.0,0.0,0.23317934365905124,0.047688300184150045,0.0,0.005104292543848358,0.3818947700095756,0.0,0.0,0.0,0.0,0.0,0.0,0.6771747930780996,0.0,0.0,0.0,0.0,0.0,0.0,0.0,0.0,0.0,0.0,0.0,0.0,0.0,0.0,0.0,0.0,0.0,0.0,0.04256763567341796,0.04256763567341796
2018/01/27 16:00:00,2018/01/27 16:00:00,2018/01/27 21:00:00,12.064362895020425,12.064362895020425,11.39501229769511,0.0,0.0,0.0,0.24459549474031855,0.05002305604703263,0.0,0.005354191929999653,0.36937785460796296,0.0,0.0,0.0,0.0,0.0,0.0,0.0,0.0,0.0,0.0,0.0,0.0,0.0,0.0,0.0,0.0,0.0,0.0,0.0,0.0,0.0,0.0,0.0,0.0,0.0,0.04116528197903755,0.04116528197903755
2018/01/27 17:00:00,2018/01/27 17:00:00,2018/01/27 22:00:00,12.724022914836745,12.724022914836745,11.876147586004587,0.0,0.0,0.0,0.28271709417415014,0.05781943392842271,0.0,0.006188673203924996,0.50115012752566,0.0,0.0,0.0,0.0,0.0,0.0,0.0,0.0,0.0,0.0,0.0,0.0,0.0,0.0,0.0,0.0,0.0,0.0,0.0,0.0,0.0,0.0,0.0,0.0,0.0,0.04341613359568153,0.04341613359568153
2018/01/27 18:00:00,2018/01/27 18:00:00,2018/01/27 23:00:00,13.618815806275945,13.618815806275945,12.462538989795156,0.0,0.0,0.0,0.3675402510758053,0.07516690607333103,0.0,0.008045450912124845,0.7055242084195247,0.0,0.0,0.0,0.0,0.0,0.0,0.0,0.0,0.0,0.0,0.0,0.0,0.0,0.0,0.0,0.0,0.0,0.0,0.0,0.0,0.0,0.0,0.0,0.0,0.0,0.04646929123106204,0.04646929123106204
2018/01/27 19:00:00,2018/01/27 19:00:00,2018/01/28 00:00:00,15.280335268892014,15.280335268892014,12.64890323042763,0.0,0.0,0.0,0.47677390830942135,0.09750665261617207,0.0,0.010436574128296532,0.7389763663818958,0.0,0.0,0.0,0.0,0.0,0.0,1.3077385370285959,0.0,0.0,0.0,0.0,0.0,0.0,0.0,0.0,0.0,0.0,0.0,0.0,0.0,0.0,0.0,0.0,0.0,0.0,0.052138626428238535,0.052138626428238535
2018/01/27 20:00:00,2018/01/27 20:00:00,2018/01/28 01:00:00,16.388495165745116,16.388495165745116,13.319755752674173,0.0,0.0,0.0,0.5317029901440857,0.10874038585457309,0.0,0.011638970954917116,1.0978361952865172,0.0,0.0,0.0,0.0,0.0,0.0,1.3188208708308526,0.0,0.0,0.0,0.0,0.0,0.0,0.0,0.0,0.0,0.0,0.0,0.0,0.0,0.0,0.0,0.0,0.0,0.0,0.055919821923497384,0.055919821923497384
2018/01/27 21:00:00,2018/01/27 21:00:00,2018/01/28 02:00:00,16.361932834202864,16.361932834202864,13.775947378699728,0.0,0.0,0.0,0.4809530735025553,0.09836134789544489,0.0,0.010528055995429731,0.6773221072788519,0.0,0.0,0.0,0.0,0.0,0.0,1.3188208708308526,0.0,0.0,0.0,0.0,0.0,0.0,0.0,0.0,0.0,0.0,0.0,0.0,0.0,0.0,0.0,0.0,0.0,0.0,0.0558291875586766,0.0558291875586766
2018/01/27 22:00:00,2018/01/27 22:00:00,2018/01/28 03:00:00,15.60742243345645,15.60742243345645,14.260492985689144,0.0,0.0,0.0,0.3722164214914055,0.07612324558004757,0.0,0.008147812216567882,0.645084447013938,0.0,0.0,0.0,0.0,0.0,0.0,0.24535752146534812,0.0,0.0,0.0,0.0,0.0,0.0,0.0,0.0,0.0,0.0,0.0,0.0,0.0,0.0,0.0,0.0,0.0,0.0,0.05325469326725716,0.05325469326725716
2018/01/27 23:00:00,2018/01/27 23:00:00,2018/01/28 04:00:00,15.544986539214705,15.544986539214705,14.603817973632209,0.0,0.0,0.0,0.3200453407126226,0.06545356051245445,0.0,0.0070057879941606725,0.5486638763632579,0.0,0.0,0.0,0.0,0.0,0.0,0.0,0.0,0.0,0.0,0.0,0.0,0.0,0.0,0.0,0.0,0.0,0.0,0.0,0.0,0.0,0.0,0.0,0.0,0.0,0.053041653323545275,0.053041653323545275
2018/01/28 00:00:00,2018/01/28 00:00:00,2018/01/28 05:00:00,15.533283634673497,15.533283634673497,14.907480347097444,0.0,0.0,0.0,0.13094360677997474,0.026779722120023,0.0,0.002866353705536267,0.46521360497051883,0.0,0.0,0.0,0.0,0.0,0.0,0.0,0.0,0.0,0.0,0.0,0.0,0.0,0.0,0.0,0.0,0.0,0.0,0.0,0.0,0.0,0.0,0.0,0.0,0.0,0.053001721387677246,0.053001721387677246
2018/01/28 01:00:00,2018/01/28 01:00:00,2018/01/28 06:00:00,15.961165663852828,15.961165663852828,15.479034432811686,0.0,0.0,0.0,0.06501908921459039,0.013297274945155983,0.0,0.0014232669458539432,0.40239159993554136,0.0,0.0,0.0,0.0,0.0,0.0,0.0,0.0,0.0,0.0,0.0,0.0,0.0,0.0,0.0,0.0,0.0,0.0,0.0,0.0,0.0,0.0,0.0,0.0,0.0,0.05446171430551297,0.05446171430551297
2018/01/28 02:00:00,2018/01/28 02:00:00,2018/01/28 07:00:00,15.587298539750785,15.587298539750785,15.157380610939338,0.0,0.0,0.0,0.03901145352875434,0.00797836496709361,0.0,0.0008539601675123682,0.382074150148087,0.0,0.0,0.0,0.0,0.0,0.0,0.0,0.0,0.0,0.0,0.0,0.0,0.0,0.0,0.0,0.0,0.0,0.0,0.0,0.0,0.0,0.0,0.0,0.0,0.0,0.053186027746655824,0.053186027746655824
2018/01/28 03:00:00,2018/01/28 03:00:00,2018/01/28 08:00:00,14.78018539687165,14.78018539687165,14.396815464054725,0.0,0.0,0.0,0.026007635685836212,0.005318909978062404,0.0,0.0005693067783415784,0.35147408037468464,0.0,0.0,0.0,0.0,0.0,0.0,0.0,0.0,0.0,0.0,0.0,0.0,0.0,0.0,0.0,0.0,0.0,0.0,0.0,0.0,0.0,0.0,0.0,0.0,0.0,0.05043204559237892,0.05043204559237892
2018/01/28 04:00:00,2018/01/28 04:00:00,2018/01/28 09:00:00,14.541795328183689,14.541795328183689,14.172598307686135,0.0,0.0,0.0,0.026007635685836212,0.005318909978062404,0.0,0.0005693067783415784,0.33730116805531524,0.0,0.0,0.0,0.0,0.0,0.0,0.0,0.0,0.0,0.0,0.0,0.0,0.0,0.0,0.0,0.0,0.0,0.0,0.0,0.0,0.0,0.0,0.0,0.0,0.0,0.049618625564820516,0.049618625564820516
2018/01/28 05:00:00,2018/01/28 05:00:00,2018/01/28 10:00:00,14.388713880530137,14.388713880530137,13.843912873398468,0.0,0.0,0.0,0.02891463827931774,0.005913430959804041,0.0,0.0006329410241114424,0.3164809012231033,0.0,0.0,0.0,0.0,0.0,0.0,0.19285909564532977,0.0,0.0,0.0,0.0,0.0,0.0,0.0,0.0,0.0,0.0,0.0,0.0,0.0,0.0,0.0,0.0,0.0,0.0,0.049096290401890466,0.049096290401890466
2018/01/28 06:00:00,2018/01/28 06:00:00,2018/01/28 11:00:00,14.294292391160772,14.294292391160772,13.636667518926442,0.0,0.0,0.0,0.0793383753156568,0.016225760819139942,0.0,0.0017367159166417452,0.3466963815344563,0.0,0.0,0.0,0.0,0.0,0.0,0.21362763864843426,0.0,0.0,0.0,0.0,0.0,0.0,0.0,0.0,0.0,0.0,0.0,0.0,0.0,0.0,0.0,0.0,0.0,0.0,0.0487741111646947,0.0487741111646947
2018/01/28 07:00:00,2018/01/28 07:00:00,2018/01/28 12:00:00,14.237919275895417,14.237919275895417,13.30928719389199,0.0,0.0,0.0,0.18626460412594562,0.038093607331822404,0.0,0.0040773295571716285,0.42639470316413536,0.0,0.0,0.0,0.0,0.0,0.0,0.2738018378243503,0.0,0.0,0.0,0.0,0.0,0.0,0.0,0.0,0.0,0.0,0.0,0.0,0.0,0.0,0.0,0.0,0.0,0.0,0.048581758264990976,0.048581758264990976
2018/01/28 08:00:00,2018/01/28 08:00:00,2018/01/28 13:00:00,14.522835365463559,14.522835365463559,12.428562926365629,0.0,0.0,0.0,0.2357130548240661,0.048206478066980994,0.0,0.005159755445514127,0.48637227993051274,0.0,0.0,0.0,0.0,0.0,0.0,1.3188208708308526,0.0,0.0,0.0,0.0,0.0,0.0,0.0,0.0,0.0,0.0,0.0,0.0,0.0,0.0,0.0,0.0,0.0,0.0,0.04955393153841583,0.04955393153841583
2018/01/28 09:00:00,2018/01/28 09:00:00,2018/01/28 14:00:00,14.716783910097355,14.716783910097355,12.702230937177186,0.0,0.0,0.0,0.250496774796642,0.05122994689070952,0.0,0.005483370867198723,0.38852200953476496,0.0,0.0,0.0,0.0,0.0,0.0,1.3188208708308526,0.0,0.0,0.0,0.0,0.0,0.0,0.0,0.0,0.0,0.0,0.0,0.0,0.0,0.0,0.0,0.0,0.0,0.0,0.05021571091282188,0.05021571091282188
2018/01/28 10:00:00,2018/01/28 10:00:00,2018/01/28 15:00:00,14.2694314956295,14.2694314956295,12.332100752399565,0.0,0.0,0.0,0.25749316728611565,0.05266080290054545,0.0,0.005636521800113578,0.3027193804123075,0.0,0.0,0.0,0.0,0.0,0.0,1.3188208708308526,0.0,0.0,0.0,0.0,0.0,0.0,0.0,0.0,0.0,0.0,0.0,0.0,0.0,0.0,0.0,0.0,0.0,0.0,0.04868928233587866,0.04868928233587866
2018/01/28 11:00:00,2018/01/28 11:00:00,2018/01/28 16:00:00,13.28723474299129,13.28723474299129,11.326175262053688,0.0,0.0,0.0,0.25049210539113925,0.0512289919347181,0.0,0.0054832686539781255,0.33503424412691357,0.0,0.0,0.0,0.0,0.0,0.0,1.3188208708308526,0.0,0.0,0.0,0.0,0.0,0.0,0.0,0.0,0.0,0.0,0.0,0.0,0.0,0.0,0.0,0.0,0.0,0.0,0.04533789058539216,0.04533789058539216
2018/01/28 12:00:00,2018/01/28 12:00:00,2018/01/28 17:00:00,12.612602347910386,12.612602347910386,10.704091441361532,0.0,0.0,0.0,0.2407923239647726,0.049245256664163566,0.0,0.00527094057536429,1.0948263271285004,0.0,0.0,0.0,0.0,0.0,0.0,0.5183760582160528,0.0,0.0,0.0,0.0,0.0,0.0,0.0,0.0,0.0,0.0,0.0,0.0,0.0,0.0,0.0,0.0,0.0,0.0,0.043035951144631344,0.043035951144631344
2018/01/28 13:00:00,2018/01/28 13:00:00,2018/01/28 18:00:00,11.079310758182393,11.079310758182393,10.467203399771211,0.0,0.0,0.0,0.23379126206979614,0.04781344569833624,0.0,0.005117687429228839,0.3253849632138206,0.0,0.0,0.0,0.0,0.0,0.0,0.0,0.0,0.0,0.0,0.0,0.0,0.0,0.0,0.0,0.0,0.0,0.0,0.0,0.0,0.0,0.0,0.0,0.0,0.0,0.03780414726103864,0.03780414726103864
2018/01/28 14:00:00,2018/01/28 14:00:00,2018/01/28 19:00:00,11.02527006164723,11.02527006164723,9.93667044953495,0.0,0.0,0.0,0.2317310969246499,0.04739211432168432,0.0,0.005072590443258922,0.34118455425017113,0.0,0.0,0.0,0.0,0.0,0.0,0.4632192561725165,0.0,0.0,0.0,0.0,0.0,0.0,0.0,0.0,0.0,0.0,0.0,0.0,0.0,0.0,0.0,0.0,0.0,0.0,0.037619752898023266,0.037619752898023266
2018/01/28 15:00:00,2018/01/28 15:00:00,2018/01/28 20:00:00,10.016662805464787,10.016662805464787,9.348796099068164,0.0,0.0,0.0,0.23317934365905124,0.047688300184150045,0.0,0.005104292543848358,0.3818947700095756,0.0,0.0,0.0,0.0,0.0,0.0,0.0,0.0,0.0,0.0,0.0,0.0,0.0,0.0,0.0,0.0,0.0,0.0,0.0,0.0,0.0,0.0,0.0,0.0,0.0,0.03417824484093466,0.03417824484093466
2018/01/28 16:00:00,2018/01/28 16:00:00,2018/01/28 21:00:00,9.249943419457654,9.249943419457654,8.550146611258798,0.0,0.0,0.0,0.24459549474031855,0.05002305604703263,0.0,0.005354191929999653,0.3998240654815043,0.0,0.0,0.0,0.0,0.0,0.0,0.0,0.0,0.0,0.0,0.0,0.0,0.0,0.0,0.0,0.0,0.0,0.0,0.0,0.0,0.0,0.0,0.0,0.0,0.0,0.03156209179593586,0.03156209179593586
2018/01/28 17:00:00,2018/01/28 17:00:00,2018/01/28 22:00:00,9.958781066713804,9.958781066713804,8.424554732777647,0.0,0.0,0.0,0.28271709417415014,0.05781943392842271,0.0,0.006188673203924996,1.1875011326296598,0.0,0.0,0.0,0.0,0.0,0.0,0.0,0.0,0.0,0.0,0.0,0.0,0.0,0.0,0.0,0.0,0.0,0.0,0.0,0.0,0.0,0.0,0.0,0.0,0.0,0.03398074430834502,0.03398074430834502
2018/01/28 18:00:00,2018/01/28 18:00:00,2018/01/28 23:00:00,10.26227338080665,10.26227338080665,9.105996564325862,0.0,0.0,0.0,0.3675402510758053,0.07516690607333103,0.0,0.008045450912124845,0.7055242084195247,0.0,0.0,0.0,0.0,0.0,0.0,0.0,0.0,0.0,0.0,0.0,0.0,0.0,0.0,0.0,0.0,0.0,0.0,0.0,0.0,0.0,0.0,0.0,0.0,0.0,0.03501630224014922,0.03501630224014922
2018/01/28 19:00:00,2018/01/28 19:00:00,2018/01/29 00:00:00,12.043197873498139,12.043197873498139,9.892701053140541,0.0,0.0,0.0,0.47677390830942135,0.09750665261617207,0.0,0.010436574128296532,0.7389763663818958,0.0,0.0,0.0,0.0,0.0,0.0,0.8268033189218106,0.0,0.0,0.0,0.0,0.0,0.0,0.0,0.0,0.0,0.0,0.0,0.0,0.0,0.0,0.0,0.0,0.0,0.0,0.04109306398570971,0.04109306398570971
2018/01/28 20:00:00,2018/01/28 20:00:00,2018/01/29 01:00:00,12.471383252022825,12.471383252022825,10.690533899944343,0.0,0.0,0.0,0.5317029901440857,0.10874038585457309,0.0,0.011638970954917116,0.6836115091075151,0.0,0.0,0.0,0.0,0.0,0.0,0.44515549601738924,0.0,0.0,0.0,0.0,0.0,0.0,0.0,0.0,0.0,0.0,0.0,0.0,0.0,0.0,0.0,0.0,0.0,0.0,0.04255409197364804,0.04255409197364804
2018/01/28 21:00:00,2018/01/28 21:00:00,2018/01/29 02:00:00,12.109888376522886,12.109888376522886,10.804432132977656,0.0,0.0,0.0,0.4809530735025553,0.09836134789544489,0.0,0.010528055995429731,0.7156137661518006,0.0,0.0,0.0,0.0,0.0,0.0,0.0,0.0,0.0,0.0,0.0,0.0,0.0,0.0,0.0,0.0,0.0,0.0,0.0,0.0,0.0,0.0,0.0,0.0,0.0,0.04132062124556888,0.04132062124556888
2018/01/28 22:00:00,2018/01/28 22:00:00,2018/01/29 03:00:00,13.323106471231098,13.323106471231098,10.951968177710002,0.0,0.0,0.0,0.3722164214914055,0.07612324558004757,0.0,0.008147812216567882,1.5082959206422475,0.0,0.0,0.0,0.0,0.0,0.0,0.4063548935908277,0.0,0.0,0.0,0.0,0.0,0.0,0.0,0.0,0.0,0.0,0.0,0.0,0.0,0.0,0.0,0.0,0.0,0.0,0.04546028990485201,0.04546028990485201
2018/01/28 23:00:00,2018/01/28 23:00:00,2018/01/29 04:00:00,12.639888010974158,12.639888010974158,11.161624148298028,0.0,0.0,0.0,0.3200453407126226,0.06545356051245445,0.0,0.0070057879941606725,0.5486638763632579,0.0,0.0,0.0,0.0,0.0,0.0,0.537095297093634,0.0,0.0,0.0,0.0,0.0,0.0,0.0,0.0,0.0,0.0,0.0,0.0,0.0,0.0,0.0,0.0,0.0,0.0,0.043129053617076765,0.043129053617076765
2018/01/29 00:00:00,2018/01/29 00:00:00,2018/01/29 05:00:00,12.28818598972844,12.28818598972844,11.251312035630113,0.0,0.0,0.0,0.13094360677997474,0.026779722120023,0.0,0.002866353705536267,0.46521360497051883,0.0,0.0,0.0,0.0,0.0,0.0,0.4110706665222728,0.0,0.0,0.0,0.0,0.0,0.0,0.0,0.0,0.0,0.0,0.0,0.0,0.0,0.0,0.0,0.0,0.0,0.0,0.04192899746797391,0.04192899746797391
2018/01/29 01:00:00,2018/01/29 01:00:00,2018/01/29 06:00:00,12.758799063361602,12.758799063361602,11.796345516283886,0.0,0.0,0.0,0.06501908921459039,0.013297274945155983,0.0,0.0014232669458539432,0.40239159993554136,0.0,0.0,0.0,0.0,0.0,0.0,0.48032231603657477,0.0,0.0,0.0,0.0,0.0,0.0,0.0,0.0,0.0,0.0,0.0,0.0,0.0,0.0,0.0,0.0,0.0,0.0,0.043534794644974194,0.043534794644974194
2018/01/29 02:00:00,2018/01/29 02:00:00,2018/01/29 07:00:00,12.158205722269178,12.158205722269178,11.728287793457731,0.0,0.0,0.0,0.03901145352875434,0.00797836496709361,0.0,0.0008539601675123682,0.382074150148087,0.0,0.0,0.0,0.0,0.0,0.0,0.0,0.0,0.0,0.0,0.0,0.0,0.0,0.0,0.0,0.0,0.0,0.0,0.0,0.0,0.0,0.0,0.0,0.0,0.0,0.04148548674069965,0.04148548674069965
2018/01/29 03:00:00,2018/01/29 03:00:00,2018/01/29 08:00:00,11.592357440229023,11.592357440229023,11.208987507412097,0.0,0.0,0.0,0.026007635685836212,0.005318909978062404,0.0,0.0005693067783415784,0.35147408037468464,0.0,0.0,0.0,0.0,0.0,0.0,0.0,0.0,0.0,0.0,0.0,0.0,0.0,0.0,0.0,0.0,0.0,0.0,0.0,0.0,0.0,0.0,0.0,0.0,0.0,0.039554733804118856,0.039554733804118856
2018/01/29 04:00:00,2018/01/29 04:00:00,2018/01/29 09:00:00,11.573113061757514,11.573113061757514,11.20391604125996,0.0,0.0,0.0,0.026007635685836212,0.005318909978062404,0.0,0.0005693067783415784,0.33730116805531524,0.0,0.0,0.0,0.0,0.0,0.0,0.0,0.0,0.0,0.0,0.0,0.0,0.0,0.0,0.0,0.0,0.0,0.0,0.0,0.0,0.0,0.0,0.0,0.0,0.0,0.039489069311664154,0.039489069311664154
2018/01/29 05:00:00,2018/01/29 05:00:00,2018/01/29 10:00:00,11.594023519785218,11.594023519785218,11.24208160829888,0.0,0.0,0.0,0.02891463827931774,0.005913430959804041,0.0,0.0006329410241114424,0.3164809012231033,0.0,0.0,0.0,0.0,0.0,0.0,0.0,0.0,0.0,0.0,0.0,0.0,0.0,0.0,0.0,0.0,0.0,0.0,0.0,0.0,0.0,0.0,0.0,0.0,0.0,0.03956041869898874,0.03956041869898874
2018/01/29 06:00:00,2018/01/29 06:00:00,2018/01/29 11:00:00,11.637317145766637,11.637317145766637,11.19331991218074,0.0,0.0,0.0,0.0793383753156568,0.016225760819139942,0.0,0.0017367159166417452,0.3466963815344563,0.0,0.0,0.0,0.0,0.0,0.0,0.0,0.0,0.0,0.0,0.0,0.0,0.0,0.0,0.0,0.0,0.0,0.0,0.0,0.0,0.0,0.0,0.0,0.0,0.0,0.03970814256446992,0.03970814256446992
2018/01/29 07:00:00,2018/01/29 07:00:00,2018/01/29 12:00:00,11.592477740966634,11.592477740966634,10.937647496787559,0.0,0.0,0.0,0.18626460412594562,0.038093607331822404,0.0,0.0040773295571716285,0.42639470316413536,0.0,0.0,0.0,0.0,0.0,0.0,0.0,0.0,0.0,0.0,0.0,0.0,0.0,0.0,0.0,0.0,0.0,0.0,0.0,0.0,0.0,0.0,0.0,0.0,0.0,0.03955514428694577,0.03955514428694577
2018/01/29 08:00:00,2018/01/29 08:00:00,2018/01/29 13:00:00,12.154606807926992,12.154606807926992,10.821921625231177,0.0,0.0,0.0,0.2357130548240661,0.048206478066980994,0.0,0.005159755445514127,0.48637227993051274,0.0,0.0,0.0,0.0,0.0,0.0,0.5572336144287389,0.0,0.0,0.0,0.0,0.0,0.0,0.0,0.0,0.0,0.0,0.0,0.0,0.0,0.0,0.0,0.0,0.0,0.0,0.041473206745062614,0.041473206745062614
2018/01/29 09:00:00,2018/01/29 09:00:00,2018/01/29 14:00:00,12.304606596295784,12.304606596295784,10.437308849434807,0.0,0.0,0.0,0.250496774796642,0.05122994689070952,0.0,0.005483370867198723,0.46168223216050985,0.0,0.0,0.0,0.0,0.0,0.0,1.0984054221459152,0.0,0.0,0.0,0.0,0.0,0.0,0.0,0.0,0.0,0.0,0.0,0.0,0.0,0.0,0.0,0.0,0.0,0.0,0.041985026858460055,0.041985026858460055
2018/01/29 10:00:00,2018/01/29 10:00:00,2018/01/29 15:00:00,14.05462826630312,14.05462826630312,10.451755443728754,0.0,0.0,0.0,0.25749316728611565,0.05266080290054545,0.0,0.005636521800113578,1.968261459756738,0.0,0.0,0.0,0.0,0.0,0.0,1.3188208708308526,0.0,0.0,0.0,0.0,0.0,0.0,0.0,0.0,0.0,0.0,0.0,0.0,0.0,0.0,0.0,0.0,0.0,0.0,0.047956343880514556,0.047956343880514556
2018/01/29 11:00:00,2018/01/29 11:00:00,2018/01/29 16:00:00,12.294224767800074,12.294224767800074,9.99738483055303,0.0,0.0,0.0,0.25049210539113925,0.0512289919347181,0.0,0.0054832686539781255,0.6708147004363559,0.0,0.0,0.0,0.0,0.0,0.0,1.3188208708308526,0.0,0.0,0.0,0.0,0.0,0.0,0.0,0.0,0.0,0.0,0.0,0.0,0.0,0.0,0.0,0.0,0.0,0.0,0.04194960261756124,0.04194960261756124
2018/01/29 12:00:00,2018/01/29 12:00:00,2018/01/29 17:00:00,11.583621232797178,11.583621232797178,9.5445246656126,0.0,0.0,0.0,0.2407923239647726,0.049245256664163566,0.0,0.00527094057536429,0.42496717514942167,0.0,0.0,0.0,0.0,0.0,0.0,1.3188208708308526,0.0,0.0,0.0,0.0,0.0,0.0,0.0,0.0,0.0,0.0,0.0,0.0,0.0,0.0,0.0,0.0,0.0,0.0,0.039524924650872345,0.039524924650872345
2018/01/29 13:00:00,2018/01/29 13:00:00,2018/01/29 18:00:00,11.493016370129167,11.493016370129167,8.725716556618675,0.0,0.0,0.0,0.23379126206979614,0.04781344569833624,0.0,0.005117687429228839,1.1617565474822777,0.0,0.0,0.0,0.0,0.0,0.0,1.3188208708308526,0.0,0.0,0.0,0.0,0.0,0.0,0.0,0.0,0.0,0.0,0.0,0.0,0.0,0.0,0.0,0.0,0.0,0.0,0.03921576827412408,0.03921576827412408
2018/01/29 14:00:00,2018/01/29 14:00:00,2018/01/29 19:00:00,9.336761675777785,9.336761675777785,7.897284950046051,0.0,0.0,0.0,0.2317310969246499,0.04739211432168432,0.0,0.005072590443258922,0.34118455425017113,0.0,0.0,0.0,0.0,0.0,0.0,0.8140963697919694,0.0,0.0,0.0,0.0,0.0,0.0,0.0,0.0,0.0,0.0,0.0,0.0,0.0,0.0,0.0,0.0,0.0,0.0,0.031858327745852594,0.031858327745852594
2018/01/29 15:00:00,2018/01/29 15:00:00,2018/01/29 20:00:00,7.724383831839974,7.724383831839974,7.0565171254433485,0.0,0.0,0.0,0.23317934365905124,0.047688300184150045,0.0,0.005104292543848358,0.3818947700095756,0.0,0.0,0.0,0.0,0.0,0.0,0.0,0.0,0.0,0.0,0.0,0.0,0.0,0.0,0.0,0.0,0.0,0.0,0.0,0.0,0.0,0.0,0.0,0.0,0.0,0.026356670577545056,0.026356670577545056
2018/01/29 16:00:00,2018/01/29 16:00:00,2018/01/29 21:00:00,7.510409751175836,7.510409751175836,6.392622997287543,0.0,0.0,0.0,0.24459549474031855,0.05002305604703263,0.0,0.005354191929999653,0.36937785460796296,0.0,0.0,0.0,0.0,0.0,0.0,0.4484361565629808,0.0,0.0,0.0,0.0,0.0,0.0,0.0,0.0,0.0,0.0,0.0,0.0,0.0,0.0,0.0,0.0,0.0,0.0,0.025626561292588102,0.025626561292588102
2018/01/29 17:00:00,2018/01/29 17:00:00,2018/01/29 22:00:00,6.823246855839032,6.823246855839032,5.975371527006874,0.0,0.0,0.0,0.28271709417415014,0.05781943392842271,0.0,0.006188673203924996,0.50115012752566,0.0,0.0,0.0,0.0,0.0,0.0,0.0,0.0,0.0,0.0,0.0,0.0,0.0,0.0,0.0,0.0,0.0,0.0,0.0,0.0,0.0,0.0,0.0,0.0,0.0,0.02328186604442485,0.02328186604442485
2018/01/29 18:00:00,2018/01/29 18:00:00,2018/01/29 23:00:00,7.675374788156561,7.675374788156561,6.272777471117471,0.0,0.0,0.0,0.3675402510758053,0.07516690607333103,0.0,0.008045450912124845,0.7055242084195247,0.0,0.0,0.0,0.0,0.0,0.0,0.24632050055830476,0.0,0.0,0.0,0.0,0.0,0.0,0.0,0.0,0.0,0.0,0.0,0.0,0.0,0.0,0.0,0.0,0.0,0.0,0.02618944491297363,0.02618944491297363
2018/01/29 19:00:00,2018/01/29 19:00:00,2018/01/30 00:00:00,8.163845349107213,8.163845349107213,6.640434026911204,0.0,0.0,0.0,0.47677390830942135,0.09750665261617207,0.0,0.010436574128296532,0.7389763663818958,0.0,0.0,0.0,0.0,0.0,0.0,0.1997178207602241,0.0,0.0,0.0,0.0,0.0,0.0,0.0,0.0,0.0,0.0,0.0,0.0,0.0,0.0,0.0,0.0,0.0,0.0,0.027856174317167186,0.027856174317167186
2018/01/29 20:00:00,2018/01/29 20:00:00,2018/01/30 01:00:00,9.25860096748792,9.25860096748792,6.686386617250701,0.0,0.0,0.0,0.5317029901440857,0.10874038585457309,0.0,0.011638970954917116,0.6836115091075151,0.0,0.0,0.0,0.0,0.0,0.0,1.2365204941761274,0.0,0.0,0.0,0.0,0.0,0.0,0.0,0.0,0.0,0.0,0.0,0.0,0.0,0.0,0.0,0.0,0.0,0.0,0.03159163255237813,0.03159163255237813
2018/01/29 21:00:00,2018/01/29 21:00:00,2018/01/30 02:00:00,8.75932207209674,8.75932207209674,6.807961789361349,0.0,0.0,0.0,0.4809530735025553,0.09836134789544489,0.0,0.010528055995429731,0.6773221072788519,0.0,0.0,0.0,0.0,0.0,0.0,0.6841956980631113,0.0,0.0,0.0,0.0,0.0,0.0,0.0,0.0,0.0,0.0,0.0,0.0,0.0,0.0,0.0,0.0,0.0,0.0,0.029888023609758913,0.029888023609758913
2018/01/29 22:00:00,2018/01/29 22:00:00,2018/01/30 03:00:00,8.248472899368064,8.248472899368064,6.845546265242866,0.0,0.0,0.0,0.3722164214914055,0.07612324558004757,0.0,0.008147812216567882,0.645084447013938,0.0,0.0,0.0,0.0,0.0,0.0,0.3013547078232389,0.0,0.0,0.0,0.0,0.0,0.0,0.0,0.0,0.0,0.0,0.0,0.0,0.0,0.0,0.0,0.0,0.0,0.0,0.028144935273713097,0.028144935273713097
2018/01/29 23:00:00,2018/01/29 23:00:00,2018/01/30 04:00:00,8.139121488062987,8.139121488062987,6.897931611715186,0.0,0.0,0.0,0.3200453407126226,0.06545356051245445,0.0,0.0070057879941606725,0.5486638763632579,0.0,0.0,0.0,0.0,0.0,0.0,0.3000213107653051,0.0,0.0,0.0,0.0,0.0,0.0,0.0,0.0,0.0,0.0,0.0,0.0,0.0,0.0,0.0,0.0,0.0,0.0,0.02777181306905551,0.02777181306905551
2018/01/30 00:00:00,2018/01/30 00:00:00,2018/01/30 05:00:00,7.766582595588049,7.766582595588049,7.140779308011997,0.0,0.0,0.0,0.13094360677997474,0.026779722120023,0.0,0.002866353705536267,0.46521360497051883,0.0,0.0,0.0,0.0,0.0,0.0,0.0,0.0,0.0,0.0,0.0,0.0,0.0,0.0,0.0,0.0,0.0,0.0,0.0,0.0,0.0,0.0,0.0,0.0,0.0,0.02650065862100596,0.02650065862100596
2018/01/30 01:00:00,2018/01/30 01:00:00,2018/01/30 06:00:00,8.17509719800854,8.17509719800854,7.692965966967398,0.0,0.0,0.0,0.06501908921459039,0.013297274945155983,0.0,0.0014232669458539432,0.40239159993554136,0.0,0.0,0.0,0.0,0.0,0.0,0.0,0.0,0.0,0.0,0.0,0.0,0.0,0.0,0.0,0.0,0.0,0.0,0.0,0.0,0.0,0.0,0.0,0.0,0.0,0.02789456718853877,0.02789456718853877
2018/01/30 02:00:00,2018/01/30 02:00:00,2018/01/30 07:00:00,8.237880290407578,8.237880290407578,7.807962361596131,0.0,0.0,0.0,0.03901145352875434,0.00797836496709361,0.0,0.0008539601675123682,0.382074150148087,0.0,0.0,0.0,0.0,0.0,0.0,0.0,0.0,0.0,0.0,0.0,0.0,0.0,0.0,0.0,0.0,0.0,0.0,0.0,0.0,0.0,0.0,0.0,0.0,0.0,0.02810879182059034,0.02810879182059034
2018/01/30 03:00:00,2018/01/30 03:00:00,2018/01/30 08:00:00,8.042916009977008,8.042916009977008,7.659546077160083,0.0,0.0,0.0,0.026007635685836212,0.005318909978062404,0.0,0.0005693067783415784,0.35147408037468464,0.0,0.0,0.0,0.0,0.0,0.0,0.0,0.0,0.0,0.0,0.0,0.0,0.0,0.0,0.0,0.0,0.0,0.0,0.0,0.0,0.0,0.0,0.0,0.0,0.0,0.027443546614556523,0.027443546614556523
2018/01/30 04:00:00,2018/01/30 04:00:00,2018/01/30 09:00:00,8.068748221746729,8.068748221746729,7.699551201249174,0.0,0.0,0.0,0.026007635685836212,0.005318909978062404,0.0,0.0005693067783415784,0.33730116805531524,0.0,0.0,0.0,0.0,0.0,0.0,0.0,0.0,0.0,0.0,0.0,0.0,0.0,0.0,0.0,0.0,0.0,0.0,0.0,0.0,0.0,0.0,0.0,0.0,0.0,0.02753168970929729,0.02753168970929729
2018/01/30 05:00:00,2018/01/30 05:00:00,2018/01/30 10:00:00,8.432785665146136,8.432785665146136,7.6476407914493,0.0,0.0,0.0,0.02891463827931774,0.005913430959804041,0.0,0.0006329410241114424,0.3164809012231033,0.0,0.0,0.0,0.0,0.0,0.0,0.4332029622104995,0.0,0.0,0.0,0.0,0.0,0.0,0.0,0.0,0.0,0.0,0.0,0.0,0.0,0.0,0.0,0.0,0.0,0.0,0.02877383603222081,0.02877383603222081
2018/01/30 06:00:00,2018/01/30 06:00:00,2018/01/30 11:00:00,8.030133507637421,8.030133507637421,7.586136274051525,0.0,0.0,0.0,0.0793383753156568,0.016225760819139942,0.0,0.0017367159166417452,0.3466963815344563,0.0,0.0,0.0,0.0,0.0,0.0,0.0,0.0,0.0,0.0,0.0,0.0,0.0,0.0,0.0,0.0,0.0,0.0,0.0,0.0,0.0,0.0,0.0,0.0,0.0,0.027399930941040603,0.027399930941040603
2018/01/30 07:00:00,2018/01/30 07:00:00,2018/01/30 12:00:00,8.116284421226558,8.116284421226558,7.461454177047483,0.0,0.0,0.0,0.18626460412594562,0.038093607331822404,0.0,0.0040773295571716285,0.42639470316413536,0.0,0.0,0.0,0.0,0.0,0.0,0.0,0.0,0.0,0.0,0.0,0.0,0.0,0.0,0.0,0.0,0.0,0.0,0.0,0.0,0.0,0.0,0.0,0.0,0.0,0.027693889824863,0.027693889824863
2018/01/30 08:00:00,2018/01/30 08:00:00,2018/01/30 13:00:00,8.495667839727865,8.495667839727865,6.93380517056983,0.0,0.0,0.0,0.2357130548240661,0.048206478066980994,0.0,0.005159755445514127,0.5844296437462715,0.0,0.0,0.0,0.0,0.0,0.0,0.6883537370752038,0.0,0.0,0.0,0.0,0.0,0.0,0.0,0.0,0.0,0.0,0.0,0.0,0.0,0.0,0.0,0.0,0.0,0.0,0.02898839874644257,0.02898839874644257
2018/01/30 09:00:00,2018/01/30 09:00:00,2018/01/30 14:00:00,10.85536819246001,10.85536819246001,6.630301389351466,0.0,0.0,0.0,0.250496774796642,0.05122994689070952,0.0,0.005483370867198723,2.59903583972314,0.0,0.0,0.0,0.0,0.0,0.0,1.3188208708308526,0.0,0.0,0.0,0.0,0.0,0.0,0.0,0.0,0.0,0.0,0.0,0.0,0.0,0.0,0.0,0.0,0.0,0.0,0.037040024120406315,0.037040024120406315
2018/01/30 10:00:00,2018/01/30 10:00:00,2018/01/30 15:00:00,8.953007652830479,8.953007652830479,7.015676909600544,0.0,0.0,0.0,0.25749316728611565,0.05266080290054545,0.0,0.005636521800113578,0.3027193804123075,0.0,0.0,0.0,0.0,0.0,0.0,1.3188208708308526,0.0,0.0,0.0,0.0,0.0,0.0,0.0,0.0,0.0,0.0,0.0,0.0,0.0,0.0,0.0,0.0,0.0,0.0,0.030548905714811378,0.030548905714811378
2018/01/30 11:00:00,2018/01/30 11:00:00,2018/01/30 16:00:00,8.724842037937211,8.724842037937211,6.798119600667778,0.0,0.0,0.0,0.25049210539113925,0.0512289919347181,0.0,0.0054832686539781255,0.30069720045874637,0.0,0.0,0.0,0.0,0.0,0.0,1.3188208708308526,0.0,0.0,0.0,0.0,0.0,0.0,0.0,0.0,0.0,0.0,0.0,0.0,0.0,0.0,0.0,0.0,0.0,0.0,0.029770372943812042,0.029770372943812042
2018/01/30 12:00:00,2018/01/30 12:00:00,2018/01/30 17:00:00,8.451572860628852,8.451572860628852,6.5166794552235014,0.0,0.0,0.0,0.2407923239647726,0.049245256664163566,0.0,0.00527094057536429,0.3207640133701988,0.0,0.0,0.0,0.0,0.0,0.0,1.3188208708308526,0.0,0.0,0.0,0.0,0.0,0.0,0.0,0.0,0.0,0.0,0.0,0.0,0.0,0.0,0.0,0.0,0.0,0.0,0.028837940552813482,0.028837940552813482
2018/01/30 13:00:00,2018/01/30 13:00:00,2018/01/30 18:00:00,7.968665742784493,7.968665742784493,6.065576113908629,0.0,0.0,0.0,0.23379126206979614,0.04781344569833624,0.0,0.005117687429228839,0.3253849632138206,0.0,0.0,0.0,0.0,0.0,0.0,1.290982270464682,0.0,0.0,0.0,0.0,0.0,0.0,0.0,0.0,0.0,0.0,0.0,0.0,0.0,0.0,0.0,0.0,0.0,0.0,0.027190194389279852,0.027190194389279852
2018/01/30 14:00:00,2018/01/30 14:00:00,2018/01/30 19:00:00,6.389935799492826,6.389935799492826,5.764555443553062,0.0,0.0,0.0,0.2317310969246499,0.04739211432168432,0.0,0.005072590443258922,0.34118455425017113,0.0,0.0,0.0,0.0,0.0,0.0,0.0,0.0,0.0,0.0,0.0,0.0,0.0,0.0,0.0,0.0,0.0,0.0,0.0,0.0,0.0,0.0,0.0,0.0,0.0,0.021803348531785328,0.021803348531785328
2018/01/30 15:00:00,2018/01/30 15:00:00,2018/01/30 20:00:00,6.120819161438048,6.120819161438048,5.452952455041423,0.0,0.0,0.0,0.23317934365905124,0.047688300184150045,0.0,0.005104292543848358,0.3818947700095756,0.0,0.0,0.0,0.0,0.0,0.0,0.0,0.0,0.0,0.0,0.0,0.0,0.0,0.0,0.0,0.0,0.0,0.0,0.0,0.0,0.0,0.0,0.0,0.0,0.0,0.020885085181521875,0.020885085181521875
2018/01/30 16:00:00,2018/01/30 16:00:00,2018/01/30 21:00:00,5.9553859040355555,5.9553859040355555,5.286035306710242,0.0,0.0,0.0,0.24459549474031855,0.05002305604703263,0.0,0.005354191929999653,0.36937785460796296,0.0,0.0,0.0,0.0,0.0,0.0,0.0,0.0,0.0,0.0,0.0,0.0,0.0,0.0,0.0,0.0,0.0,0.0,0.0,0.0,0.0,0.0,0.0,0.0,0.0,0.020320603928019862,0.020320603928019862
2018/01/30 17:00:00,2018/01/30 17:00:00,2018/01/30 22:00:00,6.045481640197351,6.045481640197351,5.197606311365193,0.0,0.0,0.0,0.28271709417415014,0.05781943392842271,0.0,0.006188673203924996,0.50115012752566,0.0,0.0,0.0,0.0,0.0,0.0,0.0,0.0,0.0,0.0,0.0,0.0,0.0,0.0,0.0,0.0,0.0,0.0,0.0,0.0,0.0,0.0,0.0,0.0,0.0,0.0206280230944095,0.0206280230944095
2018/01/30 18:00:00,2018/01/30 18:00:00,2018/01/30 23:00:00,6.21549841945478,6.21549841945478,5.059221602973995,0.0,0.0,0.0,0.3675402510758053,0.07516690607333103,0.0,0.008045450912124845,0.7055242084195247,0.0,0.0,0.0,0.0,0.0,0.0,0.0,0.0,0.0,0.0,0.0,0.0,0.0,0.0,0.0,0.0,0.0,0.0,0.0,0.0,0.0,0.0,0.0,0.0,0.0,0.021208143961147407,0.021208143961147407
2018/01/30 19:00:00,2018/01/30 19:00:00,2018/01/31 00:00:00,6.353290597271627,6.353290597271627,5.029597095835841,0.0,0.0,0.0,0.47677390830942135,0.09750665261617207,0.0,0.010436574128296532,0.7389763663818958,0.0,0.0,0.0,0.0,0.0,0.0,0.0,0.0,0.0,0.0,0.0,0.0,0.0,0.0,0.0,0.0,0.0,0.0,0.0,0.0,0.0,0.0,0.0,0.0,0.0,0.021678310011662795,0.021678310011662795
2018/01/30 20:00:00,2018/01/30 20:00:00,2018/01/31 01:00:00,7.465994748897104,7.465994748897104,4.541020874714659,0.0,0.0,0.0,0.5317029901440857,0.10874038585457309,0.0,0.011638970954917116,1.018073563395663,0.0,0.0,0.0,0.0,0.0,0.0,1.2548179638332064,0.0,0.0,0.0,0.0,0.0,0.0,0.0,0.0,0.0,0.0,0.0,0.0,0.0,0.0,0.0,0.0,0.0,0.0,0.025475011135417492,0.025475011135417492
2018/01/30 21:00:00,2018/01/30 21:00:00,2018/01/31 02:00:00,14.538571281715514,14.538571281715514,4.25951202007718,0.0,0.0,0.0,0.4809530735025553,0.09836134789544489,0.0,0.010528055995429731,8.370395913414052,0.0,0.0,0.0,0.0,0.0,0.0,1.3188208708308526,0.0,0.0,0.0,0.0,0.0,0.0,0.0,0.0,0.0,0.0,0.0,0.0,0.0,0.0,0.0,0.0,0.0,0.0,0.04960762467044003,0.04960762467044003
2018/01/30 22:00:00,2018/01/30 22:00:00,2018/01/31 03:00:00,10.201630232872603,10.201630232872603,4.246095013684585,0.0,0.0,0.0,0.3722164214914055,0.07612324558004757,0.0,0.008147812216567882,4.180226869069144,0.0,0.0,0.0,0.0,0.0,0.0,1.3188208708308526,0.0,0.0,0.0,0.0,0.0,0.0,0.0,0.0,0.0,0.0,0.0,0.0,0.0,0.0,0.0,0.0,0.0,0.0,0.03480937939585779,0.03480937939585779
2018/01/30 23:00:00,2018/01/30 23:00:00,2018/01/31 04:00:00,8.384619300124028,8.384619300124028,4.323436268741116,0.0,0.0,0.0,0.3200453407126226,0.06545356051245445,0.0,0.0070057879941606725,2.3498574713328217,0.0,0.0,0.0,0.0,0.0,0.0,1.3188208708308526,0.0,0.0,0.0,0.0,0.0,0.0,0.0,0.0,0.0,0.0,0.0,0.0,0.0,0.0,0.0,0.0,0.0,0.0,0.028609485704292698,0.028609485704292698
2018/01/31 00:00:00,2018/01/31 00:00:00,2018/01/31 05:00:00,7.111871821245863,7.111871821245863,5.121386946410609,0.0,0.0,0.0,0.13094360677997474,0.026779722120023,0.0,0.002866353705536267,0.5110743213988677,0.0,0.0,0.0,0.0,0.0,0.0,1.3188208708308526,0.0,0.0,0.0,0.0,0.0,0.0,0.0,0.0,0.0,0.0,0.0,0.0,0.0,0.0,0.0,0.0,0.0,0.0,0.024266694517386833,0.024266694517386833
2018/01/31 01:00:00,2018/01/31 01:00:00,2018/01/31 06:00:00,8.680374522073361,8.680374522073361,5.845581166650141,0.0,0.0,0.0,0.06501908921459039,0.013297274945155983,0.0,0.0014232669458539432,1.4362328534867663,0.0,0.0,0.0,0.0,0.0,0.0,1.3188208708308526,0.0,0.0,0.0,0.0,0.0,0.0,0.0,0.0,0.0,0.0,0.0,0.0,0.0,0.0,0.0,0.0,0.0,0.0,0.029618643602994692,0.029618643602994692
2018/01/31 02:00:00,2018/01/31 02:00:00,2018/01/31 07:00:00,7.717314433798133,7.717314433798133,5.885528714855424,0.0,0.0,0.0,0.03901145352875434,0.00797836496709361,0.0,0.0008539601675123682,0.46512106944849735,0.0,0.0,0.0,0.0,0.0,0.0,1.3188208708308526,0.0,0.0,0.0,0.0,0.0,0.0,0.0,0.0,0.0,0.0,0.0,0.0,0.0,0.0,0.0,0.0,0.0,0.0,0.02633254880946275,0.02633254880946275
2018/01/31 03:00:00,2018/01/31 03:00:00,2018/01/31 08:00:00,8.897464389715083,8.897464389715083,5.252681128201306,0.0,0.0,0.0,0.026007635685836212,0.005318909978062404,0.0,0.0005693067783415784,2.294066538240683,0.0,0.0,0.0,0.0,0.0,0.0,1.3188208708308526,0.0,0.0,0.0,0.0,0.0,0.0,0.0,0.0,0.0,0.0,0.0,0.0,0.0,0.0,0.0,0.0,0.0,0.0,0.030359384385912618,0.030359384385912618
2018/01/31 04:00:00,2018/01/31 04:00:00,2018/01/31 09:00:00,8.710473844220449,8.710473844220449,5.358889002116972,0.0,0.0,0.0,0.026007635685836212,0.005318909978062404,0.0,0.0005693067783415784,2.0008681188303856,0.0,0.0,0.0,0.0,0.0,0.0,1.3188208708308526,0.0,0.0,0.0,0.0,0.0,0.0,0.0,0.0,0.0,0.0,0.0,0.0,0.0,0.0,0.0,0.0,0.0,0.0,0.029721346671059246,0.029721346671059246
2018/01/31 05:00:00,2018/01/31 05:00:00,2018/01/31 10:00:00,7.994877273385903,7.994877273385903,5.51743863385183,0.0,0.0,0.0,0.02891463827931774,0.005913430959804041,0.0,0.0006329410241114424,2.011271121734182,0.0,0.0,0.0,0.0,0.0,0.0,0.4307065075366576,0.0,0.0,0.0,0.0,0.0,0.0,0.0,0.0,0.0,0.0,0.0,0.0,0.0,0.0,0.0,0.0,0.0,0.0,0.027279631772563023,0.027279631772563023
2018/01/31 06:00:00,2018/01/31 06:00:00,2018/01/31 11:00:00,6.0380474485183475,6.0380474485183475,5.5940502149324525,0.0,0.0,0.0,0.0793383753156568,0.016225760819139942,0.0,0.0017367159166417452,0.3466963815344563,0.0,0.0,0.0,0.0,0.0,0.0,0.0,0.0,0.0,0.0,0.0,0.0,0.0,0.0,0.0,0.0,0.0,0.0,0.0,0.0,0.0,0.0,0.0,0.0,0.0,0.020602656599766116,0.020602656599766116
2018/01/31 07:00:00,2018/01/31 07:00:00,2018/01/31 12:00:00,6.1685403843088356,6.1685403843088356,5.513710140129761,0.0,0.0,0.0,0.18626460412594562,0.038093607331822404,0.0,0.0040773295571716285,0.42639470316413536,0.0,0.0,0.0,0.0,0.0,0.0,0.0,0.0,0.0,0.0,0.0,0.0,0.0,0.0,0.0,0.0,0.0,0.0,0.0,0.0,0.0,0.0,0.0,0.0,0.0,0.021047916622597914,0.021047916622597914
2018/01/31 08:00:00,2018/01/31 08:00:00,2018/01/31 13:00:00,6.239626924989239,6.239626924989239,5.464175356722166,0.0,0.0,0.0,0.2357130548240661,0.048206478066980994,0.0,0.005159755445514127,0.48637227993051274,0.0,0.0,0.0,0.0,0.0,0.0,0.0,0.0,0.0,0.0,0.0,0.0,0.0,0.0,0.0,0.0,0.0,0.0,0.0,0.0,0.0,0.0,0.0,0.0,0.0,0.02129047377356284,0.02129047377356284
2018/01/31 09:00:00,2018/01/31 09:00:00,2018/01/31 14:00:00,6.15756388978839,6.15756388978839,5.461831787699074,0.0,0.0,0.0,0.250496774796642,0.05122994689070952,0.0,0.005483370867198723,0.38852200953476496,0.0,0.0,0.0,0.0,0.0,0.0,0.0,0.0,0.0,0.0,0.0,0.0,0.0,0.0,0.0,0.0,0.0,0.0,0.0,0.0,0.0,0.0,0.0,0.0,0.0,0.02101046329862156,0.02101046329862156
2018/01/31 10:00:00,2018/01/31 10:00:00,2018/01/31 15:00:00,5.7667611289124086,5.7667611289124086,5.148251256513326,0.0,0.0,0.0,0.25749316728611565,0.05266080290054545,0.0,0.005636521800113578,0.3027193804123075,0.0,0.0,0.0,0.0,0.0,0.0,0.0,0.0,0.0,0.0,0.0,0.0,0.0,0.0,0.0,0.0,0.0,0.0,0.0,0.0,0.0,0.0,0.0,0.0,0.0,0.019676989994673925,0.019676989994673925
2018/01/31 11:00:00,2018/01/31 11:00:00,2018/01/31 16:00:00,5.403065285858551,5.403065285858551,4.795163719419969,0.0,0.0,0.0,0.25049210539113925,0.0512289919347181,0.0,0.0054832686539781255,0.30069720045874637,0.0,0.0,0.0,0.0,0.0,0.0,0.0,0.0,0.0,0.0,0.0,0.0,0.0,0.0,0.0,0.0,0.0,0.0,0.0,0.0,0.0,0.0,0.0,0.0,0.0,0.018436009259578875,0.018436009259578875
2018/01/31 12:00:00,2018/01/31 12:00:00,2018/01/31 17:00:00,5.542249309491054,5.542249309491054,4.489737244006267,0.0,0.0,0.0,0.2407923239647726,0.049245256664163566,0.0,0.00527094057536429,0.3207640133701988,0.0,0.0,0.0,0.0,0.0,0.0,0.4364395309102882,0.0,0.0,0.0,0.0,0.0,0.0,0.0,0.0,0.0,0.0,0.0,0.0,0.0,0.0,0.0,0.0,0.0,0.0,0.018910924481349428,0.018910924481349428
2018/01/31 13:00:00,2018/01/31 13:00:00,2018/01/31 18:00:00,6.730560855327037,6.730560855327037,4.799632626085003,0.0,0.0,0.0,0.23379126206979614,0.04781344569833624,0.0,0.005117687429228839,0.3253849632138206,0.0,0.0,0.0,0.0,0.0,0.0,1.3188208708308526,0.0,0.0,0.0,0.0,0.0,0.0,0.0,0.0,0.0,0.0,0.0,0.0,0.0,0.0,0.0,0.0,0.0,0.0,0.022965608536275765,0.022965608536275765
2018/01/31 14:00:00,2018/01/31 14:00:00,2018/01/31 19:00:00,6.624301069670246,6.624301069670246,4.842773158527138,0.0,0.0,0.0,0.2317310969246499,0.04739211432168432,0.0,0.005072590443258922,0.34118455425017113,0.0,0.0,0.0,0.0,0.0,0.0,1.1561475552033431,0.0,0.0,0.0,0.0,0.0,0.0,0.0,0.0,0.0,0.0,0.0,0.0,0.0,0.0,0.0,0.0,0.0,0.0,0.022603035387767492,0.022603035387767492
2018/01/31 15:00:00,2018/01/31 15:00:00,2018/01/31 20:00:00,5.486206068981471,5.486206068981471,4.8183393625848465,0.0,0.0,0.0,0.23317934365905124,0.047688300184150045,0.0,0.005104292543848358,0.3818947700095756,0.0,0.0,0.0,0.0,0.0,0.0,0.0,0.0,0.0,0.0,0.0,0.0,0.0,0.0,0.0,0.0,0.0,0.0,0.0,0.0,0.0,0.0,0.0,0.0,0.0,0.018719697160133136,0.018719697160133136
2018/01/31 16:00:00,2018/01/31 16:00:00,2018/01/31 21:00:00,5.503392812832075,5.503392812832075,4.7472747613890895,0.0,0.0,0.0,0.24459549474031855,0.05002305604703263,0.0,0.005354191929999653,0.4561453087256356,0.0,0.0,0.0,0.0,0.0,0.0,0.0,0.0,0.0,0.0,0.0,0.0,0.0,0.0,0.0,0.0,0.0,0.0,0.0,0.0,0.0,0.0,0.0,0.0,0.0,0.01877834071744884,0.01877834071744884
2018/01/31 17:00:00,2018/01/31 17:00:00,2018/01/31 22:00:00,8.151617121585451,8.151617121585451,4.54249006694924,0.0,0.0,0.0,0.28271709417415014,0.05781943392842271,0.0,0.006188673203924996,2.606600749448547,0.0,0.0,0.0,0.0,0.0,0.0,0.6558011038811653,0.0,0.0,0.0,0.0,0.0,0.0,0.0,0.0,0.0,0.0,0.0,0.0,0.0,0.0,0.0,0.0,0.0,0.0,0.027814449906320347,0.027814449906320347
2018/01/31 18:00:00,2018/01/31 18:00:00,2018/01/31 23:00:00,8.987548535950477,8.987548535950477,4.283446138442867,0.0,0.0,0.0,0.3675402510758053,0.07516690607333103,0.0,0.008045450912124845,4.074495448683224,0.0,0.0,0.0,0.0,0.0,0.0,0.17885434076312692,0.0,0.0,0.0,0.0,0.0,0.0,0.0,0.0,0.0,0.0,0.0,0.0,0.0,0.0,0.0,0.0,0.0,0.0,0.0306667640058635,0.0306667640058635
2018/01/31 19:00:00,2018/01/31 19:00:00,2018/02/01 00:00:00,5.727158634346551,5.727158634346551,4.403465132910765,0.0,0.0,0.0,0.47677390830942135,0.09750665261617207,0.0,0.010436574128296532,0.7389763663818958,0.0,0.0,0.0,0.0,0.0,0.0,0.0,0.0,0.0,0.0,0.0,0.0,0.0,0.0,0.0,0.0,0.0,0.0,0.0,0.0,0.0,0.0,0.0,0.0,0.0,0.019541860782293405,0.019541860782293405
2018/01/31 20:00:00,2018/01/31 20:00:00,2018/02/01 01:00:00,5.634883507027222,5.634883507027222,4.293916865951471,0.0,0.0,0.0,0.5317029901440857,0.10874038585457309,0.0,0.011638970954917116,0.6888842941221767,0.0,0.0,0.0,0.0,0.0,0.0,0.0,0.0,0.0,0.0,0.0,0.0,0.0,0.0,0.0,0.0,0.0,0.0,0.0,0.0,0.0,0.0,0.0,0.0,0.0,0.019227005230549387,0.019227005230549387
2018/01/31 21:00:00,2018/01/31 21:00:00,2018/02/01 02:00:00,5.661177097350226,5.661177097350226,4.275147761016672,0.0,0.0,0.0,0.4809530735025553,0.09836134789544489,0.0,0.010528055995429731,0.7961868589401253,0.0,0.0,0.0,0.0,0.0,0.0,0.0,0.0,0.0,0.0,0.0,0.0,0.0,0.0,0.0,0.0,0.0,0.0,0.0,0.0,0.0,0.0,0.0,0.0,0.0,0.019316722613001013,0.019316722613001013
2018/01/31 22:00:00,2018/01/31 22:00:00,2018/02/01 03:00:00,5.490001054326043,5.490001054326043,4.388429128024083,0.0,0.0,0.0,0.3722164214914055,0.07612324558004757,0.0,0.008147812216567882,0.645084447013938,0.0,0.0,0.0,0.0,0.0,0.0,0.0,0.0,0.0,0.0,0.0,0.0,0.0,0.0,0.0,0.0,0.0,0.0,0.0,0.0,0.0,0.0,0.0,0.0,0.0,0.018732646177265243,0.018732646177265243
2018/01/31 23:00:00,2018/01/31 23:00:00,2018/02/01 04:00:00,5.5091319014620765,5.5091319014620765,4.56796333587958,0.0,0.0,0.0,0.3200453407126226,0.06545356051245445,0.0,0.0070057879941606725,0.5486638763632579,0.0,0.0,0.0,0.0,0.0,0.0,0.0,0.0,0.0,0.0,0.0,0.0,0.0,0.0,0.0,0.0,0.0,0.0,0.0,0.0,0.0,0.0,0.0,0.0,0.0,0.018797923285033425,0.018797923285033425
2018/02/01 00:00:00,2018/02/01 00:00:00,2018/02/01 05:00:00,5.4709178717454545,5.4709178717454545,4.845114584169402,0.0,0.0,0.0,0.13094360677997474,0.026779722120023,0.0,0.002866353705536267,0.46521360497051883,0.0,0.0,0.0,0.0,0.0,0.0,0.0,0.0,0.0,0.0,0.0,0.0,0.0,0.0,0.0,0.0,0.0,0.0,0.0,0.0,0.0,0.0,0.0,0.0,0.0,0.018667531707581012,0.018667531707581012
2018/02/01 01:00:00,2018/02/01 01:00:00,2018/02/01 06:00:00,5.893461276778705,5.893461276778705,5.351728731058516,0.0,0.0,0.0,0.06501908921459039,0.013297274945155983,0.0,0.0014232669458539432,0.40461520905952564,0.0,0.0,0.0,0.0,0.0,0.0,0.05737770555506279,0.0,0.0,0.0,0.0,0.0,0.0,0.0,0.0,0.0,0.0,0.0,0.0,0.0,0.0,0.0,0.0,0.0,0.0,0.020109308498277176,0.020109308498277176
2018/02/01 02:00:00,2018/02/01 02:00:00,2018/02/01 07:00:00,6.368302425422192,6.368302425422192,5.588207843248457,0.0,0.0,0.0,0.03901145352875434,0.00797836496709361,0.0,0.0008539601675123682,0.38412573400249667,0.0,0.0,0.0,0.0,0.0,0.0,0.34812506950787764,0.0,0.0,0.0,0.0,0.0,0.0,0.0,0.0,0.0,0.0,0.0,0.0,0.0,0.0,0.0,0.0,0.0,0.0,0.021729532454506748,0.021729532454506748
2018/02/01 03:00:00,2018/02/01 03:00:00,2018/02/01 08:00:00,5.9340414807172674,5.9340414807172674,5.5486173367532965,0.0,0.0,0.0,0.026007635685836212,0.005318909978062404,0.0,0.0005693067783415784,0.35352829152173204,0.0,0.0,0.0,0.0,0.0,0.0,0.0,0.0,0.0,0.0,0.0,0.0,0.0,0.0,0.0,0.0,0.0,0.0,0.0,0.0,0.0,0.0,0.0,0.0,0.0,0.020247773790844536,0.020247773790844536
2018/02/01 04:00:00,2018/02/01 04:00:00,2018/02/01 09:00:00,6.112473608107388,6.112473608107388,5.741277966690885,0.0,0.0,0.0,0.026007635685836212,0.005318909978062404,0.0,0.0005693067783415784,0.3392997889742633,0.0,0.0,0.0,0.0,0.0,0.0,0.0,0.0,0.0,0.0,0.0,0.0,0.0,0.0,0.0,0.0,0.0,0.0,0.0,0.0,0.0,0.0,0.0,0.0,0.0,0.02085660899433179,0.02085660899433179
2018/02/01 05:00:00,2018/02/01 05:00:00,2018/02/01 10:00:00,6.33407748774945,6.33407748774945,5.980491370680902,0.0,0.0,0.0,0.028765918804645314,0.005883015834518425,0.0,0.0006296855569084576,0.3183074968724766,0.0,0.0,0.0,0.0,0.0,0.0,0.0,0.0,0.0,0.0,0.0,0.0,0.0,0.0,0.0,0.0,0.0,0.0,0.0,0.0,0.0,0.0,0.0,0.0,0.0,0.02161275221320657,0.02161275221320657
2018/02/01 06:00:00,2018/02/01 06:00:00,2018/02/01 11:00:00,6.670928900962297,6.670928900962297,6.2258398965648105,0.0,0.0,0.0,0.0785967943553618,0.016074097576202317,0.0,0.0017204827198804209,0.348697629746042,0.0,0.0,0.0,0.0,0.0,0.0,0.0,0.0,0.0,0.0,0.0,0.0,0.0,0.0,0.0,0.0,0.0,0.0,0.0,0.0,0.0,0.0,0.0,0.0,0.0,0.022762136024901056,0.022762136024901056
2018/02/01 07:00:00,2018/02/01 07:00:00,2018/02/01 12:00:00,6.852301609682167,6.852301609682167,6.1972030511083585,0.0,0.0,0.0,0.18452357674232273,0.03773754390357793,0.0,0.004039218492300221,0.4287982194356071,0.0,0.0,0.0,0.0,0.0,0.0,0.0,0.0,0.0,0.0,0.0,0.0,0.0,0.0,0.0,0.0,0.0,0.0,0.0,0.0,0.0,0.0,0.0,0.0,0.0,0.02338100490034221,0.02338100490034221
2018/02/01 08:00:00,2018/02/01 08:00:00,2018/02/01 13:00:00,6.685312540446052,6.685312540446052,5.486276272328652,0.0,0.0,0.0,0.2335098295518684,0.047755888977462434,0.0,0.0051115268753808285,0.4890034116996584,0.0,0.0,0.0,0.0,0.0,0.0,0.42365561101302973,0.0,0.0,0.0,0.0,0.0,0.0,0.0,0.0,0.0,0.0,0.0,0.0,0.0,0.0,0.0,0.0,0.0,0.0,0.0228112150007563,0.0228112150007563
2018/02/01 09:00:00,2018/02/01 09:00:00,2018/02/01 14:00:00,7.838234719726786,7.838234719726786,5.826155728829133,0.0,0.0,0.0,0.24695335769390644,0.05050527061440958,0.0,0.005405805516797518,0.3903936862416873,0.0,0.0,0.0,0.0,0.0,0.0,1.3188208708308526,0.0,0.0,0.0,0.0,0.0,0.0,0.0,0.0,0.0,0.0,0.0,0.0,0.0,0.0,0.0,0.0,0.0,0.0,0.026745145621292193,0.026745145621292193
2018/02/01 10:00:00,2018/02/01 10:00:00,2018/02/01 15:00:00,7.577908129850707,7.577908129850707,5.645246108913566,0.0,0.0,0.0,0.25268234700990755,0.0516769256931404,0.0,0.005531213012120983,0.30395066439111834,0.0,0.0,0.0,0.0,0.0,0.0,1.3188208708308526,0.0,0.0,0.0,0.0,0.0,0.0,0.0,0.0,0.0,0.0,0.0,0.0,0.0,0.0,0.0,0.0,0.0,0.0,0.025856875136382188,0.025856875136382188
2018/02/01 11:00:00,2018/02/01 11:00:00,2018/02/01 16:00:00,7.4770330896855635,7.4770330896855635,5.5548382748166665,0.0,0.0,0.0,0.24574672449634635,0.05025849795764481,0.0,0.00537939233312173,0.30198932925093275,0.0,0.0,0.0,0.0,0.0,0.0,1.3188208708308526,0.0,0.0,0.0,0.0,0.0,0.0,0.0,0.0,0.0,0.0,0.0,0.0,0.0,0.0,0.0,0.0,0.0,0.0,0.02551267548745097,0.02551267548745097
2018/02/01 12:00:00,2018/02/01 12:00:00,2018/02/01 17:00:00,6.741188217962199,6.741188217962199,5.779336148643942,0.0,0.0,0.0,0.23613760755858612,0.04829330478983772,0.0,0.00516904889888472,0.3221143596831222,0.0,0.0,0.0,0.0,0.0,0.0,0.3501377483878247,0.0,0.0,0.0,0.0,0.0,0.0,0.0,0.0,0.0,0.0,0.0,0.0,0.0,0.0,0.0,0.0,0.0,0.0,0.02300187057376392,0.02300187057376392
2018/02/01 13:00:00,2018/02/01 13:00:00,2018/02/01 18:00:00,6.637611194600795,6.637611194600795,6.029845266860812,0.0,0.0,0.0,0.2292019850450249,0.046874877054342116,0.0,0.005017228219885468,0.3266718374207314,0.0,0.0,0.0,0.0,0.0,0.0,0.0,0.0,0.0,0.0,0.0,0.0,0.0,0.0,0.0,0.0,0.0,0.0,0.0,0.0,0.0,0.0,0.0,0.0,0.0,0.022648451382852357,0.022648451382852357
2018/02/01 14:00:00,2018/02/01 14:00:00,2018/02/01 19:00:00,7.2032666180412175,7.2032666180412175,6.581971206455662,0.0,0.0,0.0,0.22716107639764072,0.04645748388950332,0.0,0.004972552758379963,0.3427042985400315,0.0,0.0,0.0,0.0,0.0,0.0,0.0,0.0,0.0,0.0,0.0,0.0,0.0,0.0,0.0,0.0,0.0,0.0,0.0,0.0,0.0,0.0,0.0,0.0,0.0,0.02457854625910214,0.02457854625910214
2018/02/01 15:00:00,2018/02/01 15:00:00,2018/02/01 20:00:00,8.09997399453585,8.09997399453585,7.38979224678157,0.0,0.0,0.0,0.22765844421516418,0.04655920227249472,0.0,0.0049834401328904925,0.43098066113372835,0.0,0.0,0.0,0.0,0.0,0.0,0.0,0.0,0.0,0.0,0.0,0.0,0.0,0.0,0.0,0.0,0.0,0.0,0.0,0.0,0.0,0.0,0.0,0.0,0.0,0.027638236383420303,0.027638236383420303
2018/02/01 16:00:00,2018/02/01 16:00:00,2018/02/01 21:00:00,10.030539351869571,10.030539351869571,7.881221236420705,0.0,0.0,0.0,0.23296903579431874,0.047645289407864826,0.0,0.005099688907655623,1.4550673709834772,0.0,0.0,0.0,0.0,0.0,0.0,0.4085367303555476,0.0,0.0,0.0,0.0,0.0,0.0,0.0,0.0,0.0,0.0,0.0,0.0,0.0,0.0,0.0,0.0,0.0,0.0,0.03422559354476749,0.03422559354476749
2018/02/01 17:00:00,2018/02/01 17:00:00,2018/02/01 22:00:00,9.788838097087785,9.788838097087785,8.623243478084571,0.0,0.0,0.0,0.2535585717390738,0.051856125390924754,0.0,0.005550393559083833,0.8546295283141309,0.0,0.0,0.0,0.0,0.0,0.0,0.0,0.0,0.0,0.0,0.0,0.0,0.0,0.0,0.0,0.0,0.0,0.0,0.0,0.0,0.0,0.0,0.0,0.0,0.0,0.033400875290321895,0.033400875290321895
2018/02/01 18:00:00,2018/02/01 18:00:00,2018/02/01 23:00:00,10.034512803144256,10.034512803144256,8.946864142291933,0.0,0.0,0.0,0.3091682871252569,0.06322905731052494,0.0,0.00676768944454725,0.7084836269719927,0.0,0.0,0.0,0.0,0.0,0.0,0.0,0.0,0.0,0.0,0.0,0.0,0.0,0.0,0.0,0.0,0.0,0.0,0.0,0.0,0.0,0.0,0.0,0.0,0.0,0.034239151512442674,0.034239151512442674
2018/02/01 19:00:00,2018/02/01 19:00:00,2018/02/02 00:00:00,10.581477835515463,10.581477835515463,8.832894688855946,0.0,0.0,0.0,0.40445419458869136,0.08271630213732041,0.0,0.008853496614973921,0.7425127055564619,0.0,0.0,0.0,0.0,0.0,0.0,0.5100464477620686,0.0,0.0,0.0,0.0,0.0,0.0,0.0,0.0,0.0,0.0,0.0,0.0,0.0,0.0,0.0,0.0,0.0,0.0,0.0361054721782051,0.0361054721782051
2018/02/01 20:00:00,2018/02/01 20:00:00,2018/02/02 01:00:00,11.917972620881633,11.917972620881633,9.305002884073192,0.0,0.0,0.0,0.4947498518220883,0.10118297392694314,0.0,0.010830067278249408,0.6873859729503065,0.0,0.0,0.0,0.0,0.0,0.0,1.3188208708308526,0.0,0.0,0.0,0.0,0.0,0.0,0.0,0.0,0.0,0.0,0.0,0.0,0.0,0.0,0.0,0.0,0.0,0.0,0.040665778029566724,0.040665778029566724
2018/02/01 21:00:00,2018/02/01 21:00:00,2018/02/02 02:00:00,12.83842090394315,12.83842090394315,10.21362637112179,0.0,0.0,0.0,0.5093280083111753,0.10416440226392144,0.0,0.011149182918179776,0.6813320684972306,0.0,0.0,0.0,0.0,0.0,0.0,1.3188208708308526,0.0,0.0,0.0,0.0,0.0,0.0,0.0,0.0,0.0,0.0,0.0,0.0,0.0,0.0,0.0,0.0,0.0,0.0,0.04380647542478415,0.04380647542478415
2018/02/01 22:00:00,2018/02/01 22:00:00,2018/02/02 03:00:00,13.131321021275575,13.131321021275575,10.629969133000998,0.0,0.0,0.0,0.43505295522220544,0.08897415868437193,0.0,0.009523303053665229,0.6489806004834796,0.0,0.0,0.0,0.0,0.0,0.0,1.3188208708308526,0.0,0.0,0.0,0.0,0.0,0.0,0.0,0.0,0.0,0.0,0.0,0.0,0.0,0.0,0.0,0.0,0.0,0.0,0.04480589130994946,0.04480589130994946
2018/02/01 23:00:00,2018/02/01 23:00:00,2018/02/02 04:00:00,12.947011412373998,12.947011412373998,10.964364460640384,0.0,0.0,0.0,0.2648042903299012,0.05415602552586124,0.0,0.005796562180423241,0.5519831092107013,0.0,0.0,0.0,0.0,0.0,0.0,1.1059069644867252,0.0,0.0,0.0,0.0,0.0,0.0,0.0,0.0,0.0,0.0,0.0,0.0,0.0,0.0,0.0,0.0,0.0,0.0,0.04417700132314285,0.04417700132314285
2018/02/02 00:00:00,2018/02/02 00:00:00,2018/02/02 05:00:00,11.825817289095422,11.825817289095422,11.197210844480647,0.0,0.0,0.0,0.13094360677997474,0.026779722120023,0.0,0.002866353705536267,0.46801676200923903,0.0,0.0,0.0,0.0,0.0,0.0,0.0,0.0,0.0,0.0,0.0,0.0,0.0,0.0,0.0,0.0,0.0,0.0,0.0,0.0,0.0,0.0,0.0,0.0,0.0,0.04035133123682171,0.04035133123682171
2018/02/02 01:00:00,2018/02/02 01:00:00,2018/02/02 06:00:00,12.084051067332734,12.084051067332734,11.599696227167609,0.0,0.0,0.0,0.06501908921459039,0.013297274945155983,0.0,0.0014232669458539432,0.40461520905952564,0.0,0.0,0.0,0.0,0.0,0.0,0.0,0.0,0.0,0.0,0.0,0.0,0.0,0.0,0.0,0.0,0.0,0.0,0.0,0.0,0.0,0.0,0.0,0.0,0.0,0.04123246075772156,0.04123246075772156
2018/02/02 02:00:00,2018/02/02 02:00:00,2018/02/02 07:00:00,12.110567410257993,12.110567410257993,11.678597897592137,0.0,0.0,0.0,0.03901145352875434,0.00797836496709361,0.0,0.0008539601675123682,0.38412573400249667,0.0,0.0,0.0,0.0,0.0,0.0,0.0,0.0,0.0,0.0,0.0,0.0,0.0,0.0,0.0,0.0,0.0,0.0,0.0,0.0,0.0,0.0,0.0,0.0,0.0,0.041322938202993174,0.041322938202993174
2018/02/02 03:00:00,2018/02/02 03:00:00,2018/02/02 08:00:00,11.718303131907192,11.718303131907192,11.332878987943218,0.0,0.0,0.0,0.026007635685836212,0.005318909978062404,0.0,0.0005693067783415784,0.35352829152173204,0.0,0.0,0.0,0.0,0.0,0.0,0.0,0.0,0.0,0.0,0.0,0.0,0.0,0.0,0.0,0.0,0.0,0.0,0.0,0.0,0.0,0.0,0.0,0.0,0.0,0.03998447799841168,0.03998447799841168
2018/02/02 04:00:00,2018/02/02 04:00:00,2018/02/02 09:00:00,11.787968910620995,11.787968910620995,11.41677326920449,0.0,0.0,0.0,0.026007635685836212,0.005318909978062404,0.0,0.0005693067783415784,0.3392997889742633,0.0,0.0,0.0,0.0,0.0,0.0,0.0,0.0,0.0,0.0,0.0,0.0,0.0,0.0,0.0,0.0,0.0,0.0,0.0,0.0,0.0,0.0,0.0,0.0,0.0,0.04022218731219787,0.04022218731219787
2018/02/02 05:00:00,2018/02/02 05:00:00,2018/02/02 10:00:00,11.965265979259437,11.965265979259437,11.61167986219089,0.0,0.0,0.0,0.028765918804645314,0.005883015834518425,0.0,0.0006296855569084576,0.3183074968724766,0.0,0.0,0.0,0.0,0.0,0.0,0.0,0.0,0.0,0.0,0.0,0.0,0.0,0.0,0.0,0.0,0.0,0.0,0.0,0.0,0.0,0.0,0.0,0.0,0.0,0.040827149537560864,0.040827149537560864
2018/02/02 06:00:00,2018/02/02 06:00:00,2018/02/02 11:00:00,12.180140404898259,12.180140404898259,11.73505140050077,0.0,0.0,0.0,0.0785967943553618,0.016074097576202317,0.0,0.0017204827198804209,0.348697629746042,0.0,0.0,0.0,0.0,0.0,0.0,0.0,0.0,0.0,0.0,0.0,0.0,0.0,0.0,0.0,0.0,0.0,0.0,0.0,0.0,0.0,0.0,0.0,0.0,0.0,0.04156033092463243,0.04156033092463243
2018/02/02 07:00:00,2018/02/02 07:00:00,2018/02/02 12:00:00,12.887405504478535,12.887405504478535,10.925449390434204,0.0,0.0,0.0,0.18452357674232273,0.03773754390357793,0.0,0.004039218492300221,0.4287982194356071,0.0,0.0,0.0,0.0,0.0,0.0,1.3068575554705255,0.0,0.0,0.0,0.0,0.0,0.0,0.0,0.0,0.0,0.0,0.0,0.0,0.0,0.0,0.0,0.0,0.0,0.0,0.04397361768593926,0.04397361768593926
2018/02/02 08:00:00,2018/02/02 08:00:00,2018/02/02 13:00:00,13.566105163821232,13.566105163821232,11.471903635886008,0.0,0.0,0.0,0.2335098295518684,0.047755888977462434,0.0,0.0051115268753808285,0.4890034116996584,0.0,0.0,0.0,0.0,0.0,0.0,1.3188208708308526,0.0,0.0,0.0,0.0,0.0,0.0,0.0,0.0,0.0,0.0,0.0,0.0,0.0,0.0,0.0,0.0,0.0,0.0,0.04628943519731822,0.04628943519731822
2018/02/02 09:00:00,2018/02/02 09:00:00,2018/02/02 14:00:00,13.310635692251356,13.310635692251356,11.298556701353702,0.0,0.0,0.0,0.24695335769390644,0.05050527061440958,0.0,0.005405805516797518,0.3903936862416873,0.0,0.0,0.0,0.0,0.0,0.0,1.3188208708308526,0.0,0.0,0.0,0.0,0.0,0.0,0.0,0.0,0.0,0.0,0.0,0.0,0.0,0.0,0.0,0.0,0.0,0.0,0.045417737874739315,0.045417737874739315
2018/02/02 10:00:00,2018/02/02 10:00:00,2018/02/02 15:00:00,13.151274412445598,13.151274412445598,11.218612391508458,0.0,0.0,0.0,0.25268234700990755,0.0516769256931404,0.0,0.005531213012120983,0.30395066439111834,0.0,0.0,0.0,0.0,0.0,0.0,1.3188208708308526,0.0,0.0,0.0,0.0,0.0,0.0,0.0,0.0,0.0,0.0,0.0,0.0,0.0,0.0,0.0,0.0,0.0,0.0,0.04487397505221579,0.04487397505221579
2018/02/02 11:00:00,2018/02/02 11:00:00,2018/02/02 16:00:00,12.865321691149234,12.865321691149234,10.943126876280335,0.0,0.0,0.0,0.24574672449634635,0.05025849795764481,0.0,0.00537939233312173,0.30198932925093275,0.0,0.0,0.0,0.0,0.0,0.0,1.3188208708308526,0.0,0.0,0.0,0.0,0.0,0.0,0.0,0.0,0.0,0.0,0.0,0.0,0.0,0.0,0.0,0.0,0.0,0.0,0.04389826464734256,0.04389826464734256
2018/02/02 12:00:00,2018/02/02 12:00:00,2018/02/02 17:00:00,11.797348165430842,11.797348165430842,10.625962231595551,0.0,0.0,0.0,0.23613760755858612,0.04829330478983772,0.0,0.00516904889888472,0.3221143596831222,0.0,0.0,0.0,0.0,0.0,0.0,0.5596716129048618,0.0,0.0,0.0,0.0,0.0,0.0,0.0,0.0,0.0,0.0,0.0,0.0,0.0,0.0,0.0,0.0,0.0,0.0,0.04025419063241961,0.04025419063241961
2018/02/02 13:00:00,2018/02/02 13:00:00,2018/02/02 18:00:00,12.447211287172609,12.447211287172609,10.520624488601774,0.0,0.0,0.0,0.2292019850450249,0.046874877054342116,0.0,0.005017228219885468,0.3266718374207314,0.0,0.0,0.0,0.0,0.0,0.0,1.3188208708308526,0.0,0.0,0.0,0.0,0.0,0.0,0.0,0.0,0.0,0.0,0.0,0.0,0.0,0.0,0.0,0.0,0.0,0.0,0.0424716138720106,0.0424716138720106
2018/02/02 14:00:00,2018/02/02 14:00:00,2018/02/02 19:00:00,10.927736796072896,10.927736796072896,10.247623674084327,0.0,0.0,0.0,0.22716107639764072,0.04645748388950332,0.0,0.004972552758379963,0.3427042985400315,0.0,0.0,0.0,0.0,0.0,0.0,0.05881771040301291,0.0,0.0,0.0,0.0,0.0,0.0,0.0,0.0,0.0,0.0,0.0,0.0,0.0,0.0,0.0,0.0,0.0,0.0,0.037286955848179794,0.037286955848179794
2018/02/02 15:00:00,2018/02/02 15:00:00,2018/02/02 20:00:00,11.497633455628417,11.497633455628417,9.87473421532628,0.0,0.0,0.0,0.22765844421516418,0.04655920227249472,0.0,0.0049834401328904925,0.742751534251728,0.0,0.0,0.0,0.0,0.0,0.0,0.6009466194298616,0.0,0.0,0.0,0.0,0.0,0.0,0.0,0.0,0.0,0.0,0.0,0.0,0.0,0.0,0.0,0.0,0.0,0.0,0.03923152241117648,0.03923152241117648
2018/02/02 16:00:00,2018/02/02 16:00:00,2018/02/02 21:00:00,10.57412768340549,10.57412768340549,9.917280573022243,0.0,0.0,0.0,0.23296903579431874,0.047645289407864826,0.0,0.005099688907655623,0.3711330962734106,0.0,0.0,0.0,0.0,0.0,0.0,0.0,0.0,0.0,0.0,0.0,0.0,0.0,0.0,0.0,0.0,0.0,0.0,0.0,0.0,0.0,0.0,0.0,0.0,0.0,0.03608039243824464,0.03608039243824464
2018/02/02 17:00:00,2018/02/02 17:00:00,2018/02/02 22:00:00,10.811404082002404,10.811404082002404,9.997133981354965,0.0,0.0,0.0,0.2535585717390738,0.051856125390924754,0.0,0.005550393559083833,0.5033050099583555,0.0,0.0,0.0,0.0,0.0,0.0,0.0,0.0,0.0,0.0,0.0,0.0,0.0,0.0,0.0,0.0,0.0,0.0,0.0,0.0,0.0,0.0,0.0,0.0,0.0,0.0368900124687598,0.0368900124687598
2018/02/02 18:00:00,2018/02/02 18:00:00,2018/02/02 23:00:00,11.058884619252733,11.058884619252733,9.97123595840041,0.0,0.0,0.0,0.3091682871252569,0.06322905731052494,0.0,0.00676768944454725,0.7084836269719927,0.0,0.0,0.0,0.0,0.0,0.0,0.0,0.0,0.0,0.0,0.0,0.0,0.0,0.0,0.0,0.0,0.0,0.0,0.0,0.0,0.0,0.0,0.0,0.0,0.0,0.037734450437750144,0.037734450437750144
2018/02/02 19:00:00,2018/02/02 19:00:00,2018/02/03 00:00:00,11.240773788271303,11.240773788271303,10.002237089373859,0.0,0.0,0.0,0.40445419458869136,0.08271630213732041,0.0,0.008853496614973921,0.7425127055564619,0.0,0.0,0.0,0.0,0.0,0.0,0.0,0.0,0.0,0.0,0.0,0.0,0.0,0.0,0.0,0.0,0.0,0.0,0.0,0.0,0.0,0.0,0.0,0.0,0.0,0.03835508154746857,0.03835508154746857
2018/02/02 20:00:00,2018/02/02 20:00:00,2018/02/03 01:00:00,11.836606194469034,11.836606194469034,9.682488642924843,0.0,0.0,0.0,0.4947498518220883,0.10118297392694314,0.0,0.010830067278249408,0.6873859729503065,0.0,0.0,0.0,0.0,0.0,0.0,0.8599686855666036,0.0,0.0,0.0,0.0,0.0,0.0,0.0,0.0,0.0,0.0,0.0,0.0,0.0,0.0,0.0,0.0,0.0,0.0,0.0403881444805723,0.0403881444805723
2018/02/02 21:00:00,2018/02/02 21:00:00,2018/02/03 02:00:00,12.703303587315743,12.703303587315743,10.078509054494383,0.0,0.0,0.0,0.5093280083111753,0.10416440226392144,0.0,0.011149182918179776,0.6813320684972306,0.0,0.0,0.0,0.0,0.0,0.0,1.3188208708308526,0.0,0.0,0.0,0.0,0.0,0.0,0.0,0.0,0.0,0.0,0.0,0.0,0.0,0.0,0.0,0.0,0.0,0.0,0.04334543637219448,0.04334543637219448
2018/02/02 22:00:00,2018/02/02 22:00:00,2018/02/03 03:00:00,12.648118290867515,12.648118290867515,10.14676640259294,0.0,0.0,0.0,0.43505295522220544,0.08897415868437193,0.0,0.009523303053665229,0.6489806004834796,0.0,0.0,0.0,0.0,0.0,0.0,1.3188208708308526,0.0,0.0,0.0,0.0,0.0,0.0,0.0,0.0,0.0,0.0,0.0,0.0,0.0,0.0,0.0,0.0,0.0,0.0,0.0431571364752869,0.0431571364752869
2018/02/02 23:00:00,2018/02/02 23:00:00,2018/02/03 04:00:00,11.981377650339581,11.981377650339581,10.33368079151443,0.0,0.0,0.0,0.2648042903299012,0.05415602552586124,0.0,0.005796562180423241,0.5519831092107013,0.0,0.0,0.0,0.0,0.0,0.0,0.7709568715782628,0.0,0.0,0.0,0.0,0.0,0.0,0.0,0.0,0.0,0.0,0.0,0.0,0.0,0.0,0.0,0.0,0.0,0.0,0.04088212479725248,0.04088212479725248
2018/02/03 00:00:00,2018/02/03 00:00:00,2018/02/03 05:00:00,11.239540036402976,11.239540036402976,10.610933591788202,0.0,0.0,0.0,0.13094360677997474,0.026779722120023,0.0,0.002866353705536267,0.46801676200923903,0.0,0.0,0.0,0.0,0.0,0.0,0.0,0.0,0.0,0.0,0.0,0.0,0.0,0.0,0.0,0.0,0.0,0.0,0.0,0.0,0.0,0.0,0.0,0.0,0.0,0.038350871814721486,0.038350871814721486
2018/02/03 01:00:00,2018/02/03 01:00:00,2018/02/03 06:00:00,11.911353523377732,11.911353523377732,11.426998683212608,0.0,0.0,0.0,0.06501908921459039,0.013297274945155983,0.0,0.0014232669458539432,0.40461520905952564,0.0,0.0,0.0,0.0,0.0,0.0,0.0,0.0,0.0,0.0,0.0,0.0,0.0,0.0,0.0,0.0,0.0,0.0,0.0,0.0,0.0,0.0,0.0,0.0,0.0,0.04064319274946816,0.04064319274946816
2018/02/03 02:00:00,2018/02/03 02:00:00,2018/02/03 07:00:00,11.997142942146796,11.997142942146796,11.565173429480941,0.0,0.0,0.0,0.03901145352875434,0.00797836496709361,0.0,0.0008539601675123682,0.38412573400249667,0.0,0.0,0.0,0.0,0.0,0.0,0.0,0.0,0.0,0.0,0.0,0.0,0.0,0.0,0.0,0.0,0.0,0.0,0.0,0.0,0.0,0.0,0.0,0.0,0.0,0.0409359181627516,0.0409359181627516
2018/02/03 03:00:00,2018/02/03 03:00:00,2018/02/03 08:00:00,11.441577415461035,11.441577415461035,11.056153271497061,0.0,0.0,0.0,0.026007635685836212,0.005318909978062404,0.0,0.0005693067783415784,0.35352829152173204,0.0,0.0,0.0,0.0,0.0,0.0,0.0,0.0,0.0,0.0,0.0,0.0,0.0,0.0,0.0,0.0,0.0,0.0,0.0,0.0,0.0,0.0,0.0,0.0,0.0,0.039040251415749856,0.039040251415749856
2018/02/03 04:00:00,2018/02/03 04:00:00,2018/02/03 09:00:00,11.570249099355994,11.570249099355994,11.19905345793949,0.0,0.0,0.0,0.026007635685836212,0.005318909978062404,0.0,0.0005693067783415784,0.3392997889742633,0.0,0.0,0.0,0.0,0.0,0.0,0.0,0.0,0.0,0.0,0.0,0.0,0.0,0.0,0.0,0.0,0.0,0.0,0.0,0.0,0.0,0.0,0.0,0.0,0.0,0.039479297074136,0.039479297074136
2018/02/03 05:00:00,2018/02/03 05:00:00,2018/02/03 10:00:00,11.757625055504374,11.757625055504374,11.404038938435828,0.0,0.0,0.0,0.028765918804645314,0.005883015834518425,0.0,0.0006296855569084576,0.3183074968724766,0.0,0.0,0.0,0.0,0.0,0.0,0.0,0.0,0.0,0.0,0.0,0.0,0.0,0.0,0.0,0.0,0.0,0.0,0.0,0.0,0.0,0.0,0.0,0.0,0.0,0.04011864986367481,0.04011864986367481
2018/02/03 06:00:00,2018/02/03 06:00:00,2018/02/03 11:00:00,11.999100875015529,11.999100875015529,11.55401187061804,0.0,0.0,0.0,0.0785967943553618,0.016074097576202317,0.0,0.0017204827198804209,0.348697629746042,0.0,0.0,0.0,0.0,0.0,0.0,0.0,0.0,0.0,0.0,0.0,0.0,0.0,0.0,0.0,0.0,0.0,0.0,0.0,0.0,0.0,0.0,0.0,0.0,0.0,0.040942598901663275,0.040942598901663275
2018/02/03 07:00:00,2018/02/03 07:00:00,2018/02/03 12:00:00,12.603732864381566,12.603732864381566,11.542597411838686,0.0,0.0,0.0,0.18452357674232273,0.03773754390357793,0.0,0.004039218492300221,0.4287982194356071,0.0,0.0,0.0,0.0,0.0,0.0,0.4060368939690735,0.0,0.0,0.0,0.0,0.0,0.0,0.0,0.0,0.0,0.0,0.0,0.0,0.0,0.0,0.0,0.0,0.0,0.0,0.04300568723482944,0.04300568723482944
2018/02/03 08:00:00,2018/02/03 08:00:00,2018/02/03 13:00:00,12.978731816564459,12.978731816564459,11.348602044109454,0.0,0.0,0.0,0.2335098295518684,0.047755888977462434,0.0,0.0051115268753808285,0.4890034116996584,0.0,0.0,0.0,0.0,0.0,0.0,0.8547491153506335,0.0,0.0,0.0,0.0,0.0,0.0,0.0,0.0,0.0,0.0,0.0,0.0,0.0,0.0,0.0,0.0,0.0,0.0,0.04428523574831323,0.04428523574831323
2018/02/03 09:00:00,2018/02/03 09:00:00,2018/02/03 14:00:00,13.426229315158777,13.426229315158777,11.414150324261122,0.0,0.0,0.0,0.24695335769390644,0.05050527061440958,0.0,0.005405805516797518,0.3903936862416873,0.0,0.0,0.0,0.0,0.0,0.0,1.3188208708308526,0.0,0.0,0.0,0.0,0.0,0.0,0.0,0.0,0.0,0.0,0.0,0.0,0.0,0.0,0.0,0.0,0.0,0.0,0.04581215937244861,0.04581215937244861
2018/02/03 10:00:00,2018/02/03 10:00:00,2018/02/03 15:00:00,12.736330083928603,12.736330083928603,11.11096076750266,0.0,0.0,0.0,0.25268234700990755,0.0516769256931404,0.0,0.005531213012120983,0.30395066439111834,0.0,0.0,0.0,0.0,0.0,0.0,1.011528166319659,0.0,0.0,0.0,0.0,0.0,0.0,0.0,0.0,0.0,0.0,0.0,0.0,0.0,0.0,0.0,0.0,0.0,0.0,0.04345812736613079,0.04345812736613079
2018/02/03 11:00:00,2018/02/03 11:00:00,2018/02/03 16:00:00,11.390569588054852,11.390569588054852,10.787195644016807,0.0,0.0,0.0,0.24574672449634635,0.05025849795764481,0.0,0.00537939233312173,0.30198932925093275,0.0,0.0,0.0,0.0,0.0,0.0,0.0,0.0,0.0,0.0,0.0,0.0,0.0,0.0,0.0,0.0,0.0,0.0,0.0,0.0,0.0,0.0,0.0,0.0,0.0,0.03886620562347845,0.03886620562347845
2018/02/03 12:00:00,2018/02/03 12:00:00,2018/02/03 17:00:00,11.04401943410306,11.04401943410306,10.43230511317263,0.0,0.0,0.0,0.23613760755858612,0.04829330478983772,0.0,0.00516904889888472,0.3221143596831222,0.0,0.0,0.0,0.0,0.0,0.0,0.0,0.0,0.0,0.0,0.0,0.0,0.0,0.0,0.0,0.0,0.0,0.0,0.0,0.0,0.0,0.0,0.0,0.0,0.0,0.037683728361194456,0.037683728361194456
2018/02/03 13:00:00,2018/02/03 13:00:00,2018/02/03 18:00:00,10.6118460897078,10.6118460897078,10.004080161967817,0.0,0.0,0.0,0.2292019850450249,0.046874877054342116,0.0,0.005017228219885468,0.3266718374207314,0.0,0.0,0.0,0.0,0.0,0.0,0.0,0.0,0.0,0.0,0.0,0.0,0.0,0.0,0.0,0.0,0.0,0.0,0.0,0.0,0.0,0.0,0.0,0.0,0.0,0.036209092879763635,0.036209092879763635
2018/02/03 14:00:00,2018/02/03 14:00:00,2018/02/03 19:00:00,11.23646748593065,11.23646748593065,9.545696587986345,0.0,0.0,0.0,0.22716107639764072,0.04645748388950332,0.0,0.004972552758379963,0.3427042985400315,0.0,0.0,0.0,0.0,0.0,0.0,1.0694754863587481,0.0,0.0,0.0,0.0,0.0,0.0,0.0,0.0,0.0,0.0,0.0,0.0,0.0,0.0,0.0,0.0,0.0,0.0,0.03834038784572215,0.03834038784572215
2018/02/03 15:00:00,2018/02/03 15:00:00,2018/02/03 20:00:00,10.597155651155216,10.597155651155216,9.254366199273154,0.0,0.0,0.0,0.22765844421516418,0.04655920227249472,0.0,0.0049834401328904925,0.3835891668616478,0.0,0.0,0.0,0.0,0.0,0.0,0.6799991983998649,0.0,0.0,0.0,0.0,0.0,0.0,0.0,0.0,0.0,0.0,0.0,0.0,0.0,0.0,0.0,0.0,0.0,0.0,0.036158967062870105,0.036158967062870105
2018/02/03 16:00:00,2018/02/03 16:00:00,2018/02/03 21:00:00,9.624191231983252,9.624191231983252,8.967344121600004,0.0,0.0,0.0,0.23296903579431874,0.047645289407864826,0.0,0.005099688907655623,0.3711330962734106,0.0,0.0,0.0,0.0,0.0,0.0,0.0,0.0,0.0,0.0,0.0,0.0,0.0,0.0,0.0,0.0,0.0,0.0,0.0,0.0,0.0,0.0,0.0,0.0,0.0,0.032839077316573095,0.032839077316573095
2018/02/03 17:00:00,2018/02/03 17:00:00,2018/02/03 22:00:00,9.810151342001639,9.810151342001639,8.9958812413542,0.0,0.0,0.0,0.2535585717390738,0.051856125390924754,0.0,0.005550393559083833,0.5033050099583555,0.0,0.0,0.0,0.0,0.0,0.0,0.0,0.0,0.0,0.0,0.0,0.0,0.0,0.0,0.0,0.0,0.0,0.0,0.0,0.0,0.0,0.0,0.0,0.0,0.0,0.03347359904245051,0.03347359904245051
2018/02/03 18:00:00,2018/02/03 18:00:00,2018/02/03 23:00:00,10.551604479633127,10.551604479633127,9.463955818780805,0.0,0.0,0.0,0.3091682871252569,0.06322905731052494,0.0,0.00676768944454725,0.7084836269719927,0.0,0.0,0.0,0.0,0.0,0.0,0.0,0.0,0.0,0.0,0.0,0.0,0.0,0.0,0.0,0.0,0.0,0.0,0.0,0.0,0.0,0.0,0.0,0.0,0.0,0.03600354013842338,0.03600354013842338
2018/02/03 19:00:00,2018/02/03 19:00:00,2018/02/04 00:00:00,12.451446252817101,12.451446252817101,9.90658459321478,0.0,0.0,0.0,0.40445419458869136,0.08271630213732041,0.0,0.008853496614973921,0.7425127055564619,0.0,0.0,0.0,0.0,0.0,0.0,1.3063249607048772,0.0,0.0,0.0,0.0,0.0,0.0,0.0,0.0,0.0,0.0,0.0,0.0,0.0,0.0,0.0,0.0,0.0,0.0,0.0424860641630408,0.0424860641630408
2018/02/03 20:00:00,2018/02/03 20:00:00,2018/02/04 01:00:00,13.521811542475485,13.521811542475485,10.494617119488044,0.0,0.0,0.0,0.4947498518220883,0.10118297392694314,0.0,0.010830067278249408,1.1016106591293082,0.0,0.0,0.0,0.0,0.0,0.0,1.3188208708308526,0.0,0.0,0.0,0.0,0.0,0.0,0.0,0.0,0.0,0.0,0.0,0.0,0.0,0.0,0.0,0.0,0.0,0.0,0.046138299208751184,0.046138299208751184
2018/02/03 21:00:00,2018/02/03 21:00:00,2018/02/04 02:00:00,13.528025948303434,13.528025948303434,10.903231415482072,0.0,0.0,0.0,0.5093280083111753,0.10416440226392144,0.0,0.011149182918179776,0.6813320684972306,0.0,0.0,0.0,0.0,0.0,0.0,1.3188208708308526,0.0,0.0,0.0,0.0,0.0,0.0,0.0,0.0,0.0,0.0,0.0,0.0,0.0,0.0,0.0,0.0,0.0,0.0,0.046159503624638346,0.046159503624638346
2018/02/03 22:00:00,2018/02/03 22:00:00,2018/02/04 03:00:00,12.610546774138246,12.610546774138246,11.306057090667066,0.0,0.0,0.0,0.43505295522220544,0.08897415868437193,0.0,0.009523303053665229,0.6489806004834796,0.0,0.0,0.0,0.0,0.0,0.0,0.12195866602745593,0.0,0.0,0.0,0.0,0.0,0.0,0.0,0.0,0.0,0.0,0.0,0.0,0.0,0.0,0.0,0.0,0.0,0.0,0.04302893724139458,0.04302893724139458
2018/02/03 23:00:00,2018/02/03 23:00:00,2018/02/04 04:00:00,12.536921938671956,12.536921938671956,11.660181951425068,0.0,0.0,0.0,0.2648042903299012,0.05415602552586124,0.0,0.005796562180423241,0.5519831092107013,0.0,0.0,0.0,0.0,0.0,0.0,0.0,0.0,0.0,0.0,0.0,0.0,0.0,0.0,0.0,0.0,0.0,0.0,0.0,0.0,0.0,0.0,0.0,0.0,0.0,0.042777719076042386,0.042777719076042386
2018/02/04 00:00:00,2018/02/04 00:00:00,2018/02/04 05:00:00,12.58067794706013,12.58067794706013,11.952071502445355,0.0,0.0,0.0,0.13094360677997474,0.026779722120023,0.0,0.002866353705536267,0.46801676200923903,0.0,0.0,0.0,0.0,0.0,0.0,0.0,0.0,0.0,0.0,0.0,0.0,0.0,0.0,0.0,0.0,0.0,0.0,0.0,0.0,0.0,0.0,0.0,0.0,0.0,0.042927020654521905,0.042927020654521905
2018/02/04 01:00:00,2018/02/04 01:00:00,2018/02/04 06:00:00,13.22150844085354,13.22150844085354,12.737153600688416,0.0,0.0,0.0,0.06501908921459039,0.013297274945155983,0.0,0.0014232669458539432,0.40461520905952564,0.0,0.0,0.0,0.0,0.0,0.0,0.0,0.0,0.0,0.0,0.0,0.0,0.0,0.0,0.0,0.0,0.0,0.0,0.0,0.0,0.0,0.0,0.0,0.0,0.0,0.04511362331289022,0.04511362331289022
2018/02/04 02:00:00,2018/02/04 02:00:00,2018/02/04 07:00:00,13.278456136377478,13.278456136377478,12.846486623711623,0.0,0.0,0.0,0.03901145352875434,0.00797836496709361,0.0,0.0008539601675123682,0.38412573400249667,0.0,0.0,0.0,0.0,0.0,0.0,0.0,0.0,0.0,0.0,0.0,0.0,0.0,0.0,0.0,0.0,0.0,0.0,0.0,0.0,0.0,0.0,0.0,0.0,0.0,0.045307936760247386,0.045307936760247386
2018/02/04 03:00:00,2018/02/04 03:00:00,2018/02/04 08:00:00,12.811189123994486,12.811189123994486,12.425764980030513,0.0,0.0,0.0,0.026007635685836212,0.005318909978062404,0.0,0.0005693067783415784,0.35352829152173204,0.0,0.0,0.0,0.0,0.0,0.0,0.0,0.0,0.0,0.0,0.0,0.0,0.0,0.0,0.0,0.0,0.0,0.0,0.0,0.0,0.0,0.0,0.0,0.0,0.0,0.043713556809012025,0.043713556809012025
2018/02/04 04:00:00,2018/02/04 04:00:00,2018/02/04 09:00:00,12.903812068101756,12.903812068101756,12.532616426685253,0.0,0.0,0.0,0.026007635685836212,0.005318909978062404,0.0,0.0005693067783415784,0.3392997889742633,0.0,0.0,0.0,0.0,0.0,0.0,0.0,0.0,0.0,0.0,0.0,0.0,0.0,0.0,0.0,0.0,0.0,0.0,0.0,0.0,0.0,0.0,0.0,0.0,0.0,0.04402959915994944,0.04402959915994944
2018/02/04 05:00:00,2018/02/04 05:00:00,2018/02/04 10:00:00,13.258557848475576,13.258557848475576,12.81799732002816,0.0,0.0,0.0,0.028765918804645314,0.005883015834518425,0.0,0.0006296855569084576,0.3183074968724766,0.0,0.0,0.0,0.0,0.0,0.0,0.0869744113788684,0.0,0.0,0.0,0.0,0.0,0.0,0.0,0.0,0.0,0.0,0.0,0.0,0.0,0.0,0.0,0.0,0.0,0.0,0.04524004103798591,0.04524004103798591
2018/02/04 06:00:00,2018/02/04 06:00:00,2018/02/04 11:00:00,13.661832936850683,13.661832936850683,12.897577744729444,0.0,0.0,0.0,0.0785967943553618,0.016074097576202317,0.0,0.0017204827198804209,0.348697629746042,0.0,0.0,0.0,0.0,0.0,0.0,0.31916618772375077,0.0,0.0,0.0,0.0,0.0,0.0,0.0,0.0,0.0,0.0,0.0,0.0,0.0,0.0,0.0,0.0,0.0,0.0,0.04661607165580947,0.04661607165580947
2018/02/04 07:00:00,2018/02/04 07:00:00,2018/02/04 12:00:00,13.663416708352239,13.663416708352239,12.7419970120962,0.0,0.0,0.0,0.18452357674232273,0.03773754390357793,0.0,0.004039218492300221,0.4287982194356071,0.0,0.0,0.0,0.0,0.0,0.0,0.266321137682234,0.0,0.0,0.0,0.0,0.0,0.0,0.0,0.0,0.0,0.0,0.0,0.0,0.0,0.0,0.0,0.0,0.0,0.0,0.046621475704164056,0.046621475704164056
2018/02/04 08:00:00,2018/02/04 08:00:00,2018/02/04 13:00:00,14.307522556308305,14.307522556308305,12.21332102837308,0.0,0.0,0.0,0.2335098295518684,0.047755888977462434,0.0,0.0051115268753808285,0.4890034116996584,0.0,0.0,0.0,0.0,0.0,0.0,1.3188208708308526,0.0,0.0,0.0,0.0,0.0,0.0,0.0,0.0,0.0,0.0,0.0,0.0,0.0,0.0,0.0,0.0,0.0,0.0,0.04881925432589322,0.04881925432589322
2018/02/04 09:00:00,2018/02/04 09:00:00,2018/02/04 14:00:00,14.949464858152963,14.949464858152963,12.937385867255308,0.0,0.0,0.0,0.24695335769390644,0.05050527061440958,0.0,0.005405805516797518,0.3903936862416873,0.0,0.0,0.0,0.0,0.0,0.0,1.3188208708308526,0.0,0.0,0.0,0.0,0.0,0.0,0.0,0.0,0.0,0.0,0.0,0.0,0.0,0.0,0.0,0.0,0.0,0.0,0.05100965062776632,0.05100965062776632
2018/02/04 10:00:00,2018/02/04 10:00:00,2018/02/04 15:00:00,15.092415413798944,15.092415413798944,13.159753392861806,0.0,0.0,0.0,0.25268234700990755,0.0516769256931404,0.0,0.005531213012120983,0.30395066439111834,0.0,0.0,0.0,0.0,0.0,0.0,1.3188208708308526,0.0,0.0,0.0,0.0,0.0,0.0,0.0,0.0,0.0,0.0,0.0,0.0,0.0,0.0,0.0,0.0,0.0,0.0,0.051497417779951024,0.051497417779951024
2018/02/04 11:00:00,2018/02/04 11:00:00,2018/02/04 16:00:00,14.73069192033403,14.73069192033403,12.774160061796964,0.0,0.0,0.0,0.24574672449634635,0.05025849795764481,0.0,0.00537939233312173,0.3363263729191,0.0,0.0,0.0,0.0,0.0,0.0,1.3188208708308526,0.0,0.0,0.0,0.0,0.0,0.0,0.0,0.0,0.0,0.0,0.0,0.0,0.0,0.0,0.0,0.0,0.0,0.0,0.05026316697561955,0.05026316697561955
2018/02/04 12:00:00,2018/02/04 12:00:00,2018/02/04 17:00:00,14.160709804042222,14.160709804042222,12.238559478889673,0.0,0.0,0.0,0.23613760755858612,0.04829330478983772,0.0,0.00516904889888472,1.096176673441424,0.0,0.0,0.0,0.0,0.0,0.0,0.536373690463817,0.0,0.0,0.0,0.0,0.0,0.0,0.0,0.0,0.0,0.0,0.0,0.0,0.0,0.0,0.0,0.0,0.0,0.0,0.04831830882236843,0.04831830882236843
2018/02/04 13:00:00,2018/02/04 13:00:00,2018/02/04 18:00:00,12.639659269432013,12.639659269432013,12.03189334169203,0.0,0.0,0.0,0.2292019850450249,0.046874877054342116,0.0,0.005017228219885468,0.3266718374207314,0.0,0.0,0.0,0.0,0.0,0.0,0.0,0.0,0.0,0.0,0.0,0.0,0.0,0.0,0.0,0.0,0.0,0.0,0.0,0.0,0.0,0.0,0.0,0.0,0.0,0.04312827311916198,0.04312827311916198
2018/02/04 14:00:00,2018/02/04 14:00:00,2018/02/04 19:00:00,12.735522608816513,12.735522608816513,11.6513820558535,0.0,0.0,0.0,0.22716107639764072,0.04645748388950332,0.0,0.004972552758379963,0.3427042985400315,0.0,0.0,0.0,0.0,0.0,0.0,0.46284514137745736,0.0,0.0,0.0,0.0,0.0,0.0,0.0,0.0,0.0,0.0,0.0,0.0,0.0,0.0,0.0,0.0,0.0,0.0,0.043455372148887284,0.043455372148887284
2018/02/04 15:00:00,2018/02/04 15:00:00,2018/02/04 20:00:00,12.259199389168373,12.259199389168373,11.596409135686175,0.0,0.0,0.0,0.22765844421516418,0.04655920227249472,0.0,0.0049834401328904925,0.3835891668616478,0.0,0.0,0.0,0.0,0.0,0.0,0.0,0.0,0.0,0.0,0.0,0.0,0.0,0.0,0.0,0.0,0.0,0.0,0.0,0.0,0.0,0.0,0.0,0.0,0.0,0.04183009116052511,0.04183009116052511
2018/02/04 16:00:00,2018/02/04 16:00:00,2018/02/04 21:00:00,12.048484420675374,12.048484420675374,11.361191099418583,0.0,0.0,0.0,0.23296903579431874,0.047645289407864826,0.0,0.005099688907655623,0.40157930714695184,0.0,0.0,0.0,0.0,0.0,0.0,0.0,0.0,0.0,0.0,0.0,0.0,0.0,0.0,0.0,0.0,0.0,0.0,0.0,0.0,0.0,0.0,0.0,0.0,0.0,0.041111102418997895,0.041111102418997895
2018/02/04 17:00:00,2018/02/04 17:00:00,2018/02/04 22:00:00,13.022140211098908,13.022140211098908,11.521519105347469,0.0,0.0,0.0,0.2535585717390738,0.051856125390924754,0.0,0.005550393559083833,1.1896560150623554,0.0,0.0,0.0,0.0,0.0,0.0,0.0,0.0,0.0,0.0,0.0,0.0,0.0,0.0,0.0,0.0,0.0,0.0,0.0,0.0,0.0,0.0,0.0,0.0,0.0,0.04443335122003909,0.04443335122003909
2018/02/04 18:00:00,2018/02/04 18:00:00,2018/02/04 23:00:00,12.88784307841839,12.88784307841839,11.800194417566068,0.0,0.0,0.0,0.3091682871252569,0.06322905731052494,0.0,0.00676768944454725,0.7084836269719927,0.0,0.0,0.0,0.0,0.0,0.0,0.0,0.0,0.0,0.0,0.0,0.0,0.0,0.0,0.0,0.0,0.0,0.0,0.0,0.0,0.0,0.0,0.0,0.0,0.0,0.043975110749002566,0.043975110749002566
2018/02/04 19:00:00,2018/02/04 19:00:00,2018/02/05 00:00:00,14.024070048610177,14.024070048610177,11.959381684627212,0.0,0.0,0.0,0.40445419458869136,0.08271630213732041,0.0,0.008853496614973921,0.7425127055564619,0.0,0.0,0.0,0.0,0.0,0.0,0.8261516650855206,0.0,0.0,0.0,0.0,0.0,0.0,0.0,0.0,0.0,0.0,0.0,0.0,0.0,0.0,0.0,0.0,0.0,0.0,0.047852074997105386,0.047852074997105386
2018/02/04 20:00:00,2018/02/04 20:00:00,2018/02/05 01:00:00,14.073284657501333,14.073284657501333,12.330715001966759,0.0,0.0,0.0,0.4947498518220883,0.10118297392694314,0.0,0.010830067278249408,0.6873859729503065,0.0,0.0,0.0,0.0,0.0,0.0,0.4484207895569888,0.0,0.0,0.0,0.0,0.0,0.0,0.0,0.0,0.0,0.0,0.0,0.0,0.0,0.0,0.0,0.0,0.0,0.0,0.04802000207871934,0.04802000207871934
2018/02/04 21:00:00,2018/02/04 21:00:00,2018/02/05 02:00:00,13.591471277389626,13.591471277389626,12.247205956526171,0.0,0.0,0.0,0.5093280083111753,0.10416440226392144,0.0,0.011149182918179776,0.7196237273701791,0.0,0.0,0.0,0.0,0.0,0.0,0.0,0.0,0.0,0.0,0.0,0.0,0.0,0.0,0.0,0.0,0.0,0.0,0.0,0.0,0.0,0.0,0.0,0.0,0.0,0.046375987900253435,0.046375987900253435
2018/02/04 22:00:00,2018/02/04 22:00:00,2018/02/05 03:00:00,14.84755365400004,14.84755365400004,12.395519257927884,0.0,0.0,0.0,0.43505295522220544,0.08897415868437193,0.0,0.009523303053665229,1.5121920741117894,0.0,0.0,0.0,0.0,0.0,0.0,0.40629190500012213,0.0,0.0,0.0,0.0,0.0,0.0,0.0,0.0,0.0,0.0,0.0,0.0,0.0,0.0,0.0,0.0,0.0,0.0,0.050661915443382076,0.050661915443382076
2018/02/04 23:00:00,2018/02/04 23:00:00,2018/02/05 04:00:00,14.120573913790464,14.120573913790464,12.70345261814449,0.0,0.0,0.0,0.2648042903299012,0.05415602552586124,0.0,0.005796562180423241,0.5519831092107013,0.0,0.0,0.0,0.0,0.0,0.0,0.5403813083990865,0.0,0.0,0.0,0.0,0.0,0.0,0.0,0.0,0.0,0.0,0.0,0.0,0.0,0.0,0.0,0.0,0.0,0.0,0.04818135958981713,0.04818135958981713
2018/02/05 00:00:00,2018/02/05 00:00:00,2018/02/05 05:00:00,14.021832016163364,14.021832016163364,12.980722197397668,0.0,0.0,0.0,0.13094360677997474,0.026779722120023,0.0,0.002866353705536267,0.46801676200923903,0.0,0.0,0.0,0.0,0.0,0.0,0.4125033741509222,0.0,0.0,0.0,0.0,0.0,0.0,0.0,0.0,0.0,0.0,0.0,0.0,0.0,0.0,0.0,0.0,0.0,0.0,0.04784443851952651,0.04784443851952651
2018/02/05 01:00:00,2018/02/05 01:00:00,2018/02/05 06:00:00,14.710559736051838,14.710559736051838,13.744221414474941,0.0,0.0,0.0,0.06501908921459039,0.013297274945155983,0.0,0.0014232669458539432,0.40461520905952564,0.0,0.0,0.0,0.0,0.0,0.0,0.48198348141177233,0.0,0.0,0.0,0.0,0.0,0.0,0.0,0.0,0.0,0.0,0.0,0.0,0.0,0.0,0.0,0.0,0.0,0.0,0.05019447316641953,0.05019447316641953
2018/02/05 02:00:00,2018/02/05 02:00:00,2018/02/05 07:00:00,14.259453171013657,14.259453171013657,13.827483658347802,0.0,0.0,0.0,0.03901145352875434,0.00797836496709361,0.0,0.0008539601675123682,0.38412573400249667,0.0,0.0,0.0,0.0,0.0,0.0,0.0,0.0,0.0,0.0,0.0,0.0,0.0,0.0,0.0,0.0,0.0,0.0,0.0,0.0,0.0,0.0,0.0,0.0,0.0,0.048655234906266026,0.048655234906266026
2018/02/05 03:00:00,2018/02/05 03:00:00,2018/02/05 08:00:00,13.60451204574588,13.60451204574588,13.219087901781908,0.0,0.0,0.0,0.026007635685836212,0.005318909978062404,0.0,0.0005693067783415784,0.35352829152173204,0.0,0.0,0.0,0.0,0.0,0.0,0.0,0.0,0.0,0.0,0.0,0.0,0.0,0.0,0.0,0.0,0.0,0.0,0.0,0.0,0.0,0.0,0.0,0.0,0.0,0.04642048481329225,0.04642048481329225
2018/02/05 04:00:00,2018/02/05 04:00:00,2018/02/05 09:00:00,13.546985432232644,13.546985432232644,13.17578979081614,0.0,0.0,0.0,0.026007635685836212,0.005318909978062404,0.0,0.0005693067783415784,0.3392997889742633,0.0,0.0,0.0,0.0,0.0,0.0,0.0,0.0,0.0,0.0,0.0,0.0,0.0,0.0,0.0,0.0,0.0,0.0,0.0,0.0,0.0,0.0,0.0,0.0,0.0,0.046224196017341915,0.046224196017341915
2018/02/05 05:00:00,2018/02/05 05:00:00,2018/02/05 10:00:00,13.519752388738487,13.519752388738487,13.16616627166994,0.0,0.0,0.0,0.028765918804645314,0.005883015834518425,0.0,0.0006296855569084576,0.3183074968724766,0.0,0.0,0.0,0.0,0.0,0.0,0.0,0.0,0.0,0.0,0.0,0.0,0.0,0.0,0.0,0.0,0.0,0.0,0.0,0.0,0.0,0.0,0.0,0.0,0.0,0.04613127309017706,0.04613127309017706
2018/02/05 06:00:00,2018/02/05 06:00:00,2018/02/05 11:00:00,13.575093750773112,13.575093750773112,13.130004746375624,0.0,0.0,0.0,0.0785967943553618,0.016074097576202317,0.0,0.0017204827198804209,0.348697629746042,0.0,0.0,0.0,0.0,0.0,0.0,0.0,0.0,0.0,0.0,0.0,0.0,0.0,0.0,0.0,0.0,0.0,0.0,0.0,0.0,0.0,0.0,0.0,0.0,0.0,0.04632010550454348,0.04632010550454348
2018/02/05 07:00:00,2018/02/05 07:00:00,2018/02/05 12:00:00,13.614072681647786,13.614072681647786,12.958974123073979,0.0,0.0,0.0,0.18452357674232273,0.03773754390357793,0.0,0.004039218492300221,0.4287982194356071,0.0,0.0,0.0,0.0,0.0,0.0,0.0,0.0,0.0,0.0,0.0,0.0,0.0,0.0,0.0,0.0,0.0,0.0,0.0,0.0,0.0,0.0,0.0,0.0,0.0,0.04645310703099455,0.04645310703099455
2018/02/05 08:00:00,2018/02/05 08:00:00,2018/02/05 13:00:00,14.201131001007862,14.201131001007862,12.867650331310022,0.0,0.0,0.0,0.2335098295518684,0.047755888977462434,0.0,0.0051115268753808285,0.4890034116996584,0.0,0.0,0.0,0.0,0.0,0.0,0.5581000125934694,0.0,0.0,0.0,0.0,0.0,0.0,0.0,0.0,0.0,0.0,0.0,0.0,0.0,0.0,0.0,0.0,0.0,0.0,0.048456231561057564,0.048456231561057564
2018/02/05 09:00:00,2018/02/05 09:00:00,2018/02/05 14:00:00,14.430749549220069,14.430749549220069,12.565841891950765,0.0,0.0,0.0,0.24695335769390644,0.05050527061440958,0.0,0.005405805516797518,0.4635539088674322,0.0,0.0,0.0,0.0,0.0,0.0,1.0984893145767596,0.0,0.0,0.0,0.0,0.0,0.0,0.0,0.0,0.0,0.0,0.0,0.0,0.0,0.0,0.0,0.0,0.0,0.0,0.049239721942358525,0.049239721942358525
2018/02/05 10:00:00,2018/02/05 10:00:00,2018/02/05 15:00:00,16.089657915162963,16.089657915162963,12.491453814881393,0.0,0.0,0.0,0.25268234700990755,0.0516769256931404,0.0,0.005531213012120983,1.9694927437355487,0.0,0.0,0.0,0.0,0.0,0.0,1.3188208708308526,0.0,0.0,0.0,0.0,0.0,0.0,0.0,0.0,0.0,0.0,0.0,0.0,0.0,0.0,0.0,0.0,0.0,0.0,0.05490014771499589,0.05490014771499589
2018/02/05 11:00:00,2018/02/05 11:00:00,2018/02/05 16:00:00,13.981653521547111,13.981653521547111,11.689341206700602,0.0,0.0,0.0,0.24574672449634635,0.05025849795764481,0.0,0.00537939233312173,0.6721068292285423,0.0,0.0,0.0,0.0,0.0,0.0,1.3188208708308526,0.0,0.0,0.0,0.0,0.0,0.0,0.0,0.0,0.0,0.0,0.0,0.0,0.0,0.0,0.0,0.0,0.0,0.0,0.047707343914965665,0.047707343914965665
2018/02/05 12:00:00,2018/02/05 12:00:00,2018/02/05 17:00:00,13.03586441386614,13.03586441386614,11.001126060325632,0.0,0.0,0.0,0.23613760755858612,0.04829330478983772,0.0,0.00516904889888472,0.4263175214623451,0.0,0.0,0.0,0.0,0.0,0.0,1.3188208708308526,0.0,0.0,0.0,0.0,0.0,0.0,0.0,0.0,0.0,0.0,0.0,0.0,0.0,0.0,0.0,0.0,0.0,0.0,0.04448018010621954,0.04448018010621954
2018/02/05 13:00:00,2018/02/05 13:00:00,2018/02/05 18:00:00,13.11880916425407,13.11880916425407,10.355850781414777,0.0,0.0,0.0,0.2292019850450249,0.046874877054342116,0.0,0.005017228219885468,1.1630434216891885,0.0,0.0,0.0,0.0,0.0,0.0,1.3188208708308526,0.0,0.0,0.0,0.0,0.0,0.0,0.0,0.0,0.0,0.0,0.0,0.0,0.0,0.0,0.0,0.0,0.0,0.0,0.044763199115852394,0.044763199115852394
2018/02/05 14:00:00,2018/02/05 14:00:00,2018/02/05 19:00:00,11.35888636229057,11.35888636229057,9.899512087081227,0.0,0.0,0.0,0.22716107639764072,0.04645748388950332,0.0,0.004972552758379963,0.3427042985400315,0.0,0.0,0.0,0.0,0.0,0.0,0.8380788636237859,0.0,0.0,0.0,0.0,0.0,0.0,0.0,0.0,0.0,0.0,0.0,0.0,0.0,0.0,0.0,0.0,0.0,0.0,0.0387580980562624,0.0387580980562624
2018/02/05 15:00:00,2018/02/05 15:00:00,2018/02/05 20:00:00,10.403520000563766,10.403520000563766,9.74072974708157,0.0,0.0,0.0,0.22765844421516418,0.04655920227249472,0.0,0.0049834401328904925,0.3835891668616478,0.0,0.0,0.0,0.0,0.0,0.0,0.0,0.0,0.0,0.0,0.0,0.0,0.0,0.0,0.0,0.0,0.0,0.0,0.0,0.0,0.0,0.0,0.0,0.0,0.0,0.035498255326398595,0.035498255326398595
2018/02/05 16:00:00,2018/02/05 16:00:00,2018/02/05 21:00:00,11.051158953238724,11.051158953238724,9.944381997445243,0.0,0.0,0.0,0.23296903579431874,0.047645289407864826,0.0,0.005099688907655623,0.3711330962734106,0.0,0.0,0.0,0.0,0.0,0.0,0.4499298454102321,0.0,0.0,0.0,0.0,0.0,0.0,0.0,0.0,0.0,0.0,0.0,0.0,0.0,0.0,0.0,0.0,0.0,0.0,0.03770808939218894,0.03770808939218894
2018/02/05 17:00:00,2018/02/05 17:00:00,2018/02/05 22:00:00,11.123391854301659,11.123391854301659,10.309121753654221,0.0,0.0,0.0,0.2535585717390738,0.051856125390924754,0.0,0.005550393559083833,0.5033050099583555,0.0,0.0,0.0,0.0,0.0,0.0,0.0,0.0,0.0,0.0,0.0,0.0,0.0,0.0,0.0,0.0,0.0,0.0,0.0,0.0,0.0,0.0,0.0,0.0,0.0,0.037954558084012435,0.037954558084012435
2018/02/05 18:00:00,2018/02/05 18:00:00,2018/02/05 23:00:00,11.805913761695965,11.805913761695965,10.470001362675715,0.0,0.0,0.0,0.3091682871252569,0.06322905731052494,0.0,0.00676768944454725,0.7084836269719927,0.0,0.0,0.0,0.0,0.0,0.0,0.24826373816792882,0.0,0.0,0.0,0.0,0.0,0.0,0.0,0.0,0.0,0.0,0.0,0.0,0.0,0.0,0.0,0.0,0.0,0.0,0.040283417636666805,0.040283417636666805
2018/02/05 19:00:00,2018/02/05 19:00:00,2018/02/06 00:00:00,12.102278678004799,12.102278678004799,10.662697228953249,0.0,0.0,0.0,0.40445419458869136,0.08271630213732041,0.0,0.008853496614973921,0.7425127055564619,0.0,0.0,0.0,0.0,0.0,0.0,0.20104475015410467,0.0,0.0,0.0,0.0,0.0,0.0,0.0,0.0,0.0,0.0,0.0,0.0,0.0,0.0,0.0,0.0,0.0,0.0,0.04129465589721205,0.04129465589721205
2018/02/05 20:00:00,2018/02/05 20:00:00,2018/02/06 01:00:00,13.473710905677637,13.473710905677637,10.94253485932998,0.0,0.0,0.0,0.4947498518220883,0.10118297392694314,0.0,0.010830067278249408,0.6873859729503065,0.0,0.0,0.0,0.0,0.0,0.0,1.23702718037007,0.0,0.0,0.0,0.0,0.0,0.0,0.0,0.0,0.0,0.0,0.0,0.0,0.0,0.0,0.0,0.0,0.0,0.0,0.04597417315465413,0.04597417315465413
2018/02/05 21:00:00,2018/02/05 21:00:00,2018/02/06 02:00:00,13.26362516523884,13.26362516523884,11.264898084932508,0.0,0.0,0.0,0.5093280083111753,0.10416440226392144,0.0,0.011149182918179776,0.6813320684972306,0.0,0.0,0.0,0.0,0.0,0.0,0.6927534183158263,0.0,0.0,0.0,0.0,0.0,0.0,0.0,0.0,0.0,0.0,0.0,0.0,0.0,0.0,0.0,0.0,0.0,0.0,0.04525733142664978,0.04525733142664978
2018/02/05 22:00:00,2018/02/05 22:00:00,2018/02/06 03:00:00,12.890467674792337,12.890467674792337,11.4057001450946,0.0,0.0,0.0,0.43505295522220544,0.08897415868437193,0.0,0.009523303053665229,0.6489806004834796,0.0,0.0,0.0,0.0,0.0,0.0,0.3022365122540123,0.0,0.0,0.0,0.0,0.0,0.0,0.0,0.0,0.0,0.0,0.0,0.0,0.0,0.0,0.0,0.0,0.0,0.0,0.04398406623639588,0.04398406623639588
2018/02/05 23:00:00,2018/02/05 23:00:00,2018/02/06 04:00:00,12.7494896786083,12.7494896786083,11.57020539147013,0.0,0.0,0.0,0.2648042903299012,0.05415602552586124,0.0,0.005796562180423241,0.5519831092107013,0.0,0.0,0.0,0.0,0.0,0.0,0.3025442998912831,0.0,0.0,0.0,0.0,0.0,0.0,0.0,0.0,0.0,0.0,0.0,0.0,0.0,0.0,0.0,0.0,0.0,0.0,0.043503029731090576,0.043503029731090576
2018/02/06 00:00:00,2018/02/06 00:00:00,2018/02/06 05:00:00,12.35987744335693,12.35987744335693,11.731270998742156,0.0,0.0,0.0,0.13094360677997474,0.026779722120023,0.0,0.002866353705536267,0.46801676200923903,0.0,0.0,0.0,0.0,0.0,0.0,0.0,0.0,0.0,0.0,0.0,0.0,0.0,0.0,0.0,0.0,0.0,0.0,0.0,0.0,0.0,0.0,0.0,0.0,0.0,0.04217361866594219,0.04217361866594219
2018/02/06 01:00:00,2018/02/06 01:00:00,2018/02/06 06:00:00,12.913710399267787,12.913710399267787,12.42935555910266,0.0,0.0,0.0,0.06501908921459039,0.013297274945155983,0.0,0.0014232669458539432,0.40461520905952564,0.0,0.0,0.0,0.0,0.0,0.0,0.0,0.0,0.0,0.0,0.0,0.0,0.0,0.0,0.0,0.0,0.0,0.0,0.0,0.0,0.0,0.0,0.0,0.0,0.0,0.04406337364079996,0.04406337364079996
2018/02/06 02:00:00,2018/02/06 02:00:00,2018/02/06 07:00:00,12.734652685667735,12.734652685667735,12.30268317300188,0.0,0.0,0.0,0.03901145352875434,0.00797836496709361,0.0,0.0008539601675123682,0.38412573400249667,0.0,0.0,0.0,0.0,0.0,0.0,0.0,0.0,0.0,0.0,0.0,0.0,0.0,0.0,0.0,0.0,0.0,0.0,0.0,0.0,0.0,0.0,0.0,0.0,0.0,0.043452403850268356,0.043452403850268356
2018/02/06 03:00:00,2018/02/06 03:00:00,2018/02/06 08:00:00,12.324041098194298,12.324041098194298,11.938616954230326,0.0,0.0,0.0,0.026007635685836212,0.005318909978062404,0.0,0.0005693067783415784,0.35352829152173204,0.0,0.0,0.0,0.0,0.0,0.0,0.0,0.0,0.0,0.0,0.0,0.0,0.0,0.0,0.0,0.0,0.0,0.0,0.0,0.0,0.0,0.0,0.0,0.0,0.0,0.042051340078456505,0.042051340078456505
2018/02/06 04:00:00,2018/02/06 04:00:00,2018/02/06 09:00:00,13.539746426247525,13.539746426247525,13.168550784831023,0.0,0.0,0.0,0.026007635685836212,0.005318909978062404,0.0,0.0005693067783415784,0.3392997889742633,0.0,0.0,0.0,0.0,0.0,0.0,0.0,0.0,0.0,0.0,0.0,0.0,0.0,0.0,0.0,0.0,0.0,0.0,0.0,0.0,0.0,0.0,0.0,0.0,0.0,0.046199495523398026,0.046199495523398026
2018/02/06 05:00:00,2018/02/06 05:00:00,2018/02/06 10:00:00,15.205533015030333,15.205533015030333,14.412793299182784,0.0,0.0,0.0,0.028765918804645314,0.005883015834518425,0.0,0.0006296855569084576,0.3183074968724766,0.0,0.0,0.0,0.0,0.0,0.0,0.43915359877900295,0.0,0.0,0.0,0.0,0.0,0.0,0.0,0.0,0.0,0.0,0.0,0.0,0.0,0.0,0.0,0.0,0.0,0.0,0.05188339074777384,0.05188339074777384
2018/02/06 06:00:00,2018/02/06 06:00:00,2018/02/06 11:00:00,15.612639871955562,15.612639871955562,15.167550867558074,0.0,0.0,0.0,0.0785967943553618,0.016074097576202317,0.0,0.0017204827198804209,0.348697629746042,0.0,0.0,0.0,0.0,0.0,0.0,0.0,0.0,0.0,0.0,0.0,0.0,0.0,0.0,0.0,0.0,0.0,0.0,0.0,0.0,0.0,0.0,0.0,0.0,0.0,0.05327249589213615,0.05327249589213615
2018/02/06 07:00:00,2018/02/06 07:00:00,2018/02/06 12:00:00,16.34262248594425,16.34262248594425,15.687523927370442,0.0,0.0,0.0,0.18452357674232273,0.03773754390357793,0.0,0.004039218492300221,0.4287982194356071,0.0,0.0,0.0,0.0,0.0,0.0,0.0,0.0,0.0,0.0,0.0,0.0,0.0,0.0,0.0,0.0,0.0,0.0,0.0,0.0,0.0,0.0,0.0,0.0,0.0,0.05576329796814486,0.05576329796814486
2018/02/06 08:00:00,2018/02/06 08:00:00,2018/02/06 13:00:00,17.024895442430584,17.024895442430584,15.458876475014229,0.0,0.0,0.0,0.2335098295518684,0.047755888977462434,0.0,0.0051115268753808285,0.5870607755154171,0.0,0.0,0.0,0.0,0.0,0.0,0.692580946496226,0.0,0.0,0.0,0.0,0.0,0.0,0.0,0.0,0.0,0.0,0.0,0.0,0.0,0.0,0.0,0.0,0.0,0.0,0.05809130806572109,0.05809130806572109
2018/02/06 09:00:00,2018/02/06 09:00:00,2018/02/06 14:00:00,19.23607211109847,19.23607211109847,15.01347929001244,0.0,0.0,0.0,0.24695335769390644,0.05050527061440958,0.0,0.005405805516797518,2.6009075164300617,0.0,0.0,0.0,0.0,0.0,0.0,1.3188208708308526,0.0,0.0,0.0,0.0,0.0,0.0,0.0,0.0,0.0,0.0,0.0,0.0,0.0,0.0,0.0,0.0,0.0,0.0,0.06563614999921039,0.06563614999921039
2018/02/06 10:00:00,2018/02/06 10:00:00,2018/02/06 15:00:00,17.122183062359014,17.122183062359014,15.189521041421873,0.0,0.0,0.0,0.25268234700990755,0.0516769256931404,0.0,0.005531213012120983,0.30395066439111834,0.0,0.0,0.0,0.0,0.0,0.0,1.3188208708308526,0.0,0.0,0.0,0.0,0.0,0.0,0.0,0.0,0.0,0.0,0.0,0.0,0.0,0.0,0.0,0.0,0.0,0.0,0.05842326693849971,0.05842326693849971
2018/02/06 11:00:00,2018/02/06 11:00:00,2018/02/06 16:00:00,15.901127145282624,15.901127145282624,13.978932330413725,0.0,0.0,0.0,0.24574672449634635,0.05025849795764481,0.0,0.00537939233312173,0.30198932925093275,0.0,0.0,0.0,0.0,0.0,0.0,1.3188208708308526,0.0,0.0,0.0,0.0,0.0,0.0,0.0,0.0,0.0,0.0,0.0,0.0,0.0,0.0,0.0,0.0,0.0,0.0,0.05425685454059606,0.05425685454059606
2018/02/06 12:00:00,2018/02/06 12:00:00,2018/02/06 17:00:00,15.23860881364405,15.23860881364405,13.308073621882766,0.0,0.0,0.0,0.23613760755858612,0.04829330478983772,0.0,0.00516904889888472,0.3221143596831222,0.0,0.0,0.0,0.0,0.0,0.0,1.3188208708308526,0.0,0.0,0.0,0.0,0.0,0.0,0.0,0.0,0.0,0.0,0.0,0.0,0.0,0.0,0.0,0.0,0.0,0.0,0.05199624996698528,0.05199624996698528
2018/02/06 13:00:00,2018/02/06 13:00:00,2018/02/06 18:00:00,14.536915279708849,14.536915279708849,12.610328481138012,0.0,0.0,0.0,0.2292019850450249,0.046874877054342116,0.0,0.005017228219885468,0.3266718374207314,0.0,0.0,0.0,0.0,0.0,0.0,1.3188208708308526,0.0,0.0,0.0,0.0,0.0,0.0,0.0,0.0,0.0,0.0,0.0,0.0,0.0,0.0,0.0,0.0,0.0,0.0,0.049601974161568946,0.049601974161568946
2018/02/06 14:00:00,2018/02/06 14:00:00,2018/02/06 19:00:00,12.949155499689185,12.949155499689185,12.327808463264365,0.0,0.0,0.0,0.22716107639764072,0.04645748388950332,0.0,0.004972552758379963,0.3427042985400315,0.0,0.0,0.0,0.0,0.0,0.0,5.162483926426697e-05,0.0,0.0,0.0,0.0,0.0,0.0,0.0,0.0,0.0,0.0,0.0,0.0,0.0,0.0,0.0,0.0,0.0,0.0,0.04418431724688333,0.04418431724688333
2018/02/06 15:00:00,2018/02/06 15:00:00,2018/02/06 20:00:00,12.520794028516596,12.520794028516596,11.858003775034398,0.0,0.0,0.0,0.22765844421516418,0.04655920227249472,0.0,0.0049834401328904925,0.3835891668616478,0.0,0.0,0.0,0.0,0.0,0.0,0.0,0.0,0.0,0.0,0.0,0.0,0.0,0.0,0.0,0.0,0.0,0.0,0.0,0.0,0.0,0.0,0.0,0.0,0.0,0.042722688406370474,0.042722688406370474
2018/02/06 16:00:00,2018/02/06 16:00:00,2018/02/06 21:00:00,12.247608772235807,12.247608772235807,11.590761661852559,0.0,0.0,0.0,0.23296903579431874,0.047645289407864826,0.0,0.005099688907655623,0.3711330962734106,0.0,0.0,0.0,0.0,0.0,0.0,0.0,0.0,0.0,0.0,0.0,0.0,0.0,0.0,0.0,0.0,0.0,0.0,0.0,0.0,0.0,0.0,0.0,0.0,0.0,0.0417905423655749,0.0417905423655749
2018/02/06 17:00:00,2018/02/06 17:00:00,2018/02/06 22:00:00,12.99287704621827,12.99287704621827,12.178606945570833,0.0,0.0,0.0,0.2535585717390738,0.051856125390924754,0.0,0.005550393559083833,0.5033050099583555,0.0,0.0,0.0,0.0,0.0,0.0,0.0,0.0,0.0,0.0,0.0,0.0,0.0,0.0,0.0,0.0,0.0,0.0,0.0,0.0,0.0,0.0,0.0,0.0,0.0,0.04433350123671277,0.04433350123671277
2018/02/06 18:00:00,2018/02/06 18:00:00,2018/02/06 23:00:00,13.903215308223007,13.903215308223007,12.815566647370684,0.0,0.0,0.0,0.3091682871252569,0.06322905731052494,0.0,0.00676768944454725,0.7084836269719927,0.0,0.0,0.0,0.0,0.0,0.0,0.0,0.0,0.0,0.0,0.0,0.0,0.0,0.0,0.0,0.0,0.0,0.0,0.0,0.0,0.0,0.0,0.0,0.0,0.0,0.04743970183576798,0.04743970183576798
2018/02/06 19:00:00,2018/02/06 19:00:00,2018/02/07 00:00:00,14.783251665806604,14.783251665806604,13.544714966909158,0.0,0.0,0.0,0.40445419458869136,0.08271630213732041,0.0,0.008853496614973921,0.7425127055564619,0.0,0.0,0.0,0.0,0.0,0.0,0.0,0.0,0.0,0.0,0.0,0.0,0.0,0.0,0.0,0.0,0.0,0.0,0.0,0.0,0.0,0.0,0.0,0.0,0.0,0.05044250812790021,0.05044250812790021
2018/02/06 20:00:00,2018/02/06 20:00:00,2018/02/07 01:00:00,16.56475701568059,16.56475701568059,13.674032432361328,0.0,0.0,0.0,0.4947498518220883,0.10118297392694314,0.0,0.010830067278249408,1.0218480272384542,0.0,0.0,0.0,0.0,0.0,0.0,1.2621136630535315,0.0,0.0,0.0,0.0,0.0,0.0,0.0,0.0,0.0,0.0,0.0,0.0,0.0,0.0,0.0,0.0,0.0,0.0,0.056521251838850435,0.056521251838850435
2018/02/06 21:00:00,2018/02/06 21:00:00,2018/02/07 02:00:00,23.86896802167077,23.86896802167077,13.55109968271421,0.0,0.0,0.0,0.5093280083111753,0.10416440226392144,0.0,0.011149182918179776,8.374405874632432,0.0,0.0,0.0,0.0,0.0,0.0,1.3188208708308526,0.0,0.0,0.0,0.0,0.0,0.0,0.0,0.0,0.0,0.0,0.0,0.0,0.0,0.0,0.0,0.0,0.0,0.0,0.08144423437115482,0.08144423437115482
2018/02/06 22:00:00,2018/02/06 22:00:00,2018/02/07 03:00:00,19.396862013107445,19.396862013107445,13.36036770277766,0.0,0.0,0.0,0.43505295522220544,0.08897415868437193,0.0,0.009523303053665229,4.184123022538686,0.0,0.0,0.0,0.0,0.0,0.0,1.3188208708308526,0.0,0.0,0.0,0.0,0.0,0.0,0.0,0.0,0.0,0.0,0.0,0.0,0.0,0.0,0.0,0.0,0.0,0.0,0.06618478747913178,0.06618478747913178
2018/02/06 23:00:00,2018/02/06 23:00:00,2018/02/07 04:00:00,17.51070075941793,17.51070075941793,13.513946306370629,0.0,0.0,0.0,0.2648042903299012,0.05415602552586124,0.0,0.005796562180423241,2.3531767041802643,0.0,0.0,0.0,0.0,0.0,0.0,1.3188208708308526,0.0,0.0,0.0,0.0,0.0,0.0,0.0,0.0,0.0,0.0,0.0,0.0,0.0,0.0,0.0,0.0,0.0,0.0,0.059748943287300356,0.059748943287300356
2018/02/07 00:00:00,2018/02/07 00:00:00,2018/02/07 05:00:00,16.38507474140884,16.38507474140884,14.391786709534864,0.0,0.0,0.0,0.13094360677997474,0.026779722120023,0.0,0.002866353705536267,0.5138774784375879,0.0,0.0,0.0,0.0,0.0,0.0,1.3188208708308526,0.0,0.0,0.0,0.0,0.0,0.0,0.0,0.0,0.0,0.0,0.0,0.0,0.0,0.0,0.0,0.0,0.0,0.0,0.05590815096055338,0.05590815096055338
2018/02/07 01:00:00,2018/02/07 01:00:00,2018/02/07 06:00:00,18.764486883039844,18.764486883039844,15.92746991849264,0.0,0.0,0.0,0.06501908921459039,0.013297274945155983,0.0,0.0014232669458539432,1.4384564626107506,0.0,0.0,0.0,0.0,0.0,0.0,1.3188208708308526,0.0,0.0,0.0,0.0,0.0,0.0,0.0,0.0,0.0,0.0,0.0,0.0,0.0,0.0,0.0,0.0,0.0,0.0,0.06402703569627487,0.06402703569627487
2018/02/07 02:00:00,2018/02/07 02:00:00,2018/02/07 07:00:00,17.94366901296786,17.94366901296786,16.109831710170738,0.0,0.0,0.0,0.03901145352875434,0.00797836496709361,0.0,0.0008539601675123682,0.46717265330290697,0.0,0.0,0.0,0.0,0.0,0.0,1.3188208708308526,0.0,0.0,0.0,0.0,0.0,0.0,0.0,0.0,0.0,0.0,0.0,0.0,0.0,0.0,0.0,0.0,0.0,0.0,0.061226291109182505,0.061226291109182505
2018/02/07 03:00:00,2018/02/07 03:00:00,2018/02/07 08:00:00,18.420188410461453,18.420188410461453,14.773350937800625,0.0,0.0,0.0,0.026007635685836212,0.005318909978062404,0.0,0.0005693067783415784,2.2961207493877303,0.0,0.0,0.0,0.0,0.0,0.0,1.3188208708308526,0.0,0.0,0.0,0.0,0.0,0.0,0.0,0.0,0.0,0.0,0.0,0.0,0.0,0.0,0.0,0.0,0.0,0.0,0.06285224148360313,0.06285224148360313
2018/02/07 04:00:00,2018/02/07 04:00:00,2018/02/07 09:00:00,18.22362696143731,18.22362696143731,14.870043498414883,0.0,0.0,0.0,0.026007635685836212,0.005318909978062404,0.0,0.0005693067783415784,2.002866739749334,0.0,0.0,0.0,0.0,0.0,0.0,1.3188208708308526,0.0,0.0,0.0,0.0,0.0,0.0,0.0,0.0,0.0,0.0,0.0,0.0,0.0,0.0,0.0,0.0,0.0,0.0,0.06218154651647589,0.06218154651647589
2018/02/07 05:00:00,2018/02/07 05:00:00,2018/02/07 10:00:00,17.708638731816055,17.708638731816055,15.1803581075596,0.0,0.0,0.0,0.028765918804645314,0.005883015834518425,0.0,0.0006296855569084576,2.0130977173835554,0.0,0.0,0.0,0.0,0.0,0.0,0.4799042866768293,0.0,0.0,0.0,0.0,0.0,0.0,0.0,0.0,0.0,0.0,0.0,0.0,0.0,0.0,0.0,0.0,0.0,0.0,0.06042433514338345,0.06042433514338345
2018/02/07 06:00:00,2018/02/07 06:00:00,2018/02/07 11:00:00,15.858376034313103,15.858376034313103,15.413287029915615,0.0,0.0,0.0,0.0785967943553618,0.016074097576202317,0.0,0.0017204827198804209,0.348697629746042,0.0,0.0,0.0,0.0,0.0,0.0,0.0,0.0,0.0,0.0,0.0,0.0,0.0,0.0,0.0,0.0,0.0,0.0,0.0,0.0,0.0,0.0,0.0,0.0,0.0,0.054110981811692674,0.054110981811692674
2018/02/07 07:00:00,2018/02/07 07:00:00,2018/02/07 12:00:00,15.996233830979723,15.996233830979723,15.341135272405918,0.0,0.0,0.0,0.18452357674232273,0.03773754390357793,0.0,0.004039218492300221,0.4287982194356071,0.0,0.0,0.0,0.0,0.0,0.0,0.0,0.0,0.0,0.0,0.0,0.0,0.0,0.0,0.0,0.0,0.0,0.0,0.0,0.0,0.0,0.0,0.0,0.0,0.0,0.05458137176283818,0.05458137176283818
2018/02/07 08:00:00,2018/02/07 08:00:00,2018/02/07 13:00:00,16.23716365053831,16.23716365053831,15.461782993433937,0.0,0.0,0.0,0.2335098295518684,0.047755888977462434,0.0,0.0051115268753808285,0.4890034116996584,0.0,0.0,0.0,0.0,0.0,0.0,0.0,0.0,0.0,0.0,0.0,0.0,0.0,0.0,0.0,0.0,0.0,0.0,0.0,0.0,0.0,0.0,0.0,0.0,0.0,0.055403457773147216,0.055403457773147216
2018/02/07 09:00:00,2018/02/07 09:00:00,2018/02/07 14:00:00,15.858153899256052,15.858153899256052,15.164895779189251,0.0,0.0,0.0,0.24695335769390644,0.05050527061440958,0.0,0.005405805516797518,0.3903936862416873,0.0,0.0,0.0,0.0,0.0,0.0,0.0,0.0,0.0,0.0,0.0,0.0,0.0,0.0,0.0,0.0,0.0,0.0,0.0,0.0,0.0,0.0,0.0,0.0,0.0,0.0541102238560227,0.0541102238560227
2018/02/07 10:00:00,2018/02/07 10:00:00,2018/02/07 15:00:00,15.220709205814503,15.220709205814503,14.606868055708217,0.0,0.0,0.0,0.25268234700990755,0.0516769256931404,0.0,0.005531213012120983,0.30395066439111834,0.0,0.0,0.0,0.0,0.0,0.0,0.0,0.0,0.0,0.0,0.0,0.0,0.0,0.0,0.0,0.0,0.0,0.0,0.0,0.0,0.0,0.0,0.0,0.0,0.0,0.05193517401875418,0.05193517401875418
2018/02/07 11:00:00,2018/02/07 11:00:00,2018/02/07 16:00:00,14.456070215903106,14.456070215903106,13.85269627186506,0.0,0.0,0.0,0.24574672449634635,0.05025849795764481,0.0,0.00537939233312173,0.30198932925093275,0.0,0.0,0.0,0.0,0.0,0.0,0.0,0.0,0.0,0.0,0.0,0.0,0.0,0.0,0.0,0.0,0.0,0.0,0.0,0.0,0.0,0.0,0.0,0.0,0.0,0.04932611957420816,0.04932611957420816
2018/02/07 12:00:00,2018/02/07 12:00:00,2018/02/07 17:00:00,14.389084059039986,14.389084059039986,13.339134561642535,0.0,0.0,0.0,0.23613760755858612,0.04829330478983772,0.0,0.00516904889888472,0.3221143596831222,0.0,0.0,0.0,0.0,0.0,0.0,0.4382351764670202,0.0,0.0,0.0,0.0,0.0,0.0,0.0,0.0,0.0,0.0,0.0,0.0,0.0,0.0,0.0,0.0,0.0,0.0,0.04909755350238512,0.04909755350238512
2018/02/07 13:00:00,2018/02/07 13:00:00,2018/02/07 18:00:00,15.2751005426479,15.2751005426479,13.348513744077064,0.0,0.0,0.0,0.2292019850450249,0.046874877054342116,0.0,0.005017228219885468,0.3266718374207314,0.0,0.0,0.0,0.0,0.0,0.0,1.3188208708308526,0.0,0.0,0.0,0.0,0.0,0.0,0.0,0.0,0.0,0.0,0.0,0.0,0.0,0.0,0.0,0.0,0.0,0.0,0.05212076481517226,0.05212076481517226
2018/02/07 14:00:00,2018/02/07 14:00:00,2018/02/07 19:00:00,14.543441959555937,14.543441959555937,12.737876741686717,0.0,0.0,0.0,0.22716107639764072,0.04645748388950332,0.0,0.004972552758379963,0.3427042985400315,0.0,0.0,0.0,0.0,0.0,0.0,1.1842698062836643,0.0,0.0,0.0,0.0,0.0,0.0,0.0,0.0,0.0,0.0,0.0,0.0,0.0,0.0,0.0,0.0,0.0,0.0,0.049624244099785345,0.049624244099785345
2018/02/07 15:00:00,2018/02/07 15:00:00,2018/02/07 20:00:00,12.908688274377353,12.908688274377353,12.245898020895154,0.0,0.0,0.0,0.22765844421516418,0.04655920227249472,0.0,0.0049834401328904925,0.3835891668616478,0.0,0.0,0.0,0.0,0.0,0.0,0.0,0.0,0.0,0.0,0.0,0.0,0.0,0.0,0.0,0.0,0.0,0.0,0.0,0.0,0.0,0.0,0.0,0.0,0.0,0.04404623745308349,0.04404623745308349
2018/02/07 16:00:00,2018/02/07 16:00:00,2018/02/07 21:00:00,12.58387431002673,12.58387431002673,11.840259745525808,0.0,0.0,0.0,0.23296903579431874,0.047645289407864826,0.0,0.005099688907655623,0.4579005503910832,0.0,0.0,0.0,0.0,0.0,0.0,0.0,0.0,0.0,0.0,0.0,0.0,0.0,0.0,0.0,0.0,0.0,0.0,0.0,0.0,0.0,0.0,0.0,0.0,0.0,0.04293792708894968,0.04293792708894968
2018/02/07 17:00:00,2018/02/07 17:00:00,2018/02/07 22:00:00,14.930484703600824,14.930484703600824,11.202725821617513,0.0,0.0,0.0,0.2535585717390738,0.051856125390924754,0.0,0.005550393559083833,2.6087556318812433,0.0,0.0,0.0,0.0,0.0,0.0,0.8080381594129854,0.0,0.0,0.0,0.0,0.0,0.0,0.0,0.0,0.0,0.0,0.0,0.0,0.0,0.0,0.0,0.0,0.0,0.0,0.0509448877040261,0.0509448877040261
2018/02/07 18:00:00,2018/02/07 18:00:00,2018/02/07 23:00:00,15.803407846402948,15.803407846402948,11.311132668350384,0.0,0.0,0.0,0.3091682871252569,0.06322905731052494,0.0,0.00676768944454725,4.077454867235692,0.0,0.0,0.0,0.0,0.0,0.0,0.03565527693654327,0.0,0.0,0.0,0.0,0.0,0.0,0.0,0.0,0.0,0.0,0.0,0.0,0.0,0.0,0.0,0.0,0.0,0.0,0.053923422719274104,0.053923422719274104
2018/02/07 19:00:00,2018/02/07 19:00:00,2018/02/08 00:00:00,13.781753437114224,13.781753437114224,12.54321673821678,0.0,0.0,0.0,0.40445419458869136,0.08271630213732041,0.0,0.008853496614973921,0.7425127055564619,0.0,0.0,0.0,0.0,0.0,0.0,0.0,0.0,0.0,0.0,0.0,0.0,0.0,0.0,0.0,0.0,0.0,0.0,0.0,0.0,0.0,0.0,0.0,0.0,0.0,0.04702525706007591,0.04702525706007591
2018/02/07 20:00:00,2018/02/07 20:00:00,2018/02/08 01:00:00,14.31895519303684,14.31895519303684,13.019533542044593,0.0,0.0,0.0,0.4947498518220883,0.10118297392694314,0.0,0.010830067278249408,0.692658757964968,0.0,0.0,0.0,0.0,0.0,0.0,0.0,0.0,0.0,0.0,0.0,0.0,0.0,0.0,0.0,0.0,0.0,0.0,0.0,0.0,0.0,0.0,0.0,0.0,0.0,0.04885826407044329,0.04885826407044329
2018/02/07 21:00:00,2018/02/07 21:00:00,2018/02/08 02:00:00,14.8944128144177,14.8944128144177,13.46957440076592,0.0,0.0,0.0,0.5093280083111753,0.10416440226392144,0.0,0.011149182918179776,0.8001968201585039,0.0,0.0,0.0,0.0,0.0,0.0,0.0,0.0,0.0,0.0,0.0,0.0,0.0,0.0,0.0,0.0,0.0,0.0,0.0,0.0,0.0,0.0,0.0,0.0,0.0,0.050821805407624626,0.050821805407624626
2018/02/07 22:00:00,2018/02/07 22:00:00,2018/02/08 03:00:00,15.117755217220802,15.117755217220802,13.935224199777078,0.0,0.0,0.0,0.43505295522220544,0.08897415868437193,0.0,0.009523303053665229,0.6489806004834796,0.0,0.0,0.0,0.0,0.0,0.0,0.0,0.0,0.0,0.0,0.0,0.0,0.0,0.0,0.0,0.0,0.0,0.0,0.0,0.0,0.0,0.0,0.0,0.0,0.0,0.05158388070901168,0.05158388070901168
2018/02/07 23:00:00,2018/02/07 23:00:00,2018/02/08 04:00:00,15.142684658941501,15.142684658941501,14.265944671694612,0.0,0.0,0.0,0.2648042903299012,0.05415602552586124,0.0,0.005796562180423241,0.5519831092107013,0.0,0.0,0.0,0.0,0.0,0.0,0.0,0.0,0.0,0.0,0.0,0.0,0.0,0.0,0.0,0.0,0.0,0.0,0.0,0.0,0.0,0.0,0.0,0.0,0.0,0.05166894342694734,0.05166894342694734
2018/02/08 00:00:00,2018/02/08 00:00:00,2018/02/08 05:00:00,15.227110241111426,15.227110241111426,14.59850379649665,0.0,0.0,0.0,0.13094360677997474,0.026779722120023,0.0,0.002866353705536267,0.46801676200923903,0.0,0.0,0.0,0.0,0.0,0.0,0.0,0.0,0.0,0.0,0.0,0.0,0.0,0.0,0.0,0.0,0.0,0.0,0.0,0.0,0.0,0.0,0.0,0.0,0.0,0.05195701524031295,0.05195701524031295
2018/02/08 01:00:00,2018/02/08 01:00:00,2018/02/08 06:00:00,16.51522059076176,16.51522059076176,15.624238719634251,0.0,0.0,0.0,0.06501908921459039,0.013297274945155983,0.0,0.0014232669458539432,0.40461520905952564,0.0,0.0,0.0,0.0,0.0,0.0,0.4066270309623847,0.0,0.0,0.0,0.0,0.0,0.0,0.0,0.0,0.0,0.0,0.0,0.0,0.0,0.0,0.0,0.0,0.0,0.0,0.0563522266762487,0.0563522266762487
2018/02/08 02:00:00,2018/02/08 02:00:00,2018/02/08 07:00:00,16.3854074294538,16.3854074294538,15.953437916787946,0.0,0.0,0.0,0.03901145352875434,0.00797836496709361,0.0,0.0008539601675123682,0.38412573400249667,0.0,0.0,0.0,0.0,0.0,0.0,0.0,0.0,0.0,0.0,0.0,0.0,0.0,0.0,0.0,0.0,0.0,0.0,0.0,0.0,0.0,0.0,0.0,0.0,0.0,0.055909286138374294,0.055909286138374294
2018/02/08 03:00:00,2018/02/08 03:00:00,2018/02/08 08:00:00,15.885261647881297,15.885261647881297,15.499837503917323,0.0,0.0,0.0,0.026007635685836212,0.005318909978062404,0.0,0.0005693067783415784,0.35352829152173204,0.0,0.0,0.0,0.0,0.0,0.0,0.0,0.0,0.0,0.0,0.0,0.0,0.0,0.0,0.0,0.0,0.0,0.0,0.0,0.0,0.0,0.0,0.0,0.0,0.0,0.05420271925969094,0.05420271925969094
2018/02/08 04:00:00,2018/02/08 04:00:00,2018/02/08 09:00:00,15.842529383989252,15.842529383989252,15.471333742572748,0.0,0.0,0.0,0.026007635685836212,0.005318909978062404,0.0,0.0005693067783415784,0.3392997889742633,0.0,0.0,0.0,0.0,0.0,0.0,0.0,0.0,0.0,0.0,0.0,0.0,0.0,0.0,0.0,0.0,0.0,0.0,0.0,0.0,0.0,0.0,0.0,0.0,0.0,0.054056910839633814,0.054056910839633814
2018/02/08 05:00:00,2018/02/08 05:00:00,2018/02/08 10:00:00,15.73218991676971,15.73218991676971,15.378603799701166,0.0,0.0,0.0,0.028765918804645314,0.005883015834518425,0.0,0.0006296855569084576,0.3183074968724766,0.0,0.0,0.0,0.0,0.0,0.0,0.0,0.0,0.0,0.0,0.0,0.0,0.0,0.0,0.0,0.0,0.0,0.0,0.0,0.0,0.0,0.0,0.0,0.0,0.0,0.05368041725095174,0.05368041725095174
2018/02/08 06:00:00,2018/02/08 06:00:00,2018/02/08 11:00:00,15.851901332396723,15.851901332396723,15.406812327999235,0.0,0.0,0.0,0.0785967943553618,0.016074097576202317,0.0,0.0017204827198804209,0.348697629746042,0.0,0.0,0.0,0.0,0.0,0.0,0.0,0.0,0.0,0.0,0.0,0.0,0.0,0.0,0.0,0.0,0.0,0.0,0.0,0.0,0.0,0.0,0.0,0.0,0.0,0.05408888922939577,0.05408888922939577
2018/02/08 07:00:00,2018/02/08 07:00:00,2018/02/08 12:00:00,16.021091666261967,16.021091666261967,15.365993107688162,0.0,0.0,0.0,0.18452357674232273,0.03773754390357793,0.0,0.004039218492300221,0.4287982194356071,0.0,0.0,0.0,0.0,0.0,0.0,0.0,0.0,0.0,0.0,0.0,0.0,0.0,0.0,0.0,0.0,0.0,0.0,0.0,0.0,0.0,0.0,0.0,0.0,0.0,0.05466619014965945,0.05466619014965945
2018/02/08 08:00:00,2018/02/08 08:00:00,2018/02/08 13:00:00,16.08883429852779,16.08883429852779,14.879377451970697,0.0,0.0,0.0,0.2335098295518684,0.047755888977462434,0.0,0.0051115268753808285,0.4890034116996584,0.0,0.0,0.0,0.0,0.0,0.0,0.43407618945272075,0.0,0.0,0.0,0.0,0.0,0.0,0.0,0.0,0.0,0.0,0.0,0.0,0.0,0.0,0.0,0.0,0.0,0.0,0.05489733742063352,0.05489733742063352
2018/02/08 09:00:00,2018/02/08 09:00:00,2018/02/08 14:00:00,16.395045992554092,16.395045992554092,14.382967001656436,0.0,0.0,0.0,0.24695335769390644,0.05050527061440958,0.0,0.005405805516797518,0.3903936862416873,0.0,0.0,0.0,0.0,0.0,0.0,1.3188208708308526,0.0,0.0,0.0,0.0,0.0,0.0,0.0,0.0,0.0,0.0,0.0,0.0,0.0,0.0,0.0,0.0,0.0,0.0,0.05594217425450183,0.05594217425450183
2018/02/08 10:00:00,2018/02/08 10:00:00,2018/02/08 15:00:00,15.0491311806023,15.0491311806023,13.116469159665161,0.0,0.0,0.0,0.25268234700990755,0.0516769256931404,0.0,0.005531213012120983,0.30395066439111834,0.0,0.0,0.0,0.0,0.0,0.0,1.3188208708308526,0.0,0.0,0.0,0.0,0.0,0.0,0.0,0.0,0.0,0.0,0.0,0.0,0.0,0.0,0.0,0.0,0.0,0.0,0.05134972596395619,0.05134972596395619
2018/02/08 11:00:00,2018/02/08 11:00:00,2018/02/08 16:00:00,14.5006883474557,14.5006883474557,12.578493532586801,0.0,0.0,0.0,0.24574672449634635,0.05025849795764481,0.0,0.00537939233312173,0.30198932925093275,0.0,0.0,0.0,0.0,0.0,0.0,1.3188208708308526,0.0,0.0,0.0,0.0,0.0,0.0,0.0,0.0,0.0,0.0,0.0,0.0,0.0,0.0,0.0,0.0,0.0,0.0,0.04947836283667654,0.04947836283667654
2018/02/08 12:00:00,2018/02/08 12:00:00,2018/02/08 17:00:00,13.947323315825393,13.947323315825393,12.935757354577724,0.0,0.0,0.0,0.23613760755858612,0.04829330478983772,0.0,0.00516904889888472,0.3221143596831222,0.0,0.0,0.0,0.0,0.0,0.0,0.39985164031724074,0.0,0.0,0.0,0.0,0.0,0.0,0.0,0.0,0.0,0.0,0.0,0.0,0.0,0.0,0.0,0.0,0.0,0.0,0.047590204484460295,0.047590204484460295
2018/02/08 13:00:00,2018/02/08 13:00:00,2018/02/08 18:00:00,14.148680403506368,14.148680403506368,13.540914475766385,0.0,0.0,0.0,0.2292019850450249,0.046874877054342116,0.0,0.005017228219885468,0.3266718374207314,0.0,0.0,0.0,0.0,0.0,0.0,0.0,0.0,0.0,0.0,0.0,0.0,0.0,0.0,0.0,0.0,0.0,0.0,0.0,0.0,0.0,0.0,0.0,0.0,0.0,0.04827726283681526,0.04827726283681526
2018/02/08 14:00:00,2018/02/08 14:00:00,2018/02/08 19:00:00,14.21835160616146,14.21835160616146,13.597056194575908,0.0,0.0,0.0,0.22716107639764072,0.04645748388950332,0.0,0.004972552758379963,0.3427042985400315,0.0,0.0,0.0,0.0,0.0,0.0,0.0,0.0,0.0,0.0,0.0,0.0,0.0,0.0,0.0,0.0,0.0,0.0,0.0,0.0,0.0,0.0,0.0,0.0,0.0,0.04851499065784254,0.04851499065784254
2018/02/08 15:00:00,2018/02/08 15:00:00,2018/02/08 20:00:00,13.670550633523646,13.670550633523646,12.96036888576937,0.0,0.0,0.0,0.22765844421516418,0.04655920227249472,0.0,0.0049834401328904925,0.43098066113372835,0.0,0.0,0.0,0.0,0.0,0.0,0.0,0.0,0.0,0.0,0.0,0.0,0.0,0.0,0.0,0.0,0.0,0.0,0.0,0.0,0.0,0.0,0.0,0.0,0.0,0.04664581764777547,0.04664581764777547
2018/02/08 16:00:00,2018/02/08 16:00:00,2018/02/08 21:00:00,15.063921061678291,15.063921061678291,12.902513508087722,0.0,0.0,0.0,0.23296903579431874,0.047645289407864826,0.0,0.005099688907655623,1.4550673709834772,0.0,0.0,0.0,0.0,0.0,0.0,0.4206261684972563,0.0,0.0,0.0,0.0,0.0,0.0,0.0,0.0,0.0,0.0,0.0,0.0,0.0,0.0,0.0,0.0,0.0,0.0,0.05140019109255249,0.05140019109255249
2018/02/08 17:00:00,2018/02/08 17:00:00,2018/02/08 22:00:00,14.40632434227072,14.40632434227072,13.240729723267505,0.0,0.0,0.0,0.2535585717390738,0.051856125390924754,0.0,0.005550393559083833,0.8546295283141309,0.0,0.0,0.0,0.0,0.0,0.0,0.0,0.0,0.0,0.0,0.0,0.0,0.0,0.0,0.0,0.0,0.0,0.0,0.0,0.0,0.0,0.0,0.0,0.0,0.0,0.04915637974350264,0.04915637974350264
2018/02/08 18:00:00,2018/02/08 18:00:00,2018/02/08 23:00:00,14.88894445786329,14.88894445786329,13.801295797010969,0.0,0.0,0.0,0.3091682871252569,0.06322905731052494,0.0,0.00676768944454725,0.7084836269719927,0.0,0.0,0.0,0.0,0.0,0.0,0.0,0.0,0.0,0.0,0.0,0.0,0.0,0.0,0.0,0.0,0.0,0.0,0.0,0.0,0.0,0.0,0.0,0.0,0.0,0.05080314661548758,0.05080314661548758
2018/02/08 19:00:00,2018/02/08 19:00:00,2018/02/09 00:00:00,15.789509990245236,15.789509990245236,14.03395995665102,0.0,0.0,0.0,0.40445419458869136,0.08271630213732041,0.0,0.008853496614973921,0.7425127055564619,0.0,0.0,0.0,0.0,0.0,0.0,0.5170133346967694,0.0,0.0,0.0,0.0,0.0,0.0,0.0,0.0,0.0,0.0,0.0,0.0,0.0,0.0,0.0,0.0,0.0,0.0,0.05387600130360429,0.05387600130360429
2018/02/08 20:00:00,2018/02/08 20:00:00,2018/02/09 01:00:00,16.917664023469822,16.917664023469822,14.304694286661384,0.0,0.0,0.0,0.4947498518220883,0.10118297392694314,0.0,0.010830067278249408,0.6873859729503065,0.0,0.0,0.0,0.0,0.0,0.0,1.3188208708308526,0.0,0.0,0.0,0.0,0.0,0.0,0.0,0.0,0.0,0.0,0.0,0.0,0.0,0.0,0.0,0.0,0.0,0.0,0.05772541956941649,0.05772541956941649
2018/02/08 21:00:00,2018/02/08 21:00:00,2018/02/09 02:00:00,17.407755645264043,17.407755645264043,14.782961112442683,0.0,0.0,0.0,0.5093280083111753,0.10416440226392144,0.0,0.011149182918179776,0.6813320684972306,0.0,0.0,0.0,0.0,0.0,0.0,1.3188208708308526,0.0,0.0,0.0,0.0,0.0,0.0,0.0,0.0,0.0,0.0,0.0,0.0,0.0,0.0,0.0,0.0,0.0,0.0,0.059397680258379194,0.059397680258379194
2018/02/08 22:00:00,2018/02/08 22:00:00,2018/02/09 03:00:00,17.193293906362978,17.193293906362978,14.691942018088401,0.0,0.0,0.0,0.43505295522220544,0.08897415868437193,0.0,0.009523303053665229,0.6489806004834796,0.0,0.0,0.0,0.0,0.0,0.0,1.3188208708308526,0.0,0.0,0.0,0.0,0.0,0.0,0.0,0.0,0.0,0.0,0.0,0.0,0.0,0.0,0.0,0.0,0.0,0.0,0.05866590701578045,0.05866590701578045
2018/02/08 23:00:00,2018/02/08 23:00:00,2018/02/09 04:00:00,16.73879655258697,16.73879655258697,14.726275484323416,0.0,0.0,0.0,0.2648042903299012,0.05415602552586124,0.0,0.005796562180423241,0.5519831092107013,0.0,0.0,0.0,0.0,0.0,0.0,1.1357810810166649,0.0,0.0,0.0,0.0,0.0,0.0,0.0,0.0,0.0,0.0,0.0,0.0,0.0,0.0,0.0,0.0,0.0,0.0,0.05711509891346133,0.05711509891346133
2018/02/09 00:00:00,2018/02/09 00:00:00,2018/02/09 05:00:00,15.42508990377321,15.42508990377321,14.796483459158436,0.0,0.0,0.0,0.13094360677997474,0.026779722120023,0.0,0.002866353705536267,0.46801676200923903,0.0,0.0,0.0,0.0,0.0,0.0,0.0,0.0,0.0,0.0,0.0,0.0,0.0,0.0,0.0,0.0,0.0,0.0,0.0,0.0,0.0,0.0,0.0,0.0,0.0,0.05263254934936657,0.05263254934936657
2018/02/09 01:00:00,2018/02/09 01:00:00,2018/02/09 06:00:00,16.651762685714377,16.651762685714377,16.167407845549253,0.0,0.0,0.0,0.06501908921459039,0.013297274945155983,0.0,0.0014232669458539432,0.40461520905952564,0.0,0.0,0.0,0.0,0.0,0.0,0.0,0.0,0.0,0.0,0.0,0.0,0.0,0.0,0.0,0.0,0.0,0.0,0.0,0.0,0.0,0.0,0.0,0.0,0.0,0.05681812727039057,0.05681812727039057
2018/02/09 02:00:00,2018/02/09 02:00:00,2018/02/09 07:00:00,17.290423627931705,17.290423627931705,16.85845411526585,0.0,0.0,0.0,0.03901145352875434,0.00797836496709361,0.0,0.0008539601675123682,0.38412573400249667,0.0,0.0,0.0,0.0,0.0,0.0,0.0,0.0,0.0,0.0,0.0,0.0,0.0,0.0,0.0,0.0,0.0,0.0,0.0,0.0,0.0,0.0,0.0,0.0,0.0,0.05899732711742315,0.05899732711742315
2018/02/09 03:00:00,2018/02/09 03:00:00,2018/02/09 08:00:00,16.896274676147694,16.896274676147694,16.51085053218372,0.0,0.0,0.0,0.026007635685836212,0.005318909978062404,0.0,0.0005693067783415784,0.35352829152173204,0.0,0.0,0.0,0.0,0.0,0.0,0.0,0.0,0.0,0.0,0.0,0.0,0.0,0.0,0.0,0.0,0.0,0.0,0.0,0.0,0.0,0.0,0.0,0.0,0.0,0.05765243614529996,0.05765243614529996
2018/02/09 04:00:00,2018/02/09 04:00:00,2018/02/09 09:00:00,17.0383741619215,17.0383741619215,16.667178520504997,0.0,0.0,0.0,0.026007635685836212,0.005318909978062404,0.0,0.0005693067783415784,0.3392997889742633,0.0,0.0,0.0,0.0,0.0,0.0,0.0,0.0,0.0,0.0,0.0,0.0,0.0,0.0,0.0,0.0,0.0,0.0,0.0,0.0,0.0,0.0,0.0,0.0,0.0,0.058137299328864286,0.058137299328864286
2018/02/09 05:00:00,2018/02/09 05:00:00,2018/02/09 10:00:00,17.296935301683515,17.296935301683515,16.943349184614966,0.0,0.0,0.0,0.028765918804645314,0.005883015834518425,0.0,0.0006296855569084576,0.3183074968724766,0.0,0.0,0.0,0.0,0.0,0.0,0.0,0.0,0.0,0.0,0.0,0.0,0.0,0.0,0.0,0.0,0.0,0.0,0.0,0.0,0.0,0.0,0.0,0.0,0.0,0.05901954585275805,0.05901954585275805
2018/02/09 06:00:00,2018/02/09 06:00:00,2018/02/09 11:00:00,17.591280539717438,17.591280539717438,17.146191535319954,0.0,0.0,0.0,0.0785967943553618,0.016074097576202317,0.0,0.0017204827198804209,0.348697629746042,0.0,0.0,0.0,0.0,0.0,0.0,0.0,0.0,0.0,0.0,0.0,0.0,0.0,0.0,0.0,0.0,0.0,0.0,0.0,0.0,0.0,0.0,0.0,0.0,0.0,0.06002389269048909,0.06002389269048909
2018/02/09 07:00:00,2018/02/09 07:00:00,2018/02/09 12:00:00,18.24657826463522,18.24657826463522,16.278519431634454,0.0,0.0,0.0,0.18452357674232273,0.03773754390357793,0.0,0.004039218492300221,0.4287982194356071,0.0,0.0,0.0,0.0,0.0,0.0,1.312960274426963,0.0,0.0,0.0,0.0,0.0,0.0,0.0,0.0,0.0,0.0,0.0,0.0,0.0,0.0,0.0,0.0,0.0,0.0,0.06225985955100159,0.06225985955100159
2018/02/09 08:00:00,2018/02/09 08:00:00,2018/02/09 13:00:00,19.094038058624232,19.094038058624232,16.99983653068901,0.0,0.0,0.0,0.2335098295518684,0.047755888977462434,0.0,0.0051115268753808285,0.4890034116996584,0.0,0.0,0.0,0.0,0.0,0.0,1.3188208708308526,0.0,0.0,0.0,0.0,0.0,0.0,0.0,0.0,0.0,0.0,0.0,0.0,0.0,0.0,0.0,0.0,0.0,0.0,0.06515151008315309,0.06515151008315309
2018/02/09 09:00:00,2018/02/09 09:00:00,2018/02/09 14:00:00,17.86303654717579,17.86303654717579,15.850957556278136,0.0,0.0,0.0,0.24695335769390644,0.05050527061440958,0.0,0.005405805516797518,0.3903936862416873,0.0,0.0,0.0,0.0,0.0,0.0,1.3188208708308526,0.0,0.0,0.0,0.0,0.0,0.0,0.0,0.0,0.0,0.0,0.0,0.0,0.0,0.0,0.0,0.0,0.0,0.0,0.06095116193577496,0.06095116193577496
2018/02/09 10:00:00,2018/02/09 10:00:00,2018/02/09 15:00:00,16.47335259101076,16.47335259101076,14.540690570073618,0.0,0.0,0.0,0.25268234700990755,0.0516769256931404,0.0,0.005531213012120983,0.30395066439111834,0.0,0.0,0.0,0.0,0.0,0.0,1.3188208708308526,0.0,0.0,0.0,0.0,0.0,0.0,0.0,0.0,0.0,0.0,0.0,0.0,0.0,0.0,0.0,0.0,0.0,0.0,0.05620936724549006,0.05620936724549006
2018/02/09 11:00:00,2018/02/09 11:00:00,2018/02/09 16:00:00,15.995319621504215,15.995319621504215,14.073124806635317,0.0,0.0,0.0,0.24574672449634635,0.05025849795764481,0.0,0.00537939233312173,0.30198932925093275,0.0,0.0,0.0,0.0,0.0,0.0,1.3188208708308526,0.0,0.0,0.0,0.0,0.0,0.0,0.0,0.0,0.0,0.0,0.0,0.0,0.0,0.0,0.0,0.0,0.0,0.0,0.05457825235312092,0.05457825235312092
2018/02/09 12:00:00,2018/02/09 12:00:00,2018/02/09 17:00:00,15.090648470881625,15.090648470881625,13.884504198531582,0.0,0.0,0.0,0.23613760755858612,0.04829330478983772,0.0,0.00516904889888472,0.3221143596831222,0.0,0.0,0.0,0.0,0.0,0.0,0.5944299514196136,0.0,0.0,0.0,0.0,0.0,0.0,0.0,0.0,0.0,0.0,0.0,0.0,0.0,0.0,0.0,0.0,0.0,0.0,0.05149138872528273,0.05149138872528273
2018/02/09 13:00:00,2018/02/09 13:00:00,2018/02/09 18:00:00,15.709222818869765,15.709222818869765,13.782636020298929,0.0,0.0,0.0,0.2292019850450249,0.046874877054342116,0.0,0.005017228219885468,0.3266718374207314,0.0,0.0,0.0,0.0,0.0,0.0,1.3188208708308526,0.0,0.0,0.0,0.0,0.0,0.0,0.0,0.0,0.0,0.0,0.0,0.0,0.0,0.0,0.0,0.0,0.0,0.0,0.053602050322708754,0.053602050322708754
2018/02/09 14:00:00,2018/02/09 14:00:00,2018/02/09 19:00:00,14.449059445367217,14.449059445367217,13.759833140269972,0.0,0.0,0.0,0.22716107639764072,0.04645748388950332,0.0,0.004972552758379963,0.3427042985400315,0.0,0.0,0.0,0.0,0.0,0.0,0.06793089351169193,0.0,0.0,0.0,0.0,0.0,0.0,0.0,0.0,0.0,0.0,0.0,0.0,0.0,0.0,0.0,0.0,0.0,0.0,0.04930219785131973,0.04930219785131973
2018/02/09 15:00:00,2018/02/09 15:00:00,2018/02/09 20:00:00,15.417708949147167,15.417708949147167,13.78902565368646,0.0,0.0,0.0,0.22765844421516418,0.04655920227249472,0.0,0.0049834401328904925,0.742751534251728,0.0,0.0,0.0,0.0,0.0,0.0,0.6067306745884309,0.0,0.0,0.0,0.0,0.0,0.0,0.0,0.0,0.0,0.0,0.0,0.0,0.0,0.0,0.0,0.0,0.0,0.0,0.05260736450694269,0.05260736450694269
2018/02/09 16:00:00,2018/02/09 16:00:00,2018/02/09 21:00:00,14.467800113059974,14.467800113059974,13.810953002676724,0.0,0.0,0.0,0.23296903579431874,0.047645289407864826,0.0,0.005099688907655623,0.3711330962734106,0.0,0.0,0.0,0.0,0.0,0.0,0.0,0.0,0.0,0.0,0.0,0.0,0.0,0.0,0.0,0.0,0.0,0.0,0.0,0.0,0.0,0.0,0.0,0.0,0.0,0.04936614361263019,0.04936614361263019
2018/02/09 17:00:00,2018/02/09 17:00:00,2018/02/09 22:00:00,14.431445160881937,14.431445160881937,13.617175060234498,0.0,0.0,0.0,0.2535585717390738,0.051856125390924754,0.0,0.005550393559083833,0.5033050099583555,0.0,0.0,0.0,0.0,0.0,0.0,0.0,0.0,0.0,0.0,0.0,0.0,0.0,0.0,0.0,0.0,0.0,0.0,0.0,0.0,0.0,0.0,0.0,0.0,0.0,0.04924209546597165,0.04924209546597165
2018/02/09 18:00:00,2018/02/09 18:00:00,2018/02/09 23:00:00,14.822479500708084,14.822479500708084,13.73483083985576,0.0,0.0,0.0,0.3091682871252569,0.06322905731052494,0.0,0.00676768944454725,0.7084836269719927,0.0,0.0,0.0,0.0,0.0,0.0,0.0,0.0,0.0,0.0,0.0,0.0,0.0,0.0,0.0,0.0,0.0,0.0,0.0,0.0,0.0,0.0,0.0,0.0,0.0,0.050576358949464356,0.050576358949464356
2018/02/09 19:00:00,2018/02/09 19:00:00,2018/02/10 00:00:00,15.867985711346991,15.867985711346991,14.629449012449545,0.0,0.0,0.0,0.40445419458869136,0.08271630213732041,0.0,0.008853496614973921,0.7425127055564619,0.0,0.0,0.0,0.0,0.0,0.0,0.0,0.0,0.0,0.0,0.0,0.0,0.0,0.0,0.0,0.0,0.0,0.0,0.0,0.0,0.0,0.0,0.0,0.0,0.0,0.05414377136454927,0.05414377136454927
2018/02/09 20:00:00,2018/02/09 20:00:00,2018/02/10 01:00:00,16.82617669448049,16.82617669448049,14.670585881176615,0.0,0.0,0.0,0.4947498518220883,0.10118297392694314,0.0,0.010830067278249408,0.6873859729503065,0.0,0.0,0.0,0.0,0.0,0.0,0.8614419473262869,0.0,0.0,0.0,0.0,0.0,0.0,0.0,0.0,0.0,0.0,0.0,0.0,0.0,0.0,0.0,0.0,0.0,0.0,0.057413252095002296,0.057413252095002296
2018/02/09 21:00:00,2018/02/09 21:00:00,2018/02/10 02:00:00,17.826952031538262,17.826952031538262,15.202157498716899,0.0,0.0,0.0,0.5093280083111753,0.10416440226392144,0.0,0.011149182918179776,0.6813320684972306,0.0,0.0,0.0,0.0,0.0,0.0,1.3188208708308526,0.0,0.0,0.0,0.0,0.0,0.0,0.0,0.0,0.0,0.0,0.0,0.0,0.0,0.0,0.0,0.0,0.0,0.0,0.06082803655615719,0.06082803655615719
2018/02/09 22:00:00,2018/02/09 22:00:00,2018/02/10 03:00:00,18.18946886197961,18.18946886197961,15.688116973705032,0.0,0.0,0.0,0.43505295522220544,0.08897415868437193,0.0,0.009523303053665229,0.6489806004834796,0.0,0.0,0.0,0.0,0.0,0.0,1.3188208708308526,0.0,0.0,0.0,0.0,0.0,0.0,0.0,0.0,0.0,0.0,0.0,0.0,0.0,0.0,0.0,0.0,0.0,0.0,0.06206499433644948,0.06206499433644948
2018/02/09 23:00:00,2018/02/09 23:00:00,2018/02/10 04:00:00,17.439756878855174,17.439756878855174,15.765540838068706,0.0,0.0,0.0,0.2648042903299012,0.05415602552586124,0.0,0.005796562180423241,0.5519831092107013,0.0,0.0,0.0,0.0,0.0,0.0,0.7974760535395793,0.0,0.0,0.0,0.0,0.0,0.0,0.0,0.0,0.0,0.0,0.0,0.0,0.0,0.0,0.0,0.0,0.0,0.0,0.05950687291247282,0.05950687291247282
2018/02/10 00:00:00,2018/02/10 00:00:00,2018/02/10 05:00:00,16.060779843224637,16.060779843224637,15.432173398609862,0.0,0.0,0.0,0.13094360677997474,0.026779722120023,0.0,0.002866353705536267,0.46801676200923903,0.0,0.0,0.0,0.0,0.0,0.0,0.0,0.0,0.0,0.0,0.0,0.0,0.0,0.0,0.0,0.0,0.0,0.0,0.0,0.0,0.0,0.0,0.0,0.0,0.0,0.054801611722279465,0.054801611722279465
2018/02/10 01:00:00,2018/02/10 01:00:00,2018/02/10 06:00:00,15.937996310933968,15.937996310933968,15.453641470768842,0.0,0.0,0.0,0.06501908921459039,0.013297274945155983,0.0,0.0014232669458539432,0.40461520905952564,0.0,0.0,0.0,0.0,0.0,0.0,0.0,0.0,0.0,0.0,0.0,0.0,0.0,0.0,0.0,0.0,0.0,0.0,0.0,0.0,0.0,0.0,0.0,0.0,0.0,0.054382657255051536,0.054382657255051536
2018/02/10 02:00:00,2018/02/10 02:00:00,2018/02/10 07:00:00,15.63428045743514,15.63428045743514,15.202310944769286,0.0,0.0,0.0,0.03901145352875434,0.00797836496709361,0.0,0.0008539601675123682,0.38412573400249667,0.0,0.0,0.0,0.0,0.0,0.0,0.0,0.0,0.0,0.0,0.0,0.0,0.0,0.0,0.0,0.0,0.0,0.0,0.0,0.0,0.0,0.0,0.0,0.0,0.0,0.053346336575743745,0.053346336575743745
2018/02/10 03:00:00,2018/02/10 03:00:00,2018/02/10 08:00:00,15.063766255116157,15.063766255116157,14.678342111152185,0.0,0.0,0.0,0.026007635685836212,0.005318909978062404,0.0,0.0005693067783415784,0.35352829152173204,0.0,0.0,0.0,0.0,0.0,0.0,0.0,0.0,0.0,0.0,0.0,0.0,0.0,0.0,0.0,0.0,0.0,0.0,0.0,0.0,0.0,0.0,0.0,0.0,0.0,0.05139966287105933,0.05139966287105933
2018/02/10 04:00:00,2018/02/10 04:00:00,2018/02/10 09:00:00,14.950052057203317,14.950052057203317,14.578856415786815,0.0,0.0,0.0,0.026007635685836212,0.005318909978062404,0.0,0.0005693067783415784,0.3392997889742633,0.0,0.0,0.0,0.0,0.0,0.0,0.0,0.0,0.0,0.0,0.0,0.0,0.0,0.0,0.0,0.0,0.0,0.0,0.0,0.0,0.0,0.0,0.0,0.0,0.0,0.051011654232490086,0.051011654232490086
2018/02/10 05:00:00,2018/02/10 05:00:00,2018/02/10 10:00:00,14.654455472590822,14.654455472590822,14.300869355522275,0.0,0.0,0.0,0.028765918804645314,0.005883015834518425,0.0,0.0006296855569084576,0.3183074968724766,0.0,0.0,0.0,0.0,0.0,0.0,0.0,0.0,0.0,0.0,0.0,0.0,0.0,0.0,0.0,0.0,0.0,0.0,0.0,0.0,0.0,0.0,0.0,0.0,0.0,0.05000303762641665,0.05000303762641665
2018/02/10 06:00:00,2018/02/10 06:00:00,2018/02/10 11:00:00,14.567597278378036,14.567597278378036,14.122508273980548,0.0,0.0,0.0,0.0785967943553618,0.016074097576202317,0.0,0.0017204827198804209,0.348697629746042,0.0,0.0,0.0,0.0,0.0,0.0,0.0,0.0,0.0,0.0,0.0,0.0,0.0,0.0,0.0,0.0,0.0,0.0,0.0,0.0,0.0,0.0,0.0,0.0,0.0,0.04970666540286267,0.04970666540286267
2018/02/10 07:00:00,2018/02/10 07:00:00,2018/02/10 12:00:00,15.066917937272484,15.066917937272484,14.004944482867606,0.0,0.0,0.0,0.18452357674232273,0.03773754390357793,0.0,0.004039218492300221,0.4287982194356071,0.0,0.0,0.0,0.0,0.0,0.0,0.4068748958310711,0.0,0.0,0.0,0.0,0.0,0.0,0.0,0.0,0.0,0.0,0.0,0.0,0.0,0.0,0.0,0.0,0.0,0.0,0.05141041684835613,0.05141041684835613
2018/02/10 08:00:00,2018/02/10 08:00:00,2018/02/10 13:00:00,15.188525018020673,15.188525018020673,13.556799680323062,0.0,0.0,0.0,0.2335098295518684,0.047755888977462434,0.0,0.0051115268753808285,0.4890034116996584,0.0,0.0,0.0,0.0,0.0,0.0,0.8563446805932413,0.0,0.0,0.0,0.0,0.0,0.0,0.0,0.0,0.0,0.0,0.0,0.0,0.0,0.0,0.0,0.0,0.0,0.0,0.05182535709950798,0.05182535709950798
2018/02/10 09:00:00,2018/02/10 09:00:00,2018/02/10 14:00:00,14.843214063449539,14.843214063449539,12.831135072551884,0.0,0.0,0.0,0.24695335769390644,0.05050527061440958,0.0,0.005405805516797518,0.3903936862416873,0.0,0.0,0.0,0.0,0.0,0.0,1.3188208708308526,0.0,0.0,0.0,0.0,0.0,0.0,0.0,0.0,0.0,0.0,0.0,0.0,0.0,0.0,0.0,0.0,0.0,0.0,0.050647108157639814,0.050647108157639814
2018/02/10 10:00:00,2018/02/10 10:00:00,2018/02/10 15:00:00,13.34378510723353,13.34378510723353,11.683773584853524,0.0,0.0,0.0,0.25268234700990755,0.0516769256931404,0.0,0.005531213012120983,0.30395066439111834,0.0,0.0,0.0,0.0,0.0,0.0,1.0461703722737197,0.0,0.0,0.0,0.0,0.0,0.0,0.0,0.0,0.0,0.0,0.0,0.0,0.0,0.0,0.0,0.0,0.0,0.0,0.0455308482832255,0.0455308482832255
2018/02/10 11:00:00,2018/02/10 11:00:00,2018/02/10 16:00:00,11.601925126803385,11.601925126803385,10.99855118276534,0.0,0.0,0.0,0.24574672449634635,0.05025849795764481,0.0,0.00537939233312173,0.30198932925093275,0.0,0.0,0.0,0.0,0.0,0.0,0.0,0.0,0.0,0.0,0.0,0.0,0.0,0.0,0.0,0.0,0.0,0.0,0.0,0.0,0.0,0.0,0.0,0.0,0.0,0.039587380079694943,0.039587380079694943
2018/02/10 12:00:00,2018/02/10 12:00:00,2018/02/10 17:00:00,11.399518066719246,11.399518066719246,10.787803745788816,0.0,0.0,0.0,0.23613760755858612,0.04829330478983772,0.0,0.00516904889888472,0.3221143596831222,0.0,0.0,0.0,0.0,0.0,0.0,0.0,0.0,0.0,0.0,0.0,0.0,0.0,0.0,0.0,0.0,0.0,0.0,0.0,0.0,0.0,0.0,0.0,0.0,0.0,0.03889673907565563,0.03889673907565563
2018/02/10 13:00:00,2018/02/10 13:00:00,2018/02/10 18:00:00,11.22937982609679,11.22937982609679,10.621613898356808,0.0,0.0,0.0,0.2292019850450249,0.046874877054342116,0.0,0.005017228219885468,0.3266718374207314,0.0,0.0,0.0,0.0,0.0,0.0,0.0,0.0,0.0,0.0,0.0,0.0,0.0,0.0,0.0,0.0,0.0,0.0,0.0,0.0,0.0,0.0,0.0,0.0,0.0,0.038316203765868855,0.038316203765868855
2018/02/10 14:00:00,2018/02/10 14:00:00,2018/02/10 19:00:00,12.053376814619394,12.053376814619394,10.36161198516271,0.0,0.0,0.0,0.22716107639764072,0.04645748388950332,0.0,0.004972552758379963,0.3427042985400315,0.0,0.0,0.0,0.0,0.0,0.0,1.0704694178711283,0.0,0.0,0.0,0.0,0.0,0.0,0.0,0.0,0.0,0.0,0.0,0.0,0.0,0.0,0.0,0.0,0.0,0.0,0.041127795946705126,0.041127795946705126
2018/02/10 15:00:00,2018/02/10 15:00:00,2018/02/10 20:00:00,11.92718766869161,11.92718766869161,10.571003694279819,0.0,0.0,0.0,0.22765844421516418,0.04655920227249472,0.0,0.0049834401328904925,0.3835891668616478,0.0,0.0,0.0,0.0,0.0,0.0,0.6933937209295938,0.0,0.0,0.0,0.0,0.0,0.0,0.0,0.0,0.0,0.0,0.0,0.0,0.0,0.0,0.0,0.0,0.0,0.0,0.040697221052696,0.040697221052696
2018/02/10 16:00:00,2018/02/10 16:00:00,2018/02/10 21:00:00,10.983192715300397,10.983192715300397,10.326345604917147,0.0,0.0,0.0,0.23296903579431874,0.047645289407864826,0.0,0.005099688907655623,0.3711330962734106,0.0,0.0,0.0,0.0,0.0,0.0,0.0,0.0,0.0,0.0,0.0,0.0,0.0,0.0,0.0,0.0,0.0,0.0,0.0,0.0,0.0,0.0,0.0,0.0,0.0,0.037476179147600694,0.037476179147600694
2018/02/10 17:00:00,2018/02/10 17:00:00,2018/02/10 22:00:00,11.40833566637865,11.40833566637865,10.594065565731212,0.0,0.0,0.0,0.2535585717390738,0.051856125390924754,0.0,0.005550393559083833,0.5033050099583555,0.0,0.0,0.0,0.0,0.0,0.0,0.0,0.0,0.0,0.0,0.0,0.0,0.0,0.0,0.0,0.0,0.0,0.0,0.0,0.0,0.0,0.0,0.0,0.0,0.0,0.03892682595048823,0.03892682595048823
2018/02/10 18:00:00,2018/02/10 18:00:00,2018/02/10 23:00:00,12.356182614493985,12.356182614493985,11.268533953641661,0.0,0.0,0.0,0.3091682871252569,0.06322905731052494,0.0,0.00676768944454725,0.7084836269719927,0.0,0.0,0.0,0.0,0.0,0.0,0.0,0.0,0.0,0.0,0.0,0.0,0.0,0.0,0.0,0.0,0.0,0.0,0.0,0.0,0.0,0.0,0.0,0.0,0.0,0.04216101139663747,0.04216101139663747
2018/02/10 19:00:00,2018/02/10 19:00:00,2018/02/11 00:00:00,13.945528480968393,13.945528480968393,11.399010507462638,0.0,0.0,0.0,0.40445419458869136,0.08271630213732041,0.0,0.008853496614973921,0.7425127055564619,0.0,0.0,0.0,0.0,0.0,0.0,1.3079812746083082,0.0,0.0,0.0,0.0,0.0,0.0,0.0,0.0,0.0,0.0,0.0,0.0,0.0,0.0,0.0,0.0,0.0,0.0,0.04758408025861951,0.04758408025861951
2018/02/10 20:00:00,2018/02/10 20:00:00,2018/02/11 01:00:00,14.793328170906232,14.793328170906232,11.76613374791879,0.0,0.0,0.0,0.4947498518220883,0.10118297392694314,0.0,0.010830067278249408,1.1016106591293082,0.0,0.0,0.0,0.0,0.0,0.0,1.3188208708308526,0.0,0.0,0.0,0.0,0.0,0.0,0.0,0.0,0.0,0.0,0.0,0.0,0.0,0.0,0.0,0.0,0.0,0.0,0.050476890562961126,0.050476890562961126
2018/02/10 21:00:00,2018/02/10 21:00:00,2018/02/11 02:00:00,14.926319231479907,14.926319231479907,12.301524698658545,0.0,0.0,0.0,0.5093280083111753,0.10416440226392144,0.0,0.011149182918179776,0.6813320684972306,0.0,0.0,0.0,0.0,0.0,0.0,1.3188208708308526,0.0,0.0,0.0,0.0,0.0,0.0,0.0,0.0,0.0,0.0,0.0,0.0,0.0,0.0,0.0,0.0,0.0,0.0,0.050930674534551225,0.050930674534551225
2018/02/10 22:00:00,2018/02/10 22:00:00,2018/02/11 03:00:00,14.176962651463219,14.176962651463219,12.720125291990405,0.0,0.0,0.0,0.43505295522220544,0.08897415868437193,0.0,0.009523303053665229,0.6489806004834796,0.0,0.0,0.0,0.0,0.0,0.0,0.2743063420290913,0.0,0.0,0.0,0.0,0.0,0.0,0.0,0.0,0.0,0.0,0.0,0.0,0.0,0.0,0.0,0.0,0.0,0.0,0.04837376579534491,0.04837376579534491
2018/02/10 23:00:00,2018/02/10 23:00:00,2018/02/11 04:00:00,14.092663959175963,14.092663959175963,13.215923971929076,0.0,0.0,0.0,0.2648042903299012,0.05415602552586124,0.0,0.005796562180423241,0.5519831092107013,0.0,0.0,0.0,0.0,0.0,0.0,0.0,0.0,0.0,0.0,0.0,0.0,0.0,0.0,0.0,0.0,0.0,0.0,0.0,0.0,0.0,0.0,0.0,0.0,0.0,0.0480861269478844,0.0480861269478844
2018/02/11 00:00:00,2018/02/11 00:00:00,2018/02/11 05:00:00,13.819019803031127,13.819019803031127,13.190413358416352,0.0,0.0,0.0,0.13094360677997474,0.026779722120023,0.0,0.002866353705536267,0.46801676200923903,0.0,0.0,0.0,0.0,0.0,0.0,0.0,0.0,0.0,0.0,0.0,0.0,0.0,0.0,0.0,0.0,0.0,0.0,0.0,0.0,0.0,0.0,0.0,0.0,0.0,0.047152415077009936,0.047152415077009936
2018/02/11 01:00:00,2018/02/11 01:00:00,2018/02/11 06:00:00,13.726400122270578,13.726400122270578,13.242045282105453,0.0,0.0,0.0,0.06501908921459039,0.013297274945155983,0.0,0.0014232669458539432,0.40461520905952564,0.0,0.0,0.0,0.0,0.0,0.0,0.0,0.0,0.0,0.0,0.0,0.0,0.0,0.0,0.0,0.0,0.0,0.0,0.0,0.0,0.0,0.0,0.0,0.0,0.0,0.04683638386106482,0.04683638386106482
2018/02/11 02:00:00,2018/02/11 02:00:00,2018/02/11 07:00:00,13.269006586662599,13.269006586662599,12.837037073996742,0.0,0.0,0.0,0.03901145352875434,0.00797836496709361,0.0,0.0008539601675123682,0.38412573400249667,0.0,0.0,0.0,0.0,0.0,0.0,0.0,0.0,0.0,0.0,0.0,0.0,0.0,0.0,0.0,0.0,0.0,0.0,0.0,0.0,0.0,0.0,0.0,0.0,0.0,0.045275693584045464,0.045275693584045464
2018/02/11 03:00:00,2018/02/11 03:00:00,2018/02/11 08:00:00,12.614520968555281,12.614520968555281,12.22909682459131,0.0,0.0,0.0,0.026007635685836212,0.005318909978062404,0.0,0.0005693067783415784,0.35352829152173204,0.0,0.0,0.0,0.0,0.0,0.0,0.0,0.0,0.0,0.0,0.0,0.0,0.0,0.0,0.0,0.0,0.0,0.0,0.0,0.0,0.0,0.0,0.0,0.0,0.0,0.043042497744774685,0.043042497744774685
2018/02/11 04:00:00,2018/02/11 04:00:00,2018/02/11 09:00:00,12.476941497396734,12.476941497396734,12.10574585598023,0.0,0.0,0.0,0.026007635685836212,0.005318909978062404,0.0,0.0005693067783415784,0.3392997889742633,0.0,0.0,0.0,0.0,0.0,0.0,0.0,0.0,0.0,0.0,0.0,0.0,0.0,0.0,0.0,0.0,0.0,0.0,0.0,0.0,0.0,0.0,0.0,0.0,0.0,0.04257305747892309,0.04257305747892309
2018/02/11 05:00:00,2018/02/11 05:00:00,2018/02/11 10:00:00,12.769096278229856,12.769096278229856,12.088307501542964,0.0,0.0,0.0,0.028765918804645314,0.005883015834518425,0.0,0.0006296855569084576,0.3183074968724766,0.0,0.0,0.0,0.0,0.0,0.0,0.32720265961834816,0.0,0.0,0.0,0.0,0.0,0.0,0.0,0.0,0.0,0.0,0.0,0.0,0.0,0.0,0.0,0.0,0.0,0.0,0.043569930172423006,0.043569930172423006
2018/02/11 06:00:00,2018/02/11 06:00:00,2018/02/11 11:00:00,12.493871185576017,12.493871185576017,11.969259191403513,0.0,0.0,0.0,0.0785967943553618,0.016074097576202317,0.0,0.0017204827198804209,0.348697629746042,0.0,0.0,0.0,0.0,0.0,0.0,0.07952298977501567,0.0,0.0,0.0,0.0,0.0,0.0,0.0,0.0,0.0,0.0,0.0,0.0,0.0,0.0,0.0,0.0,0.0,0.0,0.042630823926582344,0.042630823926582344
2018/02/11 07:00:00,2018/02/11 07:00:00,2018/02/11 12:00:00,12.650993235525412,12.650993235525412,11.709553606547574,0.0,0.0,0.0,0.18452357674232273,0.03773754390357793,0.0,0.004039218492300221,0.4287982194356071,0.0,0.0,0.0,0.0,0.0,0.0,0.28634107040403184,0.0,0.0,0.0,0.0,0.0,0.0,0.0,0.0,0.0,0.0,0.0,0.0,0.0,0.0,0.0,0.0,0.0,0.0,0.043166946185799276,0.043166946185799276
2018/02/11 08:00:00,2018/02/11 08:00:00,2018/02/11 13:00:00,13.249631619502214,13.249631619502214,11.15543009156699,0.0,0.0,0.0,0.2335098295518684,0.047755888977462434,0.0,0.0051115268753808285,0.4890034116996584,0.0,0.0,0.0,0.0,0.0,0.0,1.3188208708308526,0.0,0.0,0.0,0.0,0.0,0.0,0.0,0.0,0.0,0.0,0.0,0.0,0.0,0.0,0.0,0.0,0.0,0.0,0.045209583504845094,0.045209583504845094
2018/02/11 09:00:00,2018/02/11 09:00:00,2018/02/11 14:00:00,13.512502822027011,13.512502822027011,11.500423831129357,0.0,0.0,0.0,0.24695335769390644,0.05050527061440958,0.0,0.005405805516797518,0.3903936862416873,0.0,0.0,0.0,0.0,0.0,0.0,1.3188208708308526,0.0,0.0,0.0,0.0,0.0,0.0,0.0,0.0,0.0,0.0,0.0,0.0,0.0,0.0,0.0,0.0,0.0,0.0,0.04610653656156792,0.04610653656156792
2018/02/11 10:00:00,2018/02/11 10:00:00,2018/02/11 15:00:00,13.118429662833421,13.118429662833421,11.185767641896282,0.0,0.0,0.0,0.25268234700990755,0.0516769256931404,0.0,0.005531213012120983,0.30395066439111834,0.0,0.0,0.0,0.0,0.0,0.0,1.3188208708308526,0.0,0.0,0.0,0.0,0.0,0.0,0.0,0.0,0.0,0.0,0.0,0.0,0.0,0.0,0.0,0.0,0.0,0.0,0.0447619042042911,0.0447619042042911
2018/02/11 11:00:00,2018/02/11 11:00:00,2018/02/11 16:00:00,12.120198086548916,12.120198086548916,10.16366622801185,0.0,0.0,0.0,0.24574672449634635,0.05025849795764481,0.0,0.00537939233312173,0.3363263729191,0.0,0.0,0.0,0.0,0.0,0.0,1.3188208708308526,0.0,0.0,0.0,0.0,0.0,0.0,0.0,0.0,0.0,0.0,0.0,0.0,0.0,0.0,0.0,0.0,0.0,0.0,0.04135579940823165,0.04135579940823165
2018/02/11 12:00:00,2018/02/11 12:00:00,2018/02/11 17:00:00,11.064418179892526,11.064418179892526,9.12841511501158,0.0,0.0,0.0,0.23613760755858612,0.04829330478983772,0.0,0.00516904889888472,1.096176673441424,0.0,0.0,0.0,0.0,0.0,0.0,0.5502264301922134,0.0,0.0,0.0,0.0,0.0,0.0,0.0,0.0,0.0,0.0,0.0,0.0,0.0,0.0,0.0,0.0,0.0,0.0,0.0377533317152836,0.0377533317152836
2018/02/11 13:00:00,2018/02/11 13:00:00,2018/02/11 18:00:00,9.602040184926164,9.602040184926164,8.99427425718618,0.0,0.0,0.0,0.2292019850450249,0.046874877054342116,0.0,0.005017228219885468,0.3266718374207314,0.0,0.0,0.0,0.0,0.0,0.0,0.0,0.0,0.0,0.0,0.0,0.0,0.0,0.0,0.0,0.0,0.0,0.0,0.0,0.0,0.0,0.0,0.0,0.0,0.0,0.03276349486715819,0.03276349486715819
2018/02/11 14:00:00,2018/02/11 14:00:00,2018/02/11 19:00:00,9.920708426365003,9.920708426365003,8.833359975687689,0.0,0.0,0.0,0.22716107639764072,0.04645748388950332,0.0,0.004972552758379963,0.3427042985400315,0.0,0.0,0.0,0.0,0.0,0.0,0.46605303909176116,0.0,0.0,0.0,0.0,0.0,0.0,0.0,0.0,0.0,0.0,0.0,0.0,0.0,0.0,0.0,0.0,0.0,0.0,0.033850835171055076,0.033850835171055076
2018/02/11 15:00:00,2018/02/11 15:00:00,2018/02/11 20:00:00,9.430200350161881,9.430200350161881,8.767410096679683,0.0,0.0,0.0,0.22765844421516418,0.04655920227249472,0.0,0.0049834401328904925,0.3835891668616478,0.0,0.0,0.0,0.0,0.0,0.0,0.0,0.0,0.0,0.0,0.0,0.0,0.0,0.0,0.0,0.0,0.0,0.0,0.0,0.0,0.0,0.0,0.0,0.0,0.0,0.03217715348180226,0.03217715348180226
2018/02/11 16:00:00,2018/02/11 16:00:00,2018/02/11 21:00:00,9.299107688679399,9.299107688679399,8.61181436742261,0.0,0.0,0.0,0.23296903579431874,0.047645289407864826,0.0,0.005099688907655623,0.40157930714695184,0.0,0.0,0.0,0.0,0.0,0.0,0.0,0.0,0.0,0.0,0.0,0.0,0.0,0.0,0.0,0.0,0.0,0.0,0.0,0.0,0.0,0.0,0.0,0.0,0.0,0.03172984711160544,0.03172984711160544
2018/02/11 17:00:00,2018/02/11 17:00:00,2018/02/11 22:00:00,9.90538190255986,9.90538190255986,8.404760796808423,0.0,0.0,0.0,0.2535585717390738,0.051856125390924754,0.0,0.005550393559083833,1.1896560150623554,0.0,0.0,0.0,0.0,0.0,0.0,0.0,0.0,0.0,0.0,0.0,0.0,0.0,0.0,0.0,0.0,0.0,0.0,0.0,0.0,0.0,0.0,0.0,0.0,0.0,0.03379853894292541,0.03379853894292541
2018/02/11 18:00:00,2018/02/11 18:00:00,2018/02/11 23:00:00,9.71941817260415,9.71941817260415,8.631769511751827,0.0,0.0,0.0,0.3091682871252569,0.06322905731052494,0.0,0.00676768944454725,0.7084836269719927,0.0,0.0,0.0,0.0,0.0,0.0,0.0,0.0,0.0,0.0,0.0,0.0,0.0,0.0,0.0,0.0,0.0,0.0,0.0,0.0,0.0,0.0,0.0,0.0,0.0,0.03316400486531903,0.03316400486531903
2018/02/11 19:00:00,2018/02/11 19:00:00,2018/02/12 00:00:00,11.068101694255677,11.068101694255677,8.998858871788437,0.0,0.0,0.0,0.40445419458869136,0.08271630213732041,0.0,0.008853496614973921,0.7425127055564619,0.0,0.0,0.0,0.0,0.0,0.0,0.8307061235697943,0.0,0.0,0.0,0.0,0.0,0.0,0.0,0.0,0.0,0.0,0.0,0.0,0.0,0.0,0.0,0.0,0.0,0.0,0.037765900377943404,0.037765900377943404
2018/02/11 20:00:00,2018/02/11 20:00:00,2018/02/12 01:00:00,11.204706173969534,11.204706173969534,9.458080027525769,0.0,0.0,0.0,0.4947498518220883,0.10118297392694314,0.0,0.010830067278249408,0.6873859729503065,0.0,0.0,0.0,0.0,0.0,0.0,0.4524772804661784,0.0,0.0,0.0,0.0,0.0,0.0,0.0,0.0,0.0,0.0,0.0,0.0,0.0,0.0,0.0,0.0,0.0,0.0,0.03823201383755607,0.03823201383755607
2018/02/11 21:00:00,2018/02/11 21:00:00,2018/02/12 02:00:00,10.99794181695302,10.99794181695302,9.653676496089565,0.0,0.0,0.0,0.5093280083111753,0.10416440226392144,0.0,0.011149182918179776,0.7196237273701791,0.0,0.0,0.0,0.0,0.0,0.0,0.0,0.0,0.0,0.0,0.0,0.0,0.0,0.0,0.0,0.0,0.0,0.0,0.0,0.0,0.0,0.0,0.0,0.0,0.0,0.03752650513114006,0.03752650513114006
2018/02/11 22:00:00,2018/02/11 22:00:00,2018/02/12 03:00:00,12.538454039558234,12.538454039558234,10.086155048981869,0.0,0.0,0.0,0.43505295522220544,0.08897415868437193,0.0,0.009523303053665229,1.5121920741117894,0.0,0.0,0.0,0.0,0.0,0.0,0.4065564995043315,0.0,0.0,0.0,0.0,0.0,0.0,0.0,0.0,0.0,0.0,0.0,0.0,0.0,0.0,0.0,0.0,0.0,0.0,0.04278294681708042,0.04278294681708042
2018/02/11 23:00:00,2018/02/11 23:00:00,2018/02/12 04:00:00,12.042464848619094,12.042464848619094,10.620617464928777,0.0,0.0,0.0,0.2648042903299012,0.05415602552586124,0.0,0.005796562180423241,0.5519831092107013,0.0,0.0,0.0,0.0,0.0,0.0,0.5451073964434281,0.0,0.0,0.0,0.0,0.0,0.0,0.0,0.0,0.0,0.0,0.0,0.0,0.0,0.0,0.0,0.0,0.0,0.0,0.041090562803002745,0.041090562803002745
2018/02/12 00:00:00,2018/02/12 00:00:00,2018/02/12 05:00:00,12.14190975469361,12.14190975469361,11.099504541782554,0.0,0.0,0.0,0.13094360677997474,0.026779722120023,0.0,0.002866353705536267,0.46801676200923903,0.0,0.0,0.0,0.0,0.0,0.0,0.41379876829628115,0.0,0.0,0.0,0.0,0.0,0.0,0.0,0.0,0.0,0.0,0.0,0.0,0.0,0.0,0.0,0.0,0.0,0.0,0.04142988263576623,0.04142988263576623
2018/02/12 01:00:00,2018/02/12 01:00:00,2018/02/12 06:00:00,12.585099863309864,12.585099863309864,11.616662434514154,0.0,0.0,0.0,0.06501908921459039,0.013297274945155983,0.0,0.0014232669458539432,0.40461520905952564,0.0,0.0,0.0,0.0,0.0,0.0,0.4840825886305844,0.0,0.0,0.0,0.0,0.0,0.0,0.0,0.0,0.0,0.0,0.0,0.0,0.0,0.0,0.0,0.0,0.0,0.0,0.04294210884698528,0.04294210884698528
2018/02/12 02:00:00,2018/02/12 02:00:00,2018/02/12 07:00:00,12.002319452183976,12.002319452183976,11.57034993951812,0.0,0.0,0.0,0.03901145352875434,0.00797836496709361,0.0,0.0008539601675123682,0.38412573400249667,0.0,0.0,0.0,0.0,0.0,0.0,0.0,0.0,0.0,0.0,0.0,0.0,0.0,0.0,0.0,0.0,0.0,0.0,0.0,0.0,0.0,0.0,0.0,0.0,0.0,0.04095358113403339,0.04095358113403339
2018/02/12 03:00:00,2018/02/12 03:00:00,2018/02/12 08:00:00,11.559924859957746,11.559924859957746,11.174500715993773,0.0,0.0,0.0,0.026007635685836212,0.005318909978062404,0.0,0.0005693067783415784,0.35352829152173204,0.0,0.0,0.0,0.0,0.0,0.0,0.0,0.0,0.0,0.0,0.0,0.0,0.0,0.0,0.0,0.0,0.0,0.0,0.0,0.0,0.0,0.0,0.0,0.0,0.0,0.039444069335237045,0.039444069335237045
2018/02/12 04:00:00,2018/02/12 04:00:00,2018/02/12 09:00:00,11.67701279256533,11.67701279256533,11.305817151148828,0.0,0.0,0.0,0.026007635685836212,0.005318909978062404,0.0,0.0005693067783415784,0.3392997889742633,0.0,0.0,0.0,0.0,0.0,0.0,0.0,0.0,0.0,0.0,0.0,0.0,0.0,0.0,0.0,0.0,0.0,0.0,0.0,0.0,0.0,0.0,0.0,0.0,0.0,0.03984358962520803,0.03984358962520803
2018/02/12 05:00:00,2018/02/12 05:00:00,2018/02/12 10:00:00,11.901105598406815,11.901105598406815,11.54751948133827,0.0,0.0,0.0,0.028765918804645314,0.005883015834518425,0.0,0.0006296855569084576,0.3183074968724766,0.0,0.0,0.0,0.0,0.0,0.0,0.0,0.0,0.0,0.0,0.0,0.0,0.0,0.0,0.0,0.0,0.0,0.0,0.0,0.0,0.0,0.0,0.0,0.0,0.0,0.040608225405995596,0.040608225405995596
2018/02/12 06:00:00,2018/02/12 06:00:00,2018/02/12 11:00:00,12.078260570880403,12.078260570880403,11.633171566482917,0.0,0.0,0.0,0.0785967943553618,0.016074097576202317,0.0,0.0017204827198804209,0.348697629746042,0.0,0.0,0.0,0.0,0.0,0.0,0.0,0.0,0.0,0.0,0.0,0.0,0.0,0.0,0.0,0.0,0.0,0.0,0.0,0.0,0.0,0.0,0.0,0.0,0.0,0.04121270277950646,0.04121270277950646
2018/02/12 07:00:00,2018/02/12 07:00:00,2018/02/12 12:00:00,12.161577689752944,12.161577689752944,11.506479131179137,0.0,0.0,0.0,0.18452357674232273,0.03773754390357793,0.0,0.004039218492300221,0.4287982194356071,0.0,0.0,0.0,0.0,0.0,0.0,0.0,0.0,0.0,0.0,0.0,0.0,0.0,0.0,0.0,0.0,0.0,0.0,0.0,0.0,0.0,0.0,0.0,0.0,0.0,0.041496992362132064,0.041496992362132064
2018/02/12 08:00:00,2018/02/12 08:00:00,2018/02/12 13:00:00,12.586038459859013,12.586038459859013,11.24678342497862,0.0,0.0,0.0,0.2335098295518684,0.047755888977462434,0.0,0.0051115268753808285,0.4890034116996584,0.0,0.0,0.0,0.0,0.0,0.0,0.5638743777760218,0.0,0.0,0.0,0.0,0.0,0.0,0.0,0.0,0.0,0.0,0.0,0.0,0.0,0.0,0.0,0.0,0.0,0.0,0.04294531146878525,0.04294531146878525
2018/02/12 09:00:00,2018/02/12 09:00:00,2018/02/12 14:00:00,11.701736261653497,11.701736261653497,9.836765505704482,0.0,0.0,0.0,0.24695335769390644,0.05050527061440958,0.0,0.005405805516797518,0.4635539088674322,0.0,0.0,0.0,0.0,0.0,0.0,1.0985524132564686,0.0,0.0,0.0,0.0,0.0,0.0,0.0,0.0,0.0,0.0,0.0,0.0,0.0,0.0,0.0,0.0,0.0,0.0,0.03992794953591119,0.03992794953591119
2018/02/12 10:00:00,2018/02/12 10:00:00,2018/02/12 15:00:00,12.667524312680873,12.667524312680873,9.069320212399305,0.0,0.0,0.0,0.25268234700990755,0.0516769256931404,0.0,0.005531213012120983,1.9694927437355487,0.0,0.0,0.0,0.0,0.0,0.0,1.3188208708308526,0.0,0.0,0.0,0.0,0.0,0.0,0.0,0.0,0.0,0.0,0.0,0.0,0.0,0.0,0.0,0.0,0.0,0.0,0.04322335251727681,0.04322335251727681
2018/02/12 11:00:00,2018/02/12 11:00:00,2018/02/12 16:00:00,10.99569837248866,10.99569837248866,8.70338605764215,0.0,0.0,0.0,0.24574672449634635,0.05025849795764481,0.0,0.00537939233312173,0.6721068292285423,0.0,0.0,0.0,0.0,0.0,0.0,1.3188208708308526,0.0,0.0,0.0,0.0,0.0,0.0,0.0,0.0,0.0,0.0,0.0,0.0,0.0,0.0,0.0,0.0,0.0,0.0,0.037518850187005556,0.037518850187005556
2018/02/12 12:00:00,2018/02/12 12:00:00,2018/02/12 17:00:00,10.283580993829542,10.283580993829542,8.248842640289034,0.0,0.0,0.0,0.23613760755858612,0.04829330478983772,0.0,0.00516904889888472,0.4263175214623451,0.0,0.0,0.0,0.0,0.0,0.0,1.3188208708308526,0.0,0.0,0.0,0.0,0.0,0.0,0.0,0.0,0.0,0.0,0.0,0.0,0.0,0.0,0.0,0.0,0.0,0.0,0.03508900677548358,0.03508900677548358
2018/02/12 13:00:00,2018/02/12 13:00:00,2018/02/12 18:00:00,10.4166394980742,10.4166394980742,7.6536811152349085,0.0,0.0,0.0,0.2292019850450249,0.046874877054342116,0.0,0.005017228219885468,1.1630434216891885,0.0,0.0,0.0,0.0,0.0,0.0,1.3188208708308526,0.0,0.0,0.0,0.0,0.0,0.0,0.0,0.0,0.0,0.0,0.0,0.0,0.0,0.0,0.0,0.0,0.0,0.0,0.035543020874247225,0.035543020874247225
2018/02/12 14:00:00,2018/02/12 14:00:00,2018/02/12 19:00:00,8.69158590795187,8.69158590795187,7.21857032098823,0.0,0.0,0.0,0.22716107639764072,0.04645748388950332,0.0,0.004972552758379963,0.3427042985400315,0.0,0.0,0.0,0.0,0.0,0.0,0.8517201753780836,0.0,0.0,0.0,0.0,0.0,0.0,0.0,0.0,0.0,0.0,0.0,0.0,0.0,0.0,0.0,0.0,0.0,0.0,0.02965689840891197,0.02965689840891197
2018/02/12 15:00:00,2018/02/12 15:00:00,2018/02/12 20:00:00,7.238727996188859,7.238727996188859,6.575937742706662,0.0,0.0,0.0,0.22765844421516418,0.04655920227249472,0.0,0.0049834401328904925,0.3835891668616478,0.0,0.0,0.0,0.0,0.0,0.0,0.0,0.0,0.0,0.0,0.0,0.0,0.0,0.0,0.0,0.0,0.0,0.0,0.0,0.0,0.0,0.0,0.0,0.0,0.0,0.02469954540704848,0.02469954540704848
2018/02/12 16:00:00,2018/02/12 16:00:00,2018/02/12 21:00:00,7.149434007325422,7.149434007325422,6.041621916313631,0.0,0.0,0.0,0.23296903579431874,0.047645289407864826,0.0,0.005099688907655623,0.3711330962734106,0.0,0.0,0.0,0.0,0.0,0.0,0.45096498062854057,0.0,0.0,0.0,0.0,0.0,0.0,0.0,0.0,0.0,0.0,0.0,0.0,0.0,0.0,0.0,0.0,0.0,0.0,0.02439486191380628,0.02439486191380628
2018/02/12 17:00:00,2018/02/12 17:00:00,2018/02/12 22:00:00,6.620909095155266,6.620909095155266,5.8066389945078285,0.0,0.0,0.0,0.2535585717390738,0.051856125390924754,0.0,0.005550393559083833,0.5033050099583555,0.0,0.0,0.0,0.0,0.0,0.0,0.0,0.0,0.0,0.0,0.0,0.0,0.0,0.0,0.0,0.0,0.0,0.0,0.0,0.0,0.0,0.0,0.0,0.0,0.0,0.02259146149956553,0.02259146149956553
2018/02/12 18:00:00,2018/02/12 18:00:00,2018/02/12 23:00:00,7.2523137845385754,7.2523137845385754,5.916218138262834,0.0,0.0,0.0,0.3091682871252569,0.06322905731052494,0.0,0.00676768944454725,0.7084836269719927,0.0,0.0,0.0,0.0,0.0,0.0,0.2484469854234195,0.0,0.0,0.0,0.0,0.0,0.0,0.0,0.0,0.0,0.0,0.0,0.0,0.0,0.0,0.0,0.0,0.0,0.0,0.024745902004010136,0.024745902004010136
2018/02/12 19:00:00,2018/02/12 19:00:00,2018/02/13 00:00:00,8.495506823996008,8.495506823996008,7.055646907835546,0.0,0.0,0.0,0.40445419458869136,0.08271630213732041,0.0,0.008853496614973921,0.7425127055564619,0.0,0.0,0.0,0.0,0.0,0.0,0.20132321726301497,0.0,0.0,0.0,0.0,0.0,0.0,0.0,0.0,0.0,0.0,0.0,0.0,0.0,0.0,0.0,0.0,0.0,0.0,0.028987849338399842,0.028987849338399842
2018/02/12 20:00:00,2018/02/12 20:00:00,2018/02/13 01:00:00,10.355319827079954,10.355319827079954,7.824982915557864,0.0,0.0,0.0,0.4947498518220883,0.10118297392694314,0.0,0.010830067278249408,0.6873859729503065,0.0,0.0,0.0,0.0,0.0,0.0,1.2361880455445033,0.0,0.0,0.0,0.0,0.0,0.0,0.0,0.0,0.0,0.0,0.0,0.0,0.0,0.0,0.0,0.0,0.0,0.0,0.03533378963930304,0.03533378963930304
2018/02/12 21:00:00,2018/02/12 21:00:00,2018/02/13 02:00:00,10.463384049353541,10.463384049353541,8.459504032223876,0.0,0.0,0.0,0.5093280083111753,0.10416440226392144,0.0,0.011149182918179776,0.6813320684972306,0.0,0.0,0.0,0.0,0.0,0.0,0.6979063551391563,0.0,0.0,0.0,0.0,0.0,0.0,0.0,0.0,0.0,0.0,0.0,0.0,0.0,0.0,0.0,0.0,0.0,0.0,0.035702519776190225,0.035702519776190225
2018/02/12 22:00:00,2018/02/12 22:00:00,2018/02/13 03:00:00,10.465038411788472,10.465038411788472,8.98000210179961,0.0,0.0,0.0,0.43505295522220544,0.08897415868437193,0.0,0.009523303053665229,0.6489806004834796,0.0,0.0,0.0,0.0,0.0,0.0,0.3025052925451391,0.0,0.0,0.0,0.0,0.0,0.0,0.0,0.0,0.0,0.0,0.0,0.0,0.0,0.0,0.0,0.0,0.0,0.0,0.0357081646906148,0.0357081646906148
2018/02/12 23:00:00,2018/02/12 23:00:00,2018/02/13 04:00:00,10.697317732437549,10.697317732437549,9.517172518296949,0.0,0.0,0.0,0.2648042903299012,0.05415602552586124,0.0,0.005796562180423241,0.5519831092107013,0.0,0.0,0.0,0.0,0.0,0.0,0.30340522689371136,0.0,0.0,0.0,0.0,0.0,0.0,0.0,0.0,0.0,0.0,0.0,0.0,0.0,0.0,0.0,0.0,0.0,0.0,0.03650073399706075,0.03650073399706075
2018/02/13 00:00:00,2018/02/13 00:00:00,2018/02/13 05:00:00,10.499370866286341,10.499370866286341,9.870764421671566,0.0,0.0,0.0,0.13094360677997474,0.026779722120023,0.0,0.002866353705536267,0.46801676200923903,0.0,0.0,0.0,0.0,0.0,0.0,0.0,0.0,0.0,0.0,0.0,0.0,0.0,0.0,0.0,0.0,0.0,0.0,0.0,0.0,0.0,0.0,0.0,0.0,0.0,0.03582531179425678,0.03582531179425678
2018/02/13 01:00:00,2018/02/13 01:00:00,2018/02/13 06:00:00,11.10711527193316,11.10711527193316,10.622760431768036,0.0,0.0,0.0,0.06501908921459039,0.013297274945155983,0.0,0.0014232669458539432,0.40461520905952564,0.0,0.0,0.0,0.0,0.0,0.0,0.0,0.0,0.0,0.0,0.0,0.0,0.0,0.0,0.0,0.0,0.0,0.0,0.0,0.0,0.0,0.0,0.0,0.0,0.0,0.03789902012409822,0.03789902012409822
2018/02/13 02:00:00,2018/02/13 02:00:00,2018/02/13 07:00:00,11.151706423935826,11.151706423935826,10.71973691126997,0.0,0.0,0.0,0.03901145352875434,0.00797836496709361,0.0,0.0008539601675123682,0.38412573400249667,0.0,0.0,0.0,0.0,0.0,0.0,0.0,0.0,0.0,0.0,0.0,0.0,0.0,0.0,0.0,0.0,0.0,0.0,0.0,0.0,0.0,0.0,0.0,0.0,0.0,0.03805117132859469,0.03805117132859469
2018/02/13 03:00:00,2018/02/13 03:00:00,2018/02/13 08:00:00,10.733600103207934,10.733600103207934,10.34817595924396,0.0,0.0,0.0,0.026007635685836212,0.005318909978062404,0.0,0.0005693067783415784,0.35352829152173204,0.0,0.0,0.0,0.0,0.0,0.0,0.0,0.0,0.0,0.0,0.0,0.0,0.0,0.0,0.0,0.0,0.0,0.0,0.0,0.0,0.0,0.0,0.0,0.0,0.0,0.03662453448587458,0.03662453448587458
2018/02/13 04:00:00,2018/02/13 04:00:00,2018/02/13 09:00:00,10.825150559412288,10.825150559412288,10.453954917995784,0.0,0.0,0.0,0.026007635685836212,0.005318909978062404,0.0,0.0005693067783415784,0.3392997889742633,0.0,0.0,0.0,0.0,0.0,0.0,0.0,0.0,0.0,0.0,0.0,0.0,0.0,0.0,0.0,0.0,0.0,0.0,0.0,0.0,0.0,0.0,0.0,0.0,0.0,0.03693691735911501,0.03693691735911501
2018/02/13 05:00:00,2018/02/13 05:00:00,2018/02/13 10:00:00,11.199452026929544,11.199452026929544,10.405311563530999,0.0,0.0,0.0,0.028765918804645314,0.005883015834518425,0.0,0.0006296855569084576,0.3183074968724766,0.0,0.0,0.0,0.0,0.0,0.0,0.4405543463299992,0.0,0.0,0.0,0.0,0.0,0.0,0.0,0.0,0.0,0.0,0.0,0.0,0.0,0.0,0.0,0.0,0.0,0.0,0.038214085958036645,0.038214085958036645
2018/02/13 06:00:00,2018/02/13 06:00:00,2018/02/13 11:00:00,10.739969854633435,10.739969854633435,10.294880850235948,0.0,0.0,0.0,0.0785967943553618,0.016074097576202317,0.0,0.0017204827198804209,0.348697629746042,0.0,0.0,0.0,0.0,0.0,0.0,0.0,0.0,0.0,0.0,0.0,0.0,0.0,0.0,0.0,0.0,0.0,0.0,0.0,0.0,0.0,0.0,0.0,0.0,0.0,0.03664626896251862,0.03664626896251862
2018/02/13 07:00:00,2018/02/13 07:00:00,2018/02/13 12:00:00,10.836413537014257,10.836413537014257,10.18131497844045,0.0,0.0,0.0,0.18452357674232273,0.03773754390357793,0.0,0.004039218492300221,0.4287982194356071,0.0,0.0,0.0,0.0,0.0,0.0,0.0,0.0,0.0,0.0,0.0,0.0,0.0,0.0,0.0,0.0,0.0,0.0,0.0,0.0,0.0,0.0,0.0,0.0,0.0,0.036975348203159,0.036975348203159
2018/02/13 08:00:00,2018/02/13 08:00:00,2018/02/13 13:00:00,11.117633836612605,11.117633836612605,9.551336845234342,0.0,0.0,0.0,0.2335098295518684,0.047755888977462434,0.0,0.0051115268753808285,0.5870607755154171,0.0,0.0,0.0,0.0,0.0,0.0,0.6928589704581349,0.0,0.0,0.0,0.0,0.0,0.0,0.0,0.0,0.0,0.0,0.0,0.0,0.0,0.0,0.0,0.0,0.0,0.0,0.03793491092784906,0.03793491092784906
2018/02/13 09:00:00,2018/02/13 09:00:00,2018/02/13 14:00:00,13.415497358554985,13.415497358554985,9.192904537468957,0.0,0.0,0.0,0.24695335769390644,0.05050527061440958,0.0,0.005405805516797518,2.6009075164300617,0.0,0.0,0.0,0.0,0.0,0.0,1.3188208708308526,0.0,0.0,0.0,0.0,0.0,0.0,0.0,0.0,0.0,0.0,0.0,0.0,0.0,0.0,0.0,0.0,0.0,0.0,0.04577554044581104,0.04577554044581104
2018/02/13 10:00:00,2018/02/13 10:00:00,2018/02/13 15:00:00,11.755842731862101,11.755842731862101,9.82318071092496,0.0,0.0,0.0,0.25268234700990755,0.0516769256931404,0.0,0.005531213012120983,0.30395066439111834,0.0,0.0,0.0,0.0,0.0,0.0,1.3188208708308526,0.0,0.0,0.0,0.0,0.0,0.0,0.0,0.0,0.0,0.0,0.0,0.0,0.0,0.0,0.0,0.0,0.0,0.0,0.04011256832783653,0.04011256832783653
2018/02/13 11:00:00,2018/02/13 11:00:00,2018/02/13 16:00:00,11.624679257527845,11.624679257527845,9.702484442658946,0.0,0.0,0.0,0.24574672449634635,0.05025849795764481,0.0,0.00537939233312173,0.30198932925093275,0.0,0.0,0.0,0.0,0.0,0.0,1.3188208708308526,0.0,0.0,0.0,0.0,0.0,0.0,0.0,0.0,0.0,0.0,0.0,0.0,0.0,0.0,0.0,0.0,0.0,0.0,0.039665020334353304,0.039665020334353304
2018/02/13 12:00:00,2018/02/13 12:00:00,2018/02/13 17:00:00,11.34802191465655,11.34802191465655,9.417486722895267,0.0,0.0,0.0,0.23613760755858612,0.04829330478983772,0.0,0.00516904889888472,0.3221143596831222,0.0,0.0,0.0,0.0,0.0,0.0,1.3188208708308526,0.0,0.0,0.0,0.0,0.0,0.0,0.0,0.0,0.0,0.0,0.0,0.0,0.0,0.0,0.0,0.0,0.0,0.0,0.038721027051826236,0.038721027051826236
2018/02/13 13:00:00,2018/02/13 13:00:00,2018/02/13 18:00:00,10.916659072395584,10.916659072395584,8.99007227382475,0.0,0.0,0.0,0.2292019850450249,0.046874877054342116,0.0,0.005017228219885468,0.3266718374207314,0.0,0.0,0.0,0.0,0.0,0.0,1.3188208708308526,0.0,0.0,0.0,0.0,0.0,0.0,0.0,0.0,0.0,0.0,0.0,0.0,0.0,0.0,0.0,0.0,0.0,0.0,0.03724915711625914,0.03724915711625914
2018/02/13 14:00:00,2018/02/13 14:00:00,2018/02/13 19:00:00,9.340114163674441,9.340114163674441,8.706541142356116,0.0,0.0,0.0,0.22716107639764072,0.04645748388950332,0.0,0.004972552758379963,0.3427042985400315,0.0,0.0,0.0,0.0,0.0,0.0,0.012277609732767598,0.0,0.0,0.0,0.0,0.0,0.0,0.0,0.0,0.0,0.0,0.0,0.0,0.0,0.0,0.0,0.0,0.0,0.0,0.031869766900228004,0.031869766900228004
2018/02/13 15:00:00,2018/02/13 15:00:00,2018/02/13 20:00:00,9.237165516406634,9.237165516406634,8.574375262924436,0.0,0.0,0.0,0.22765844421516418,0.04655920227249472,0.0,0.0049834401328904925,0.3835891668616478,0.0,0.0,0.0,0.0,0.0,0.0,0.0,0.0,0.0,0.0,0.0,0.0,0.0,0.0,0.0,0.0,0.0,0.0,0.0,0.0,0.0,0.0,0.0,0.0,0.0,0.03151849181583139,0.03151849181583139
2018/02/13 16:00:00,2018/02/13 16:00:00,2018/02/13 21:00:00,8.911272987725024,8.911272987725024,8.254425877341772,0.0,0.0,0.0,0.23296903579431874,0.047645289407864826,0.0,0.005099688907655623,0.3711330962734106,0.0,0.0,0.0,0.0,0.0,0.0,0.0,0.0,0.0,0.0,0.0,0.0,0.0,0.0,0.0,0.0,0.0,0.0,0.0,0.0,0.0,0.0,0.0,0.0,0.0,0.030406501240383986,0.030406501240383986
2018/02/13 17:00:00,2018/02/13 17:00:00,2018/02/13 22:00:00,8.640434329177065,8.640434329177065,7.8261642285296285,0.0,0.0,0.0,0.2535585717390738,0.051856125390924754,0.0,0.005550393559083833,0.5033050099583555,0.0,0.0,0.0,0.0,0.0,0.0,0.0,0.0,0.0,0.0,0.0,0.0,0.0,0.0,0.0,0.0,0.0,0.0,0.0,0.0,0.0,0.0,0.0,0.0,0.0,0.02948236211700327,0.02948236211700327
2018/02/13 18:00:00,2018/02/13 18:00:00,2018/02/13 23:00:00,8.544335039531466,8.544335039531466,7.456686378679144,0.0,0.0,0.0,0.3091682871252569,0.06322905731052494,0.0,0.00676768944454725,0.7084836269719927,0.0,0.0,0.0,0.0,0.0,0.0,0.0,0.0,0.0,0.0,0.0,0.0,0.0,0.0,0.0,0.0,0.0,0.0,0.0,0.0,0.0,0.0,0.0,0.0,0.0,0.0291544579922128,0.0291544579922128
2018/02/13 19:00:00,2018/02/13 19:00:00,2018/02/14 00:00:00,8.56623534938186,8.56623534938186,7.327698650484412,0.0,0.0,0.0,0.40445419458869136,0.08271630213732041,0.0,0.008853496614973921,0.7425127055564619,0.0,0.0,0.0,0.0,0.0,0.0,0.0,0.0,0.0,0.0,0.0,0.0,0.0,0.0,0.0,0.0,0.0,0.0,0.0,0.0,0.0,0.0,0.0,0.0,0.0,0.029229184891450207,0.029229184891450207
2018/02/13 20:00:00,2018/02/13 20:00:00,2018/02/14 01:00:00,9.883208249504664,9.883208249504664,6.9941376095646115,0.0,0.0,0.0,0.4947498518220883,0.10118297392694314,0.0,0.010830067278249408,1.0218480272384542,0.0,0.0,0.0,0.0,0.0,0.0,1.2604597196743186,0.0,0.0,0.0,0.0,0.0,0.0,0.0,0.0,0.0,0.0,0.0,0.0,0.0,0.0,0.0,0.0,0.0,0.0,0.0337228793587049,0.0337228793587049
2018/02/13 21:00:00,2018/02/13 21:00:00,2018/02/14 02:00:00,17.041347009237526,17.041347009237526,6.723478670280966,0.0,0.0,0.0,0.5093280083111753,0.10416440226392144,0.0,0.011149182918179776,8.374405874632432,0.0,0.0,0.0,0.0,0.0,0.0,1.3188208708308526,0.0,0.0,0.0,0.0,0.0,0.0,0.0,0.0,0.0,0.0,0.0,0.0,0.0,0.0,0.0,0.0,0.0,0.0,0.05814744309684522,0.05814744309684522
2018/02/13 22:00:00,2018/02/13 22:00:00,2018/02/14 03:00:00,12.666486969138528,12.666486969138528,6.629992658808747,0.0,0.0,0.0,0.43505295522220544,0.08897415868437193,0.0,0.009523303053665229,4.184123022538686,0.0,0.0,0.0,0.0,0.0,0.0,1.3188208708308526,0.0,0.0,0.0,0.0,0.0,0.0,0.0,0.0,0.0,0.0,0.0,0.0,0.0,0.0,0.0,0.0,0.0,0.0,0.043219812957019765,0.043219812957019765
2018/02/13 23:00:00,2018/02/13 23:00:00,2018/02/14 04:00:00,10.712151926557517,10.712151926557517,6.715397473510215,0.0,0.0,0.0,0.2648042903299012,0.05415602552586124,0.0,0.005796562180423241,2.3531767041802643,0.0,0.0,0.0,0.0,0.0,0.0,1.3188208708308526,0.0,0.0,0.0,0.0,0.0,0.0,0.0,0.0,0.0,0.0,0.0,0.0,0.0,0.0,0.0,0.0,0.0,0.0,0.036551350327918335,0.036551350327918335
2018/02/14 00:00:00,2018/02/14 00:00:00,2018/02/14 05:00:00,9.530552409391467,9.530552409391467,7.537264377517492,0.0,0.0,0.0,0.13094360677997474,0.026779722120023,0.0,0.002866353705536267,0.5138774784375879,0.0,0.0,0.0,0.0,0.0,0.0,1.3188208708308526,0.0,0.0,0.0,0.0,0.0,0.0,0.0,0.0,0.0,0.0,0.0,0.0,0.0,0.0,0.0,0.0,0.0,0.0,0.03251956864713752,0.03251956864713752
2018/02/14 01:00:00,2018/02/14 01:00:00,2018/02/14 06:00:00,11.502323608509101,11.502323608509101,8.6653066439619,0.0,0.0,0.0,0.06501908921459039,0.013297274945155983,0.0,0.0014232669458539432,1.4384564626107506,0.0,0.0,0.0,0.0,0.0,0.0,1.3188208708308526,0.0,0.0,0.0,0.0,0.0,0.0,0.0,0.0,0.0,0.0,0.0,0.0,0.0,0.0,0.0,0.0,0.0,0.0,0.039247525864283636,0.039247525864283636
2018/02/14 02:00:00,2018/02/14 02:00:00,2018/02/14 07:00:00,10.666328204769508,10.666328204769508,8.832490901972388,0.0,0.0,0.0,0.03901145352875434,0.00797836496709361,0.0,0.0008539601675123682,0.46717265330290697,0.0,0.0,0.0,0.0,0.0,0.0,1.3188208708308526,0.0,0.0,0.0,0.0,0.0,0.0,0.0,0.0,0.0,0.0,0.0,0.0,0.0,0.0,0.0,0.0,0.0,0.0,0.03639499342410611,0.03639499342410611
2018/02/14 03:00:00,2018/02/14 03:00:00,2018/02/14 08:00:00,11.555493981357504,11.555493981357504,7.908656508696682,0.0,0.0,0.0,0.026007635685836212,0.005318909978062404,0.0,0.0005693067783415784,2.2961207493877303,0.0,0.0,0.0,0.0,0.0,0.0,1.3188208708308526,0.0,0.0,0.0,0.0,0.0,0.0,0.0,0.0,0.0,0.0,0.0,0.0,0.0,0.0,0.0,0.0,0.0,0.0,0.03942895056198885,0.03942895056198885
2018/02/14 04:00:00,2018/02/14 04:00:00,2018/02/14 09:00:00,11.223202575587989,11.223202575587989,7.869619112565562,0.0,0.0,0.0,0.026007635685836212,0.005318909978062404,0.0,0.0005693067783415784,2.002866739749334,0.0,0.0,0.0,0.0,0.0,0.0,1.3188208708308526,0.0,0.0,0.0,0.0,0.0,0.0,0.0,0.0,0.0,0.0,0.0,0.0,0.0,0.0,0.0,0.0,0.0,0.0,0.03829512612909162,0.03829512612909162
2018/02/14 05:00:00,2018/02/14 05:00:00,2018/02/14 10:00:00,10.514122895079165,10.514122895079165,7.9795929941043875,0.0,0.0,0.0,0.028765918804645314,0.005883015834518425,0.0,0.0006296855569084576,2.0130977173835554,0.0,0.0,0.0,0.0,0.0,0.0,0.4861535633951486,0.0,0.0,0.0,0.0,0.0,0.0,0.0,0.0,0.0,0.0,0.0,0.0,0.0,0.0,0.0,0.0,0.0,0.0,0.03587564776560509,0.03587564776560509
2018/02/14 06:00:00,2018/02/14 06:00:00,2018/02/14 11:00:00,8.632247037366383,8.632247037366383,8.187158032968897,0.0,0.0,0.0,0.0785967943553618,0.016074097576202317,0.0,0.0017204827198804209,0.348697629746042,0.0,0.0,0.0,0.0,0.0,0.0,0.0,0.0,0.0,0.0,0.0,0.0,0.0,0.0,0.0,0.0,0.0,0.0,0.0,0.0,0.0,0.0,0.0,0.0,0.0,0.02945442594010242,0.02945442594010242
2018/02/14 07:00:00,2018/02/14 07:00:00,2018/02/14 12:00:00,8.909185137525348,8.909185137525348,8.25408657895154,0.0,0.0,0.0,0.18452357674232273,0.03773754390357793,0.0,0.004039218492300221,0.4287982194356071,0.0,0.0,0.0,0.0,0.0,0.0,0.0,0.0,0.0,0.0,0.0,0.0,0.0,0.0,0.0,0.0,0.0,0.0,0.0,0.0,0.0,0.0,0.0,0.0,0.0,0.030399377205493162,0.030399377205493162
2018/02/14 08:00:00,2018/02/14 08:00:00,2018/02/14 13:00:00,8.918356245727292,8.918356245727292,8.142975588622923,0.0,0.0,0.0,0.2335098295518684,0.047755888977462434,0.0,0.0051115268753808285,0.4890034116996584,0.0,0.0,0.0,0.0,0.0,0.0,0.0,0.0,0.0,0.0,0.0,0.0,0.0,0.0,0.0,0.0,0.0,0.0,0.0,0.0,0.0,0.0,0.0,0.0,0.0,0.030430670300576463,0.030430670300576463
2018/02/14 09:00:00,2018/02/14 09:00:00,2018/02/14 14:00:00,8.003312457416776,8.003312457416776,7.310054337349975,0.0,0.0,0.0,0.24695335769390644,0.05050527061440958,0.0,0.005405805516797518,0.3903936862416873,0.0,0.0,0.0,0.0,0.0,0.0,0.0,0.0,0.0,0.0,0.0,0.0,0.0,0.0,0.0,0.0,0.0,0.0,0.0,0.0,0.0,0.0,0.0,0.0,0.0,0.027308413792152243,0.027308413792152243
2018/02/14 10:00:00,2018/02/14 10:00:00,2018/02/14 15:00:00,6.945997501046207,6.945997501046207,6.33215635093992,0.0,0.0,0.0,0.25268234700990755,0.0516769256931404,0.0,0.005531213012120983,0.30395066439111834,0.0,0.0,0.0,0.0,0.0,0.0,0.0,0.0,0.0,0.0,0.0,0.0,0.0,0.0,0.0,0.0,0.0,0.0,0.0,0.0,0.0,0.0,0.0,0.0,0.0,0.02370070829635577,0.02370070829635577
2018/02/14 11:00:00,2018/02/14 11:00:00,2018/02/14 16:00:00,6.835526276815524,6.835526276815524,6.2321523327774795,0.0,0.0,0.0,0.24574672449634635,0.05025849795764481,0.0,0.00537939233312173,0.30198932925093275,0.0,0.0,0.0,0.0,0.0,0.0,0.0,0.0,0.0,0.0,0.0,0.0,0.0,0.0,0.0,0.0,0.0,0.0,0.0,0.0,0.0,0.0,0.0,0.0,0.0,0.023323765134450176,0.023323765134450176
2018/02/14 12:00:00,2018/02/14 12:00:00,2018/02/14 17:00:00,6.871616944632211,6.871616944632211,5.8224934402275,0.0,0.0,0.0,0.23613760755858612,0.04829330478983772,0.0,0.00516904889888472,0.3221143596831222,0.0,0.0,0.0,0.0,0.0,0.0,0.43740918347427854,0.0,0.0,0.0,0.0,0.0,0.0,0.0,0.0,0.0,0.0,0.0,0.0,0.0,0.0,0.0,0.0,0.0,0.0,0.023446911506157783,0.023446911506157783
2018/02/14 13:00:00,2018/02/14 13:00:00,2018/02/14 18:00:00,7.705166860912806,7.705166860912806,5.77858006234197,0.0,0.0,0.0,0.2292019850450249,0.046874877054342116,0.0,0.005017228219885468,0.3266718374207314,0.0,0.0,0.0,0.0,0.0,0.0,1.3188208708308526,0.0,0.0,0.0,0.0,0.0,0.0,0.0,0.0,0.0,0.0,0.0,0.0,0.0,0.0,0.0,0.0,0.0,0.0,0.026291099603438634,0.026291099603438634
2018/02/14 14:00:00,2018/02/14 14:00:00,2018/02/14 19:00:00,6.984868602537818,6.984868602537818,5.186823418896301,0.0,0.0,0.0,0.22716107639764072,0.04645748388950332,0.0,0.004972552758379963,0.3427042985400315,0.0,0.0,0.0,0.0,0.0,0.0,1.176749772055962,0.0,0.0,0.0,0.0,0.0,0.0,0.0,0.0,0.0,0.0,0.0,0.0,0.0,0.0,0.0,0.0,0.0,0.0,0.023833341893973962,0.023833341893973962
2018/02/14 15:00:00,2018/02/14 15:00:00,2018/02/14 20:00:00,5.365650877575437,5.365650877575437,4.702860624093239,0.0,0.0,0.0,0.22765844421516418,0.04655920227249472,0.0,0.0049834401328904925,0.3835891668616478,0.0,0.0,0.0,0.0,0.0,0.0,0.0,0.0,0.0,0.0,0.0,0.0,0.0,0.0,0.0,0.0,0.0,0.0,0.0,0.0,0.0,0.0,0.0,0.0,0.0,0.01830834610152774,0.01830834610152774
2018/02/14 16:00:00,2018/02/14 16:00:00,2018/02/14 21:00:00,4.913451816850346,4.913451816850346,4.1698372523494225,0.0,0.0,0.0,0.23296903579431874,0.047645289407864826,0.0,0.005099688907655623,0.4579005503910832,0.0,0.0,0.0,0.0,0.0,0.0,0.0,0.0,0.0,0.0,0.0,0.0,0.0,0.0,0.0,0.0,0.0,0.0,0.0,0.0,0.0,0.0,0.0,0.0,0.0,0.016765380094339116,0.016765380094339116
2018/02/14 17:00:00,2018/02/14 17:00:00,2018/02/14 22:00:00,7.204193135381461,7.204193135381461,3.5584779867225675,0.0,0.0,0.0,0.2535585717390738,0.051856125390924754,0.0,0.005550393559083833,2.6087556318812433,0.0,0.0,0.0,0.0,0.0,0.0,0.7259944260885667,0.0,0.0,0.0,0.0,0.0,0.0,0.0,0.0,0.0,0.0,0.0,0.0,0.0,0.0,0.0,0.0,0.0,0.0,0.02458170766496347,0.02458170766496347
2018/02/14 18:00:00,2018/02/14 18:00:00,2018/02/14 23:00:00,8.282699073206803,8.282699073206803,3.7095910161182486,0.0,0.0,0.0,0.3091682871252569,0.06322905731052494,0.0,0.00676768944454725,4.077454867235692,0.0,0.0,0.0,0.0,0.0,0.0,0.1164881559725339,0.0,0.0,0.0,0.0,0.0,0.0,0.0,0.0,0.0,0.0,0.0,0.0,0.0,0.0,0.0,0.0,0.0,0.0,0.028261719732983366,0.028261719732983366
2018/02/14 19:00:00,2018/02/14 19:00:00,2018/02/15 00:00:00,6.23048913786479,6.23048913786479,4.991952438967343,0.0,0.0,0.0,0.40445419458869136,0.08271630213732041,0.0,0.008853496614973921,0.7425127055564619,0.0,0.0,0.0,0.0,0.0,0.0,0.0,0.0,0.0,0.0,0.0,0.0,0.0,0.0,0.0,0.0,0.0,0.0,0.0,0.0,0.0,0.0,0.0,0.0,0.0,0.021259294374624368,0.021259294374624368
2018/02/14 20:00:00,2018/02/14 20:00:00,2018/02/15 01:00:00,6.90434528893343,6.90434528893343,5.604923637941182,0.0,0.0,0.0,0.4947498518220883,0.10118297392694314,0.0,0.010830067278249408,0.692658757964968,0.0,0.0,0.0,0.0,0.0,0.0,0.0,0.0,0.0,0.0,0.0,0.0,0.0,0.0,0.0,0.0,0.0,0.0,0.0,0.0,0.0,0.0,0.0,0.0,0.0,0.023558585162992397,0.023558585162992397
2018/02/14 21:00:00,2018/02/14 21:00:00,2018/02/15 02:00:00,7.551768991645078,7.551768991645078,6.126930577993298,0.0,0.0,0.0,0.5093280083111753,0.10416440226392144,0.0,0.011149182918179776,0.8001968201585039,0.0,0.0,0.0,0.0,0.0,0.0,0.0,0.0,0.0,0.0,0.0,0.0,0.0,0.0,0.0,0.0,0.0,0.0,0.0,0.0,0.0,0.0,0.0,0.0,0.0,0.025767684766008974,0.025767684766008974
2018/02/14 22:00:00,2018/02/14 22:00:00,2018/02/15 03:00:00,7.798167116479231,7.798167116479231,6.615636099035509,0.0,0.0,0.0,0.43505295522220544,0.08897415868437193,0.0,0.009523303053665229,0.6489806004834796,0.0,0.0,0.0,0.0,0.0,0.0,0.0,0.0,0.0,0.0,0.0,0.0,0.0,0.0,0.0,0.0,0.0,0.0,0.0,0.0,0.0,0.0,0.0,0.0,0.0,0.02660842939348454,0.02660842939348454
2018/02/14 23:00:00,2018/02/14 23:00:00,2018/02/15 04:00:00,7.9335433352099685,7.9335433352099685,7.056803347963082,0.0,0.0,0.0,0.2648042903299012,0.05415602552586124,0.0,0.005796562180423241,0.5519831092107013,0.0,0.0,0.0,0.0,0.0,0.0,0.0,0.0,0.0,0.0,0.0,0.0,0.0,0.0,0.0,0.0,0.0,0.0,0.0,0.0,0.0,0.0,0.0,0.0,0.0,0.027070351856013156,0.027070351856013156
2018/02/15 00:00:00,2018/02/15 00:00:00,2018/02/15 05:00:00,8.105223956104584,8.105223956104584,7.4766175114898115,0.0,0.0,0.0,0.13094360677997474,0.026779722120023,0.0,0.002866353705536267,0.46801676200923903,0.0,0.0,0.0,0.0,0.0,0.0,0.0,0.0,0.0,0.0,0.0,0.0,0.0,0.0,0.0,0.0,0.0,0.0,0.0,0.0,0.0,0.0,0.0,0.0,0.0,0.027656149981530428,0.027656149981530428
2018/02/15 01:00:00,2018/02/15 01:00:00,2018/02/15 06:00:00,9.138425290298391,9.138425290298391,8.248013841955862,0.0,0.0,0.0,0.06501908921459039,0.013297274945155983,0.0,0.0014232669458539432,0.40461520905952564,0.0,0.0,0.0,0.0,0.0,0.0,0.4060566081774051,0.0,0.0,0.0,0.0,0.0,0.0,0.0,0.0,0.0,0.0,0.0,0.0,0.0,0.0,0.0,0.0,0.0,0.0,0.03118157644899528,0.03118157644899528
2018/02/15 02:00:00,2018/02/15 02:00:00,2018/02/15 07:00:00,8.840385963791707,8.840385963791707,8.408416451125852,0.0,0.0,0.0,0.03901145352875434,0.00797836496709361,0.0,0.0008539601675123682,0.38412573400249667,0.0,0.0,0.0,0.0,0.0,0.0,0.0,0.0,0.0,0.0,0.0,0.0,0.0,0.0,0.0,0.0,0.0,0.0,0.0,0.0,0.0,0.0,0.0,0.0,0.0,0.030164624868273676,0.030164624868273676
2018/02/15 03:00:00,2018/02/15 03:00:00,2018/02/15 08:00:00,8.462679957949492,8.462679957949492,8.07725581398552,0.0,0.0,0.0,0.026007635685836212,0.005318909978062404,0.0,0.0005693067783415784,0.35352829152173204,0.0,0.0,0.0,0.0,0.0,0.0,0.0,0.0,0.0,0.0,0.0,0.0,0.0,0.0,0.0,0.0,0.0,0.0,0.0,0.0,0.0,0.0,0.0,0.0,0.0,0.028875839511685267,0.028875839511685267
2018/02/15 04:00:00,2018/02/15 04:00:00,2018/02/15 09:00:00,8.559610080221049,8.559610080221049,8.188414438804546,0.0,0.0,0.0,0.026007635685836212,0.005318909978062404,0.0,0.0005693067783415784,0.3392997889742633,0.0,0.0,0.0,0.0,0.0,0.0,0.0,0.0,0.0,0.0,0.0,0.0,0.0,0.0,0.0,0.0,0.0,0.0,0.0,0.0,0.0,0.0,0.0,0.0,0.0,0.029206578552801003,0.029206578552801003
2018/02/15 05:00:00,2018/02/15 05:00:00,2018/02/15 10:00:00,8.68392713803455,8.68392713803455,8.330341020966003,0.0,0.0,0.0,0.028765918804645314,0.005883015834518425,0.0,0.0006296855569084576,0.3183074968724766,0.0,0.0,0.0,0.0,0.0,0.0,0.0,0.0,0.0,0.0,0.0,0.0,0.0,0.0,0.0,0.0,0.0,0.0,0.0,0.0,0.0,0.0,0.0,0.0,0.0,0.029630765622124765,0.029630765622124765
2018/02/15 06:00:00,2018/02/15 06:00:00,2018/02/15 11:00:00,8.77291992736818,8.77291992736818,8.327830922970694,0.0,0.0,0.0,0.0785967943553618,0.016074097576202317,0.0,0.0017204827198804209,0.348697629746042,0.0,0.0,0.0,0.0,0.0,0.0,0.0,0.0,0.0,0.0,0.0,0.0,0.0,0.0,0.0,0.0,0.0,0.0,0.0,0.0,0.0,0.0,0.0,0.0,0.0,0.02993442138073362,0.02993442138073362
2018/02/15 07:00:00,2018/02/15 07:00:00,2018/02/15 12:00:00,8.800382285478547,8.800382285478547,8.145283726904738,0.0,0.0,0.0,0.18452357674232273,0.03773754390357793,0.0,0.004039218492300221,0.4287982194356071,0.0,0.0,0.0,0.0,0.0,0.0,0.0,0.0,0.0,0.0,0.0,0.0,0.0,0.0,0.0,0.0,0.0,0.0,0.0,0.0,0.0,0.0,0.0,0.0,0.0,0.030028126761221567,0.030028126761221567
2018/02/15 08:00:00,2018/02/15 08:00:00,2018/02/15 13:00:00,8.76655612858382,8.76655612858382,7.562470388066059,0.0,0.0,0.0,0.2335098295518684,0.047755888977462434,0.0,0.0051115268753808285,0.4890034116996584,0.0,0.0,0.0,0.0,0.0,0.0,0.42870508341339175,0.0,0.0,0.0,0.0,0.0,0.0,0.0,0.0,0.0,0.0,0.0,0.0,0.0,0.0,0.0,0.0,0.0,0.0,0.029912707215327988,0.029912707215327988
2018/02/15 09:00:00,2018/02/15 09:00:00,2018/02/15 14:00:00,9.951034345209319,9.951034345209319,7.938955354311666,0.0,0.0,0.0,0.24695335769390644,0.05050527061440958,0.0,0.005405805516797518,0.3903936862416873,0.0,0.0,0.0,0.0,0.0,0.0,1.3188208708308526,0.0,0.0,0.0,0.0,0.0,0.0,0.0,0.0,0.0,0.0,0.0,0.0,0.0,0.0,0.0,0.0,0.0,0.0,0.03395431141852563,0.03395431141852563
2018/02/15 10:00:00,2018/02/15 10:00:00,2018/02/15 15:00:00,9.664167271037362,9.664167271037362,7.7315052501002235,0.0,0.0,0.0,0.25268234700990755,0.0516769256931404,0.0,0.005531213012120983,0.30395066439111834,0.0,0.0,0.0,0.0,0.0,0.0,1.3188208708308526,0.0,0.0,0.0,0.0,0.0,0.0,0.0,0.0,0.0,0.0,0.0,0.0,0.0,0.0,0.0,0.0,0.0,0.0,0.032975481114634136,0.032975481114634136
2018/02/15 11:00:00,2018/02/15 11:00:00,2018/02/15 16:00:00,9.141663410380499,9.141663410380499,7.2194685955116,0.0,0.0,0.0,0.24574672449634635,0.05025849795764481,0.0,0.00537939233312173,0.30198932925093275,0.0,0.0,0.0,0.0,0.0,0.0,1.3188208708308526,0.0,0.0,0.0,0.0,0.0,0.0,0.0,0.0,0.0,0.0,0.0,0.0,0.0,0.0,0.0,0.0,0.0,0.0,0.03119262536450137,0.03119262536450137
2018/02/15 12:00:00,2018/02/15 12:00:00,2018/02/15 17:00:00,7.756328596172923,7.756328596172923,6.76102407885133,0.0,0.0,0.0,0.23613760755858612,0.04829330478983772,0.0,0.00516904889888472,0.3221143596831222,0.0,0.0,0.0,0.0,0.0,0.0,0.38359019639116126,0.0,0.0,0.0,0.0,0.0,0.0,0.0,0.0,0.0,0.0,0.0,0.0,0.0,0.0,0.0,0.0,0.0,0.0,0.026465670550685994,0.026465670550685994
2018/02/15 13:00:00,2018/02/15 13:00:00,2018/02/15 18:00:00,7.047563463277541,7.047563463277541,6.439797535537557,0.0,0.0,0.0,0.2292019850450249,0.046874877054342116,0.0,0.005017228219885468,0.3266718374207314,0.0,0.0,0.0,0.0,0.0,0.0,0.0,0.0,0.0,0.0,0.0,0.0,0.0,0.0,0.0,0.0,0.0,0.0,0.0,0.0,0.0,0.0,0.0,0.0,0.0,0.024047265467348266,0.024047265467348266
2018/02/15 14:00:00,2018/02/15 14:00:00,2018/02/15 19:00:00,7.123283495267191,7.123283495267191,6.501988083681635,0.0,0.0,0.0,0.22716107639764072,0.04645748388950332,0.0,0.004972552758379963,0.3427042985400315,0.0,0.0,0.0,0.0,0.0,0.0,0.0,0.0,0.0,0.0,0.0,0.0,0.0,0.0,0.0,0.0,0.0,0.0,0.0,0.0,0.0,0.0,0.0,0.0,0.0,0.024305632734268116,0.024305632734268116
2018/02/15 15:00:00,2018/02/15 15:00:00,2018/02/15 20:00:00,7.349202051899497,7.349202051899497,6.639020304145219,0.0,0.0,0.0,0.22765844421516418,0.04655920227249472,0.0,0.0049834401328904925,0.43098066113372835,0.0,0.0,0.0,0.0,0.0,0.0,0.0,0.0,0.0,0.0,0.0,0.0,0.0,0.0,0.0,0.0,0.0,0.0,0.0,0.0,0.0,0.0,0.0,0.0,0.0,0.025076498230356986,0.025076498230356986
2018/02/15 16:00:00,2018/02/15 16:00:00,2018/02/15 21:00:00,8.682366846686927,8.682366846686927,6.527325524856458,0.0,0.0,0.0,0.23296903579431874,0.047645289407864826,0.0,0.005099688907655623,1.4550673709834772,0.0,0.0,0.0,0.0,0.0,0.0,0.4142599367371509,0.0,0.0,0.0,0.0,0.0,0.0,0.0,0.0,0.0,0.0,0.0,0.0,0.0,0.0,0.0,0.0,0.0,0.0,0.029625441691316878,0.029625441691316878
2018/02/15 17:00:00,2018/02/15 17:00:00,2018/02/15 22:00:00,7.781473985813854,7.781473985813854,6.61587936681064,0.0,0.0,0.0,0.2535585717390738,0.051856125390924754,0.0,0.005550393559083833,0.8546295283141309,0.0,0.0,0.0,0.0,0.0,0.0,0.0,0.0,0.0,0.0,0.0,0.0,0.0,0.0,0.0,0.0,0.0,0.0,0.0,0.0,0.0,0.0,0.0,0.0,0.0,0.026551470112921385,0.026551470112921385
2018/02/15 18:00:00,2018/02/15 18:00:00,2018/02/15 23:00:00,7.803061256292985,7.803061256292985,6.715412595440663,0.0,0.0,0.0,0.3091682871252569,0.06322905731052494,0.0,0.00676768944454725,0.7084836269719927,0.0,0.0,0.0,0.0,0.0,0.0,0.0,0.0,0.0,0.0,0.0,0.0,0.0,0.0,0.0,0.0,0.0,0.0,0.0,0.0,0.0,0.0,0.0,0.0,0.0,0.02662512887834181,0.02662512887834181
2018/02/15 19:00:00,2018/02/15 19:00:00,2018/02/16 00:00:00,8.456220752143524,8.456220752143524,6.70445598071651,0.0,0.0,0.0,0.40445419458869136,0.08271630213732041,0.0,0.008853496614973921,0.7425127055564619,0.0,0.0,0.0,0.0,0.0,0.0,0.513228072529566,0.0,0.0,0.0,0.0,0.0,0.0,0.0,0.0,0.0,0.0,0.0,0.0,0.0,0.0,0.0,0.0,0.0,0.0,0.02885379980426955,0.02885379980426955
2018/02/15 20:00:00,2018/02/15 20:00:00,2018/02/16 01:00:00,9.732034925531288,9.732034925531288,7.119065188722847,0.0,0.0,0.0,0.4947498518220883,0.10118297392694314,0.0,0.010830067278249408,0.6873859729503065,0.0,0.0,0.0,0.0,0.0,0.0,1.3188208708308526,0.0,0.0,0.0,0.0,0.0,0.0,0.0,0.0,0.0,0.0,0.0,0.0,0.0,0.0,0.0,0.0,0.0,0.0,0.033207054978816514,0.033207054978816514
2018/02/15 21:00:00,2018/02/15 21:00:00,2018/02/16 02:00:00,10.348788311325388,10.348788311325388,7.7239937785040285,0.0,0.0,0.0,0.5093280083111753,0.10416440226392144,0.0,0.011149182918179776,0.6813320684972306,0.0,0.0,0.0,0.0,0.0,0.0,1.3188208708308526,0.0,0.0,0.0,0.0,0.0,0.0,0.0,0.0,0.0,0.0,0.0,0.0,0.0,0.0,0.0,0.0,0.0,0.0,0.035311503200298605,0.035311503200298605
2018/02/15 22:00:00,2018/02/15 22:00:00,2018/02/16 03:00:00,10.404444246911874,10.404444246911874,7.903092358637298,0.0,0.0,0.0,0.43505295522220544,0.08897415868437193,0.0,0.009523303053665229,0.6489806004834796,0.0,0.0,0.0,0.0,0.0,0.0,1.3188208708308526,0.0,0.0,0.0,0.0,0.0,0.0,0.0,0.0,0.0,0.0,0.0,0.0,0.0,0.0,0.0,0.0,0.0,0.0,0.03550140898331931,0.03550140898331931
2018/02/15 23:00:00,2018/02/15 23:00:00,2018/02/16 04:00:00,10.314723791980851,10.314723791980851,8.3083150987944,0.0,0.0,0.0,0.2648042903299012,0.05415602552586124,0.0,0.005796562180423241,0.5519831092107013,0.0,0.0,0.0,0.0,0.0,0.0,1.1296687059395625,0.0,0.0,0.0,0.0,0.0,0.0,0.0,0.0,0.0,0.0,0.0,0.0,0.0,0.0,0.0,0.0,0.0,0.0,0.03519527032861691,0.03519527032861691
2018/02/16 00:00:00,2018/02/16 00:00:00,2018/02/16 05:00:00,9.392567475242625,9.392567475242625,8.76396103062785,0.0,0.0,0.0,0.13094360677997474,0.026779722120023,0.0,0.002866353705536267,0.46801676200923903,0.0,0.0,0.0,0.0,0.0,0.0,0.0,0.0,0.0,0.0,0.0,0.0,0.0,0.0,0.0,0.0,0.0,0.0,0.0,0.0,0.0,0.0,0.0,0.0,0.0,0.032048744885242855,0.032048744885242855
2018/02/16 01:00:00,2018/02/16 01:00:00,2018/02/16 06:00:00,10.142599039422658,10.142599039422658,9.658244199257533,0.0,0.0,0.0,0.06501908921459039,0.013297274945155983,0.0,0.0014232669458539432,0.40461520905952564,0.0,0.0,0.0,0.0,0.0,0.0,0.0,0.0,0.0,0.0,0.0,0.0,0.0,0.0,0.0,0.0,0.0,0.0,0.0,0.0,0.0,0.0,0.0,0.0,0.0,0.03460795676417211,0.03460795676417211
2018/02/16 02:00:00,2018/02/16 02:00:00,2018/02/16 07:00:00,10.442376967111894,10.442376967111894,10.010407454446037,0.0,0.0,0.0,0.03901145352875434,0.00797836496709361,0.0,0.0008539601675123682,0.38412573400249667,0.0,0.0,0.0,0.0,0.0,0.0,0.0,0.0,0.0,0.0,0.0,0.0,0.0,0.0,0.0,0.0,0.0,0.0,0.0,0.0,0.0,0.0,0.0,0.0,0.0,0.03563084069362622,0.03563084069362622
2018/02/16 03:00:00,2018/02/16 03:00:00,2018/02/16 08:00:00,10.302866387427498,10.302866387427498,9.917442243463526,0.0,0.0,0.0,0.026007635685836212,0.005318909978062404,0.0,0.0005693067783415784,0.35352829152173204,0.0,0.0,0.0,0.0,0.0,0.0,0.0,0.0,0.0,0.0,0.0,0.0,0.0,0.0,0.0,0.0,0.0,0.0,0.0,0.0,0.0,0.0,0.0,0.0,0.0,0.03515481121724687,0.03515481121724687
2018/02/16 04:00:00,2018/02/16 04:00:00,2018/02/16 09:00:00,10.491545531307205,10.491545531307205,10.120349889890702,0.0,0.0,0.0,0.026007635685836212,0.005318909978062404,0.0,0.0005693067783415784,0.3392997889742633,0.0,0.0,0.0,0.0,0.0,0.0,0.0,0.0,0.0,0.0,0.0,0.0,0.0,0.0,0.0,0.0,0.0,0.0,0.0,0.0,0.0,0.0,0.0,0.0,0.0,0.035798610664342194,0.035798610664342194
2018/02/16 05:00:00,2018/02/16 05:00:00,2018/02/16 10:00:00,10.704910679419196,10.704910679419196,10.35132456235065,0.0,0.0,0.0,0.028765918804645314,0.005883015834518425,0.0,0.0006296855569084576,0.3183074968724766,0.0,0.0,0.0,0.0,0.0,0.0,0.0,0.0,0.0,0.0,0.0,0.0,0.0,0.0,0.0,0.0,0.0,0.0,0.0,0.0,0.0,0.0,0.0,0.0,0.0,0.03652664218684841,0.03652664218684841
2018/02/16 06:00:00,2018/02/16 06:00:00,2018/02/16 11:00:00,11.088900071220054,11.088900071220054,10.643811066822567,0.0,0.0,0.0,0.0785967943553618,0.016074097576202317,0.0,0.0017204827198804209,0.348697629746042,0.0,0.0,0.0,0.0,0.0,0.0,0.0,0.0,0.0,0.0,0.0,0.0,0.0,0.0,0.0,0.0,0.0,0.0,0.0,0.0,0.0,0.0,0.0,0.0,0.0,0.037836867329111484,0.037836867329111484
2018/02/16 07:00:00,2018/02/16 07:00:00,2018/02/16 12:00:00,11.861705542068503,11.861705542068503,9.898026782513746,0.0,0.0,0.0,0.18452357674232273,0.03773754390357793,0.0,0.004039218492300221,0.4287982194356071,0.0,0.0,0.0,0.0,0.0,0.0,1.3085802009809497,0.0,0.0,0.0,0.0,0.0,0.0,0.0,0.0,0.0,0.0,0.0,0.0,0.0,0.0,0.0,0.0,0.0,0.0,0.04047378694096682,0.04047378694096682
2018/02/16 08:00:00,2018/02/16 08:00:00,2018/02/16 13:00:00,12.97965397588981,12.97965397588981,10.885452447954586,0.0,0.0,0.0,0.2335098295518684,0.047755888977462434,0.0,0.0051115268753808285,0.4890034116996584,0.0,0.0,0.0,0.0,0.0,0.0,1.3188208708308526,0.0,0.0,0.0,0.0,0.0,0.0,0.0,0.0,0.0,0.0,0.0,0.0,0.0,0.0,0.0,0.0,0.0,0.0,0.04428838228402241,0.04428838228402241
2018/02/16 09:00:00,2018/02/16 09:00:00,2018/02/16 14:00:00,12.909413184537417,12.909413184537417,10.897334193639763,0.0,0.0,0.0,0.24695335769390644,0.05050527061440958,0.0,0.005405805516797518,0.3903936862416873,0.0,0.0,0.0,0.0,0.0,0.0,1.3188208708308526,0.0,0.0,0.0,0.0,0.0,0.0,0.0,0.0,0.0,0.0,0.0,0.0,0.0,0.0,0.0,0.0,0.0,0.0,0.04404871094724213,0.04404871094724213
2018/02/16 10:00:00,2018/02/16 10:00:00,2018/02/16 15:00:00,12.30013754355609,12.30013754355609,10.367475522618951,0.0,0.0,0.0,0.25268234700990755,0.0516769256931404,0.0,0.005531213012120983,0.30395066439111834,0.0,0.0,0.0,0.0,0.0,0.0,1.3188208708308526,0.0,0.0,0.0,0.0,0.0,0.0,0.0,0.0,0.0,0.0,0.0,0.0,0.0,0.0,0.0,0.0,0.0,0.0,0.04196977782974552,0.04196977782974552
2018/02/16 11:00:00,2018/02/16 11:00:00,2018/02/16 16:00:00,11.989076924106417,11.989076924106417,10.066882109237518,0.0,0.0,0.0,0.24574672449634635,0.05025849795764481,0.0,0.00537939233312173,0.30198932925093275,0.0,0.0,0.0,0.0,0.0,0.0,1.3188208708308526,0.0,0.0,0.0,0.0,0.0,0.0,0.0,0.0,0.0,0.0,0.0,0.0,0.0,0.0,0.0,0.0,0.0,0.0,0.04090839578880036,0.04090839578880036
2018/02/16 12:00:00,2018/02/16 12:00:00,2018/02/16 17:00:00,10.868197777454208,10.868197777454208,9.672466998660067,0.0,0.0,0.0,0.23613760755858612,0.04829330478983772,0.0,0.00516904889888472,0.3221143596831222,0.0,0.0,0.0,0.0,0.0,0.0,0.5840164578637109,0.0,0.0,0.0,0.0,0.0,0.0,0.0,0.0,0.0,0.0,0.0,0.0,0.0,0.0,0.0,0.0,0.0,0.0,0.03708380044647971,0.03708380044647971
2018/02/16 13:00:00,2018/02/16 13:00:00,2018/02/16 18:00:00,11.358305946126174,11.358305946126174,9.431719147555338,0.0,0.0,0.0,0.2292019850450249,0.046874877054342116,0.0,0.005017228219885468,0.3266718374207314,0.0,0.0,0.0,0.0,0.0,0.0,1.3188208708308526,0.0,0.0,0.0,0.0,0.0,0.0,0.0,0.0,0.0,0.0,0.0,0.0,0.0,0.0,0.0,0.0,0.0,0.0,0.0387561175956877,0.0387561175956877
2018/02/16 14:00:00,2018/02/16 14:00:00,2018/02/16 19:00:00,9.491960190975822,9.491960190975822,8.807310678182963,0.0,0.0,0.0,0.22716107639764072,0.04645748388950332,0.0,0.004972552758379963,0.3427042985400315,0.0,0.0,0.0,0.0,0.0,0.0,0.06335410120730231,0.0,0.0,0.0,0.0,0.0,0.0,0.0,0.0,0.0,0.0,0.0,0.0,0.0,0.0,0.0,0.0,0.0,0.0,0.03238788663731234,0.03238788663731234
2018/02/16 15:00:00,2018/02/16 15:00:00,2018/02/16 20:00:00,9.420097319819092,9.420097319819092,7.794550360998901,0.0,0.0,0.0,0.22765844421516418,0.04655920227249472,0.0,0.0049834401328904925,0.742751534251728,0.0,0.0,0.0,0.0,0.0,0.0,0.6035943379479124,0.0,0.0,0.0,0.0,0.0,0.0,0.0,0.0,0.0,0.0,0.0,0.0,0.0,0.0,0.0,0.0,0.0,0.0,0.032142680538927236,0.032142680538927236
2018/02/16 16:00:00,2018/02/16 16:00:00,2018/02/16 21:00:00,8.012545502431829,8.012545502431829,7.355698392048579,0.0,0.0,0.0,0.23296903579431874,0.047645289407864826,0.0,0.005099688907655623,0.3711330962734106,0.0,0.0,0.0,0.0,0.0,0.0,0.0,0.0,0.0,0.0,0.0,0.0,0.0,0.0,0.0,0.0,0.0,0.0,0.0,0.0,0.0,0.0,0.0,0.0,0.0,0.027339918224245106,0.027339918224245106
2018/02/16 17:00:00,2018/02/16 17:00:00,2018/02/16 22:00:00,8.308041467740214,8.308041467740214,7.493771367092776,0.0,0.0,0.0,0.2535585717390738,0.051856125390924754,0.0,0.005550393559083833,0.5033050099583555,0.0,0.0,0.0,0.0,0.0,0.0,0.0,0.0,0.0,0.0,0.0,0.0,0.0,0.0,0.0,0.0,0.0,0.0,0.0,0.0,0.0,0.0,0.0,0.0,0.0,0.028348191503276554,0.028348191503276554
2018/02/16 18:00:00,2018/02/16 18:00:00,2018/02/16 23:00:00,9.122269538133079,9.122269538133079,8.034620877280755,0.0,0.0,0.0,0.3091682871252569,0.06322905731052494,0.0,0.00676768944454725,0.7084836269719927,0.0,0.0,0.0,0.0,0.0,0.0,0.0,0.0,0.0,0.0,0.0,0.0,0.0,0.0,0.0,0.0,0.0,0.0,0.0,0.0,0.0,0.0,0.0,0.0,0.0,0.031126450778518056,0.031126450778518056
2018/02/16 19:00:00,2018/02/16 19:00:00,2018/02/17 00:00:00,10.03684098585829,10.03684098585829,8.798304286960844,0.0,0.0,0.0,0.40445419458869136,0.08271630213732041,0.0,0.008853496614973921,0.7425127055564619,0.0,0.0,0.0,0.0,0.0,0.0,0.0,0.0,0.0,0.0,0.0,0.0,0.0,0.0,0.0,0.0,0.0,0.0,0.0,0.0,0.0,0.0,0.0,0.0,0.0,0.034247095595255496,0.034247095595255496
2018/02/16 20:00:00,2018/02/16 20:00:00,2018/02/17 01:00:00,11.25570544266938,11.25570544266938,9.101217091292911,0.0,0.0,0.0,0.4947498518220883,0.10118297392694314,0.0,0.010830067278249408,0.6873859729503065,0.0,0.0,0.0,0.0,0.0,0.0,0.86033948539888,0.0,0.0,0.0,0.0,0.0,0.0,0.0,0.0,0.0,0.0,0.0,0.0,0.0,0.0,0.0,0.0,0.0,0.0,0.038406030426332616,0.038406030426332616
2018/02/16 21:00:00,2018/02/16 21:00:00,2018/02/17 02:00:00,12.697697834615393,12.697697834615393,10.072903301794032,0.0,0.0,0.0,0.5093280083111753,0.10416440226392144,0.0,0.011149182918179776,0.6813320684972306,0.0,0.0,0.0,0.0,0.0,0.0,1.3188208708308526,0.0,0.0,0.0,0.0,0.0,0.0,0.0,0.0,0.0,0.0,0.0,0.0,0.0,0.0,0.0,0.0,0.0,0.0,0.04332630876532268,0.04332630876532268
2018/02/16 22:00:00,2018/02/16 22:00:00,2018/02/17 03:00:00,13.073164281388134,13.073164281388134,10.571812393113557,0.0,0.0,0.0,0.43505295522220544,0.08897415868437193,0.0,0.009523303053665229,0.6489806004834796,0.0,0.0,0.0,0.0,0.0,0.0,1.3188208708308526,0.0,0.0,0.0,0.0,0.0,0.0,0.0,0.0,0.0,0.0,0.0,0.0,0.0,0.0,0.0,0.0,0.0,0.0,0.044607452435283634,0.044607452435283634
2018/02/16 23:00:00,2018/02/16 23:00:00,2018/02/17 04:00:00,12.677407665749016,12.677407665749016,11.014314912240376,0.0,0.0,0.0,0.2648042903299012,0.05415602552586124,0.0,0.005796562180423241,0.5519831092107013,0.0,0.0,0.0,0.0,0.0,0.0,0.7863527662617501,0.0,0.0,0.0,0.0,0.0,0.0,0.0,0.0,0.0,0.0,0.0,0.0,0.0,0.0,0.0,0.0,0.0,0.0,0.04325707589077682,0.04325707589077682
2018/02/17 00:00:00,2018/02/17 00:00:00,2018/02/17 05:00:00,11.969294074734782,11.969294074734782,11.340687630120007,0.0,0.0,0.0,0.13094360677997474,0.026779722120023,0.0,0.002866353705536267,0.46801676200923903,0.0,0.0,0.0,0.0,0.0,0.0,0.0,0.0,0.0,0.0,0.0,0.0,0.0,0.0,0.0,0.0,0.0,0.0,0.0,0.0,0.0,0.0,0.0,0.0,0.0,0.04084089395883897,0.04084089395883897
2018/02/17 01:00:00,2018/02/17 01:00:00,2018/02/17 06:00:00,12.641435793947549,12.641435793947549,12.157080953782422,0.0,0.0,0.0,0.06501908921459039,0.013297274945155983,0.0,0.0014232669458539432,0.40461520905952564,0.0,0.0,0.0,0.0,0.0,0.0,0.0,0.0,0.0,0.0,0.0,0.0,0.0,0.0,0.0,0.0,0.0,0.0,0.0,0.0,0.0,0.0,0.0,0.0,0.0,0.043134334867574314,0.043134334867574314
2018/02/17 02:00:00,2018/02/17 02:00:00,2018/02/17 07:00:00,12.855203944984426,12.855203944984426,12.423234432318571,0.0,0.0,0.0,0.03901145352875434,0.00797836496709361,0.0,0.0008539601675123682,0.38412573400249667,0.0,0.0,0.0,0.0,0.0,0.0,0.0,0.0,0.0,0.0,0.0,0.0,0.0,0.0,0.0,0.0,0.0,0.0,0.0,0.0,0.0,0.0,0.0,0.0,0.0,0.04386374149203873,0.04386374149203873
2018/02/17 03:00:00,2018/02/17 03:00:00,2018/02/17 08:00:00,12.459347205632193,12.459347205632193,12.07392306166822,0.0,0.0,0.0,0.026007635685836212,0.005318909978062404,0.0,0.0005693067783415784,0.35352829152173204,0.0,0.0,0.0,0.0,0.0,0.0,0.0,0.0,0.0,0.0,0.0,0.0,0.0,0.0,0.0,0.0,0.0,0.0,0.0,0.0,0.0,0.0,0.0,0.0,0.0,0.04251302331151524,0.04251302331151524
2018/02/17 04:00:00,2018/02/17 04:00:00,2018/02/17 09:00:00,12.660055922050308,12.660055922050308,12.288860280633804,0.0,0.0,0.0,0.026007635685836212,0.005318909978062404,0.0,0.0005693067783415784,0.3392997889742633,0.0,0.0,0.0,0.0,0.0,0.0,0.0,0.0,0.0,0.0,0.0,0.0,0.0,0.0,0.0,0.0,0.0,0.0,0.0,0.0,0.0,0.0,0.0,0.0,0.0,0.04319786933106034,0.04319786933106034
2018/02/17 05:00:00,2018/02/17 05:00:00,2018/02/17 10:00:00,12.99672366139138,12.99672366139138,12.643137544322833,0.0,0.0,0.0,0.028765918804645314,0.005883015834518425,0.0,0.0006296855569084576,0.3183074968724766,0.0,0.0,0.0,0.0,0.0,0.0,0.0,0.0,0.0,0.0,0.0,0.0,0.0,0.0,0.0,0.0,0.0,0.0,0.0,0.0,0.0,0.0,0.0,0.0,0.0,0.04434662642199141,0.04434662642199141
2018/02/17 06:00:00,2018/02/17 06:00:00,2018/02/17 11:00:00,13.355931799953513,13.355931799953513,12.910842795556025,0.0,0.0,0.0,0.0785967943553618,0.016074097576202317,0.0,0.0017204827198804209,0.348697629746042,0.0,0.0,0.0,0.0,0.0,0.0,0.0,0.0,0.0,0.0,0.0,0.0,0.0,0.0,0.0,0.0,0.0,0.0,0.0,0.0,0.0,0.0,0.0,0.0,0.0,0.0455722944860032,0.0455722944860032
2018/02/17 07:00:00,2018/02/17 07:00:00,2018/02/17 12:00:00,14.073236945904805,14.073236945904805,13.011816946974665,0.0,0.0,0.0,0.18452357674232273,0.03773754390357793,0.0,0.004039218492300221,0.4287982194356071,0.0,0.0,0.0,0.0,0.0,0.0,0.4063214403563319,0.0,0.0,0.0,0.0,0.0,0.0,0.0,0.0,0.0,0.0,0.0,0.0,0.0,0.0,0.0,0.0,0.0,0.0,0.04801983928012468,0.04801983928012468
2018/02/17 08:00:00,2018/02/17 08:00:00,2018/02/17 13:00:00,14.38896366999039,14.38896366999039,12.758333070501639,0.0,0.0,0.0,0.2335098295518684,0.047755888977462434,0.0,0.0051115268753808285,0.4890034116996584,0.0,0.0,0.0,0.0,0.0,0.0,0.8552499423843791,0.0,0.0,0.0,0.0,0.0,0.0,0.0,0.0,0.0,0.0,0.0,0.0,0.0,0.0,0.0,0.0,0.0,0.0,0.049097142718225455,0.049097142718225455
2018/02/17 09:00:00,2018/02/17 09:00:00,2018/02/17 14:00:00,14.422634549926409,14.422634549926409,12.410555559028754,0.0,0.0,0.0,0.24695335769390644,0.05050527061440958,0.0,0.005405805516797518,0.3903936862416873,0.0,0.0,0.0,0.0,0.0,0.0,1.3188208708308526,0.0,0.0,0.0,0.0,0.0,0.0,0.0,0.0,0.0,0.0,0.0,0.0,0.0,0.0,0.0,0.0,0.0,0.0,0.04921203243756742,0.04921203243756742
2018/02/17 10:00:00,2018/02/17 10:00:00,2018/02/17 15:00:00,12.75629747899868,12.75629747899868,11.114409202575136,0.0,0.0,0.0,0.25268234700990755,0.0516769256931404,0.0,0.005531213012120983,0.30395066439111834,0.0,0.0,0.0,0.0,0.0,0.0,1.0280471263172586,0.0,0.0,0.0,0.0,0.0,0.0,0.0,0.0,0.0,0.0,0.0,0.0,0.0,0.0,0.0,0.0,0.0,0.0,0.043526258891649294,0.043526258891649294
2018/02/17 11:00:00,2018/02/17 11:00:00,2018/02/17 16:00:00,10.860048376712161,10.860048376712161,10.256674432674115,0.0,0.0,0.0,0.24574672449634635,0.05025849795764481,0.0,0.00537939233312173,0.30198932925093275,0.0,0.0,0.0,0.0,0.0,0.0,0.0,0.0,0.0,0.0,0.0,0.0,0.0,0.0,0.0,0.0,0.0,0.0,0.0,0.0,0.0,0.0,0.0,0.0,0.0,0.037055993559168235,0.037055993559168235
2018/02/17 12:00:00,2018/02/17 12:00:00,2018/02/17 17:00:00,10.309820756586063,10.309820756586063,9.698106435655633,0.0,0.0,0.0,0.23613760755858612,0.04829330478983772,0.0,0.00516904889888472,0.3221143596831222,0.0,0.0,0.0,0.0,0.0,0.0,0.0,0.0,0.0,0.0,0.0,0.0,0.0,0.0,0.0,0.0,0.0,0.0,0.0,0.0,0.0,0.0,0.0,0.0,0.0,0.035178540490801526,0.035178540490801526
2018/02/17 13:00:00,2018/02/17 13:00:00,2018/02/17 18:00:00,9.771195683408777,9.771195683408777,9.163429755668794,0.0,0.0,0.0,0.2292019850450249,0.046874877054342116,0.0,0.005017228219885468,0.3266718374207314,0.0,0.0,0.0,0.0,0.0,0.0,0.0,0.0,0.0,0.0,0.0,0.0,0.0,0.0,0.0,0.0,0.0,0.0,0.0,0.0,0.0,0.0,0.0,0.0,0.0,0.03334067692425758,0.03334067692425758
2018/02/17 14:00:00,2018/02/17 14:00:00,2018/02/17 19:00:00,10.191734601385326,10.191734601385326,8.500611271672854,0.0,0.0,0.0,0.22716107639764072,0.04645748388950332,0.0,0.004972552758379963,0.3427042985400315,0.0,0.0,0.0,0.0,0.0,0.0,1.0698279181269168,0.0,0.0,0.0,0.0,0.0,0.0,0.0,0.0,0.0,0.0,0.0,0.0,0.0,0.0,0.0,0.0,0.0,0.0,0.03477561412668618,0.03477561412668618
2018/02/17 15:00:00,2018/02/17 15:00:00,2018/02/17 20:00:00,9.41159471191327,9.41159471191327,8.061647908902929,0.0,0.0,0.0,0.22765844421516418,0.04655920227249472,0.0,0.0049834401328904925,0.3835891668616478,0.0,0.0,0.0,0.0,0.0,0.0,0.6871565495281433,0.0,0.0,0.0,0.0,0.0,0.0,0.0,0.0,0.0,0.0,0.0,0.0,0.0,0.0,0.0,0.0,0.0,0.0,0.03211366845971128,0.03211366845971128
2018/02/17 16:00:00,2018/02/17 16:00:00,2018/02/17 21:00:00,8.729339917078569,8.729339917078569,8.072492806695319,0.0,0.0,0.0,0.23296903579431874,0.047645289407864826,0.0,0.005099688907655623,0.3711330962734106,0.0,0.0,0.0,0.0,0.0,0.0,0.0,0.0,0.0,0.0,0.0,0.0,0.0,0.0,0.0,0.0,0.0,0.0,0.0,0.0,0.0,0.0,0.0,0.0,0.0,0.029785720332213137,0.029785720332213137
2018/02/17 17:00:00,2018/02/17 17:00:00,2018/02/17 22:00:00,9.112470244941731,9.112470244941731,8.298200144294292,0.0,0.0,0.0,0.2535585717390738,0.051856125390924754,0.0,0.005550393559083833,0.5033050099583555,0.0,0.0,0.0,0.0,0.0,0.0,0.0,0.0,0.0,0.0,0.0,0.0,0.0,0.0,0.0,0.0,0.0,0.0,0.0,0.0,0.0,0.0,0.0,0.0,0.0,0.031093014228993868,0.031093014228993868
2018/02/17 18:00:00,2018/02/17 18:00:00,2018/02/17 23:00:00,9.599619891681204,9.599619891681204,8.51197123082888,0.0,0.0,0.0,0.3091682871252569,0.06322905731052494,0.0,0.00676768944454725,0.7084836269719927,0.0,0.0,0.0,0.0,0.0,0.0,0.0,0.0,0.0,0.0,0.0,0.0,0.0,0.0,0.0,0.0,0.0,0.0,0.0,0.0,0.0,0.0,0.0,0.0,0.0,0.032755236490419386,0.032755236490419386
2018/02/17 19:00:00,2018/02/17 19:00:00,2018/02/18 00:00:00,11.383367212470572,11.383367212470572,8.837121238728788,0.0,0.0,0.0,0.40445419458869136,0.08271630213732041,0.0,0.008853496614973921,0.7425127055564619,0.0,0.0,0.0,0.0,0.0,0.0,1.3077092748443395,0.0,0.0,0.0,0.0,0.0,0.0,0.0,0.0,0.0,0.0,0.0,0.0,0.0,0.0,0.0,0.0,0.0,0.0,0.03884163011755031,0.03884163011755031
2018/02/17 20:00:00,2018/02/17 20:00:00,2018/02/18 01:00:00,12.652647808642142,12.652647808642142,9.625453385654701,0.0,0.0,0.0,0.4947498518220883,0.10118297392694314,0.0,0.010830067278249408,1.1016106591293082,0.0,0.0,0.0,0.0,0.0,0.0,1.3188208708308526,0.0,0.0,0.0,0.0,0.0,0.0,0.0,0.0,0.0,0.0,0.0,0.0,0.0,0.0,0.0,0.0,0.0,0.0,0.043172591819099417,0.043172591819099417
2018/02/17 21:00:00,2018/02/17 21:00:00,2018/02/18 02:00:00,13.036468455275386,13.036468455275386,10.411673922454026,0.0,0.0,0.0,0.5093280083111753,0.10416440226392144,0.0,0.011149182918179776,0.6813320684972306,0.0,0.0,0.0,0.0,0.0,0.0,1.3188208708308526,0.0,0.0,0.0,0.0,0.0,0.0,0.0,0.0,0.0,0.0,0.0,0.0,0.0,0.0,0.0,0.0,0.0,0.0,0.04448224117941131,0.04448224117941131
2018/02/17 22:00:00,2018/02/17 22:00:00,2018/02/18 03:00:00,12.551944202819094,12.551944202819094,11.102533899546593,0.0,0.0,0.0,0.43505295522220544,0.08897415868437193,0.0,0.009523303053665229,0.6489806004834796,0.0,0.0,0.0,0.0,0.0,0.0,0.26687928582877696,0.0,0.0,0.0,0.0,0.0,0.0,0.0,0.0,0.0,0.0,0.0,0.0,0.0,0.0,0.0,0.0,0.0,0.0,0.04282897712795624,0.04282897712795624
2018/02/17 23:00:00,2018/02/17 23:00:00,2018/02/18 04:00:00,12.394045845648636,12.394045845648636,11.517305858401746,0.0,0.0,0.0,0.2648042903299012,0.05415602552586124,0.0,0.005796562180423241,0.5519831092107013,0.0,0.0,0.0,0.0,0.0,0.0,0.0,0.0,0.0,0.0,0.0,0.0,0.0,0.0,0.0,0.0,0.0,0.0,0.0,0.0,0.0,0.0,0.0,0.0,0.0,0.042290206000669316,0.042290206000669316
2018/02/18 00:00:00,2018/02/18 00:00:00,2018/02/18 05:00:00,12.493831677930833,12.493831677930833,11.865225233316059,0.0,0.0,0.0,0.13094360677997474,0.026779722120023,0.0,0.002866353705536267,0.46801676200923903,0.0,0.0,0.0,0.0,0.0,0.0,0.0,0.0,0.0,0.0,0.0,0.0,0.0,0.0,0.0,0.0,0.0,0.0,0.0,0.0,0.0,0.0,0.0,0.0,0.0,0.04263068912100923,0.04263068912100923
2018/02/18 01:00:00,2018/02/18 01:00:00,2018/02/18 06:00:00,13.225550851847014,13.225550851847014,12.741196011681888,0.0,0.0,0.0,0.06501908921459039,0.013297274945155983,0.0,0.0014232669458539432,0.40461520905952564,0.0,0.0,0.0,0.0,0.0,0.0,0.0,0.0,0.0,0.0,0.0,0.0,0.0,0.0,0.0,0.0,0.0,0.0,0.0,0.0,0.0,0.0,0.0,0.0,0.0,0.04512741658070465,0.04512741658070465
2018/02/18 02:00:00,2018/02/18 02:00:00,2018/02/18 07:00:00,13.355637949863274,13.355637949863274,12.923668437197419,0.0,0.0,0.0,0.03901145352875434,0.00797836496709361,0.0,0.0008539601675123682,0.38412573400249667,0.0,0.0,0.0,0.0,0.0,0.0,0.0,0.0,0.0,0.0,0.0,0.0,0.0,0.0,0.0,0.0,0.0,0.0,0.0,0.0,0.0,0.0,0.0,0.0,0.0,0.04557129182867852,0.04557129182867852
2018/02/18 03:00:00,2018/02/18 03:00:00,2018/02/18 08:00:00,12.915982792114475,12.915982792114475,12.530558648150501,0.0,0.0,0.0,0.026007635685836212,0.005318909978062404,0.0,0.0005693067783415784,0.35352829152173204,0.0,0.0,0.0,0.0,0.0,0.0,0.0,0.0,0.0,0.0,0.0,0.0,0.0,0.0,0.0,0.0,0.0,0.0,0.0,0.0,0.0,0.0,0.0,0.0,0.0,0.04407112736083599,0.04407112736083599
2018/02/18 04:00:00,2018/02/18 04:00:00,2018/02/18 09:00:00,13.073996336273158,13.073996336273158,12.702800694856654,0.0,0.0,0.0,0.026007635685836212,0.005318909978062404,0.0,0.0005693067783415784,0.3392997889742633,0.0,0.0,0.0,0.0,0.0,0.0,0.0,0.0,0.0,0.0,0.0,0.0,0.0,0.0,0.0,0.0,0.0,0.0,0.0,0.0,0.0,0.0,0.0,0.0,0.0,0.0446102915221266,0.0446102915221266
2018/02/18 05:00:00,2018/02/18 05:00:00,2018/02/18 10:00:00,13.257878043661403,13.257878043661403,12.832629303277303,0.0,0.0,0.0,0.028765918804645314,0.005883015834518425,0.0,0.0006296855569084576,0.3183074968724766,0.0,0.0,0.0,0.0,0.0,0.0,0.07166262331555498,0.0,0.0,0.0,0.0,0.0,0.0,0.0,0.0,0.0,0.0,0.0,0.0,0.0,0.0,0.0,0.0,0.0,0.0,0.045237721449532746,0.045237721449532746
2018/02/18 06:00:00,2018/02/18 06:00:00,2018/02/18 11:00:00,13.744362486174625,13.744362486174625,12.964579200471093,0.0,0.0,0.0,0.0785967943553618,0.016074097576202317,0.0,0.0017204827198804209,0.348697629746042,0.0,0.0,0.0,0.0,0.0,0.0,0.33469428130604506,0.0,0.0,0.0,0.0,0.0,0.0,0.0,0.0,0.0,0.0,0.0,0.0,0.0,0.0,0.0,0.0,0.0,0.0,0.046897673941739146,0.046897673941739146
2018/02/18 07:00:00,2018/02/18 07:00:00,2018/02/18 12:00:00,13.860399592825448,13.860399592825448,12.935690292776878,0.0,0.0,0.0,0.18452357674232273,0.03773754390357793,0.0,0.004039218492300221,0.4287982194356071,0.0,0.0,0.0,0.0,0.0,0.0,0.26961074147476455,0.0,0.0,0.0,0.0,0.0,0.0,0.0,0.0,0.0,0.0,0.0,0.0,0.0,0.0,0.0,0.0,0.0,0.0,0.04729360866758235,0.04729360866758235
2018/02/18 08:00:00,2018/02/18 08:00:00,2018/02/18 13:00:00,14.41317094982705,14.41317094982705,12.318969421891827,0.0,0.0,0.0,0.2335098295518684,0.047755888977462434,0.0,0.0051115268753808285,0.4890034116996584,0.0,0.0,0.0,0.0,0.0,0.0,1.3188208708308526,0.0,0.0,0.0,0.0,0.0,0.0,0.0,0.0,0.0,0.0,0.0,0.0,0.0,0.0,0.0,0.0,0.0,0.0,0.04917974131950202,0.04917974131950202
2018/02/18 09:00:00,2018/02/18 09:00:00,2018/02/18 14:00:00,14.372896521725181,14.372896521725181,12.360817530827527,0.0,0.0,0.0,0.24695335769390644,0.05050527061440958,0.0,0.005405805516797518,0.3903936862416873,0.0,0.0,0.0,0.0,0.0,0.0,1.3188208708308526,0.0,0.0,0.0,0.0,0.0,0.0,0.0,0.0,0.0,0.0,0.0,0.0,0.0,0.0,0.0,0.0,0.0,0.0,0.049042319376562775,0.049042319376562775
2018/02/18 10:00:00,2018/02/18 10:00:00,2018/02/18 15:00:00,13.480581134099506,13.480581134099506,11.547919113162367,0.0,0.0,0.0,0.25268234700990755,0.0516769256931404,0.0,0.005531213012120983,0.30395066439111834,0.0,0.0,0.0,0.0,0.0,0.0,1.3188208708308526,0.0,0.0,0.0,0.0,0.0,0.0,0.0,0.0,0.0,0.0,0.0,0.0,0.0,0.0,0.0,0.0,0.0,0.0,0.045997615328327746,0.045997615328327746
2018/02/18 11:00:00,2018/02/18 11:00:00,2018/02/18 16:00:00,12.70348799996561,12.70348799996561,10.746956141428544,0.0,0.0,0.0,0.24574672449634635,0.05025849795764481,0.0,0.00537939233312173,0.3363263729191,0.0,0.0,0.0,0.0,0.0,0.0,1.3188208708308526,0.0,0.0,0.0,0.0,0.0,0.0,0.0,0.0,0.0,0.0,0.0,0.0,0.0,0.0,0.0,0.0,0.0,0.0,0.04334606561377137,0.04334606561377137
2018/02/18 12:00:00,2018/02/18 12:00:00,2018/02/18 17:00:00,11.844590328090591,11.844590328090591,9.911087540228946,0.0,0.0,0.0,0.23613760755858612,0.04829330478983772,0.0,0.00516904889888472,1.096176673441424,0.0,0.0,0.0,0.0,0.0,0.0,0.5477261531729123,0.0,0.0,0.0,0.0,0.0,0.0,0.0,0.0,0.0,0.0,0.0,0.0,0.0,0.0,0.0,0.0,0.0,0.0,0.04041538745351249,0.04041538745351249
2018/02/18 13:00:00,2018/02/18 13:00:00,2018/02/18 18:00:00,10.110821700399612,10.110821700399612,9.503055772659629,0.0,0.0,0.0,0.2292019850450249,0.046874877054342116,0.0,0.005017228219885468,0.3266718374207314,0.0,0.0,0.0,0.0,0.0,0.0,0.0,0.0,0.0,0.0,0.0,0.0,0.0,0.0,0.0,0.0,0.0,0.0,0.0,0.0,0.0,0.0,0.0,0.0,0.0,0.03449952806944451,0.03449952806944451
2018/02/18 14:00:00,2018/02/18 14:00:00,2018/02/18 19:00:00,10.254084336254577,10.254084336254577,9.168762742204065,0.0,0.0,0.0,0.22716107639764072,0.04645748388950332,0.0,0.004972552758379963,0.3427042985400315,0.0,0.0,0.0,0.0,0.0,0.0,0.4640261824649557,0.0,0.0,0.0,0.0,0.0,0.0,0.0,0.0,0.0,0.0,0.0,0.0,0.0,0.0,0.0,0.0,0.0,0.0,0.03498836008265127,0.03498836008265127
2018/02/18 15:00:00,2018/02/18 15:00:00,2018/02/18 20:00:00,9.243614516582012,9.243614516582012,8.580824263099814,0.0,0.0,0.0,0.22765844421516418,0.04655920227249472,0.0,0.0049834401328904925,0.3835891668616478,0.0,0.0,0.0,0.0,0.0,0.0,0.0,0.0,0.0,0.0,0.0,0.0,0.0,0.0,0.0,0.0,0.0,0.0,0.0,0.0,0.0,0.0,0.0,0.0,0.0,0.03154049670021793,0.03154049670021793
2018/02/18 16:00:00,2018/02/18 16:00:00,2018/02/18 21:00:00,8.600278773974944,8.600278773974944,7.912985452718153,0.0,0.0,0.0,0.23296903579431874,0.047645289407864826,0.0,0.005099688907655623,0.40157930714695184,0.0,0.0,0.0,0.0,0.0,0.0,0.0,0.0,0.0,0.0,0.0,0.0,0.0,0.0,0.0,0.0,0.0,0.0,0.0,0.0,0.0,0.0,0.0,0.0,0.0,0.029345345784909813,0.029345345784909813
2018/02/18 17:00:00,2018/02/18 17:00:00,2018/02/18 22:00:00,9.671374765936235,9.671374765936235,8.170753660184797,0.0,0.0,0.0,0.2535585717390738,0.051856125390924754,0.0,0.005550393559083833,1.1896560150623554,0.0,0.0,0.0,0.0,0.0,0.0,0.0,0.0,0.0,0.0,0.0,0.0,0.0,0.0,0.0,0.0,0.0,0.0,0.0,0.0,0.0,0.0,0.0,0.0,0.0,0.03300007408837476,0.03300007408837476
2018/02/18 18:00:00,2018/02/18 18:00:00,2018/02/18 23:00:00,9.994263322912701,9.994263322912701,8.906614662060377,0.0,0.0,0.0,0.3091682871252569,0.06322905731052494,0.0,0.00676768944454725,0.7084836269719927,0.0,0.0,0.0,0.0,0.0,0.0,0.0,0.0,0.0,0.0,0.0,0.0,0.0,0.0,0.0,0.0,0.0,0.0,0.0,0.0,0.0,0.0,0.0,0.0,0.0,0.034101814695102275,0.034101814695102275
2018/02/18 19:00:00,2018/02/18 19:00:00,2018/02/19 00:00:00,11.720146451893468,11.720146451893468,9.654594649397069,0.0,0.0,0.0,0.40445419458869136,0.08271630213732041,0.0,0.008853496614973921,0.7425127055564619,0.0,0.0,0.0,0.0,0.0,0.0,0.8270151035989545,0.0,0.0,0.0,0.0,0.0,0.0,0.0,0.0,0.0,0.0,0.0,0.0,0.0,0.0,0.0,0.0,0.0,0.0,0.0399907676622483,0.0399907676622483
2018/02/18 20:00:00,2018/02/18 20:00:00,2018/02/19 01:00:00,12.275692687263152,12.275692687263152,10.530596713096404,0.0,0.0,0.0,0.4947498518220883,0.10118297392694314,0.0,0.010830067278249408,0.6873859729503065,0.0,0.0,0.0,0.0,0.0,0.0,0.45094710818916284,0.0,0.0,0.0,0.0,0.0,0.0,0.0,0.0,0.0,0.0,0.0,0.0,0.0,0.0,0.0,0.0,0.0,0.0,0.04188636858459996,0.04188636858459996
2018/02/18 21:00:00,2018/02/18 21:00:00,2018/02/19 02:00:00,11.990389170371179,11.990389170371179,10.646123849507724,0.0,0.0,0.0,0.5093280083111753,0.10416440226392144,0.0,0.011149182918179776,0.7196237273701791,0.0,0.0,0.0,0.0,0.0,0.0,0.0,0.0,0.0,0.0,0.0,0.0,0.0,0.0,0.0,0.0,0.0,0.0,0.0,0.0,0.0,0.0,0.0,0.0,0.0,0.04091287335533122,0.04091287335533122
2018/02/18 22:00:00,2018/02/18 22:00:00,2018/02/19 03:00:00,13.297641589801158,13.297641589801158,10.845580354781056,0.0,0.0,0.0,0.43505295522220544,0.08897415868437193,0.0,0.009523303053665229,1.5121920741117894,0.0,0.0,0.0,0.0,0.0,0.0,0.40631874394806755,0.0,0.0,0.0,0.0,0.0,0.0,0.0,0.0,0.0,0.0,0.0,0.0,0.0,0.0,0.0,0.0,0.0,0.0,0.045373400192254006,0.045373400192254006
2018/02/18 23:00:00,2018/02/18 23:00:00,2018/02/19 04:00:00,12.514977359935768,12.514977359935768,11.09571293500427,0.0,0.0,0.0,0.2648042903299012,0.05415602552586124,0.0,0.005796562180423241,0.5519831092107013,0.0,0.0,0.0,0.0,0.0,0.0,0.5425244376846099,0.0,0.0,0.0,0.0,0.0,0.0,0.0,0.0,0.0,0.0,0.0,0.0,0.0,0.0,0.0,0.0,0.0,0.0,0.04270284112521755,0.04270284112521755
2018/02/19 00:00:00,2018/02/19 00:00:00,2018/02/19 05:00:00,12.261195634182268,12.261195634182268,11.21931775342498,0.0,0.0,0.0,0.13094360677997474,0.026779722120023,0.0,0.002866353705536267,0.46801676200923903,0.0,0.0,0.0,0.0,0.0,0.0,0.4132714361425144,0.0,0.0,0.0,0.0,0.0,0.0,0.0,0.0,0.0,0.0,0.0,0.0,0.0,0.0,0.0,0.0,0.0,0.0,0.04183690262579778,0.04183690262579778
2018/02/19 01:00:00,2018/02/19 01:00:00,2018/02/19 06:00:00,12.921586067997652,12.921586067997652,11.954325592559995,0.0,0.0,0.0,0.06501908921459039,0.013297274945155983,0.0,0.0014232669458539432,0.40461520905952564,0.0,0.0,0.0,0.0,0.0,0.0,0.48290563527253155,0.0,0.0,0.0,0.0,0.0,0.0,0.0,0.0,0.0,0.0,0.0,0.0,0.0,0.0,0.0,0.0,0.0,0.0,0.04409024651646355,0.04409024651646355
2018/02/19 02:00:00,2018/02/19 02:00:00,2018/02/19 07:00:00,12.588370302528723,12.588370302528723,12.156400789862868,0.0,0.0,0.0,0.03901145352875434,0.00797836496709361,0.0,0.0008539601675123682,0.38412573400249667,0.0,0.0,0.0,0.0,0.0,0.0,0.0,0.0,0.0,0.0,0.0,0.0,0.0,0.0,0.0,0.0,0.0,0.0,0.0,0.0,0.0,0.0,0.0,0.0,0.0,0.04295326803987521,0.04295326803987521
2018/02/19 03:00:00,2018/02/19 03:00:00,2018/02/19 08:00:00,12.130685826183269,12.130685826183269,11.745261682219295,0.0,0.0,0.0,0.026007635685836212,0.005318909978062404,0.0,0.0005693067783415784,0.35352829152173204,0.0,0.0,0.0,0.0,0.0,0.0,0.0,0.0,0.0,0.0,0.0,0.0,0.0,0.0,0.0,0.0,0.0,0.0,0.0,0.0,0.0,0.0,0.0,0.0,0.0,0.04139158503264693,0.04139158503264693
2018/02/19 04:00:00,2018/02/19 04:00:00,2018/02/19 09:00:00,12.242016967941291,12.242016967941291,11.870821326524787,0.0,0.0,0.0,0.026007635685836212,0.005318909978062404,0.0,0.0005693067783415784,0.3392997889742633,0.0,0.0,0.0,0.0,0.0,0.0,0.0,0.0,0.0,0.0,0.0,0.0,0.0,0.0,0.0,0.0,0.0,0.0,0.0,0.0,0.0,0.0,0.0,0.0,0.0,0.041771462352601284,0.041771462352601284
2018/02/19 05:00:00,2018/02/19 05:00:00,2018/02/19 10:00:00,12.428290621044507,12.428290621044507,12.07470450397596,0.0,0.0,0.0,0.028765918804645314,0.005883015834518425,0.0,0.0006296855569084576,0.3183074968724766,0.0,0.0,0.0,0.0,0.0,0.0,0.0,0.0,0.0,0.0,0.0,0.0,0.0,0.0,0.0,0.0,0.0,0.0,0.0,0.0,0.0,0.0,0.0,0.0,0.0,0.04240705393103634,0.04240705393103634
2018/02/19 06:00:00,2018/02/19 06:00:00,2018/02/19 11:00:00,12.571839992591887,12.571839992591887,12.1267509881944,0.0,0.0,0.0,0.0785967943553618,0.016074097576202317,0.0,0.0017204827198804209,0.348697629746042,0.0,0.0,0.0,0.0,0.0,0.0,0.0,0.0,0.0,0.0,0.0,0.0,0.0,0.0,0.0,0.0,0.0,0.0,0.0,0.0,0.0,0.0,0.0,0.0,0.0,0.04289686432625419,0.04289686432625419
2018/02/19 07:00:00,2018/02/19 07:00:00,2018/02/19 12:00:00,12.748160160111404,12.748160160111404,12.093061601537597,0.0,0.0,0.0,0.18452357674232273,0.03773754390357793,0.0,0.004039218492300221,0.4287982194356071,0.0,0.0,0.0,0.0,0.0,0.0,0.0,0.0,0.0,0.0,0.0,0.0,0.0,0.0,0.0,0.0,0.0,0.0,0.0,0.0,0.0,0.0,0.0,0.0,0.0,0.043498493229304505,0.043498493229304505
2018/02/19 08:00:00,2018/02/19 08:00:00,2018/02/19 13:00:00,13.393182868624377,13.393182868624377,12.058598868062349,0.0,0.0,0.0,0.2335098295518684,0.047755888977462434,0.0,0.0051115268753808285,0.4890034116996584,0.0,0.0,0.0,0.0,0.0,0.0,0.5592033434576552,0.0,0.0,0.0,0.0,0.0,0.0,0.0,0.0,0.0,0.0,0.0,0.0,0.0,0.0,0.0,0.0,0.0,0.0,0.045699400306608906,0.045699400306608906
2018/02/19 09:00:00,2018/02/19 09:00:00,2018/02/19 14:00:00,12.99801988078362,12.99801988078362,11.133079375356614,0.0,0.0,0.0,0.24695335769390644,0.05050527061440958,0.0,0.005405805516797518,0.4635539088674322,0.0,0.0,0.0,0.0,0.0,0.0,1.0985221627344584,0.0,0.0,0.0,0.0,0.0,0.0,0.0,0.0,0.0,0.0,0.0,0.0,0.0,0.0,0.0,0.0,0.0,0.0,0.04435104930260703,0.04435104930260703
2018/02/19 10:00:00,2018/02/19 10:00:00,2018/02/19 15:00:00,14.492289219043851,14.492289219043851,10.89408511876228,0.0,0.0,0.0,0.25268234700990755,0.0516769256931404,0.0,0.005531213012120983,1.9694927437355487,0.0,0.0,0.0,0.0,0.0,0.0,1.3188208708308526,0.0,0.0,0.0,0.0,0.0,0.0,0.0,0.0,0.0,0.0,0.0,0.0,0.0,0.0,0.0,0.0,0.0,0.0,0.049449703843867675,0.049449703843867675
2018/02/19 11:00:00,2018/02/19 11:00:00,2018/02/19 16:00:00,12.383794859539108,12.383794859539108,10.0914825446926,0.0,0.0,0.0,0.24574672449634635,0.05025849795764481,0.0,0.00537939233312173,0.6721068292285423,0.0,0.0,0.0,0.0,0.0,0.0,1.3188208708308526,0.0,0.0,0.0,0.0,0.0,0.0,0.0,0.0,0.0,0.0,0.0,0.0,0.0,0.0,0.0,0.0,0.0,0.0,0.04225522821216661,0.04225522821216661
2018/02/19 12:00:00,2018/02/19 12:00:00,2018/02/19 17:00:00,11.374624431152174,11.374624431152174,9.339886077611666,0.0,0.0,0.0,0.23613760755858612,0.04829330478983772,0.0,0.00516904889888472,0.4263175214623451,0.0,0.0,0.0,0.0,0.0,0.0,1.3188208708308526,0.0,0.0,0.0,0.0,0.0,0.0,0.0,0.0,0.0,0.0,0.0,0.0,0.0,0.0,0.0,0.0,0.0,0.0,0.03881179853328974,0.03881179853328974
2018/02/19 13:00:00,2018/02/19 13:00:00,2018/02/19 18:00:00,11.288981533036253,11.288981533036253,8.52602315019696,0.0,0.0,0.0,0.2292019850450249,0.046874877054342116,0.0,0.005017228219885468,1.1630434216891885,0.0,0.0,0.0,0.0,0.0,0.0,1.3188208708308526,0.0,0.0,0.0,0.0,0.0,0.0,0.0,0.0,0.0,0.0,0.0,0.0,0.0,0.0,0.0,0.0,0.0,0.0,0.03851957306882704,0.03851957306882704
2018/02/19 14:00:00,2018/02/19 14:00:00,2018/02/19 19:00:00,9.498905998066325,9.498905998066325,8.03288203339984,0.0,0.0,0.0,0.22716107639764072,0.04645748388950332,0.0,0.004972552758379963,0.3427042985400315,0.0,0.0,0.0,0.0,0.0,0.0,0.8447285530809294,0.0,0.0,0.0,0.0,0.0,0.0,0.0,0.0,0.0,0.0,0.0,0.0,0.0,0.0,0.0,0.0,0.0,0.0,0.032411586695901475,0.032411586695901475
2018/02/19 15:00:00,2018/02/19 15:00:00,2018/02/19 20:00:00,8.112771767527558,8.112771767527558,7.449981514045361,0.0,0.0,0.0,0.22765844421516418,0.04655920227249472,0.0,0.0049834401328904925,0.3835891668616478,0.0,0.0,0.0,0.0,0.0,0.0,0.0,0.0,0.0,0.0,0.0,0.0,0.0,0.0,0.0,0.0,0.0,0.0,0.0,0.0,0.0,0.0,0.0,0.0,0.0,0.027681904162522416,0.027681904162522416
2018/02/19 16:00:00,2018/02/19 16:00:00,2018/02/19 21:00:00,8.702056231845484,8.702056231845484,7.595383169181059,0.0,0.0,0.0,0.23296903579431874,0.047645289407864826,0.0,0.005099688907655623,0.3711330962734106,0.0,0.0,0.0,0.0,0.0,0.0,0.44982595228117467,0.0,0.0,0.0,0.0,0.0,0.0,0.0,0.0,0.0,0.0,0.0,0.0,0.0,0.0,0.0,0.0,0.0,0.0,0.029692624608400744,0.029692624608400744
2018/02/19 17:00:00,2018/02/19 17:00:00,2018/02/19 22:00:00,8.429230110486676,8.429230110486676,7.614960009839239,0.0,0.0,0.0,0.2535585717390738,0.051856125390924754,0.0,0.005550393559083833,0.5033050099583555,0.0,0.0,0.0,0.0,0.0,0.0,0.0,0.0,0.0,0.0,0.0,0.0,0.0,0.0,0.0,0.0,0.0,0.0,0.0,0.0,0.0,0.0,0.0,0.0,0.0,0.02876170398584404,0.02876170398584404
2018/02/19 18:00:00,2018/02/19 18:00:00,2018/02/19 23:00:00,8.936707134425081,8.936707134425081,7.600905505810779,0.0,0.0,0.0,0.3091682871252569,0.06322905731052494,0.0,0.00676768944454725,0.7084836269719927,0.0,0.0,0.0,0.0,0.0,0.0,0.24815296776197918,0.0,0.0,0.0,0.0,0.0,0.0,0.0,0.0,0.0,0.0,0.0,0.0,0.0,0.0,0.0,0.0,0.0,0.0,0.03049328608181446,0.03049328608181446
2018/02/19 19:00:00,2018/02/19 19:00:00,2018/02/20 00:00:00,9.278964184508109,9.278964184508109,7.839495848382733,0.0,0.0,0.0,0.40445419458869136,0.08271630213732041,0.0,0.008853496614973921,0.7425127055564619,0.0,0.0,0.0,0.0,0.0,0.0,0.2009316372279283,0.0,0.0,0.0,0.0,0.0,0.0,0.0,0.0,0.0,0.0,0.0,0.0,0.0,0.0,0.0,0.0,0.0,0.0,0.031661114677371434,0.031661114677371434
2018/02/19 20:00:00,2018/02/19 20:00:00,2018/02/20 01:00:00,10.395036669856196,10.395036669856196,7.863796898126219,0.0,0.0,0.0,0.4947498518220883,0.10118297392694314,0.0,0.010830067278249408,0.6873859729503065,0.0,0.0,0.0,0.0,0.0,0.0,1.2370909057523893,0.0,0.0,0.0,0.0,0.0,0.0,0.0,0.0,0.0,0.0,0.0,0.0,0.0,0.0,0.0,0.0,0.0,0.0,0.035469309023660744,0.035469309023660744
2018/02/19 21:00:00,2018/02/19 21:00:00,2018/02/20 02:00:00,10.087658214184986,10.087658214184986,8.08712238830698,0.0,0.0,0.0,0.5093280083111753,0.10416440226392144,0.0,0.011149182918179776,0.6813320684972306,0.0,0.0,0.0,0.0,0.0,0.0,0.6945621638874994,0.0,0.0,0.0,0.0,0.0,0.0,0.0,0.0,0.0,0.0,0.0,0.0,0.0,0.0,0.0,0.0,0.0,0.0,0.03442049103699282,0.03442049103699282
2018/02/19 22:00:00,2018/02/19 22:00:00,2018/02/20 03:00:00,9.68286405458881,9.68286405458881,8.19813490651341,0.0,0.0,0.0,0.43505295522220544,0.08897415868437193,0.0,0.009523303053665229,0.6489806004834796,0.0,0.0,0.0,0.0,0.0,0.0,0.302198130631677,0.0,0.0,0.0,0.0,0.0,0.0,0.0,0.0,0.0,0.0,0.0,0.0,0.0,0.0,0.0,0.0,0.0,0.0,0.0330392771371588,0.0330392771371588
2018/02/19 23:00:00,2018/02/19 23:00:00,2018/02/20 04:00:00,9.557789390588525,9.557789390588525,8.378468676653997,0.0,0.0,0.0,0.2648042903299012,0.05415602552586124,0.0,0.005796562180423241,0.5519831092107013,0.0,0.0,0.0,0.0,0.0,0.0,0.30258072668764224,0.0,0.0,0.0,0.0,0.0,0.0,0.0,0.0,0.0,0.0,0.0,0.0,0.0,0.0,0.0,0.0,0.0,0.0,0.032612505010291636,0.032612505010291636
2018/02/20 00:00:00,2018/02/20 00:00:00,2018/02/20 05:00:00,9.214095811682345,9.214095811682345,8.58548936706757,0.0,0.0,0.0,0.13094360677997474,0.026779722120023,0.0,0.002866353705536267,0.46801676200923903,0.0,0.0,0.0,0.0,0.0,0.0,0.0,0.0,0.0,0.0,0.0,0.0,0.0,0.0,0.0,0.0,0.0,0.0,0.0,0.0,0.0,0.0,0.0,0.0,0.0,0.0314397747788513,0.0314397747788513
2018/02/20 01:00:00,2018/02/20 01:00:00,2018/02/20 06:00:00,9.64133363822112,9.64133363822112,9.156978798055993,0.0,0.0,0.0,0.06501908921459039,0.013297274945155983,0.0,0.0014232669458539432,0.40461520905952564,0.0,0.0,0.0,0.0,0.0,0.0,0.0,0.0,0.0,0.0,0.0,0.0,0.0,0.0,0.0,0.0,0.0,0.0,0.0,0.0,0.0,0.0,0.0,0.0,0.0,0.0328975695877955,0.0328975695877955
2018/02/20 02:00:00,2018/02/20 02:00:00,2018/02/20 07:00:00,9.675146953995334,9.675146953995334,9.243177441329479,0.0,0.0,0.0,0.03901145352875434,0.00797836496709361,0.0,0.0008539601675123682,0.38412573400249667,0.0,0.0,0.0,0.0,0.0,0.0,0.0,0.0,0.0,0.0,0.0,0.0,0.0,0.0,0.0,0.0,0.0,0.0,0.0,0.0,0.0,0.0,0.0,0.0,0.0,0.03301294531800222,0.03301294531800222
2018/02/20 03:00:00,2018/02/20 03:00:00,2018/02/20 08:00:00,9.235855301447984,9.235855301447984,8.850431157484012,0.0,0.0,0.0,0.026007635685836212,0.005318909978062404,0.0,0.0005693067783415784,0.35352829152173204,0.0,0.0,0.0,0.0,0.0,0.0,0.0,0.0,0.0,0.0,0.0,0.0,0.0,0.0,0.0,0.0,0.0,0.0,0.0,0.0,0.0,0.0,0.0,0.0,0.0,0.031514021180399136,0.031514021180399136
2018/02/20 04:00:00,2018/02/20 04:00:00,2018/02/20 09:00:00,9.244606932067763,9.244606932067763,8.87341129065126,0.0,0.0,0.0,0.026007635685836212,0.005318909978062404,0.0,0.0005693067783415784,0.3392997889742633,0.0,0.0,0.0,0.0,0.0,0.0,0.0,0.0,0.0,0.0,0.0,0.0,0.0,0.0,0.0,0.0,0.0,0.0,0.0,0.0,0.0,0.0,0.0,0.0,0.0,0.03154388295970522,0.03154388295970522
2018/02/20 05:00:00,2018/02/20 05:00:00,2018/02/20 10:00:00,9.748597029371226,9.748597029371226,8.958456720250371,0.0,0.0,0.0,0.028765918804645314,0.005883015834518425,0.0,0.0006296855569084576,0.3183074968724766,0.0,0.0,0.0,0.0,0.0,0.0,0.43655419205230805,0.0,0.0,0.0,0.0,0.0,0.0,0.0,0.0,0.0,0.0,0.0,0.0,0.0,0.0,0.0,0.0,0.0,0.0,0.03326356717765119,0.03326356717765119
2018/02/20 06:00:00,2018/02/20 06:00:00,2018/02/20 11:00:00,9.351742448761591,9.351742448761591,8.906653444364103,0.0,0.0,0.0,0.0785967943553618,0.016074097576202317,0.0,0.0017204827198804209,0.348697629746042,0.0,0.0,0.0,0.0,0.0,0.0,0.0,0.0,0.0,0.0,0.0,0.0,0.0,0.0,0.0,0.0,0.0,0.0,0.0,0.0,0.0,0.0,0.0,0.0,0.0,0.03190944422415389,0.03190944422415389
2018/02/20 07:00:00,2018/02/20 07:00:00,2018/02/20 12:00:00,9.632483889406489,9.632483889406489,8.977385330832682,0.0,0.0,0.0,0.18452357674232273,0.03773754390357793,0.0,0.004039218492300221,0.4287982194356071,0.0,0.0,0.0,0.0,0.0,0.0,0.0,0.0,0.0,0.0,0.0,0.0,0.0,0.0,0.0,0.0,0.0,0.0,0.0,0.0,0.0,0.0,0.0,0.0,0.0,0.03286737301557963,0.03286737301557963
2018/02/20 08:00:00,2018/02/20 08:00:00,2018/02/20 13:00:00,10.128640743538389,10.128640743538389,8.564179918323905,0.0,0.0,0.0,0.2335098295518684,0.047755888977462434,0.0,0.0051115268753808285,0.5870607755154171,0.0,0.0,0.0,0.0,0.0,0.0,0.691022804294354,0.0,0.0,0.0,0.0,0.0,0.0,0.0,0.0,0.0,0.0,0.0,0.0,0.0,0.0,0.0,0.0,0.0,0.0,0.034560329119759994,0.034560329119759994
2018/02/20 09:00:00,2018/02/20 09:00:00,2018/02/20 14:00:00,12.517963983277943,12.517963983277943,8.295371162191914,0.0,0.0,0.0,0.24695335769390644,0.05050527061440958,0.0,0.005405805516797518,2.6009075164300617,0.0,0.0,0.0,0.0,0.0,0.0,1.3188208708308526,0.0,0.0,0.0,0.0,0.0,0.0,0.0,0.0,0.0,0.0,0.0,0.0,0.0,0.0,0.0,0.0,0.0,0.0,0.042713031898913234,0.042713031898913234
2018/02/20 10:00:00,2018/02/20 10:00:00,2018/02/20 15:00:00,10.575455781514403,10.575455781514403,8.642793760577264,0.0,0.0,0.0,0.25268234700990755,0.0516769256931404,0.0,0.005531213012120983,0.30395066439111834,0.0,0.0,0.0,0.0,0.0,0.0,1.3188208708308526,0.0,0.0,0.0,0.0,0.0,0.0,0.0,0.0,0.0,0.0,0.0,0.0,0.0,0.0,0.0,0.0,0.0,0.0,0.03608492409346961,0.03608492409346961
2018/02/20 11:00:00,2018/02/20 11:00:00,2018/02/20 16:00:00,10.156657673525597,10.156657673525597,8.234462858656698,0.0,0.0,0.0,0.24574672449634635,0.05025849795764481,0.0,0.00537939233312173,0.30198932925093275,0.0,0.0,0.0,0.0,0.0,0.0,1.3188208708308526,0.0,0.0,0.0,0.0,0.0,0.0,0.0,0.0,0.0,0.0,0.0,0.0,0.0,0.0,0.0,0.0,0.0,0.0,0.03465592677652365,0.03465592677652365
2018/02/20 12:00:00,2018/02/20 12:00:00,2018/02/20 17:00:00,9.687827994613306,9.687827994613306,7.757292802852023,0.0,0.0,0.0,0.23613760755858612,0.04829330478983772,0.0,0.00516904889888472,0.3221143596831222,0.0,0.0,0.0,0.0,0.0,0.0,1.3188208708308526,0.0,0.0,0.0,0.0,0.0,0.0,0.0,0.0,0.0,0.0,0.0,0.0,0.0,0.0,0.0,0.0,0.0,0.0,0.033056214790030604,0.033056214790030604
2018/02/20 13:00:00,2018/02/20 13:00:00,2018/02/20 18:00:00,9.248346142305024,9.248346142305024,7.3218035868237505,0.0,0.0,0.0,0.2292019850450249,0.046874877054342116,0.0,0.005017228219885468,0.3266718374207314,0.0,0.0,0.0,0.0,0.0,0.0,1.3187766277412905,0.0,0.0,0.0,0.0,0.0,0.0,0.0,0.0,0.0,0.0,0.0,0.0,0.0,0.0,0.0,0.0,0.0,0.0,0.03155664166442384,0.03155664166442384
2018/02/20 14:00:00,2018/02/20 14:00:00,2018/02/20 19:00:00,7.668844772953148,7.668844772953148,7.047549361367592,0.0,0.0,0.0,0.22716107639764072,0.04645748388950332,0.0,0.004972552758379963,0.3427042985400315,0.0,0.0,0.0,0.0,0.0,0.0,0.0,0.0,0.0,0.0,0.0,0.0,0.0,0.0,0.0,0.0,0.0,0.0,0.0,0.0,0.0,0.0,0.0,0.0,0.0,0.026167163594058157,0.026167163594058157
2018/02/20 15:00:00,2018/02/20 15:00:00,2018/02/20 20:00:00,7.544260045026031,7.544260045026031,6.881469791543833,0.0,0.0,0.0,0.22765844421516418,0.04655920227249472,0.0,0.0049834401328904925,0.3835891668616478,0.0,0.0,0.0,0.0,0.0,0.0,0.0,0.0,0.0,0.0,0.0,0.0,0.0,0.0,0.0,0.0,0.0,0.0,0.0,0.0,0.0,0.0,0.0,0.0,0.0,0.025742063197126443,0.025742063197126443
2018/02/20 16:00:00,2018/02/20 16:00:00,2018/02/20 21:00:00,7.54871134310182,7.54871134310182,6.891864232718569,0.0,0.0,0.0,0.23296903579431874,0.047645289407864826,0.0,0.005099688907655623,0.3711330962734106,0.0,0.0,0.0,0.0,0.0,0.0,0.0,0.0,0.0,0.0,0.0,0.0,0.0,0.0,0.0,0.0,0.0,0.0,0.0,0.0,0.0,0.0,0.0,0.0,0.0,0.025757251644461545,0.025757251644461545
2018/02/20 17:00:00,2018/02/20 17:00:00,2018/02/20 22:00:00,7.802385545341302,7.802385545341302,6.9881154446938645,0.0,0.0,0.0,0.2535585717390738,0.051856125390924754,0.0,0.005550393559083833,0.5033050099583555,0.0,0.0,0.0,0.0,0.0,0.0,0.0,0.0,0.0,0.0,0.0,0.0,0.0,0.0,0.0,0.0,0.0,0.0,0.0,0.0,0.0,0.0,0.0,0.0,0.0,0.02662282325871611,0.02662282325871611
2018/02/20 18:00:00,2018/02/20 18:00:00,2018/02/20 23:00:00,8.146104822561163,8.146104822561163,7.058456161708842,0.0,0.0,0.0,0.3091682871252569,0.06322905731052494,0.0,0.00676768944454725,0.7084836269719927,0.0,0.0,0.0,0.0,0.0,0.0,0.0,0.0,0.0,0.0,0.0,0.0,0.0,0.0,0.0,0.0,0.0,0.0,0.0,0.0,0.0,0.0,0.0,0.0,0.0,0.027795641176372312,0.027795641176372312
2018/02/20 19:00:00,2018/02/20 19:00:00,2018/02/21 00:00:00,8.677582539608334,8.677582539608334,7.439045840710886,0.0,0.0,0.0,0.40445419458869136,0.08271630213732041,0.0,0.008853496614973921,0.7425127055564619,0.0,0.0,0.0,0.0,0.0,0.0,0.0,0.0,0.0,0.0,0.0,0.0,0.0,0.0,0.0,0.0,0.0,0.0,0.0,0.0,0.0,0.0,0.0,0.0,0.0,0.029609116971008115,0.029609116971008115
2018/02/20 20:00:00,2018/02/20 20:00:00,2018/02/21 01:00:00,10.275508436530206,10.275508436530206,7.38857502995276,0.0,0.0,0.0,0.4947498518220883,0.10118297392694314,0.0,0.010830067278249408,1.0218480272384542,0.0,0.0,0.0,0.0,0.0,0.0,1.2583224863117102,0.0,0.0,0.0,0.0,0.0,0.0,0.0,0.0,0.0,0.0,0.0,0.0,0.0,0.0,0.0,0.0,0.0,0.0,0.035061462088672446,0.035061462088672446
2018/02/20 21:00:00,2018/02/20 21:00:00,2018/02/21 02:00:00,17.618214001086027,17.618214001086027,7.30034566212947,0.0,0.0,0.0,0.5093280083111753,0.10416440226392144,0.0,0.011149182918179776,8.374405874632432,0.0,0.0,0.0,0.0,0.0,0.0,1.3188208708308526,0.0,0.0,0.0,0.0,0.0,0.0,0.0,0.0,0.0,0.0,0.0,0.0,0.0,0.0,0.0,0.0,0.0,0.0,0.06011579340182853,0.06011579340182853
2018/02/20 22:00:00,2018/02/20 22:00:00,2018/02/21 03:00:00,13.444440495563914,13.444440495563914,7.407946185234131,0.0,0.0,0.0,0.43505295522220544,0.08897415868437193,0.0,0.009523303053665229,4.184123022538686,0.0,0.0,0.0,0.0,0.0,0.0,1.3188208708308526,0.0,0.0,0.0,0.0,0.0,0.0,0.0,0.0,0.0,0.0,0.0,0.0,0.0,0.0,0.0,0.0,0.0,0.0,0.045874298449586126,0.045874298449586126
2018/02/20 23:00:00,2018/02/20 23:00:00,2018/02/21 04:00:00,11.569016716022341,11.569016716022341,7.5722622629750385,0.0,0.0,0.0,0.2648042903299012,0.05415602552586124,0.0,0.005796562180423241,2.3531767041802643,0.0,0.0,0.0,0.0,0.0,0.0,1.3188208708308526,0.0,0.0,0.0,0.0,0.0,0.0,0.0,0.0,0.0,0.0,0.0,0.0,0.0,0.0,0.0,0.0,0.0,0.0,0.03947509201101932,0.03947509201101932
2018/02/21 00:00:00,2018/02/21 00:00:00,2018/02/21 05:00:00,10.398707133595833,10.398707133595833,8.40541910172186,0.0,0.0,0.0,0.13094360677997474,0.026779722120023,0.0,0.002866353705536267,0.5138774784375879,0.0,0.0,0.0,0.0,0.0,0.0,1.3188208708308526,0.0,0.0,0.0,0.0,0.0,0.0,0.0,0.0,0.0,0.0,0.0,0.0,0.0,0.0,0.0,0.0,0.0,0.0,0.03548183315578034,0.03548183315578034
2018/02/21 01:00:00,2018/02/21 01:00:00,2018/02/21 06:00:00,12.439460296628312,12.439460296628312,9.602443332081108,0.0,0.0,0.0,0.06501908921459039,0.013297274945155983,0.0,0.0014232669458539432,1.4384564626107506,0.0,0.0,0.0,0.0,0.0,0.0,1.3188208708308526,0.0,0.0,0.0,0.0,0.0,0.0,0.0,0.0,0.0,0.0,0.0,0.0,0.0,0.0,0.0,0.0,0.0,0.0,0.04244516641563439,0.04244516641563439
2018/02/21 02:00:00,2018/02/21 02:00:00,2018/02/21 07:00:00,11.517036705871451,11.517036705871451,9.683199403074331,0.0,0.0,0.0,0.03901145352875434,0.00797836496709361,0.0,0.0008539601675123682,0.46717265330290697,0.0,0.0,0.0,0.0,0.0,0.0,1.3188208708308526,0.0,0.0,0.0,0.0,0.0,0.0,0.0,0.0,0.0,0.0,0.0,0.0,0.0,0.0,0.0,0.0,0.0,0.0,0.039297728996183466,0.039297728996183466
2018/02/21 03:00:00,2018/02/21 03:00:00,2018/02/21 08:00:00,12.248932862747834,12.248932862747834,8.602095390087012,0.0,0.0,0.0,0.026007635685836212,0.005318909978062404,0.0,0.0005693067783415784,2.2961207493877303,0.0,0.0,0.0,0.0,0.0,0.0,1.3188208708308526,0.0,0.0,0.0,0.0,0.0,0.0,0.0,0.0,0.0,0.0,0.0,0.0,0.0,0.0,0.0,0.0,0.0,0.0,0.04179506034632263,0.04179506034632263
2018/02/21 04:00:00,2018/02/21 04:00:00,2018/02/21 09:00:00,11.991264807711076,11.991264807711076,8.63768134468865,0.0,0.0,0.0,0.026007635685836212,0.005318909978062404,0.0,0.0005693067783415784,2.002866739749334,0.0,0.0,0.0,0.0,0.0,0.0,1.3188208708308526,0.0,0.0,0.0,0.0,0.0,0.0,0.0,0.0,0.0,0.0,0.0,0.0,0.0,0.0,0.0,0.0,0.0,0.0,0.04091586115156396,0.04091586115156396
2018/02/21 05:00:00,2018/02/21 05:00:00,2018/02/21 10:00:00,11.230342809148423,11.230342809148423,8.705865864652612,0.0,0.0,0.0,0.028765918804645314,0.005883015834518425,0.0,0.0006296855569084576,2.0130977173835554,0.0,0.0,0.0,0.0,0.0,0.0,0.47610060691618344,0.0,0.0,0.0,0.0,0.0,0.0,0.0,0.0,0.0,0.0,0.0,0.0,0.0,0.0,0.0,0.0,0.0,0.0,0.03831948959780266,0.03831948959780266
2018/02/21 06:00:00,2018/02/21 06:00:00,2018/02/21 11:00:00,9.173507934736389,9.173507934736389,8.7284189303389,0.0,0.0,0.0,0.0785967943553618,0.016074097576202317,0.0,0.0017204827198804209,0.348697629746042,0.0,0.0,0.0,0.0,0.0,0.0,0.0,0.0,0.0,0.0,0.0,0.0,0.0,0.0,0.0,0.0,0.0,0.0,0.0,0.0,0.0,0.0,0.0,0.0,0.0,0.03130128330491691,0.03130128330491691
2018/02/21 07:00:00,2018/02/21 07:00:00,2018/02/21 12:00:00,9.233902878663974,9.233902878663974,8.578804320090168,0.0,0.0,0.0,0.18452357674232273,0.03773754390357793,0.0,0.004039218492300221,0.4287982194356071,0.0,0.0,0.0,0.0,0.0,0.0,0.0,0.0,0.0,0.0,0.0,0.0,0.0,0.0,0.0,0.0,0.0,0.0,0.0,0.0,0.0,0.0,0.0,0.0,0.0,0.0315073592426619,0.0315073592426619
2018/02/21 08:00:00,2018/02/21 08:00:00,2018/02/21 13:00:00,9.200175009145546,9.200175009145546,8.424794352041175,0.0,0.0,0.0,0.2335098295518684,0.047755888977462434,0.0,0.0051115268753808285,0.4890034116996584,0.0,0.0,0.0,0.0,0.0,0.0,0.0,0.0,0.0,0.0,0.0,0.0,0.0,0.0,0.0,0.0,0.0,0.0,0.0,0.0,0.0,0.0,0.0,0.0,0.0,0.03139227506694871,0.03139227506694871
2018/02/21 09:00:00,2018/02/21 09:00:00,2018/02/21 14:00:00,9.048409460833124,9.048409460833124,8.355151340766325,0.0,0.0,0.0,0.24695335769390644,0.05050527061440958,0.0,0.005405805516797518,0.3903936862416873,0.0,0.0,0.0,0.0,0.0,0.0,0.0,0.0,0.0,0.0,0.0,0.0,0.0,0.0,0.0,0.0,0.0,0.0,0.0,0.0,0.0,0.0,0.0,0.0,0.0,0.03087442993535351,0.03087442993535351
2018/02/21 10:00:00,2018/02/21 10:00:00,2018/02/21 15:00:00,8.774146443458045,8.774146443458045,8.160305293351758,0.0,0.0,0.0,0.25268234700990755,0.0516769256931404,0.0,0.005531213012120983,0.30395066439111834,0.0,0.0,0.0,0.0,0.0,0.0,0.0,0.0,0.0,0.0,0.0,0.0,0.0,0.0,0.0,0.0,0.0,0.0,0.0,0.0,0.0,0.0,0.0,0.0,0.0,0.029938606423999516,0.029938606423999516
2018/02/21 11:00:00,2018/02/21 11:00:00,2018/02/21 16:00:00,8.260713229830122,8.260713229830122,7.6573392857920775,0.0,0.0,0.0,0.24574672449634635,0.05025849795764481,0.0,0.00537939233312173,0.30198932925093275,0.0,0.0,0.0,0.0,0.0,0.0,0.0,0.0,0.0,0.0,0.0,0.0,0.0,0.0,0.0,0.0,0.0,0.0,0.0,0.0,0.0,0.0,0.0,0.0,0.0,0.028186700981473363,0.028186700981473363
2018/02/21 12:00:00,2018/02/21 12:00:00,2018/02/21 17:00:00,8.102215144807548,8.102215144807548,7.053195937781324,0.0,0.0,0.0,0.23613760755858612,0.04829330478983772,0.0,0.00516904889888472,0.3221143596831222,0.0,0.0,0.0,0.0,0.0,0.0,0.43730488609579093,0.0,0.0,0.0,0.0,0.0,0.0,0.0,0.0,0.0,0.0,0.0,0.0,0.0,0.0,0.0,0.0,0.0,0.0,0.02764588349945077,0.02764588349945077
2018/02/21 13:00:00,2018/02/21 13:00:00,2018/02/21 18:00:00,8.941490941513822,8.941490941513822,7.014904142942987,0.0,0.0,0.0,0.2292019850450249,0.046874877054342116,0.0,0.005017228219885468,0.3266718374207314,0.0,0.0,0.0,0.0,0.0,0.0,1.3188208708308526,0.0,0.0,0.0,0.0,0.0,0.0,0.0,0.0,0.0,0.0,0.0,0.0,0.0,0.0,0.0,0.0,0.0,0.0,0.03050960909608839,0.03050960909608839
2018/02/21 14:00:00,2018/02/21 14:00:00,2018/02/21 19:00:00,8.55064674907017,8.55064674907017,6.752185856980059,0.0,0.0,0.0,0.22716107639764072,0.04645748388950332,0.0,0.004972552758379963,0.3427042985400315,0.0,0.0,0.0,0.0,0.0,0.0,1.1771654805045564,0.0,0.0,0.0,0.0,0.0,0.0,0.0,0.0,0.0,0.0,0.0,0.0,0.0,0.0,0.0,0.0,0.0,0.0,0.02917599442187688,0.02917599442187688
2018/02/21 15:00:00,2018/02/21 15:00:00,2018/02/21 20:00:00,7.482983648594656,7.482983648594656,6.820193395112458,0.0,0.0,0.0,0.22765844421516418,0.04655920227249472,0.0,0.0049834401328904925,0.3835891668616478,0.0,0.0,0.0,0.0,0.0,0.0,0.0,0.0,0.0,0.0,0.0,0.0,0.0,0.0,0.0,0.0,0.0,0.0,0.0,0.0,0.0,0.0,0.0,0.0,0.0,0.025532979621001754,0.025532979621001754
2018/02/21 16:00:00,2018/02/21 16:00:00,2018/02/21 21:00:00,7.44461149149831,7.44461149149831,6.700996926997386,0.0,0.0,0.0,0.23296903579431874,0.047645289407864826,0.0,0.005099688907655623,0.4579005503910832,0.0,0.0,0.0,0.0,0.0,0.0,0.0,0.0,0.0,0.0,0.0,0.0,0.0,0.0,0.0,0.0,0.0,0.0,0.0,0.0,0.0,0.0,0.0,0.0,0.0,0.025402048490965293,0.025402048490965293
2018/02/21 17:00:00,2018/02/21 17:00:00,2018/02/21 22:00:00,10.057283705271503,10.057283705271503,6.438309978493723,0.0,0.0,0.0,0.2535585717390738,0.051856125390924754,0.0,0.005550393559083833,2.6087556318812433,0.0,0.0,0.0,0.0,0.0,0.0,0.6992530042074536,0.0,0.0,0.0,0.0,0.0,0.0,0.0,0.0,0.0,0.0,0.0,0.0,0.0,0.0,0.0,0.0,0.0,0.0,0.03431684899345695,0.03431684899345695
2018/02/21 18:00:00,2018/02/21 18:00:00,2018/02/21 23:00:00,11.066812962712705,11.066812962712705,6.46795396352423,0.0,0.0,0.0,0.3091682871252569,0.06322905731052494,0.0,0.00676768944454725,4.077454867235692,0.0,0.0,0.0,0.0,0.0,0.0,0.1422390980724543,0.0,0.0,0.0,0.0,0.0,0.0,0.0,0.0,0.0,0.0,0.0,0.0,0.0,0.0,0.0,0.0,0.0,0.0,0.03776150304690957,0.03776150304690957
2018/02/21 19:00:00,2018/02/21 19:00:00,2018/02/22 00:00:00,8.444584700396268,8.444584700396268,7.206048001498821,0.0,0.0,0.0,0.40445419458869136,0.08271630213732041,0.0,0.008853496614973921,0.7425127055564619,0.0,0.0,0.0,0.0,0.0,0.0,0.0,0.0,0.0,0.0,0.0,0.0,0.0,0.0,0.0,0.0,0.0,0.0,0.0,0.0,0.0,0.0,0.0,0.0,0.0,0.02881409597942057,0.02881409597942057
2018/02/21 20:00:00,2018/02/21 20:00:00,2018/02/22 01:00:00,8.682368237866037,8.682368237866037,7.382946586873789,0.0,0.0,0.0,0.4947498518220883,0.10118297392694314,0.0,0.010830067278249408,0.692658757964968,0.0,0.0,0.0,0.0,0.0,0.0,0.0,0.0,0.0,0.0,0.0,0.0,0.0,0.0,0.0,0.0,0.0,0.0,0.0,0.0,0.0,0.0,0.0,0.0,0.0,0.029625446438213236,0.029625446438213236
2018/02/21 21:00:00,2018/02/21 21:00:00,2018/02/22 02:00:00,9.040356743692689,9.040356743692689,7.615518330040907,0.0,0.0,0.0,0.5093280083111753,0.10416440226392144,0.0,0.011149182918179776,0.8001968201585039,0.0,0.0,0.0,0.0,0.0,0.0,0.0,0.0,0.0,0.0,0.0,0.0,0.0,0.0,0.0,0.0,0.0,0.0,0.0,0.0,0.0,0.0,0.0,0.0,0.0,0.030846952945920412,0.030846952945920412
2018/02/21 22:00:00,2018/02/21 22:00:00,2018/02/22 03:00:00,9.432177625866224,9.432177625866224,8.2496466084225,0.0,0.0,0.0,0.43505295522220544,0.08897415868437193,0.0,0.009523303053665229,0.6489806004834796,0.0,0.0,0.0,0.0,0.0,0.0,0.0,0.0,0.0,0.0,0.0,0.0,0.0,0.0,0.0,0.0,0.0,0.0,0.0,0.0,0.0,0.0,0.0,0.0,0.0,0.03218390022115583,0.03218390022115583
2018/02/21 23:00:00,2018/02/21 23:00:00,2018/02/22 04:00:00,9.818174786945367,9.818174786945367,8.941434799698479,0.0,0.0,0.0,0.2648042903299012,0.05415602552586124,0.0,0.005796562180423241,0.5519831092107013,0.0,0.0,0.0,0.0,0.0,0.0,0.0,0.0,0.0,0.0,0.0,0.0,0.0,0.0,0.0,0.0,0.0,0.0,0.0,0.0,0.0,0.0,0.0,0.0,0.0,0.033500976151082426,0.033500976151082426
2018/02/22 00:00:00,2018/02/22 00:00:00,2018/02/22 05:00:00,10.082882771409215,10.082882771409215,9.45427632679444,0.0,0.0,0.0,0.13094360677997474,0.026779722120023,0.0,0.002866353705536267,0.46801676200923903,0.0,0.0,0.0,0.0,0.0,0.0,0.0,0.0,0.0,0.0,0.0,0.0,0.0,0.0,0.0,0.0,0.0,0.0,0.0,0.0,0.0,0.0,0.0,0.0,0.0,0.03440419656291658,0.03440419656291658
2018/02/22 01:00:00,2018/02/22 01:00:00,2018/02/22 06:00:00,11.125840515700864,11.125840515700864,10.235385656135156,0.0,0.0,0.0,0.06501908921459039,0.013297274945155983,0.0,0.0014232669458539432,0.40461520905952564,0.0,0.0,0.0,0.0,0.0,0.0,0.40610001940058105,0.0,0.0,0.0,0.0,0.0,0.0,0.0,0.0,0.0,0.0,0.0,0.0,0.0,0.0,0.0,0.0,0.0,0.0,0.03796291325683396,0.03796291325683396
2018/02/22 02:00:00,2018/02/22 02:00:00,2018/02/22 07:00:00,10.988953136692567,10.988953136692567,10.55698362402671,0.0,0.0,0.0,0.03901145352875434,0.00797836496709361,0.0,0.0008539601675123682,0.38412573400249667,0.0,0.0,0.0,0.0,0.0,0.0,0.0,0.0,0.0,0.0,0.0,0.0,0.0,0.0,0.0,0.0,0.0,0.0,0.0,0.0,0.0,0.0,0.0,0.0,0.0,0.03749583450553299,0.03749583450553299
2018/02/22 03:00:00,2018/02/22 03:00:00,2018/02/22 08:00:00,10.72703753823437,10.72703753823437,10.341613394270396,0.0,0.0,0.0,0.026007635685836212,0.005318909978062404,0.0,0.0005693067783415784,0.35352829152173204,0.0,0.0,0.0,0.0,0.0,0.0,0.0,0.0,0.0,0.0,0.0,0.0,0.0,0.0,0.0,0.0,0.0,0.0,0.0,0.0,0.0,0.0,0.0,0.0,0.0,0.036602142102622075,0.036602142102622075
2018/02/22 04:00:00,2018/02/22 04:00:00,2018/02/22 09:00:00,10.889191904030048,10.889191904030048,10.517996262613545,0.0,0.0,0.0,0.026007635685836212,0.005318909978062404,0.0,0.0005693067783415784,0.3392997889742633,0.0,0.0,0.0,0.0,0.0,0.0,0.0,0.0,0.0,0.0,0.0,0.0,0.0,0.0,0.0,0.0,0.0,0.0,0.0,0.0,0.0,0.0,0.0,0.0,0.0,0.03715543532251239,0.03715543532251239
2018/02/22 05:00:00,2018/02/22 05:00:00,2018/02/22 10:00:00,11.027235206871152,11.027235206871152,10.673649089802607,0.0,0.0,0.0,0.028765918804645314,0.005883015834518425,0.0,0.0006296855569084576,0.3183074968724766,0.0,0.0,0.0,0.0,0.0,0.0,0.0,0.0,0.0,0.0,0.0,0.0,0.0,0.0,0.0,0.0,0.0,0.0,0.0,0.0,0.0,0.0,0.0,0.0,0.0,0.037626458246492675,0.037626458246492675
2018/02/22 06:00:00,2018/02/22 06:00:00,2018/02/22 11:00:00,11.160022041602273,11.160022041602273,10.714933037204785,0.0,0.0,0.0,0.0785967943553618,0.016074097576202317,0.0,0.0017204827198804209,0.348697629746042,0.0,0.0,0.0,0.0,0.0,0.0,0.0,0.0,0.0,0.0,0.0,0.0,0.0,0.0,0.0,0.0,0.0,0.0,0.0,0.0,0.0,0.0,0.0,0.0,0.0,0.03807954537114031,0.03807954537114031
2018/02/22 07:00:00,2018/02/22 07:00:00,2018/02/22 12:00:00,11.29588160797412,11.29588160797412,10.640783049400314,0.0,0.0,0.0,0.18452357674232273,0.03773754390357793,0.0,0.004039218492300221,0.4287982194356071,0.0,0.0,0.0,0.0,0.0,0.0,0.0,0.0,0.0,0.0,0.0,0.0,0.0,0.0,0.0,0.0,0.0,0.0,0.0,0.0,0.0,0.0,0.0,0.0,0.0,0.03854311708295903,0.03854311708295903
2018/02/22 08:00:00,2018/02/22 08:00:00,2018/02/22 13:00:00,11.245732678630668,11.245732678630668,10.041523096414837,0.0,0.0,0.0,0.2335098295518684,0.047755888977462434,0.0,0.0051115268753808285,0.4890034116996584,0.0,0.0,0.0,0.0,0.0,0.0,0.4288289251114607,0.0,0.0,0.0,0.0,0.0,0.0,0.0,0.0,0.0,0.0,0.0,0.0,0.0,0.0,0.0,0.0,0.0,0.0,0.038372001970181535,0.038372001970181535
2018/02/22 09:00:00,2018/02/22 09:00:00,2018/02/22 14:00:00,12.594132329183635,12.594132329183635,10.58205333828598,0.0,0.0,0.0,0.24695335769390644,0.05050527061440958,0.0,0.005405805516797518,0.3903936862416873,0.0,0.0,0.0,0.0,0.0,0.0,1.3188208708308526,0.0,0.0,0.0,0.0,0.0,0.0,0.0,0.0,0.0,0.0,0.0,0.0,0.0,0.0,0.0,0.0,0.0,0.0,0.04297292887518696,0.04297292887518696
2018/02/22 10:00:00,2018/02/22 10:00:00,2018/02/22 15:00:00,12.234986450639102,12.234986450639102,10.302324429701963,0.0,0.0,0.0,0.25268234700990755,0.0516769256931404,0.0,0.005531213012120983,0.30395066439111834,0.0,0.0,0.0,0.0,0.0,0.0,1.3188208708308526,0.0,0.0,0.0,0.0,0.0,0.0,0.0,0.0,0.0,0.0,0.0,0.0,0.0,0.0,0.0,0.0,0.0,0.0,0.04174747325100335,0.04174747325100335
2018/02/22 11:00:00,2018/02/22 11:00:00,2018/02/22 16:00:00,11.426921155574261,11.426921155574261,9.504726340705362,0.0,0.0,0.0,0.24574672449634635,0.05025849795764481,0.0,0.00537939233312173,0.30198932925093275,0.0,0.0,0.0,0.0,0.0,0.0,1.3188208708308526,0.0,0.0,0.0,0.0,0.0,0.0,0.0,0.0,0.0,0.0,0.0,0.0,0.0,0.0,0.0,0.0,0.0,0.0,0.03899024222121161,0.03899024222121161
2018/02/22 12:00:00,2018/02/22 12:00:00,2018/02/22 17:00:00,10.152791168511655,10.152791168511655,9.161249185815441,0.0,0.0,0.0,0.23613760755858612,0.04829330478983772,0.0,0.00516904889888472,0.3221143596831222,0.0,0.0,0.0,0.0,0.0,0.0,0.37982766176578436,0.0,0.0,0.0,0.0,0.0,0.0,0.0,0.0,0.0,0.0,0.0,0.0,0.0,0.0,0.0,0.0,0.0,0.0,0.03464273372434532,0.03464273372434532
2018/02/22 13:00:00,2018/02/22 13:00:00,2018/02/22 18:00:00,9.217034676546527,9.217034676546527,8.609268748806544,0.0,0.0,0.0,0.2292019850450249,0.046874877054342116,0.0,0.005017228219885468,0.3266718374207314,0.0,0.0,0.0,0.0,0.0,0.0,0.0,0.0,0.0,0.0,0.0,0.0,0.0,0.0,0.0,0.0,0.0,0.0,0.0,0.0,0.0,0.0,0.0,0.0,0.0,0.03144980259398626,0.03144980259398626
2018/02/22 14:00:00,2018/02/22 14:00:00,2018/02/22 19:00:00,9.078888331135206,9.078888331135206,8.45759291954965,0.0,0.0,0.0,0.22716107639764072,0.04645748388950332,0.0,0.004972552758379963,0.3427042985400315,0.0,0.0,0.0,0.0,0.0,0.0,0.0,0.0,0.0,0.0,0.0,0.0,0.0,0.0,0.0,0.0,0.0,0.0,0.0,0.0,0.0,0.0,0.0,0.0,0.0,0.030978428074443433,0.030978428074443433
2018/02/22 15:00:00,2018/02/22 15:00:00,2018/02/22 20:00:00,8.794590999265102,8.794590999265102,8.084409251510822,0.0,0.0,0.0,0.22765844421516418,0.04655920227249472,0.0,0.0049834401328904925,0.43098066113372835,0.0,0.0,0.0,0.0,0.0,0.0,0.0,0.0,0.0,0.0,0.0,0.0,0.0,0.0,0.0,0.0,0.0,0.0,0.0,0.0,0.0,0.0,0.0,0.0,0.0,0.03000836608823185,0.03000836608823185
2018/02/22 16:00:00,2018/02/22 16:00:00,2018/02/22 21:00:00,10.06921420469596,10.06921420469596,7.913123263466382,0.0,0.0,0.0,0.23296903579431874,0.047645289407864826,0.0,0.005099688907655623,1.4550673709834772,0.0,0.0,0.0,0.0,0.0,0.0,0.4153095561362609,0.0,0.0,0.0,0.0,0.0,0.0,0.0,0.0,0.0,0.0,0.0,0.0,0.0,0.0,0.0,0.0,0.0,0.0,0.03435755751468033,0.03435755751468033
2018/02/22 17:00:00,2018/02/22 17:00:00,2018/02/22 22:00:00,9.264879904199383,9.264879904199383,8.099285285196169,0.0,0.0,0.0,0.2535585717390738,0.051856125390924754,0.0,0.005550393559083833,0.8546295283141309,0.0,0.0,0.0,0.0,0.0,0.0,0.0,0.0,0.0,0.0,0.0,0.0,0.0,0.0,0.0,0.0,0.0,0.0,0.0,0.0,0.0,0.0,0.0,0.0,0.0,0.031613057156603404,0.031613057156603404
2018/02/22 18:00:00,2018/02/22 18:00:00,2018/02/22 23:00:00,10.029950703638084,10.029950703638084,8.94230204278576,0.0,0.0,0.0,0.3091682871252569,0.06322905731052494,0.0,0.00676768944454725,0.7084836269719927,0.0,0.0,0.0,0.0,0.0,0.0,0.0,0.0,0.0,0.0,0.0,0.0,0.0,0.0,0.0,0.0,0.0,0.0,0.0,0.0,0.0,0.0,0.0,0.0,0.0,0.0342235849952364,0.0342235849952364
2018/02/22 19:00:00,2018/02/22 19:00:00,2018/02/23 00:00:00,11.486906745015473,11.486906745015473,9.735046885111569,0.0,0.0,0.0,0.40445419458869136,0.08271630213732041,0.0,0.008853496614973921,0.7425127055564619,0.0,0.0,0.0,0.0,0.0,0.0,0.5133231610064587,0.0,0.0,0.0,0.0,0.0,0.0,0.0,0.0,0.0,0.0,0.0,0.0,0.0,0.0,0.0,0.0,0.0,0.0,0.039194921384588355,0.039194921384588355
2018/02/22 20:00:00,2018/02/22 20:00:00,2018/02/23 01:00:00,13.026084296589314,13.026084296589314,10.413114559780874,0.0,0.0,0.0,0.4947498518220883,0.10118297392694314,0.0,0.010830067278249408,0.6873859729503065,0.0,0.0,0.0,0.0,0.0,0.0,1.3188208708308526,0.0,0.0,0.0,0.0,0.0,0.0,0.0,0.0,0.0,0.0,0.0,0.0,0.0,0.0,0.0,0.0,0.0,0.0,0.04444680898757931,0.04444680898757931
2018/02/22 21:00:00,2018/02/22 21:00:00,2018/02/23 02:00:00,14.013880224672357,14.013880224672357,11.389085691850998,0.0,0.0,0.0,0.5093280083111753,0.10416440226392144,0.0,0.011149182918179776,0.6813320684972306,0.0,0.0,0.0,0.0,0.0,0.0,1.3188208708308526,0.0,0.0,0.0,0.0,0.0,0.0,0.0,0.0,0.0,0.0,0.0,0.0,0.0,0.0,0.0,0.0,0.0,0.0,0.047817305902428185,0.047817305902428185
2018/02/22 22:00:00,2018/02/22 22:00:00,2018/02/23 03:00:00,14.737144262896564,14.737144262896564,12.235792374621989,0.0,0.0,0.0,0.43505295522220544,0.08897415868437193,0.0,0.009523303053665229,0.6489806004834796,0.0,0.0,0.0,0.0,0.0,0.0,1.3188208708308526,0.0,0.0,0.0,0.0,0.0,0.0,0.0,0.0,0.0,0.0,0.0,0.0,0.0,0.0,0.0,0.0,0.0,0.0,0.05028518326469535,0.05028518326469535
2018/02/22 23:00:00,2018/02/22 23:00:00,2018/02/23 04:00:00,15.152948601646806,15.152948601646806,13.184707482755035,0.0,0.0,0.0,0.2648042903299012,0.05415602552586124,0.0,0.005796562180423241,0.5519831092107013,0.0,0.0,0.0,0.0,0.0,0.0,1.091501131644881,0.0,0.0,0.0,0.0,0.0,0.0,0.0,0.0,0.0,0.0,0.0,0.0,0.0,0.0,0.0,0.0,0.0,0.0,0.05170396542515455,0.05170396542515455
2018/02/23 00:00:00,2018/02/23 00:00:00,2018/02/23 05:00:00,14.517094506263648,14.517094506263648,13.888488061648873,0.0,0.0,0.0,0.13094360677997474,0.026779722120023,0.0,0.002866353705536267,0.46801676200923903,0.0,0.0,0.0,0.0,0.0,0.0,0.0,0.0,0.0,0.0,0.0,0.0,0.0,0.0,0.0,0.0,0.0,0.0,0.0,0.0,0.0,0.0,0.0,0.0,0.0,0.049534342929400774,0.049534342929400774
2018/02/23 01:00:00,2018/02/23 01:00:00,2018/02/23 06:00:00,15.600014684712825,15.600014684712825,15.115659844547698,0.0,0.0,0.0,0.06501908921459039,0.013297274945155983,0.0,0.0014232669458539432,0.40461520905952564,0.0,0.0,0.0,0.0,0.0,0.0,0.0,0.0,0.0,0.0,0.0,0.0,0.0,0.0,0.0,0.0,0.0,0.0,0.0,0.0,0.0,0.0,0.0,0.0,0.0,0.05322941699958229,0.05322941699958229
2018/02/23 02:00:00,2018/02/23 02:00:00,2018/02/23 07:00:00,16.055375170611594,16.055375170611594,15.623405657945739,0.0,0.0,0.0,0.03901145352875434,0.00797836496709361,0.0,0.0008539601675123682,0.38412573400249667,0.0,0.0,0.0,0.0,0.0,0.0,0.0,0.0,0.0,0.0,0.0,0.0,0.0,0.0,0.0,0.0,0.0,0.0,0.0,0.0,0.0,0.0,0.0,0.0,0.0,0.054783170228596266,0.054783170228596266
2018/02/23 03:00:00,2018/02/23 03:00:00,2018/02/23 08:00:00,15.67899514426453,15.67899514426453,15.293571000300558,0.0,0.0,0.0,0.026007635685836212,0.005318909978062404,0.0,0.0005693067783415784,0.35352829152173204,0.0,0.0,0.0,0.0,0.0,0.0,0.0,0.0,0.0,0.0,0.0,0.0,0.0,0.0,0.0,0.0,0.0,0.0,0.0,0.0,0.0,0.0,0.0,0.0,0.0,0.053498909298228405,0.053498909298228405
2018/02/23 04:00:00,2018/02/23 04:00:00,2018/02/23 09:00:00,15.945645480569674,15.945645480569674,15.57444983915317,0.0,0.0,0.0,0.026007635685836212,0.005318909978062404,0.0,0.0005693067783415784,0.3392997889742633,0.0,0.0,0.0,0.0,0.0,0.0,0.0,0.0,0.0,0.0,0.0,0.0,0.0,0.0,0.0,0.0,0.0,0.0,0.0,0.0,0.0,0.0,0.0,0.0,0.0,0.05440875728434436,0.05440875728434436
2018/02/23 05:00:00,2018/02/23 05:00:00,2018/02/23 10:00:00,16.359538699728,16.359538699728,16.005952582659454,0.0,0.0,0.0,0.028765918804645314,0.005883015834518425,0.0,0.0006296855569084576,0.3183074968724766,0.0,0.0,0.0,0.0,0.0,0.0,0.0,0.0,0.0,0.0,0.0,0.0,0.0,0.0,0.0,0.0,0.0,0.0,0.0,0.0,0.0,0.0,0.0,0.0,0.0,0.055821018439294906,0.055821018439294906
2018/02/23 06:00:00,2018/02/23 06:00:00,2018/02/23 11:00:00,16.8712479087955,16.8712479087955,16.42615890439801,0.0,0.0,0.0,0.0785967943553618,0.016074097576202317,0.0,0.0017204827198804209,0.348697629746042,0.0,0.0,0.0,0.0,0.0,0.0,0.0,0.0,0.0,0.0,0.0,0.0,0.0,0.0,0.0,0.0,0.0,0.0,0.0,0.0,0.0,0.0,0.0,0.0,0.0,0.05756704133879077,0.05756704133879077
2018/02/23 07:00:00,2018/02/23 07:00:00,2018/02/23 12:00:00,17.517559003498643,17.517559003498643,15.55189165708251,0.0,0.0,0.0,0.18452357674232273,0.03773754390357793,0.0,0.004039218492300221,0.4287982194356071,0.0,0.0,0.0,0.0,0.0,0.0,1.310568787842329,0.0,0.0,0.0,0.0,0.0,0.0,0.0,0.0,0.0,0.0,0.0,0.0,0.0,0.0,0.0,0.0,0.0,0.0,0.05977234456873729,0.05977234456873729
2018/02/23 08:00:00,2018/02/23 08:00:00,2018/02/23 13:00:00,17.80277753042566,17.80277753042566,15.708576002490437,0.0,0.0,0.0,0.2335098295518684,0.047755888977462434,0.0,0.0051115268753808285,0.4890034116996584,0.0,0.0,0.0,0.0,0.0,0.0,1.3188208708308526,0.0,0.0,0.0,0.0,0.0,0.0,0.0,0.0,0.0,0.0,0.0,0.0,0.0,0.0,0.0,0.0,0.0,0.0,0.060745549800440196,0.060745549800440196
2018/02/23 09:00:00,2018/02/23 09:00:00,2018/02/23 14:00:00,16.744135132084935,16.744135132084935,14.732056141187282,0.0,0.0,0.0,0.24695335769390644,0.05050527061440958,0.0,0.005405805516797518,0.3903936862416873,0.0,0.0,0.0,0.0,0.0,0.0,1.3188208708308526,0.0,0.0,0.0,0.0,0.0,0.0,0.0,0.0,0.0,0.0,0.0,0.0,0.0,0.0,0.0,0.0,0.0,0.0,0.05713331488825533,0.05713331488825533
2018/02/23 10:00:00,2018/02/23 10:00:00,2018/02/23 15:00:00,15.690481468203632,15.690481468203632,13.757819447266494,0.0,0.0,0.0,0.25268234700990755,0.0516769256931404,0.0,0.005531213012120983,0.30395066439111834,0.0,0.0,0.0,0.0,0.0,0.0,1.3188208708308526,0.0,0.0,0.0,0.0,0.0,0.0,0.0,0.0,0.0,0.0,0.0,0.0,0.0,0.0,0.0,0.0,0.0,0.0,0.05353810223099826,0.05353810223099826
2018/02/23 11:00:00,2018/02/23 11:00:00,2018/02/23 16:00:00,15.085859035563912,15.085859035563912,13.163664220695015,0.0,0.0,0.0,0.24574672449634635,0.05025849795764481,0.0,0.00537939233312173,0.30198932925093275,0.0,0.0,0.0,0.0,0.0,0.0,1.3188208708308526,0.0,0.0,0.0,0.0,0.0,0.0,0.0,0.0,0.0,0.0,0.0,0.0,0.0,0.0,0.0,0.0,0.0,0.0,0.05147504650670976,0.05147504650670976
2018/02/23 12:00:00,2018/02/23 12:00:00,2018/02/23 17:00:00,14.044626586276232,14.044626586276232,12.853024994444418,0.0,0.0,0.0,0.23613760755858612,0.04829330478983772,0.0,0.00516904889888472,0.3221143596831222,0.0,0.0,0.0,0.0,0.0,0.0,0.5798872709013838,0.0,0.0,0.0,0.0,0.0,0.0,0.0,0.0,0.0,0.0,0.0,0.0,0.0,0.0,0.0,0.0,0.0,0.0,0.04792221675899529,0.04792221675899529
2018/02/23 13:00:00,2018/02/23 13:00:00,2018/02/23 18:00:00,14.615980779504547,14.615980779504547,12.68939398093371,0.0,0.0,0.0,0.2292019850450249,0.046874877054342116,0.0,0.005017228219885468,0.3266718374207314,0.0,0.0,0.0,0.0,0.0,0.0,1.3188208708308526,0.0,0.0,0.0,0.0,0.0,0.0,0.0,0.0,0.0,0.0,0.0,0.0,0.0,0.0,0.0,0.0,0.0,0.0,0.049871756629339944,0.049871756629339944
2018/02/23 14:00:00,2018/02/23 14:00:00,2018/02/23 19:00:00,12.827433628952399,12.827433628952399,12.142057513058825,0.0,0.0,0.0,0.22716107639764072,0.04645748388950332,0.0,0.004972552758379963,0.3427042985400315,0.0,0.0,0.0,0.0,0.0,0.0,0.06408070430801985,0.0,0.0,0.0,0.0,0.0,0.0,0.0,0.0,0.0,0.0,0.0,0.0,0.0,0.0,0.0,0.0,0.0,0.0,0.04376898531634566,0.04376898531634566
2018/02/23 15:00:00,2018/02/23 15:00:00,2018/02/23 20:00:00,13.335085056341024,13.335085056341024,11.70887874269645,0.0,0.0,0.0,0.22765844421516418,0.04655920227249472,0.0,0.0049834401328904925,0.742751534251728,0.0,0.0,0.0,0.0,0.0,0.0,0.6042536927722957,0.0,0.0,0.0,0.0,0.0,0.0,0.0,0.0,0.0,0.0,0.0,0.0,0.0,0.0,0.0,0.0,0.0,0.0,0.045501162501113475,0.045501162501113475
2018/02/23 16:00:00,2018/02/23 16:00:00,2018/02/23 21:00:00,12.425212670486786,12.425212670486786,11.768365560103538,0.0,0.0,0.0,0.23296903579431874,0.047645289407864826,0.0,0.005099688907655623,0.3711330962734106,0.0,0.0,0.0,0.0,0.0,0.0,0.0,0.0,0.0,0.0,0.0,0.0,0.0,0.0,0.0,0.0,0.0,0.0,0.0,0.0,0.0,0.0,0.0,0.0,0.0,0.04239655153619555,0.04239655153619555
2018/02/23 17:00:00,2018/02/23 17:00:00,2018/02/23 22:00:00,12.219337117017695,12.219337117017695,11.405067016370255,0.0,0.0,0.0,0.2535585717390738,0.051856125390924754,0.0,0.005550393559083833,0.5033050099583555,0.0,0.0,0.0,0.0,0.0,0.0,0.0,0.0,0.0,0.0,0.0,0.0,0.0,0.0,0.0,0.0,0.0,0.0,0.0,0.0,0.0,0.0,0.0,0.0,0.0,0.04169407555094119,0.04169407555094119
2018/02/23 18:00:00,2018/02/23 18:00:00,2018/02/23 23:00:00,12.573375310124282,12.573375310124282,11.485726649271959,0.0,0.0,0.0,0.3091682871252569,0.06322905731052494,0.0,0.00676768944454725,0.7084836269719927,0.0,0.0,0.0,0.0,0.0,0.0,0.0,0.0,0.0,0.0,0.0,0.0,0.0,0.0,0.0,0.0,0.0,0.0,0.0,0.0,0.0,0.0,0.0,0.0,0.0,0.042902103042935576,0.042902103042935576
2018/02/23 19:00:00,2018/02/23 19:00:00,2018/02/24 00:00:00,13.103576987543617,13.103576987543617,11.86504028864617,0.0,0.0,0.0,0.40445419458869136,0.08271630213732041,0.0,0.008853496614973921,0.7425127055564619,0.0,0.0,0.0,0.0,0.0,0.0,0.0,0.0,0.0,0.0,0.0,0.0,0.0,0.0,0.0,0.0,0.0,0.0,0.0,0.0,0.0,0.0,0.0,0.0,0.0,0.044711224813114944,0.044711224813114944
2018/02/23 20:00:00,2018/02/23 20:00:00,2018/02/24 01:00:00,14.279444290331327,14.279444290331327,12.12449212284146,0.0,0.0,0.0,0.4947498518220883,0.10118297392694314,0.0,0.010830067278249408,0.6873859729503065,0.0,0.0,0.0,0.0,0.0,0.0,0.8608033015122801,0.0,0.0,0.0,0.0,0.0,0.0,0.0,0.0,0.0,0.0,0.0,0.0,0.0,0.0,0.0,0.0,0.0,0.0,0.048723447382212695,0.048723447382212695
2018/02/23 21:00:00,2018/02/23 21:00:00,2018/02/24 02:00:00,15.781776352979568,15.781776352979568,13.156981820158208,0.0,0.0,0.0,0.5093280083111753,0.10416440226392144,0.0,0.011149182918179776,0.6813320684972306,0.0,0.0,0.0,0.0,0.0,0.0,1.3188208708308526,0.0,0.0,0.0,0.0,0.0,0.0,0.0,0.0,0.0,0.0,0.0,0.0,0.0,0.0,0.0,0.0,0.0,0.0,0.05384961305902519,0.05384961305902519
2018/02/23 22:00:00,2018/02/23 22:00:00,2018/02/24 03:00:00,16.162297927275848,16.162297927275848,13.66094603900127,0.0,0.0,0.0,0.43505295522220544,0.08897415868437193,0.0,0.009523303053665229,0.6489806004834796,0.0,0.0,0.0,0.0,0.0,0.0,1.3188208708308526,0.0,0.0,0.0,0.0,0.0,0.0,0.0,0.0,0.0,0.0,0.0,0.0,0.0,0.0,0.0,0.0,0.0,0.0,0.055148005526270936,0.055148005526270936
2018/02/23 23:00:00,2018/02/23 23:00:00,2018/02/24 04:00:00,15.645305959518321,15.645305959518321,13.982345077614854,0.0,0.0,0.0,0.2648042903299012,0.05415602552586124,0.0,0.005796562180423241,0.5519831092107013,0.0,0.0,0.0,0.0,0.0,0.0,0.786220894656581,0.0,0.0,0.0,0.0,0.0,0.0,0.0,0.0,0.0,0.0,0.0,0.0,0.0,0.0,0.0,0.0,0.0,0.0,0.05338395712033147,0.05338395712033147
2018/02/24 00:00:00,2018/02/24 00:00:00,2018/02/24 05:00:00,14.920841837831253,14.920841837831253,14.292235393216478,0.0,0.0,0.0,0.13094360677997474,0.026779722120023,0.0,0.002866353705536267,0.46801676200923903,0.0,0.0,0.0,0.0,0.0,0.0,0.0,0.0,0.0,0.0,0.0,0.0,0.0,0.0,0.0,0.0,0.0,0.0,0.0,0.0,0.0,0.0,0.0,0.0,0.0,0.05091198490659333,0.05091198490659333
2018/02/24 01:00:00,2018/02/24 01:00:00,2018/02/24 06:00:00,15.742773919838259,15.742773919838259,15.258419079673134,0.0,0.0,0.0,0.06501908921459039,0.013297274945155983,0.0,0.0014232669458539432,0.40461520905952564,0.0,0.0,0.0,0.0,0.0,0.0,0.0,0.0,0.0,0.0,0.0,0.0,0.0,0.0,0.0,0.0,0.0,0.0,0.0,0.0,0.0,0.0,0.0,0.0,0.0,0.05371653133957582,0.05371653133957582
2018/02/24 02:00:00,2018/02/24 02:00:00,2018/02/24 07:00:00,15.925518446257898,15.925518446257898,15.493548933592043,0.0,0.0,0.0,0.03901145352875434,0.00797836496709361,0.0,0.0008539601675123682,0.38412573400249667,0.0,0.0,0.0,0.0,0.0,0.0,0.0,0.0,0.0,0.0,0.0,0.0,0.0,0.0,0.0,0.0,0.0,0.0,0.0,0.0,0.0,0.0,0.0,0.0,0.0,0.05434008104755875,0.05434008104755875
2018/02/24 03:00:00,2018/02/24 03:00:00,2018/02/24 08:00:00,15.54118479437352,15.54118479437352,15.155760650409547,0.0,0.0,0.0,0.026007635685836212,0.005318909978062404,0.0,0.0005693067783415784,0.35352829152173204,0.0,0.0,0.0,0.0,0.0,0.0,0.0,0.0,0.0,0.0,0.0,0.0,0.0,0.0,0.0,0.0,0.0,0.0,0.0,0.0,0.0,0.0,0.0,0.0,0.0,0.0530286812420718,0.0530286812420718
2018/02/24 04:00:00,2018/02/24 04:00:00,2018/02/24 09:00:00,15.82899762271244,15.82899762271244,15.457801981295935,0.0,0.0,0.0,0.026007635685836212,0.005318909978062404,0.0,0.0005693067783415784,0.3392997889742633,0.0,0.0,0.0,0.0,0.0,0.0,0.0,0.0,0.0,0.0,0.0,0.0,0.0,0.0,0.0,0.0,0.0,0.0,0.0,0.0,0.0,0.0,0.0,0.0,0.0,0.05401073859054945,0.05401073859054945
2018/02/24 05:00:00,2018/02/24 05:00:00,2018/02/24 10:00:00,15.969860269666665,15.969860269666665,15.616274152598118,0.0,0.0,0.0,0.028765918804645314,0.005883015834518425,0.0,0.0006296855569084576,0.3183074968724766,0.0,0.0,0.0,0.0,0.0,0.0,0.0,0.0,0.0,0.0,0.0,0.0,0.0,0.0,0.0,0.0,0.0,0.0,0.0,0.0,0.0,0.0,0.0,0.0,0.0,0.05449138150826024,0.05449138150826024
2018/02/24 06:00:00,2018/02/24 06:00:00,2018/02/24 11:00:00,16.138591816945386,16.138591816945386,15.693502812547896,0.0,0.0,0.0,0.0785967943553618,0.016074097576202317,0.0,0.0017204827198804209,0.348697629746042,0.0,0.0,0.0,0.0,0.0,0.0,0.0,0.0,0.0,0.0,0.0,0.0,0.0,0.0,0.0,0.0,0.0,0.0,0.0,0.0,0.0,0.0,0.0,0.0,0.0,0.05506711698496367,0.05506711698496367
2018/02/24 07:00:00,2018/02/24 07:00:00,2018/02/24 12:00:00,16.72624948255161,16.72624948255161,15.664489902700328,0.0,0.0,0.0,0.18452357674232273,0.03773754390357793,0.0,0.004039218492300221,0.4287982194356071,0.0,0.0,0.0,0.0,0.0,0.0,0.40666102127747633,0.0,0.0,0.0,0.0,0.0,0.0,0.0,0.0,0.0,0.0,0.0,0.0,0.0,0.0,0.0,0.0,0.0,0.0,0.057072286567669786,0.057072286567669786
2018/02/24 08:00:00,2018/02/24 08:00:00,2018/02/24 13:00:00,16.567536933104808,16.567536933104808,14.936338140587523,0.0,0.0,0.0,0.2335098295518684,0.047755888977462434,0.0,0.0051115268753808285,0.4890034116996584,0.0,0.0,0.0,0.0,0.0,0.0,0.8558181354129137,0.0,0.0,0.0,0.0,0.0,0.0,0.0,0.0,0.0,0.0,0.0,0.0,0.0,0.0,0.0,0.0,0.0,0.0,0.056530737303241894,0.056530737303241894
2018/02/24 09:00:00,2018/02/24 09:00:00,2018/02/24 14:00:00,15.714892499255404,15.714892499255404,13.70281350835775,0.0,0.0,0.0,0.24695335769390644,0.05050527061440958,0.0,0.005405805516797518,0.3903936862416873,0.0,0.0,0.0,0.0,0.0,0.0,1.3188208708308526,0.0,0.0,0.0,0.0,0.0,0.0,0.0,0.0,0.0,0.0,0.0,0.0,0.0,0.0,0.0,0.0,0.0,0.0,0.05362139605972253,0.05362139605972253
2018/02/24 10:00:00,2018/02/24 10:00:00,2018/02/24 15:00:00,13.541269513338877,13.541269513338877,11.89527463689771,0.0,0.0,0.0,0.25268234700990755,0.0516769256931404,0.0,0.005531213012120983,0.30395066439111834,0.0,0.0,0.0,0.0,0.0,0.0,1.0321537263348808,0.0,0.0,0.0,0.0,0.0,0.0,0.0,0.0,0.0,0.0,0.0,0.0,0.0,0.0,0.0,0.0,0.0,0.0,0.046204692508115715,0.046204692508115715
2018/02/24 11:00:00,2018/02/24 11:00:00,2018/02/24 16:00:00,11.472421488546393,11.472421488546393,10.869047544508348,0.0,0.0,0.0,0.24574672449634635,0.05025849795764481,0.0,0.00537939233312173,0.30198932925093275,0.0,0.0,0.0,0.0,0.0,0.0,0.0,0.0,0.0,0.0,0.0,0.0,0.0,0.0,0.0,0.0,0.0,0.0,0.0,0.0,0.0,0.0,0.0,0.0,0.0,0.03914549567746424,0.03914549567746424
2018/02/24 12:00:00,2018/02/24 12:00:00,2018/02/24 17:00:00,11.086302246062797,11.086302246062797,10.474587925132367,0.0,0.0,0.0,0.23613760755858612,0.04829330478983772,0.0,0.00516904889888472,0.3221143596831222,0.0,0.0,0.0,0.0,0.0,0.0,0.0,0.0,0.0,0.0,0.0,0.0,0.0,0.0,0.0,0.0,0.0,0.0,0.0,0.0,0.0,0.0,0.0,0.0,0.0,0.03782800318882813,0.03782800318882813
2018/02/24 13:00:00,2018/02/24 13:00:00,2018/02/24 18:00:00,10.524783411992754,10.524783411992754,9.91701748425277,0.0,0.0,0.0,0.2292019850450249,0.046874877054342116,0.0,0.005017228219885468,0.3266718374207314,0.0,0.0,0.0,0.0,0.0,0.0,0.0,0.0,0.0,0.0,0.0,0.0,0.0,0.0,0.0,0.0,0.0,0.0,0.0,0.0,0.0,0.0,0.0,0.0,0.0,0.03591202293009648,0.03591202293009648
2018/02/24 14:00:00,2018/02/24 14:00:00,2018/02/24 19:00:00,10.691185172810403,10.691185172810403,9.000465933518957,0.0,0.0,0.0,0.22716107639764072,0.04645748388950332,0.0,0.004972552758379963,0.3427042985400315,0.0,0.0,0.0,0.0,0.0,0.0,1.0694238277058938,0.0,0.0,0.0,0.0,0.0,0.0,0.0,0.0,0.0,0.0,0.0,0.0,0.0,0.0,0.0,0.0,0.0,0.0,0.03647980885177945,0.03647980885177945
2018/02/24 15:00:00,2018/02/24 15:00:00,2018/02/24 20:00:00,9.57942740220052,9.57942740220052,8.231927629303494,0.0,0.0,0.0,0.22765844421516418,0.04655920227249472,0.0,0.0049834401328904925,0.3835891668616478,0.0,0.0,0.0,0.0,0.0,0.0,0.6847095194148297,0.0,0.0,0.0,0.0,0.0,0.0,0.0,0.0,0.0,0.0,0.0,0.0,0.0,0.0,0.0,0.0,0.0,0.0,0.03268633691150551,0.03268633691150551
2018/02/24 16:00:00,2018/02/24 16:00:00,2018/02/24 21:00:00,8.380507908136385,8.380507908136385,7.723660797753135,0.0,0.0,0.0,0.23296903579431874,0.047645289407864826,0.0,0.005099688907655623,0.3711330962734106,0.0,0.0,0.0,0.0,0.0,0.0,0.0,0.0,0.0,0.0,0.0,0.0,0.0,0.0,0.0,0.0,0.0,0.0,0.0,0.0,0.0,0.0,0.0,0.0,0.0,0.02859545706374447,0.02859545706374447
2018/02/24 17:00:00,2018/02/24 17:00:00,2018/02/24 22:00:00,8.532767152566034,8.532767152566034,7.718497051918597,0.0,0.0,0.0,0.2535585717390738,0.051856125390924754,0.0,0.005550393559083833,0.5033050099583555,0.0,0.0,0.0,0.0,0.0,0.0,0.0,0.0,0.0,0.0,0.0,0.0,0.0,0.0,0.0,0.0,0.0,0.0,0.0,0.0,0.0,0.0,0.0,0.0,0.0,0.02911498675506772,0.02911498675506772
2018/02/24 18:00:00,2018/02/24 18:00:00,2018/02/24 23:00:00,9.485603181498515,9.485603181498515,8.397954520646191,0.0,0.0,0.0,0.3091682871252569,0.06322905731052494,0.0,0.00676768944454725,0.7084836269719927,0.0,0.0,0.0,0.0,0.0,0.0,0.0,0.0,0.0,0.0,0.0,0.0,0.0,0.0,0.0,0.0,0.0,0.0,0.0,0.0,0.0,0.0,0.0,0.0,0.0,0.03236619563796543,0.03236619563796543
2018/02/24 19:00:00,2018/02/24 19:00:00,2018/02/25 00:00:00,11.765260462040759,11.765260462040759,9.220081383541176,0.0,0.0,0.0,0.40445419458869136,0.08271630213732041,0.0,0.008853496614973921,0.7425127055564619,0.0,0.0,0.0,0.0,0.0,0.0,1.3066423796021367,0.0,0.0,0.0,0.0,0.0,0.0,0.0,0.0,0.0,0.0,0.0,0.0,0.0,0.0,0.0,0.0,0.0,0.0,0.040144702931361013,0.040144702931361013
2018/02/24 20:00:00,2018/02/24 20:00:00,2018/02/25 01:00:00,13.306261839001639,13.306261839001639,10.279067416014199,0.0,0.0,0.0,0.4947498518220883,0.10118297392694314,0.0,0.010830067278249408,1.1016106591293082,0.0,0.0,0.0,0.0,0.0,0.0,1.3188208708308526,0.0,0.0,0.0,0.0,0.0,0.0,0.0,0.0,0.0,0.0,0.0,0.0,0.0,0.0,0.0,0.0,0.0,0.0,0.04540281367990812,0.04540281367990812
2018/02/24 21:00:00,2018/02/24 21:00:00,2018/02/25 02:00:00,13.879662134840764,13.879662134840764,11.254867602019402,0.0,0.0,0.0,0.5093280083111753,0.10416440226392144,0.0,0.011149182918179776,0.6813320684972306,0.0,0.0,0.0,0.0,0.0,0.0,1.3188208708308526,0.0,0.0,0.0,0.0,0.0,0.0,0.0,0.0,0.0,0.0,0.0,0.0,0.0,0.0,0.0,0.0,0.0,0.0,0.047359335136571507,0.047359335136571507
2018/02/24 22:00:00,2018/02/24 22:00:00,2018/02/25 03:00:00,13.141337767162979,13.141337767162979,11.825178839942629,0.0,0.0,0.0,0.43505295522220544,0.08897415868437193,0.0,0.009523303053665229,0.6489806004834796,0.0,0.0,0.0,0.0,0.0,0.0,0.13362790977662742,0.0,0.0,0.0,0.0,0.0,0.0,0.0,0.0,0.0,0.0,0.0,0.0,0.0,0.0,0.0,0.0,0.0,0.0,0.04484006983827751,0.04484006983827751
2018/02/24 23:00:00,2018/02/24 23:00:00,2018/02/25 04:00:00,13.174137401828823,13.174137401828823,12.297397414581933,0.0,0.0,0.0,0.2648042903299012,0.05415602552586124,0.0,0.005796562180423241,0.5519831092107013,0.0,0.0,0.0,0.0,0.0,0.0,0.0,0.0,0.0,0.0,0.0,0.0,0.0,0.0,0.0,0.0,0.0,0.0,0.0,0.0,0.0,0.0,0.0,0.0,0.0,0.0449519867477387,0.0449519867477387
2018/02/25 00:00:00,2018/02/25 00:00:00,2018/02/25 05:00:00,13.20452030199128,13.20452030199128,12.575913857376506,0.0,0.0,0.0,0.13094360677997474,0.026779722120023,0.0,0.002866353705536267,0.46801676200923903,0.0,0.0,0.0,0.0,0.0,0.0,0.0,0.0,0.0,0.0,0.0,0.0,0.0,0.0,0.0,0.0,0.0,0.0,0.0,0.0,0.0,0.0,0.0,0.0,0.0,0.045055657423381655,0.045055657423381655
2018/02/25 01:00:00,2018/02/25 01:00:00,2018/02/25 06:00:00,13.732559068261665,13.732559068261665,13.24820422809654,0.0,0.0,0.0,0.06501908921459039,0.013297274945155983,0.0,0.0014232669458539432,0.40461520905952564,0.0,0.0,0.0,0.0,0.0,0.0,0.0,0.0,0.0,0.0,0.0,0.0,0.0,0.0,0.0,0.0,0.0,0.0,0.0,0.0,0.0,0.0,0.0,0.0,0.0,0.04685739904028505,0.04685739904028505
2018/02/25 02:00:00,2018/02/25 02:00:00,2018/02/25 07:00:00,13.659900060437511,13.659900060437511,13.227930547771656,0.0,0.0,0.0,0.03901145352875434,0.00797836496709361,0.0,0.0008539601675123682,0.38412573400249667,0.0,0.0,0.0,0.0,0.0,0.0,0.0,0.0,0.0,0.0,0.0,0.0,0.0,0.0,0.0,0.0,0.0,0.0,0.0,0.0,0.0,0.0,0.0,0.0,0.0,0.046609476413004586,0.046609476413004586
2018/02/25 03:00:00,2018/02/25 03:00:00,2018/02/25 08:00:00,12.887012956487288,12.887012956487288,12.501588812523314,0.0,0.0,0.0,0.026007635685836212,0.005318909978062404,0.0,0.0005693067783415784,0.35352829152173204,0.0,0.0,0.0,0.0,0.0,0.0,0.0,0.0,0.0,0.0,0.0,0.0,0.0,0.0,0.0,0.0,0.0,0.0,0.0,0.0,0.0,0.0,0.0,0.0,0.0,0.04397227825766687,0.04397227825766687
2018/02/25 04:00:00,2018/02/25 04:00:00,2018/02/25 09:00:00,12.73197521536049,12.73197521536049,12.360779573943988,0.0,0.0,0.0,0.026007635685836212,0.005318909978062404,0.0,0.0005693067783415784,0.3392997889742633,0.0,0.0,0.0,0.0,0.0,0.0,0.0,0.0,0.0,0.0,0.0,0.0,0.0,0.0,0.0,0.0,0.0,0.0,0.0,0.0,0.0,0.0,0.0,0.0,0.0,0.04344326794967027,0.04344326794967027
2018/02/25 05:00:00,2018/02/25 05:00:00,2018/02/25 10:00:00,12.930656666978456,12.930656666978456,12.250979208970502,0.0,0.0,0.0,0.028765918804645314,0.005883015834518425,0.0,0.0006296855569084576,0.3183074968724766,0.0,0.0,0.0,0.0,0.0,0.0,0.32609134093940806,0.0,0.0,0.0,0.0,0.0,0.0,0.0,0.0,0.0,0.0,0.0,0.0,0.0,0.0,0.0,0.0,0.0,0.0,0.04412119666012325,0.04412119666012325
2018/02/25 06:00:00,2018/02/25 06:00:00,2018/02/25 11:00:00,12.615168577431893,12.615168577431893,12.089671183602915,0.0,0.0,0.0,0.0785967943553618,0.016074097576202317,0.0,0.0017204827198804209,0.348697629746042,0.0,0.0,0.0,0.0,0.0,0.0,0.08040838943149033,0.0,0.0,0.0,0.0,0.0,0.0,0.0,0.0,0.0,0.0,0.0,0.0,0.0,0.0,0.0,0.0,0.0,0.0,0.043044707476216776,0.043044707476216776
2018/02/25 07:00:00,2018/02/25 07:00:00,2018/02/25 12:00:00,12.752075367902059,12.752075367902059,11.81518229661489,0.0,0.0,0.0,0.18452357674232273,0.03773754390357793,0.0,0.004039218492300221,0.4287982194356071,0.0,0.0,0.0,0.0,0.0,0.0,0.281794512713363,0.0,0.0,0.0,0.0,0.0,0.0,0.0,0.0,0.0,0.0,0.0,0.0,0.0,0.0,0.0,0.0,0.0,0.0,0.043511852462121955,0.043511852462121955
2018/02/25 08:00:00,2018/02/25 08:00:00,2018/02/25 13:00:00,13.215577212796314,13.215577212796314,11.121375684861091,0.0,0.0,0.0,0.2335098295518684,0.047755888977462434,0.0,0.0051115268753808285,0.4890034116996584,0.0,0.0,0.0,0.0,0.0,0.0,1.3188208708308526,0.0,0.0,0.0,0.0,0.0,0.0,0.0,0.0,0.0,0.0,0.0,0.0,0.0,0.0,0.0,0.0,0.0,0.0,0.04509338513889112,0.04509338513889112
2018/02/25 09:00:00,2018/02/25 09:00:00,2018/02/25 14:00:00,13.710077138330144,13.710077138330144,11.69799814743249,0.0,0.0,0.0,0.24695335769390644,0.05050527061440958,0.0,0.005405805516797518,0.3903936862416873,0.0,0.0,0.0,0.0,0.0,0.0,1.3188208708308526,0.0,0.0,0.0,0.0,0.0,0.0,0.0,0.0,0.0,0.0,0.0,0.0,0.0,0.0,0.0,0.0,0.0,0.0,0.046780687572541814,0.046780687572541814
2018/02/25 10:00:00,2018/02/25 10:00:00,2018/02/25 15:00:00,13.557889737512612,13.557889737512612,11.625227716575473,0.0,0.0,0.0,0.25268234700990755,0.0516769256931404,0.0,0.005531213012120983,0.30395066439111834,0.0,0.0,0.0,0.0,0.0,0.0,1.3188208708308526,0.0,0.0,0.0,0.0,0.0,0.0,0.0,0.0,0.0,0.0,0.0,0.0,0.0,0.0,0.0,0.0,0.0,0.0,0.04626140302160243,0.04626140302160243
2018/02/25 11:00:00,2018/02/25 11:00:00,2018/02/25 16:00:00,13.014233639015206,13.014233639015206,11.05770178047814,0.0,0.0,0.0,0.24574672449634635,0.05025849795764481,0.0,0.00537939233312173,0.3363263729191,0.0,0.0,0.0,0.0,0.0,0.0,1.3188208708308526,0.0,0.0,0.0,0.0,0.0,0.0,0.0,0.0,0.0,0.0,0.0,0.0,0.0,0.0,0.0,0.0,0.0,0.0,0.04440637289783962,0.04440637289783962
2018/02/25 12:00:00,2018/02/25 12:00:00,2018/02/25 17:00:00,12.17299327789376,12.17299327789376,10.250835620533463,0.0,0.0,0.0,0.23613760755858612,0.04829330478983772,0.0,0.00516904889888472,1.096176673441424,0.0,0.0,0.0,0.0,0.0,0.0,0.536381022671565,0.0,0.0,0.0,0.0,0.0,0.0,0.0,0.0,0.0,0.0,0.0,0.0,0.0,0.0,0.0,0.0,0.0,0.0,0.04153594393453273,0.04153594393453273
2018/02/25 13:00:00,2018/02/25 13:00:00,2018/02/25 18:00:00,10.293635052296453,10.293635052296453,9.68586912455647,0.0,0.0,0.0,0.2292019850450249,0.046874877054342116,0.0,0.005017228219885468,0.3266718374207314,0.0,0.0,0.0,0.0,0.0,0.0,0.0,0.0,0.0,0.0,0.0,0.0,0.0,0.0,0.0,0.0,0.0,0.0,0.0,0.0,0.0,0.0,0.0,0.0,0.0,0.03512331261951575,0.03512331261951575
2018/02/25 14:00:00,2018/02/25 14:00:00,2018/02/25 19:00:00,10.026073991175311,10.026073991175311,8.940578701827953,0.0,0.0,0.0,0.22716107639764072,0.04645748388950332,0.0,0.004972552758379963,0.3427042985400315,0.0,0.0,0.0,0.0,0.0,0.0,0.4641998777618015,0.0,0.0,0.0,0.0,0.0,0.0,0.0,0.0,0.0,0.0,0.0,0.0,0.0,0.0,0.0,0.0,0.0,0.0,0.034210357113824814,0.034210357113824814
2018/02/25 15:00:00,2018/02/25 15:00:00,2018/02/25 20:00:00,9.392278367324487,9.392278367324487,8.729488113842288,0.0,0.0,0.0,0.22765844421516418,0.04655920227249472,0.0,0.0049834401328904925,0.3835891668616478,0.0,0.0,0.0,0.0,0.0,0.0,0.0,0.0,0.0,0.0,0.0,0.0,0.0,0.0,0.0,0.0,0.0,0.0,0.0,0.0,0.0,0.0,0.0,0.0,0.0,0.03204775840886809,0.03204775840886809
2018/02/25 16:00:00,2018/02/25 16:00:00,2018/02/25 21:00:00,9.097192847978697,9.097192847978697,8.409899526721905,0.0,0.0,0.0,0.23296903579431874,0.047645289407864826,0.0,0.005099688907655623,0.40157930714695184,0.0,0.0,0.0,0.0,0.0,0.0,0.0,0.0,0.0,0.0,0.0,0.0,0.0,0.0,0.0,0.0,0.0,0.0,0.0,0.0,0.0,0.0,0.0,0.0,0.0,0.031040885628473357,0.031040885628473357
2018/02/25 17:00:00,2018/02/25 17:00:00,2018/02/25 22:00:00,9.616386313630102,9.616386313630102,8.115765207878665,0.0,0.0,0.0,0.2535585717390738,0.051856125390924754,0.0,0.005550393559083833,1.1896560150623554,0.0,0.0,0.0,0.0,0.0,0.0,0.0,0.0,0.0,0.0,0.0,0.0,0.0,0.0,0.0,0.0,0.0,0.0,0.0,0.0,0.0,0.0,0.0,0.0,0.0,0.03281244585102232,0.03281244585102232
2018/02/25 18:00:00,2018/02/25 18:00:00,2018/02/25 23:00:00,9.200244950186173,9.200244950186173,8.112596289333851,0.0,0.0,0.0,0.3091682871252569,0.06322905731052494,0.0,0.00676768944454725,0.7084836269719927,0.0,0.0,0.0,0.0,0.0,0.0,0.0,0.0,0.0,0.0,0.0,0.0,0.0,0.0,0.0,0.0,0.0,0.0,0.0,0.0,0.0,0.0,0.0,0.0,0.0,0.031392513715494376,0.031392513715494376
2018/02/25 19:00:00,2018/02/25 19:00:00,2018/02/26 00:00:00,9.938056299817571,9.938056299817571,7.871639798062785,0.0,0.0,0.0,0.40445419458869136,0.08271630213732041,0.0,0.008853496614973921,0.7425127055564619,0.0,0.0,0.0,0.0,0.0,0.0,0.8278798028573394,0.0,0.0,0.0,0.0,0.0,0.0,0.0,0.0,0.0,0.0,0.0,0.0,0.0,0.0,0.0,0.0,0.0,0.0,0.03391002852495414,0.03391002852495414
2018/02/25 20:00:00,2018/02/25 20:00:00,2018/02/26 01:00:00,9.643076850675278,9.643076850675278,7.900108025090898,0.0,0.0,0.0,0.4947498518220883,0.10118297392694314,0.0,0.010830067278249408,0.6873859729503065,0.0,0.0,0.0,0.0,0.0,0.0,0.44881995960679477,0.0,0.0,0.0,0.0,0.0,0.0,0.0,0.0,0.0,0.0,0.0,0.0,0.0,0.0,0.0,0.0,0.0,0.0,0.03290351767082726,0.03290351767082726
2018/02/25 21:00:00,2018/02/25 21:00:00,2018/02/26 02:00:00,9.023972196798772,9.023972196798772,7.679706875935316,0.0,0.0,0.0,0.5093280083111753,0.10416440226392144,0.0,0.011149182918179776,0.7196237273701791,0.0,0.0,0.0,0.0,0.0,0.0,0.0,0.0,0.0,0.0,0.0,0.0,0.0,0.0,0.0,0.0,0.0,0.0,0.0,0.0,0.0,0.0,0.0,0.0,0.0,0.03079104659604882,0.03079104659604882
2018/02/25 22:00:00,2018/02/25 22:00:00,2018/02/26 03:00:00,10.1014727270155,10.1014727270155,7.649407737949931,0.0,0.0,0.0,0.43505295522220544,0.08897415868437193,0.0,0.009523303053665229,1.5121920741117894,0.0,0.0,0.0,0.0,0.0,0.0,0.40632249799353776,0.0,0.0,0.0,0.0,0.0,0.0,0.0,0.0,0.0,0.0,0.0,0.0,0.0,0.0,0.0,0.0,0.0,0.0,0.03446762807365357,0.03446762807365357
2018/02/25 23:00:00,2018/02/25 23:00:00,2018/02/26 04:00:00,9.492620600347669,9.492620600347669,8.075383979266801,0.0,0.0,0.0,0.2648042903299012,0.05415602552586124,0.0,0.005796562180423241,0.5519831092107013,0.0,0.0,0.0,0.0,0.0,0.0,0.5404966338339813,0.0,0.0,0.0,0.0,0.0,0.0,0.0,0.0,0.0,0.0,0.0,0.0,0.0,0.0,0.0,0.0,0.0,0.0,0.0323901400458222,0.0323901400458222
2018/02/26 00:00:00,2018/02/26 00:00:00,2018/02/26 05:00:00,9.515217225271082,9.515217225271082,8.474204169807445,0.0,0.0,0.0,0.13094360677997474,0.026779722120023,0.0,0.002866353705536267,0.46801676200923903,0.0,0.0,0.0,0.0,0.0,0.0,0.412406610848864,0.0,0.0,0.0,0.0,0.0,0.0,0.0,0.0,0.0,0.0,0.0,0.0,0.0,0.0,0.0,0.0,0.0,0.0,0.032467242868809296,0.032467242868809296
2018/02/26 01:00:00,2018/02/26 01:00:00,2018/02/26 06:00:00,10.046160584987478,10.046160584987478,9.080058394003675,0.0,0.0,0.0,0.06501908921459039,0.013297274945155983,0.0,0.0014232669458539432,0.40461520905952564,0.0,0.0,0.0,0.0,0.0,0.0,0.48174735081867837,0.0,0.0,0.0,0.0,0.0,0.0,0.0,0.0,0.0,0.0,0.0,0.0,0.0,0.0,0.0,0.0,0.0,0.0,0.03427889536200844,0.03427889536200844
2018/02/26 02:00:00,2018/02/26 02:00:00,2018/02/26 07:00:00,9.631209723926476,9.631209723926476,9.199240211260621,0.0,0.0,0.0,0.03901145352875434,0.00797836496709361,0.0,0.0008539601675123682,0.38412573400249667,0.0,0.0,0.0,0.0,0.0,0.0,0.0,0.0,0.0,0.0,0.0,0.0,0.0,0.0,0.0,0.0,0.0,0.0,0.0,0.0,0.0,0.0,0.0,0.0,0.0,0.03286302538597589,0.03286302538597589
2018/02/26 03:00:00,2018/02/26 03:00:00,2018/02/26 08:00:00,9.18907013837573,9.18907013837573,8.803645994411758,0.0,0.0,0.0,0.026007635685836212,0.005318909978062404,0.0,0.0005693067783415784,0.35352829152173204,0.0,0.0,0.0,0.0,0.0,0.0,0.0,0.0,0.0,0.0,0.0,0.0,0.0,0.0,0.0,0.0,0.0,0.0,0.0,0.0,0.0,0.0,0.0,0.0,0.0,0.0313543837053776,0.0313543837053776
2018/02/26 04:00:00,2018/02/26 04:00:00,2018/02/26 09:00:00,9.190026901099174,9.190026901099174,8.81883125968267,0.0,0.0,0.0,0.026007635685836212,0.005318909978062404,0.0,0.0005693067783415784,0.3392997889742633,0.0,0.0,0.0,0.0,0.0,0.0,0.0,0.0,0.0,0.0,0.0,0.0,0.0,0.0,0.0,0.0,0.0,0.0,0.0,0.0,0.0,0.0,0.0,0.0,0.0,0.0313576483126876,0.0313576483126876
2018/02/26 05:00:00,2018/02/26 05:00:00,2018/02/26 10:00:00,9.275604163792892,9.275604163792892,8.922018046724345,0.0,0.0,0.0,0.028765918804645314,0.005883015834518425,0.0,0.0006296855569084576,0.3183074968724766,0.0,0.0,0.0,0.0,0.0,0.0,0.0,0.0,0.0,0.0,0.0,0.0,0.0,0.0,0.0,0.0,0.0,0.0,0.0,0.0,0.0,0.0,0.0,0.0,0.0,0.03164964981997276,0.03164964981997276
2018/02/26 06:00:00,2018/02/26 06:00:00,2018/02/26 11:00:00,9.356172967997766,9.356172967997766,8.911083963600278,0.0,0.0,0.0,0.0785967943553618,0.016074097576202317,0.0,0.0017204827198804209,0.348697629746042,0.0,0.0,0.0,0.0,0.0,0.0,0.0,0.0,0.0,0.0,0.0,0.0,0.0,0.0,0.0,0.0,0.0,0.0,0.0,0.0,0.0,0.0,0.0,0.0,0.0,0.03192456177120198,0.03192456177120198
2018/02/26 07:00:00,2018/02/26 07:00:00,2018/02/26 12:00:00,9.457609824327724,9.457609824327724,8.802511265753918,0.0,0.0,0.0,0.18452357674232273,0.03773754390357793,0.0,0.004039218492300221,0.4287982194356071,0.0,0.0,0.0,0.0,0.0,0.0,0.0,0.0,0.0,0.0,0.0,0.0,0.0,0.0,0.0,0.0,0.0,0.0,0.0,0.0,0.0,0.0,0.0,0.0,0.0,0.03227067841492573,0.03227067841492573
2018/02/26 08:00:00,2018/02/26 08:00:00,2018/02/26 13:00:00,9.990191108903584,9.990191108903584,8.65766247815424,0.0,0.0,0.0,0.2335098295518684,0.047755888977462434,0.0,0.0051115268753808285,0.4890034116996584,0.0,0.0,0.0,0.0,0.0,0.0,0.5571479736449747,0.0,0.0,0.0,0.0,0.0,0.0,0.0,0.0,0.0,0.0,0.0,0.0,0.0,0.0,0.0,0.0,0.0,0.0,0.03408791973525873,0.03408791973525873
2018/02/26 09:00:00,2018/02/26 09:00:00,2018/02/26 14:00:00,10.088660286731864,10.088660286731864,8.22378516247668,0.0,0.0,0.0,0.24695335769390644,0.05050527061440958,0.0,0.005405805516797518,0.4635539088674322,0.0,0.0,0.0,0.0,0.0,0.0,1.0984567815626385,0.0,0.0,0.0,0.0,0.0,0.0,0.0,0.0,0.0,0.0,0.0,0.0,0.0,0.0,0.0,0.0,0.0,0.0,0.034423910247714073,0.034423910247714073
2018/02/26 10:00:00,2018/02/26 10:00:00,2018/02/26 15:00:00,12.14278289139004,12.14278289139004,8.544578791108469,0.0,0.0,0.0,0.25268234700990755,0.0516769256931404,0.0,0.005531213012120983,1.9694927437355487,0.0,0.0,0.0,0.0,0.0,0.0,1.3188208708308526,0.0,0.0,0.0,0.0,0.0,0.0,0.0,0.0,0.0,0.0,0.0,0.0,0.0,0.0,0.0,0.0,0.0,0.0,0.04143286189945612,0.04143286189945612
2018/02/26 11:00:00,2018/02/26 11:00:00,2018/02/26 16:00:00,10.819451659405802,10.819451659405802,8.527139344559293,0.0,0.0,0.0,0.24574672449634635,0.05025849795764481,0.0,0.00537939233312173,0.6721068292285423,0.0,0.0,0.0,0.0,0.0,0.0,1.3188208708308526,0.0,0.0,0.0,0.0,0.0,0.0,0.0,0.0,0.0,0.0,0.0,0.0,0.0,0.0,0.0,0.0,0.0,0.0,0.03691747192069619,0.03691747192069619
2018/02/26 12:00:00,2018/02/26 12:00:00,2018/02/26 17:00:00,10.41438293881513,10.41438293881513,8.379644585274622,0.0,0.0,0.0,0.23613760755858612,0.04829330478983772,0.0,0.00516904889888472,0.4263175214623451,0.0,0.0,0.0,0.0,0.0,0.0,1.3188208708308526,0.0,0.0,0.0,0.0,0.0,0.0,0.0,0.0,0.0,0.0,0.0,0.0,0.0,0.0,0.0,0.0,0.0,0.0,0.035535321180611486,0.035535321180611486
2018/02/26 13:00:00,2018/02/26 13:00:00,2018/02/26 18:00:00,10.703691301307884,10.703691301307884,7.9407329184685915,0.0,0.0,0.0,0.2292019850450249,0.046874877054342116,0.0,0.005017228219885468,1.1630434216891885,0.0,0.0,0.0,0.0,0.0,0.0,1.3188208708308526,0.0,0.0,0.0,0.0,0.0,0.0,0.0,0.0,0.0,0.0,0.0,0.0,0.0,0.0,0.0,0.0,0.0,0.0,0.03652248149935683,0.03652248149935683
2018/02/26 14:00:00,2018/02/26 14:00:00,2018/02/26 19:00:00,8.986895362520954,8.986895362520954,7.536065769632377,0.0,0.0,0.0,0.22716107639764072,0.04645748388950332,0.0,0.004972552758379963,0.3427042985400315,0.0,0.0,0.0,0.0,0.0,0.0,0.8295341813030233,0.0,0.0,0.0,0.0,0.0,0.0,0.0,0.0,0.0,0.0,0.0,0.0,0.0,0.0,0.0,0.0,0.0,0.0,0.03066453528739395,0.03066453528739395
2018/02/26 15:00:00,2018/02/26 15:00:00,2018/02/26 20:00:00,7.921921796651005,7.921921796651005,7.259131543168807,0.0,0.0,0.0,0.22765844421516418,0.04655920227249472,0.0,0.0049834401328904925,0.3835891668616478,0.0,0.0,0.0,0.0,0.0,0.0,0.0,0.0,0.0,0.0,0.0,0.0,0.0,0.0,0.0,0.0,0.0,0.0,0.0,0.0,0.0,0.0,0.0,0.0,0.0,0.027030697552178556,0.027030697552178556
2018/02/26 16:00:00,2018/02/26 16:00:00,2018/02/26 21:00:00,8.481465541813908,8.481465541813908,7.37575884362804,0.0,0.0,0.0,0.23296903579431874,0.047645289407864826,0.0,0.005099688907655623,0.3711330962734106,0.0,0.0,0.0,0.0,0.0,0.0,0.4488595878026173,0.0,0.0,0.0,0.0,0.0,0.0,0.0,0.0,0.0,0.0,0.0,0.0,0.0,0.0,0.0,0.0,0.0,0.0,0.02893993853321244,0.02893993853321244
2018/02/26 17:00:00,2018/02/26 17:00:00,2018/02/26 22:00:00,8.22760364457859,8.22760364457859,7.413333543931151,0.0,0.0,0.0,0.2535585717390738,0.051856125390924754,0.0,0.005550393559083833,0.5033050099583555,0.0,0.0,0.0,0.0,0.0,0.0,0.0,0.0,0.0,0.0,0.0,0.0,0.0,0.0,0.0,0.0,0.0,0.0,0.0,0.0,0.0,0.0,0.0,0.0,0.0,0.028073726477560613,0.028073726477560613
2018/02/26 18:00:00,2018/02/26 18:00:00,2018/02/26 23:00:00,8.696039572039874,8.696039572039874,7.360996865760296,0.0,0.0,0.0,0.3091682871252569,0.06322905731052494,0.0,0.00676768944454725,0.7084836269719927,0.0,0.0,0.0,0.0,0.0,0.0,0.24739404542725488,0.0,0.0,0.0,0.0,0.0,0.0,0.0,0.0,0.0,0.0,0.0,0.0,0.0,0.0,0.0,0.0,0.0,0.0,0.0296720949294094,0.0296720949294094
2018/02/26 19:00:00,2018/02/26 19:00:00,2018/02/27 00:00:00,9.616340226114028,9.616340226114028,8.177459610471445,0.0,0.0,0.0,0.40445419458869136,0.08271630213732041,0.0,0.008853496614973921,0.7425127055564619,0.0,0.0,0.0,0.0,0.0,0.0,0.2003439167451354,0.0,0.0,0.0,0.0,0.0,0.0,0.0,0.0,0.0,0.0,0.0,0.0,0.0,0.0,0.0,0.0,0.0,0.0,0.03281228859401576,0.03281228859401576
2018/02/26 20:00:00,2018/02/26 20:00:00,2018/02/27 01:00:00,11.438783612905967,11.438783612905967,8.909164829224292,0.0,0.0,0.0,0.4947498518220883,0.10118297392694314,0.0,0.010830067278249408,0.6873859729503065,0.0,0.0,0.0,0.0,0.0,0.0,1.2354699177040873,0.0,0.0,0.0,0.0,0.0,0.0,0.0,0.0,0.0,0.0,0.0,0.0,0.0,0.0,0.0,0.0,0.0,0.0,0.039030718573363245,0.039030718573363245
2018/02/26 21:00:00,2018/02/26 21:00:00,2018/02/27 02:00:00,11.468687091733008,11.468687091733008,9.47221936497221,0.0,0.0,0.0,0.5093280083111753,0.10416440226392144,0.0,0.011149182918179776,0.6813320684972306,0.0,0.0,0.0,0.0,0.0,0.0,0.6904940647702899,0.0,0.0,0.0,0.0,0.0,0.0,0.0,0.0,0.0,0.0,0.0,0.0,0.0,0.0,0.0,0.0,0.0,0.0,0.03913275339681649,0.03913275339681649
2018/02/26 22:00:00,2018/02/26 22:00:00,2018/02/27 03:00:00,11.331381252716247,11.331381252716247,9.846977907737623,0.0,0.0,0.0,0.43505295522220544,0.08897415868437193,0.0,0.009523303053665229,0.6489806004834796,0.0,0.0,0.0,0.0,0.0,0.0,0.301872327534901,0.0,0.0,0.0,0.0,0.0,0.0,0.0,0.0,0.0,0.0,0.0,0.0,0.0,0.0,0.0,0.0,0.0,0.0,0.038664246801841114,0.038664246801841114
2018/02/26 23:00:00,2018/02/26 23:00:00,2018/02/27 04:00:00,11.550479617288504,11.550479617288504,10.37218123378252,0.0,0.0,0.0,0.2648042903299012,0.05415602552586124,0.0,0.005796562180423241,0.5519831092107013,0.0,0.0,0.0,0.0,0.0,0.0,0.30155839625909747,0.0,0.0,0.0,0.0,0.0,0.0,0.0,0.0,0.0,0.0,0.0,0.0,0.0,0.0,0.0,0.0,0.0,0.0,0.03941184085527312,0.03941184085527312
2018/02/27 00:00:00,2018/02/27 00:00:00,2018/02/27 05:00:00,11.351191362923155,11.351191362923155,10.72258491830838,0.0,0.0,0.0,0.13094360677997474,0.026779722120023,0.0,0.002866353705536267,0.46801676200923903,0.0,0.0,0.0,0.0,0.0,0.0,0.0,0.0,0.0,0.0,0.0,0.0,0.0,0.0,0.0,0.0,0.0,0.0,0.0,0.0,0.0,0.0,0.0,0.0,0.0,0.03873184164955908,0.03873184164955908
2018/02/27 01:00:00,2018/02/27 01:00:00,2018/02/27 06:00:00,11.81984070209806,11.81984070209806,11.335485861932936,0.0,0.0,0.0,0.06501908921459039,0.013297274945155983,0.0,0.0014232669458539432,0.40461520905952564,0.0,0.0,0.0,0.0,0.0,0.0,0.0,0.0,0.0,0.0,0.0,0.0,0.0,0.0,0.0,0.0,0.0,0.0,0.0,0.0,0.0,0.0,0.0,0.0,0.0,0.040330938291818365,0.040330938291818365
2018/02/27 02:00:00,2018/02/27 02:00:00,2018/02/27 07:00:00,11.824594135654491,11.824594135654491,11.392624622988635,0.0,0.0,0.0,0.03901145352875434,0.00797836496709361,0.0,0.0008539601675123682,0.38412573400249667,0.0,0.0,0.0,0.0,0.0,0.0,0.0,0.0,0.0,0.0,0.0,0.0,0.0,0.0,0.0,0.0,0.0,0.0,0.0,0.0,0.0,0.0,0.0,0.0,0.0,0.04034715766738106,0.04034715766738106
2018/02/27 03:00:00,2018/02/27 03:00:00,2018/02/27 08:00:00,11.401831381497473,11.401831381497473,11.016407237533501,0.0,0.0,0.0,0.026007635685836212,0.005318909978062404,0.0,0.0005693067783415784,0.35352829152173204,0.0,0.0,0.0,0.0,0.0,0.0,0.0,0.0,0.0,0.0,0.0,0.0,0.0,0.0,0.0,0.0,0.0,0.0,0.0,0.0,0.0,0.0,0.0,0.0,0.0,0.038904632427006265,0.038904632427006265
2018/02/27 04:00:00,2018/02/27 04:00:00,2018/02/27 09:00:00,11.623749533848402,11.623749533848402,11.2525538924319,0.0,0.0,0.0,0.026007635685836212,0.005318909978062404,0.0,0.0005693067783415784,0.3392997889742633,0.0,0.0,0.0,0.0,0.0,0.0,0.0,0.0,0.0,0.0,0.0,0.0,0.0,0.0,0.0,0.0,0.0,0.0,0.0,0.0,0.0,0.0,0.0,0.0,0.0,0.03966184798801725,0.03966184798801725
2018/02/27 05:00:00,2018/02/27 05:00:00,2018/02/27 10:00:00,12.188834573345993,12.188834573345993,11.39803292079456,0.0,0.0,0.0,0.028765918804645314,0.005883015834518425,0.0,0.0006296855569084576,0.3183074968724766,0.0,0.0,0.0,0.0,0.0,0.0,0.4372155354828862,0.0,0.0,0.0,0.0,0.0,0.0,0.0,0.0,0.0,0.0,0.0,0.0,0.0,0.0,0.0,0.0,0.0,0.0,0.04158999663502581,0.04158999663502581
2018/02/27 06:00:00,2018/02/27 06:00:00,2018/02/27 11:00:00,11.843046227726575,11.843046227726575,11.397957223329087,0.0,0.0,0.0,0.0785967943553618,0.016074097576202317,0.0,0.0017204827198804209,0.348697629746042,0.0,0.0,0.0,0.0,0.0,0.0,0.0,0.0,0.0,0.0,0.0,0.0,0.0,0.0,0.0,0.0,0.0,0.0,0.0,0.0,0.0,0.0,0.0,0.0,0.0,0.040410118768589645,0.040410118768589645
2018/02/27 07:00:00,2018/02/27 07:00:00,2018/02/27 12:00:00,12.150314148453825,12.150314148453825,11.495215589880019,0.0,0.0,0.0,0.18452357674232273,0.03773754390357793,0.0,0.004039218492300221,0.4287982194356071,0.0,0.0,0.0,0.0,0.0,0.0,0.0,0.0,0.0,0.0,0.0,0.0,0.0,0.0,0.0,0.0,0.0,0.0,0.0,0.0,0.0,0.0,0.0,0.0,0.0,0.04145855959467509,0.04145855959467509
2018/02/27 08:00:00,2018/02/27 08:00:00,2018/02/27 13:00:00,12.425440761512267,12.425440761512267,10.860948313416362,0.0,0.0,0.0,0.2335098295518684,0.047755888977462434,0.0,0.0051115268753808285,0.5870607755154171,0.0,0.0,0.0,0.0,0.0,0.0,0.6910544271757765,0.0,0.0,0.0,0.0,0.0,0.0,0.0,0.0,0.0,0.0,0.0,0.0,0.0,0.0,0.0,0.0,0.0,0.0,0.04239732981445711,0.04239732981445711
2018/02/27 09:00:00,2018/02/27 09:00:00,2018/02/27 14:00:00,13.902190438634966,13.902190438634966,9.679597617548936,0.0,0.0,0.0,0.24695335769390644,0.05050527061440958,0.0,0.005405805516797518,2.6009075164300617,0.0,0.0,0.0,0.0,0.0,0.0,1.3188208708308526,0.0,0.0,0.0,0.0,0.0,0.0,0.0,0.0,0.0,0.0,0.0,0.0,0.0,0.0,0.0,0.0,0.0,0.0,0.0474362048383757,0.0474362048383757
2018/02/27 10:00:00,2018/02/27 10:00:00,2018/02/27 15:00:00,11.073105069788612,11.073105069788612,9.140443048851473,0.0,0.0,0.0,0.25268234700990755,0.0516769256931404,0.0,0.005531213012120983,0.30395066439111834,0.0,0.0,0.0,0.0,0.0,0.0,1.3188208708308526,0.0,0.0,0.0,0.0,0.0,0.0,0.0,0.0,0.0,0.0,0.0,0.0,0.0,0.0,0.0,0.0,0.0,0.0,0.03778297259024774,0.03778297259024774
2018/02/27 11:00:00,2018/02/27 11:00:00,2018/02/27 16:00:00,10.327599343164641,10.327599343164641,8.405404528295742,0.0,0.0,0.0,0.24574672449634635,0.05025849795764481,0.0,0.00537939233312173,0.30198932925093275,0.0,0.0,0.0,0.0,0.0,0.0,1.3188208708308526,0.0,0.0,0.0,0.0,0.0,0.0,0.0,0.0,0.0,0.0,0.0,0.0,0.0,0.0,0.0,0.0,0.0,0.0,0.035239203497714054,0.035239203497714054
2018/02/27 12:00:00,2018/02/27 12:00:00,2018/02/27 17:00:00,10.159590745949188,10.159590745949188,8.229055554187905,0.0,0.0,0.0,0.23613760755858612,0.04829330478983772,0.0,0.00516904889888472,0.3221143596831222,0.0,0.0,0.0,0.0,0.0,0.0,1.3188208708308526,0.0,0.0,0.0,0.0,0.0,0.0,0.0,0.0,0.0,0.0,0.0,0.0,0.0,0.0,0.0,0.0,0.0,0.0,0.034665934827046725,0.034665934827046725
2018/02/27 13:00:00,2018/02/27 13:00:00,2018/02/27 18:00:00,10.20406778176678,10.20406778176678,8.29409127375819,0.0,0.0,0.0,0.2292019850450249,0.046874877054342116,0.0,0.005017228219885468,0.3266718374207314,0.0,0.0,0.0,0.0,0.0,0.0,1.3022105802686061,0.0,0.0,0.0,0.0,0.0,0.0,0.0,0.0,0.0,0.0,0.0,0.0,0.0,0.0,0.0,0.0,0.0,0.0,0.03481769665126859,0.03481769665126859
2018/02/27 14:00:00,2018/02/27 14:00:00,2018/02/27 19:00:00,8.661271203425756,8.661271203425756,8.0399757918402,0.0,0.0,0.0,0.22716107639764072,0.04645748388950332,0.0,0.004972552758379963,0.3427042985400315,0.0,0.0,0.0,0.0,0.0,0.0,0.0,0.0,0.0,0.0,0.0,0.0,0.0,0.0,0.0,0.0,0.0,0.0,0.0,0.0,0.0,0.0,0.0,0.0,0.0,0.029553460426252832,0.029553460426252832
2018/02/27 15:00:00,2018/02/27 15:00:00,2018/02/27 20:00:00,8.514977711218448,8.514977711218448,7.8521874577362505,0.0,0.0,0.0,0.22765844421516418,0.04655920227249472,0.0,0.0049834401328904925,0.3835891668616478,0.0,0.0,0.0,0.0,0.0,0.0,0.0,0.0,0.0,0.0,0.0,0.0,0.0,0.0,0.0,0.0,0.0,0.0,0.0,0.0,0.0,0.0,0.0,0.0,0.0,0.02905428671017557,0.02905428671017557
2018/02/27 16:00:00,2018/02/27 16:00:00,2018/02/27 21:00:00,8.57185852092885,8.57185852092885,7.915011410545598,0.0,0.0,0.0,0.23296903579431874,0.047645289407864826,0.0,0.005099688907655623,0.3711330962734106,0.0,0.0,0.0,0.0,0.0,0.0,0.0,0.0,0.0,0.0,0.0,0.0,0.0,0.0,0.0,0.0,0.0,0.0,0.0,0.0,0.0,0.0,0.0,0.0,0.0,0.029248371933846277,0.029248371933846277
2018/02/27 17:00:00,2018/02/27 17:00:00,2018/02/27 22:00:00,8.925616251888403,8.925616251888403,8.111346151240964,0.0,0.0,0.0,0.2535585717390738,0.051856125390924754,0.0,0.005550393559083833,0.5033050099583555,0.0,0.0,0.0,0.0,0.0,0.0,0.0,0.0,0.0,0.0,0.0,0.0,0.0,0.0,0.0,0.0,0.0,0.0,0.0,0.0,0.0,0.0,0.0,0.0,0.0,0.030455442450037833,0.030455442450037833
2018/02/27 18:00:00,2018/02/27 18:00:00,2018/02/27 23:00:00,9.587580663796293,9.587580663796293,8.49993200294397,0.0,0.0,0.0,0.3091682871252569,0.06322905731052494,0.0,0.00676768944454725,0.7084836269719927,0.0,0.0,0.0,0.0,0.0,0.0,0.0,0.0,0.0,0.0,0.0,0.0,0.0,0.0,0.0,0.0,0.0,0.0,0.0,0.0,0.0,0.0,0.0,0.0,0.0,0.03271415697258618,0.03271415697258618
2018/02/27 19:00:00,2018/02/27 19:00:00,2018/02/28 00:00:00,10.396737385969988,10.396737385969988,9.158200687072542,0.0,0.0,0.0,0.40445419458869136,0.08271630213732041,0.0,0.008853496614973921,0.7425127055564619,0.0,0.0,0.0,0.0,0.0,0.0,0.0,0.0,0.0,0.0,0.0,0.0,0.0,0.0,0.0,0.0,0.0,0.0,0.0,0.0,0.0,0.0,0.0,0.0,0.0,0.03547511210327628,0.03547511210327628
2018/02/27 20:00:00,2018/02/27 20:00:00,2018/02/28 01:00:00,12.16522063561316,12.16522063561316,9.277070434106507,0.0,0.0,0.0,0.4947498518220883,0.10118297392694314,0.0,0.010830067278249408,1.0218480272384542,0.0,0.0,0.0,0.0,0.0,0.0,1.2595392812409172,0.0,0.0,0.0,0.0,0.0,0.0,0.0,0.0,0.0,0.0,0.0,0.0,0.0,0.0,0.0,0.0,0.0,0.0,0.04150942259942474,0.04150942259942474
2018/02/27 21:00:00,2018/02/27 21:00:00,2018/02/28 02:00:00,19.649321115036653,19.649321115036653,9.331452776080093,0.0,0.0,0.0,0.5093280083111753,0.10416440226392144,0.0,0.011149182918179776,8.374405874632432,0.0,0.0,0.0,0.0,0.0,0.0,1.3188208708308526,0.0,0.0,0.0,0.0,0.0,0.0,0.0,0.0,0.0,0.0,0.0,0.0,0.0,0.0,0.0,0.0,0.0,0.0,0.06704621300234612,0.06704621300234612
2018/02/27 22:00:00,2018/02/27 22:00:00,2018/02/28 03:00:00,15.492232516249638,15.492232516249638,9.455738205919856,0.0,0.0,0.0,0.43505295522220544,0.08897415868437193,0.0,0.009523303053665229,4.184123022538686,0.0,0.0,0.0,0.0,0.0,0.0,1.3188208708308526,0.0,0.0,0.0,0.0,0.0,0.0,0.0,0.0,0.0,0.0,0.0,0.0,0.0,0.0,0.0,0.0,0.0,0.0,0.052861649269474426,0.052861649269474426
2018/02/27 23:00:00,2018/02/27 23:00:00,2018/02/28 04:00:00,13.608767399690178,13.608767399690178,9.612012946642874,0.0,0.0,0.0,0.2648042903299012,0.05415602552586124,0.0,0.005796562180423241,2.3531767041802643,0.0,0.0,0.0,0.0,0.0,0.0,1.3188208708308526,0.0,0.0,0.0,0.0,0.0,0.0,0.0,0.0,0.0,0.0,0.0,0.0,0.0,0.0,0.0,0.0,0.0,0.0,0.0464350046720334,0.0464350046720334
2018/02/28 00:00:00,2018/02/28 00:00:00,2018/02/28 05:00:00,12.587533214098173,12.587533214098173,10.594245182224196,0.0,0.0,0.0,0.13094360677997474,0.026779722120023,0.0,0.002866353705536267,0.5138774784375879,0.0,0.0,0.0,0.0,0.0,0.0,1.3188208708308526,0.0,0.0,0.0,0.0,0.0,0.0,0.0,0.0,0.0,0.0,0.0,0.0,0.0,0.0,0.0,0.0,0.0,0.0,0.04295041177787572,0.04295041177787572
2018/02/28 01:00:00,2018/02/28 01:00:00,2018/02/28 06:00:00,15.09462164783844,15.09462164783844,12.257604683291236,0.0,0.0,0.0,0.06501908921459039,0.013297274945155983,0.0,0.0014232669458539432,1.4384564626107506,0.0,0.0,0.0,0.0,0.0,0.0,1.3188208708308526,0.0,0.0,0.0,0.0,0.0,0.0,0.0,0.0,0.0,0.0,0.0,0.0,0.0,0.0,0.0,0.0,0.0,0.0,0.05150494575694723,0.05150494575694723
2018/02/28 02:00:00,2018/02/28 02:00:00,2018/02/28 07:00:00,14.278364678483149,14.278364678483149,12.444527375686029,0.0,0.0,0.0,0.03901145352875434,0.00797836496709361,0.0,0.0008539601675123682,0.46717265330290697,0.0,0.0,0.0,0.0,0.0,0.0,1.3188208708308526,0.0,0.0,0.0,0.0,0.0,0.0,0.0,0.0,0.0,0.0,0.0,0.0,0.0,0.0,0.0,0.0,0.0,0.0,0.04871976359662493,0.04871976359662493
2018/02/28 03:00:00,2018/02/28 03:00:00,2018/02/28 08:00:00,14.834353421073796,14.834353421073796,11.18751594841297,0.0,0.0,0.0,0.026007635685836212,0.005318909978062404,0.0,0.0005693067783415784,2.2961207493877303,0.0,0.0,0.0,0.0,0.0,0.0,1.3188208708308526,0.0,0.0,0.0,0.0,0.0,0.0,0.0,0.0,0.0,0.0,0.0,0.0,0.0,0.0,0.0,0.0,0.0,0.0,0.05061687441508028,0.05061687441508028
2018/02/28 04:00:00,2018/02/28 04:00:00,2018/02/28 09:00:00,14.51252850785243,14.51252850785243,11.158945044830004,0.0,0.0,0.0,0.026007635685836212,0.005318909978062404,0.0,0.0005693067783415784,2.002866739749334,0.0,0.0,0.0,0.0,0.0,0.0,1.3188208708308526,0.0,0.0,0.0,0.0,0.0,0.0,0.0,0.0,0.0,0.0,0.0,0.0,0.0,0.0,0.0,0.0,0.0,0.0,0.049518763108588916,0.049518763108588916
2018/02/28 05:00:00,2018/02/28 05:00:00,2018/02/28 10:00:00,13.551759246661558,13.551759246661558,11.048827929235866,0.0,0.0,0.0,0.028765918804645314,0.005883015834518425,0.0,0.0006296855569084576,2.0130977173835554,0.0,0.0,0.0,0.0,0.0,0.0,0.45455497984606413,0.0,0.0,0.0,0.0,0.0,0.0,0.0,0.0,0.0,0.0,0.0,0.0,0.0,0.0,0.0,0.0,0.0,0.0,0.046240484935272504,0.046240484935272504
2018/02/28 06:00:00,2018/02/28 06:00:00,2018/02/28 11:00:00,11.575897406345447,11.575897406345447,11.13080840194796,0.0,0.0,0.0,0.0785967943553618,0.016074097576202317,0.0,0.0017204827198804209,0.348697629746042,0.0,0.0,0.0,0.0,0.0,0.0,0.0,0.0,0.0,0.0,0.0,0.0,0.0,0.0,0.0,0.0,0.0,0.0,0.0,0.0,0.0,0.0,0.0,0.0,0.0,0.03949856988215315,0.03949856988215315
2018/02/28 07:00:00,2018/02/28 07:00:00,2018/02/28 12:00:00,11.730595151473334,11.730595151473334,11.07549659289953,0.0,0.0,0.0,0.18452357674232273,0.03773754390357793,0.0,0.004039218492300221,0.4287982194356071,0.0,0.0,0.0,0.0,0.0,0.0,0.0,0.0,0.0,0.0,0.0,0.0,0.0,0.0,0.0,0.0,0.0,0.0,0.0,0.0,0.0,0.0,0.0,0.0,0.0,0.04002642007657488,0.04002642007657488
2018/02/28 08:00:00,2018/02/28 08:00:00,2018/02/28 13:00:00,11.621452677514823,11.621452677514823,10.846072020410451,0.0,0.0,0.0,0.2335098295518684,0.047755888977462434,0.0,0.0051115268753808285,0.4890034116996584,0.0,0.0,0.0,0.0,0.0,0.0,0.0,0.0,0.0,0.0,0.0,0.0,0.0,0.0,0.0,0.0,0.0,0.0,0.0,0.0,0.0,0.0,0.0,0.0,0.0,0.03965401079516588,0.03965401079516588
2018/02/28 09:00:00,2018/02/28 09:00:00,2018/02/28 14:00:00,10.627619408657356,10.627619408657356,9.934361288590555,0.0,0.0,0.0,0.24695335769390644,0.05050527061440958,0.0,0.005405805516797518,0.3903936862416873,0.0,0.0,0.0,0.0,0.0,0.0,0.0,0.0,0.0,0.0,0.0,0.0,0.0,0.0,0.0,0.0,0.0,0.0,0.0,0.0,0.0,0.0,0.0,0.0,0.0,0.03626291363498742,0.03626291363498742
2018/02/28 10:00:00,2018/02/28 10:00:00,2018/02/28 15:00:00,9.85368390107035,9.85368390107035,9.239842750964062,0.0,0.0,0.0,0.25268234700990755,0.0516769256931404,0.0,0.005531213012120983,0.30395066439111834,0.0,0.0,0.0,0.0,0.0,0.0,0.0,0.0,0.0,0.0,0.0,0.0,0.0,0.0,0.0,0.0,0.0,0.0,0.0,0.0,0.0,0.0,0.0,0.0,0.0,0.033622138180814144,0.033622138180814144
2018/02/28 11:00:00,2018/02/28 11:00:00,2018/02/28 16:00:00,9.375973139449332,9.375973139449332,8.772599195411287,0.0,0.0,0.0,0.24574672449634635,0.05025849795764481,0.0,0.00537939233312173,0.30198932925093275,0.0,0.0,0.0,0.0,0.0,0.0,0.0,0.0,0.0,0.0,0.0,0.0,0.0,0.0,0.0,0.0,0.0,0.0,0.0,0.0,0.0,0.0,0.0,0.0,0.0,0.0319921227065062,0.0319921227065062
2018/02/28 12:00:00,2018/02/28 12:00:00,2018/02/28 17:00:00,9.271146561777895,9.271146561777895,8.221652803840053,0.0,0.0,0.0,0.23613760755858612,0.04829330478983772,0.0,0.00516904889888472,0.3221143596831222,0.0,0.0,0.0,0.0,0.0,0.0,0.4377794370074122,0.0,0.0,0.0,0.0,0.0,0.0,0.0,0.0,0.0,0.0,0.0,0.0,0.0,0.0,0.0,0.0,0.0,0.0,0.03163443986272144,0.03163443986272144
2018/02/28 13:00:00,2018/02/28 13:00:00,2018/02/28 18:00:00,10.146326705474396,10.146326705474396,8.219739906903559,0.0,0.0,0.0,0.2292019850450249,0.046874877054342116,0.0,0.005017228219885468,0.3266718374207314,0.0,0.0,0.0,0.0,0.0,0.0,1.3188208708308526,0.0,0.0,0.0,0.0,0.0,0.0,0.0,0.0,0.0,0.0,0.0,0.0,0.0,0.0,0.0,0.0,0.0,0.0,0.03462067607852619,0.03462067607852619
2018/02/28 14:00:00,2018/02/28 14:00:00,2018/02/28 19:00:00,9.620013892868867,9.620013892868867,7.824771550973785,0.0,0.0,0.0,0.22716107639764072,0.04645748388950332,0.0,0.004972552758379963,0.3427042985400315,0.0,0.0,0.0,0.0,0.0,0.0,1.1739469303095262,0.0,0.0,0.0,0.0,0.0,0.0,0.0,0.0,0.0,0.0,0.0,0.0,0.0,0.0,0.0,0.0,0.0,0.0,0.03282482365526814,0.03282482365526814
2018/02/28 15:00:00,2018/02/28 15:00:00,2018/02/28 20:00:00,8.497639584853154,8.497639584853154,7.834849331370956,0.0,0.0,0.0,0.22765844421516418,0.04655920227249472,0.0,0.0049834401328904925,0.3835891668616478,0.0,0.0,0.0,0.0,0.0,0.0,0.0,0.0,0.0,0.0,0.0,0.0,0.0,0.0,0.0,0.0,0.0,0.0,0.0,0.0,0.0,0.0,0.0,0.0,0.0,0.028995126614692193,0.028995126614692193
2018/02/28 16:00:00,2018/02/28 16:00:00,2018/02/28 21:00:00,8.670008665628393,8.670008665628393,7.92639410112747,0.0,0.0,0.0,0.23296903579431874,0.047645289407864826,0.0,0.005099688907655623,0.4579005503910832,0.0,0.0,0.0,0.0,0.0,0.0,0.0,0.0,0.0,0.0,0.0,0.0,0.0,0.0,0.0,0.0,0.0,0.0,0.0,0.0,0.0,0.0,0.0,0.0,0.0,0.029583273860951585,0.029583273860951585
2018/02/28 17:00:00,2018/02/28 17:00:00,2018/02/28 22:00:00,11.486787829320647,11.486787829320647,7.867577738631783,0.0,0.0,0.0,0.2535585717390738,0.051856125390924754,0.0,0.005550393559083833,2.6087556318812433,0.0,0.0,0.0,0.0,0.0,0.0,0.6994893681185392,0.0,0.0,0.0,0.0,0.0,0.0,0.0,0.0,0.0,0.0,0.0,0.0,0.0,0.0,0.0,0.0,0.0,0.0,0.03919451562771981,0.03919451562771981
2018/02/28 18:00:00,2018/02/28 18:00:00,2018/02/28 23:00:00,12.092097944375768,12.092097944375768,7.495288837414347,0.0,0.0,0.0,0.3091682871252569,0.06322905731052494,0.0,0.00676768944454725,4.077454867235692,0.0,0.0,0.0,0.0,0.0,0.0,0.14018920584540065,0.0,0.0,0.0,0.0,0.0,0.0,0.0,0.0,0.0,0.0,0.0,0.0,0.0,0.0,0.0,0.0,0.0,0.0,0.0412599178199311,0.0412599178199311
2018/02/28 19:00:00,2018/02/28 19:00:00,2018/03/01 00:00:00,9.325019543530278,9.325019543530278,8.08648284463283,0.0,0.0,0.0,0.40445419458869136,0.08271630213732041,0.0,0.008853496614973921,0.7425127055564619,0.0,0.0,0.0,0.0,0.0,0.0,0.0,0.0,0.0,0.0,0.0,0.0,0.0,0.0,0.0,0.0,0.0,0.0,0.0,0.0,0.0,0.0,0.0,0.0,0.0,0.03181826195960181,0.03181826195960181
2018/02/28 20:00:00,2018/02/28 20:00:00,2018/03/01 01:00:00,9.677017327631908,9.677017327631908,8.377595676639661,0.0,0.0,0.0,0.4947498518220883,0.10118297392694314,0.0,0.010830067278249408,0.692658757964968,0.0,0.0,0.0,0.0,0.0,0.0,0.0,0.0,0.0,0.0,0.0,0.0,0.0,0.0,0.0,0.0,0.0,0.0,0.0,0.0,0.0,0.0,0.0,0.0,0.0,0.033019327292651494,0.033019327292651494
2018/02/28 21:00:00,2018/02/28 21:00:00,2018/03/01 02:00:00,10.369014654860573,10.369014654860573,8.944176241208794,0.0,0.0,0.0,0.5093280083111753,0.10416440226392144,0.0,0.011149182918179776,0.8001968201585039,0.0,0.0,0.0,0.0,0.0,0.0,0.0,0.0,0.0,0.0,0.0,0.0,0.0,0.0,0.0,0.0,0.0,0.0,0.0,0.0,0.0,0.0,0.0,0.0,0.0,0.035380518293948886,0.035380518293948886
2018/02/28 22:00:00,2018/02/28 22:00:00,2018/03/01 03:00:00,10.768693900855475,10.768693900855475,9.58616288341175,0.0,0.0,0.0,0.43505295522220544,0.08897415868437193,0.0,0.009523303053665229,0.6489806004834796,0.0,0.0,0.0,0.0,0.0,0.0,0.0,0.0,0.0,0.0,0.0,0.0,0.0,0.0,0.0,0.0,0.0,0.0,0.0,0.0,0.0,0.0,0.0,0.0,0.0,0.03674427939809639,0.03674427939809639
2018/02/28 23:00:00,2018/02/28 23:00:00,2018/03/01 04:00:00,10.874412193873129,10.874412193873129,9.997672206626241,0.0,0.0,0.0,0.2648042903299012,0.05415602552586124,0.0,0.005796562180423241,0.5519831092107013,0.0,0.0,0.0,0.0,0.0,0.0,0.0,0.0,0.0,0.0,0.0,0.0,0.0,0.0,0.0,0.0,0.0,0.0,0.0,0.0,0.0,0.0,0.0,0.0,0.0,0.03710500489850475,0.03710500489850475
2018/03/01 00:00:00,2018/03/01 00:00:00,2018/03/01 05:00:00,10.967643795423719,10.967643795423719,10.339037350808944,0.0,0.0,0.0,0.13094360677997474,0.026779722120023,0.0,0.002866353705536267,0.46801676200923903,0.0,0.0,0.0,0.0,0.0,0.0,0.0,0.0,0.0,0.0,0.0,0.0,0.0,0.0,0.0,0.0,0.0,0.0,0.0,0.0,0.0,0.0,0.0,0.0,0.0,0.03742312407318337,0.03742312407318337
2018/03/01 01:00:00,2018/03/01 01:00:00,2018/03/01 06:00:00,11.894908859074675,11.894908859074675,11.060564960759882,0.0,0.0,0.0,0.06501908921459039,0.013297274945155983,0.0,0.0014232669458539432,0.34837649219674405,0.0,0.0,0.0,0.0,0.0,0.0,0.40622777501244944,0.0,0.0,0.0,0.0,0.0,0.0,0.0,0.0,0.0,0.0,0.0,0.0,0.0,0.0,0.0,0.0,0.0,0.0,0.040587081270646065,0.040587081270646065
2018/03/01 02:00:00,2018/03/01 02:00:00,2018/03/01 07:00:00,11.618459230311668,11.618459230311668,11.237932390617106,0.0,0.0,0.0,0.03901145352875434,0.00797836496709361,0.0,0.0008539601675123682,0.3326830610312019,0.0,0.0,0.0,0.0,0.0,0.0,0.0,0.0,0.0,0.0,0.0,0.0,0.0,0.0,0.0,0.0,0.0,0.0,0.0,0.0,0.0,0.0,0.0,0.0,0.0,0.039643796737508674,0.039643796737508674
2018/03/01 03:00:00,2018/03/01 03:00:00,2018/03/01 08:00:00,11.224304257252646,11.224304257252646,10.890215279964634,0.0,0.0,0.0,0.026007635685836212,0.005318909978062404,0.0,0.0005693067783415784,0.302193124845772,0.0,0.0,0.0,0.0,0.0,0.0,0.0,0.0,0.0,0.0,0.0,0.0,0.0,0.0,0.0,0.0,0.0,0.0,0.0,0.0,0.0,0.0,0.0,0.0,0.0,0.03829888521995878,0.03829888521995878
2018/03/01 04:00:00,2018/03/01 04:00:00,2018/03/01 09:00:00,11.300567081631387,11.300567081631387,10.979325990882618,0.0,0.0,0.0,0.026007635685836212,0.005318909978062404,0.0,0.0005693067783415784,0.28934523830652903,0.0,0.0,0.0,0.0,0.0,0.0,0.0,0.0,0.0,0.0,0.0,0.0,0.0,0.0,0.0,0.0,0.0,0.0,0.0,0.0,0.0,0.0,0.0,0.0,0.0,0.038559104569905925,0.038559104569905925
2018/03/01 05:00:00,2018/03/01 05:00:00,2018/03/01 10:00:00,11.300171059441432,11.300171059441432,10.992676352288921,0.0,0.0,0.0,0.028359609659443317,0.005799920170125916,0.0,0.0006207914554507214,0.27271438586749136,0.0,0.0,0.0,0.0,0.0,0.0,0.0,0.0,0.0,0.0,0.0,0.0,0.0,0.0,0.0,0.0,0.0,0.0,0.0,0.0,0.0,0.0,0.0,0.0,0.0,0.038557753287184963,0.038557753287184963
2018/03/01 06:00:00,2018/03/01 06:00:00,2018/03/01 11:00:00,11.399578040964633,11.399578040964633,11.008269500071249,0.0,0.0,0.0,0.07657075757208723,0.01565974590684433,0.0,0.001676132803270518,0.29740190461118204,0.0,0.0,0.0,0.0,0.0,0.0,0.0,0.0,0.0,0.0,0.0,0.0,0.0,0.0,0.0,0.0,0.0,0.0,0.0,0.0,0.0,0.0,0.0,0.0,0.0,0.03889694371611151,0.03889694371611151
2018/03/01 07:00:00,2018/03/01 07:00:00,2018/03/01 12:00:00,11.659602924209047,11.659602924209047,11.074961525348717,0.0,0.0,0.0,0.1797670016564363,0.03676476056443332,0.0,0.0039350971307586715,0.3641745395086999,0.0,0.0,0.0,0.0,0.0,0.0,0.0,0.0,0.0,0.0,0.0,0.0,0.0,0.0,0.0,0.0,0.0,0.0,0.0,0.0,0.0,0.0,0.0,0.0,0.0,0.03978418473608619,0.03978418473608619
2018/03/01 08:00:00,2018/03/01 08:00:00,2018/03/01 13:00:00,11.70458072624052,11.70458072624052,10.579843119334083,0.0,0.0,0.0,0.22749050639997065,0.04652485673906303,0.0,0.004979763976484562,0.41574031457685573,0.0,0.0,0.0,0.0,0.0,0.0,0.4300021652140625,0.0,0.0,0.0,0.0,0.0,0.0,0.0,0.0,0.0,0.0,0.0,0.0,0.0,0.0,0.0,0.0,0.0,0.0,0.039937655244187964,0.039937655244187964
2018/03/01 09:00:00,2018/03/01 09:00:00,2018/03/01 14:00:00,12.859691003566917,12.859691003566917,10.910657945177594,0.0,0.0,0.0,0.23738819960796062,0.04854906762080994,0.0,0.005196424341206713,0.33907849598849293,0.0,0.0,0.0,0.0,0.0,0.0,1.3188208708308526,0.0,0.0,0.0,0.0,0.0,0.0,0.0,0.0,0.0,0.0,0.0,0.0,0.0,0.0,0.0,0.0,0.0,0.0,0.04387905195918995,0.04387905195918995
2018/03/01 10:00:00,2018/03/01 10:00:00,2018/03/01 15:00:00,12.537322208575894,12.537322208575894,10.653315741507694,0.0,0.0,0.0,0.23977021629156023,0.04903622194961379,0.0,0.005248566652813857,0.2711305913433615,0.0,0.0,0.0,0.0,0.0,0.0,1.3188208708308526,0.0,0.0,0.0,0.0,0.0,0.0,0.0,0.0,0.0,0.0,0.0,0.0,0.0,0.0,0.0,0.0,0.0,0.0,0.04277908485255348,0.04277908485255348
2018/03/01 11:00:00,2018/03/01 11:00:00,2018/03/01 16:00:00,12.01075403959281,12.01075403959281,10.13816112106579,0.0,0.0,0.0,0.2330133774859433,0.04765435787794319,0.0,0.005100659546659875,0.2680036527856186,0.0,0.0,0.0,0.0,0.0,0.0,1.3188208708308526,0.0,0.0,0.0,0.0,0.0,0.0,0.0,0.0,0.0,0.0,0.0,0.0,0.0,0.0,0.0,0.0,0.0,0.0,0.04098236111786534,0.04098236111786534
2018/03/01 12:00:00,2018/03/01 12:00:00,2018/03/01 17:00:00,10.59259102977366,10.59259102977366,9.66260052291643,0.0,0.0,0.0,0.22365196052793865,0.045739822674966235,0.0,0.004895738261486062,0.2852620246662099,0.0,0.0,0.0,0.0,0.0,0.0,0.37044096072662897,0.0,0.0,0.0,0.0,0.0,0.0,0.0,0.0,0.0,0.0,0.0,0.0,0.0,0.0,0.0,0.0,0.0,0.0,0.03614339194067472,0.03614339194067472
2018/03/01 13:00:00,2018/03/01 13:00:00,2018/03/01 18:00:00,9.649046454210428,9.649046454210428,9.091878207050943,0.0,0.0,0.0,0.21689512172232184,0.04435795860329565,0.0,0.00474783115533208,0.2911673356785335,0.0,0.0,0.0,0.0,0.0,0.0,0.0,0.0,0.0,0.0,0.0,0.0,0.0,0.0,0.0,0.0,0.0,0.0,0.0,0.0,0.0,0.0,0.0,0.0,0.0,0.03292388678728751,0.03292388678728751
2018/03/01 14:00:00,2018/03/01 14:00:00,2018/03/01 19:00:00,9.321001237078432,9.321001237078432,8.755476292252403,0.0,0.0,0.0,0.21490682280316895,0.043951324832805984,0.0,0.004704307320035531,0.30196248987002017,0.0,0.0,0.0,0.0,0.0,0.0,0.0,0.0,0.0,0.0,0.0,0.0,0.0,0.0,0.0,0.0,0.0,0.0,0.0,0.0,0.0,0.0,0.0,0.0,0.0,0.031804550939831616,0.031804550939831616
2018/03/01 15:00:00,2018/03/01 15:00:00,2018/03/01 20:00:00,9.067830226653149,9.067830226653149,8.420603535478868,0.0,0.0,0.0,0.2150226692040196,0.04397501697402368,0.0,0.004706843196116211,0.3835221618001209,0.0,0.0,0.0,0.0,0.0,0.0,0.0,0.0,0.0,0.0,0.0,0.0,0.0,0.0,0.0,0.0,0.0,0.0,0.0,0.0,0.0,0.0,0.0,0.0,0.0,0.03094069628594216,0.03094069628594216
2018/03/01 16:00:00,2018/03/01 16:00:00,2018/03/01 21:00:00,9.659150221702541,9.659150221702541,7.568380700408337,0.0,0.0,0.0,0.2175468797931209,0.04449125186178064,0.0,0.004762098130309232,1.407457344766036,0.0,0.0,0.0,0.0,0.0,0.0,0.4165119467429564,0.0,0.0,0.0,0.0,0.0,0.0,0.0,0.0,0.0,0.0,0.0,0.0,0.0,0.0,0.0,0.0,0.0,0.0,0.032958362245418434,0.032958362245418434
2018/03/01 17:00:00,2018/03/01 17:00:00,2018/03/01 22:00:00,8.389525065298352,8.389525065298352,7.320294910096751,0.0,0.0,0.0,0.22842160089491803,0.046715278039158065,0.0,0.0050001456218464555,0.789093130645679,0.0,0.0,0.0,0.0,0.0,0.0,0.0,0.0,0.0,0.0,0.0,0.0,0.0,0.0,0.0,0.0,0.0,0.0,0.0,0.0,0.0,0.0,0.0,0.0,0.0,0.028626224856495037,0.028626224856495037
2018/03/01 18:00:00,2018/03/01 18:00:00,2018/03/01 23:00:00,8.31784807847775,8.31784807847775,7.384210483687439,0.0,0.0,0.0,0.2623054708425313,0.05364498345862761,0.0,0.005741863057088994,0.611945277432064,0.0,0.0,0.0,0.0,0.0,0.0,0.0,0.0,0.0,0.0,0.0,0.0,0.0,0.0,0.0,0.0,0.0,0.0,0.0,0.0,0.0,0.0,0.0,0.0,0.0,0.028381653021284765,0.028381653021284765
2018/03/01 19:00:00,2018/03/01 19:00:00,2018/03/02 00:00:00,9.35371911650687,9.35371911650687,7.7969314780295065,0.0,0.0,0.0,0.33340137325960434,0.06818504812784563,0.0,0.007298151358235646,0.6343320589831604,0.0,0.0,0.0,0.0,0.0,0.0,0.5135710067485182,0.0,0.0,0.0,0.0,0.0,0.0,0.0,0.0,0.0,0.0,0.0,0.0,0.0,0.0,0.0,0.0,0.0,0.0,0.03191618888906669,0.03191618888906669
2018/03/01 20:00:00,2018/03/01 20:00:00,2018/03/02 01:00:00,10.889481497445683,10.889481497445683,8.466509481114782,0.0,0.0,0.0,0.4274069990350241,0.0874104581947509,0.0,0.00935593318056924,0.579977755089703,0.0,0.0,0.0,0.0,0.0,0.0,1.3188208708308526,0.0,0.0,0.0,0.0,0.0,0.0,0.0,0.0,0.0,0.0,0.0,0.0,0.0,0.0,0.0,0.0,0.0,0.0,0.03715642345547205,0.03715642345547205
2018/03/01 21:00:00,2018/03/01 21:00:00,2018/03/02 02:00:00,11.804830267755323,11.804830267755323,9.316330760846949,0.0,0.0,0.0,0.4886573573918704,0.09993697718169407,0.0,0.01069670266110275,0.5703875988428551,0.0,0.0,0.0,0.0,0.0,0.0,1.3188208708308526,0.0,0.0,0.0,0.0,0.0,0.0,0.0,0.0,0.0,0.0,0.0,0.0,0.0,0.0,0.0,0.0,0.0,0.0,0.04027972060484032,0.04027972060484032
2018/03/01 22:00:00,2018/03/01 22:00:00,2018/03/02 03:00:00,12.05351682574156,12.05351682574156,9.617771225526973,0.0,0.0,0.0,0.468321919887066,0.09577810773430813,0.0,0.010251560220941161,0.542573141541421,0.0,0.0,0.0,0.0,0.0,0.0,1.3188208708308526,0.0,0.0,0.0,0.0,0.0,0.0,0.0,0.0,0.0,0.0,0.0,0.0,0.0,0.0,0.0,0.0,0.0,0.0,0.04112827368410198,0.04112827368410198
2018/03/01 23:00:00,2018/03/01 23:00:00,2018/03/02 04:00:00,11.70912114808283,11.70912114808283,9.815449563852031,0.0,0.0,0.0,0.290344826622301,0.0593794074192293,0.0,0.006355644159630639,0.46330240650435034,0.0,0.0,0.0,0.0,0.0,0.0,1.074289299525286,0.0,0.0,0.0,0.0,0.0,0.0,0.0,0.0,0.0,0.0,0.0,0.0,0.0,0.0,0.0,0.0,0.0,0.0,0.03995314779419403,0.03995314779419403
2018/03/02 00:00:00,2018/03/02 00:00:00,2018/03/02 05:00:00,10.311808376157513,10.311808376157513,9.756770162193403,0.0,0.0,0.0,0.13094360677997474,0.026779722120023,0.0,0.002866353705536267,0.3944485313585772,0.0,0.0,0.0,0.0,0.0,0.0,0.0,0.0,0.0,0.0,0.0,0.0,0.0,0.0,0.0,0.0,0.0,0.0,0.0,0.0,0.0,0.0,0.0,0.0,0.0,0.03518532252486647,0.03518532252486647
2018/03/02 01:00:00,2018/03/02 01:00:00,2018/03/02 06:00:00,10.592266535614659,10.592266535614659,10.164150412312315,0.0,0.0,0.0,0.06501908921459039,0.013297274945155983,0.0,0.0014232669458539432,0.34837649219674405,0.0,0.0,0.0,0.0,0.0,0.0,0.0,0.0,0.0,0.0,0.0,0.0,0.0,0.0,0.0,0.0,0.0,0.0,0.0,0.0,0.0,0.0,0.0,0.0,0.0,0.036142284721530867,0.036142284721530867
2018/03/02 02:00:00,2018/03/02 02:00:00,2018/03/02 07:00:00,10.535431998771545,10.535431998771545,10.154905159076982,0.0,0.0,0.0,0.03901145352875434,0.00797836496709361,0.0,0.0008539601675123682,0.3326830610312019,0.0,0.0,0.0,0.0,0.0,0.0,0.0,0.0,0.0,0.0,0.0,0.0,0.0,0.0,0.0,0.0,0.0,0.0,0.0,0.0,0.0,0.0,0.0,0.0,0.0,0.0359483573873108,0.0359483573873108
2018/03/02 03:00:00,2018/03/02 03:00:00,2018/03/02 08:00:00,9.982711252307686,9.982711252307686,9.648622275019674,0.0,0.0,0.0,0.026007635685836212,0.005318909978062404,0.0,0.0005693067783415784,0.302193124845772,0.0,0.0,0.0,0.0,0.0,0.0,0.0,0.0,0.0,0.0,0.0,0.0,0.0,0.0,0.0,0.0,0.0,0.0,0.0,0.0,0.0,0.0,0.0,0.0,0.0,0.03406239742557589,0.03406239742557589
2018/03/02 04:00:00,2018/03/02 04:00:00,2018/03/02 09:00:00,9.990498470342308,9.990498470342308,9.669257379593537,0.0,0.0,0.0,0.026007635685836212,0.005318909978062404,0.0,0.0005693067783415784,0.28934523830652903,0.0,0.0,0.0,0.0,0.0,0.0,0.0,0.0,0.0,0.0,0.0,0.0,0.0,0.0,0.0,0.0,0.0,0.0,0.0,0.0,0.0,0.0,0.0,0.0,0.0,0.034088968495181206,0.034088968495181206
2018/03/02 05:00:00,2018/03/02 05:00:00,2018/03/02 10:00:00,9.952267275213751,9.952267275213751,9.64477256806124,0.0,0.0,0.0,0.028359609659443317,0.005799920170125916,0.0,0.0006207914554507214,0.27271438586749136,0.0,0.0,0.0,0.0,0.0,0.0,0.0,0.0,0.0,0.0,0.0,0.0,0.0,0.0,0.0,0.0,0.0,0.0,0.0,0.0,0.0,0.0,0.0,0.0,0.0,0.03395851834695895,0.03395851834695895
2018/03/02 06:00:00,2018/03/02 06:00:00,2018/03/02 11:00:00,9.757073811359511,9.757073811359511,9.365765270466127,0.0,0.0,0.0,0.07657075757208723,0.01565974590684433,0.0,0.001676132803270518,0.29740190461118204,0.0,0.0,0.0,0.0,0.0,0.0,0.0,0.0,0.0,0.0,0.0,0.0,0.0,0.0,0.0,0.0,0.0,0.0,0.0,0.0,0.0,0.0,0.0,0.0,0.0,0.0332924911352492,0.0332924911352492
2018/03/02 07:00:00,2018/03/02 07:00:00,2018/03/02 12:00:00,10.110195833518771,10.110195833518771,8.215405907954478,0.0,0.0,0.0,0.1797670016564363,0.03676476056443332,0.0,0.0039350971307586715,0.3641745395086999,0.0,0.0,0.0,0.0,0.0,0.0,1.310148526703965,0.0,0.0,0.0,0.0,0.0,0.0,0.0,0.0,0.0,0.0,0.0,0.0,0.0,0.0,0.0,0.0,0.0,0.0,0.03449739252471203,0.03449739252471203
2018/03/02 08:00:00,2018/03/02 08:00:00,2018/03/02 13:00:00,10.654514937100068,10.654514937100068,8.64095862457684,0.0,0.0,0.0,0.22749050639997065,0.04652485673906303,0.0,0.004979763976484562,0.41574031457685573,0.0,0.0,0.0,0.0,0.0,0.0,1.3188208708308526,0.0,0.0,0.0,0.0,0.0,0.0,0.0,0.0,0.0,0.0,0.0,0.0,0.0,0.0,0.0,0.0,0.0,0.0,0.03635468491391474,0.03635468491391474
2018/03/02 09:00:00,2018/03/02 09:00:00,2018/03/02 14:00:00,9.984061464490827,9.984061464490827,8.035028406101503,0.0,0.0,0.0,0.23738819960796062,0.04854906762080994,0.0,0.005196424341206713,0.33907849598849293,0.0,0.0,0.0,0.0,0.0,0.0,1.3188208708308526,0.0,0.0,0.0,0.0,0.0,0.0,0.0,0.0,0.0,0.0,0.0,0.0,0.0,0.0,0.0,0.0,0.0,0.0,0.03406700453709385,0.03406700453709385
2018/03/02 10:00:00,2018/03/02 10:00:00,2018/03/02 15:00:00,8.592034354376306,8.592034354376306,6.708027887308104,0.0,0.0,0.0,0.23977021629156023,0.04903622194961379,0.0,0.005248566652813857,0.2711305913433615,0.0,0.0,0.0,0.0,0.0,0.0,1.3188208708308526,0.0,0.0,0.0,0.0,0.0,0.0,0.0,0.0,0.0,0.0,0.0,0.0,0.0,0.0,0.0,0.0,0.0,0.0,0.029317214680061206,0.029317214680061206
2018/03/02 11:00:00,2018/03/02 11:00:00,2018/03/02 16:00:00,7.514729944287663,7.514729944287663,5.642137025760646,0.0,0.0,0.0,0.2330133774859433,0.04765435787794319,0.0,0.005100659546659875,0.2680036527856186,0.0,0.0,0.0,0.0,0.0,0.0,1.3188208708308526,0.0,0.0,0.0,0.0,0.0,0.0,0.0,0.0,0.0,0.0,0.0,0.0,0.0,0.0,0.0,0.0,0.0,0.0,0.025641302391575242,0.025641302391575242
2018/03/02 12:00:00,2018/03/02 12:00:00,2018/03/02 17:00:00,5.868711397002858,5.868711397002858,4.752917548625206,0.0,0.0,0.0,0.22365196052793865,0.045739822674966235,0.0,0.004895738261486062,0.2852620246662099,0.0,0.0,0.0,0.0,0.0,0.0,0.5562443022470519,0.0,0.0,0.0,0.0,0.0,0.0,0.0,0.0,0.0,0.0,0.0,0.0,0.0,0.0,0.0,0.0,0.0,0.0,0.02002485847063912,0.02002485847063912
2018/03/02 13:00:00,2018/03/02 13:00:00,2018/03/02 18:00:00,6.019825009525139,6.019825009525139,4.1438358915348035,0.0,0.0,0.0,0.21689512172232184,0.04435795860329565,0.0,0.00474783115533208,0.2911673356785335,0.0,0.0,0.0,0.0,0.0,0.0,1.3188208708308526,0.0,0.0,0.0,0.0,0.0,0.0,0.0,0.0,0.0,0.0,0.0,0.0,0.0,0.0,0.0,0.0,0.0,0.0,0.02054047910676225,0.02054047910676225
2018/03/02 14:00:00,2018/03/02 14:00:00,2018/03/02 19:00:00,4.136835345178512,4.136835345178512,3.5179022559122655,0.0,0.0,0.0,0.21490682280316895,0.043951324832805984,0.0,0.004704307320035531,0.30196248987002017,0.0,0.0,0.0,0.0,0.0,0.0,0.05340814444021601,0.0,0.0,0.0,0.0,0.0,0.0,0.0,0.0,0.0,0.0,0.0,0.0,0.0,0.0,0.0,0.0,0.0,0.0,0.014115456818313348,0.014115456818313348
2018/03/02 15:00:00,2018/03/02 15:00:00,2018/03/02 20:00:00,4.425341556511999,4.425341556511999,2.8660352743487336,0.0,0.0,0.0,0.2150226692040196,0.04397501697402368,0.0,0.004706843196116211,0.6952930349181204,0.0,0.0,0.0,0.0,0.0,0.0,0.600308717870985,0.0,0.0,0.0,0.0,0.0,0.0,0.0,0.0,0.0,0.0,0.0,0.0,0.0,0.0,0.0,0.0,0.0,0.0,0.01509988008588173,0.01509988008588173
2018/03/02 16:00:00,2018/03/02 16:00:00,2018/03/02 21:00:00,3.848893200265431,3.848893200265431,3.2585699004242517,0.0,0.0,0.0,0.2175468797931209,0.04449125186178064,0.0,0.004762098130309232,0.3235230700559683,0.0,0.0,0.0,0.0,0.0,0.0,0.0,0.0,0.0,0.0,0.0,0.0,0.0,0.0,0.0,0.0,0.0,0.0,0.0,0.0,0.0,0.0,0.0,0.0,0.0,0.013132958223722138,0.013132958223722138
2018/03/02 17:00:00,2018/03/02 17:00:00,2018/03/02 22:00:00,4.595535721383341,4.595535721383341,3.8776300845375147,0.0,0.0,0.0,0.22842160089491803,0.046715278039158065,0.0,0.0050001456218464555,0.43776861228990366,0.0,0.0,0.0,0.0,0.0,0.0,0.0,0.0,0.0,0.0,0.0,0.0,0.0,0.0,0.0,0.0,0.0,0.0,0.0,0.0,0.0,0.0,0.0,0.0,0.0,0.015680606216973775,0.015680606216973775
2018/03/02 18:00:00,2018/03/02 18:00:00,2018/03/02 23:00:00,5.7600970739251425,5.7600970739251425,4.826459479134831,0.0,0.0,0.0,0.2623054708425313,0.05364498345862761,0.0,0.005741863057088994,0.611945277432064,0.0,0.0,0.0,0.0,0.0,0.0,0.0,0.0,0.0,0.0,0.0,0.0,0.0,0.0,0.0,0.0,0.0,0.0,0.0,0.0,0.0,0.0,0.0,0.0,0.0,0.01965425131339736,0.01965425131339736
2018/03/02 19:00:00,2018/03/02 19:00:00,2018/03/03 00:00:00,6.890542630574848,6.890542630574848,5.847325998846002,0.0,0.0,0.0,0.33340137325960434,0.06818504812784563,0.0,0.007298151358235646,0.6343320589831604,0.0,0.0,0.0,0.0,0.0,0.0,0.0,0.0,0.0,0.0,0.0,0.0,0.0,0.0,0.0,0.0,0.0,0.0,0.0,0.0,0.0,0.0,0.0,0.0,0.0,0.023511488575436508,0.023511488575436508
2018/03/02 20:00:00,2018/03/02 20:00:00,2018/03/03 01:00:00,8.264643131227212,8.264643131227212,6.301578680029678,0.0,0.0,0.0,0.4274069990350241,0.0874104581947509,0.0,0.00935593318056924,0.579977755089703,0.0,0.0,0.0,0.0,0.0,0.0,0.858913305697486,0.0,0.0,0.0,0.0,0.0,0.0,0.0,0.0,0.0,0.0,0.0,0.0,0.0,0.0,0.0,0.0,0.0,0.0,0.028200110350916963,0.028200110350916963
2018/03/02 21:00:00,2018/03/02 21:00:00,2018/03/03 02:00:00,9.819421522248092,9.819421522248092,7.330922015339716,0.0,0.0,0.0,0.4886573573918704,0.09993697718169407,0.0,0.01069670266110275,0.5703875988428551,0.0,0.0,0.0,0.0,0.0,0.0,1.3188208708308526,0.0,0.0,0.0,0.0,0.0,0.0,0.0,0.0,0.0,0.0,0.0,0.0,0.0,0.0,0.0,0.0,0.0,0.0,0.03350523018511112,0.03350523018511112
2018/03/02 22:00:00,2018/03/02 22:00:00,2018/03/03 03:00:00,10.466292973791287,10.466292973791287,8.030547373576699,0.0,0.0,0.0,0.468321919887066,0.09577810773430813,0.0,0.010251560220941161,0.542573141541421,0.0,0.0,0.0,0.0,0.0,0.0,1.3188208708308526,0.0,0.0,0.0,0.0,0.0,0.0,0.0,0.0,0.0,0.0,0.0,0.0,0.0,0.0,0.0,0.0,0.0,0.0,0.03571244543043136,0.03571244543043136
2018/03/02 23:00:00,2018/03/02 23:00:00,2018/03/03 04:00:00,10.346551073656796,10.346551073656796,8.767543804852222,0.0,0.0,0.0,0.290344826622301,0.0593794074192293,0.0,0.006355644159630639,0.46330240650435034,0.0,0.0,0.0,0.0,0.0,0.0,0.7596249840990628,0.0,0.0,0.0,0.0,0.0,0.0,0.0,0.0,0.0,0.0,0.0,0.0,0.0,0.0,0.0,0.0,0.0,0.0,0.03530386943461341,0.03530386943461341
2018/03/03 00:00:00,2018/03/03 00:00:00,2018/03/03 05:00:00,9.917418517543851,9.917418517543851,9.362380303579739,0.0,0.0,0.0,0.13094360677997474,0.026779722120023,0.0,0.002866353705536267,0.3944485313585772,0.0,0.0,0.0,0.0,0.0,0.0,0.0,0.0,0.0,0.0,0.0,0.0,0.0,0.0,0.0,0.0,0.0,0.0,0.0,0.0,0.0,0.0,0.0,0.0,0.0,0.03383960954517773,0.03383960954517773
2018/03/03 01:00:00,2018/03/03 01:00:00,2018/03/03 06:00:00,10.863532094860497,10.863532094860497,10.435415971558156,0.0,0.0,0.0,0.06501908921459039,0.013297274945155983,0.0,0.0014232669458539432,0.34837649219674405,0.0,0.0,0.0,0.0,0.0,0.0,0.0,0.0,0.0,0.0,0.0,0.0,0.0,0.0,0.0,0.0,0.0,0.0,0.0,0.0,0.0,0.0,0.0,0.0,0.0,0.03706788048939072,0.03706788048939072
2018/03/03 02:00:00,2018/03/03 02:00:00,2018/03/03 07:00:00,11.238112845311225,11.238112845311225,10.857586005616664,0.0,0.0,0.0,0.03901145352875434,0.00797836496709361,0.0,0.0008539601675123682,0.3326830610312019,0.0,0.0,0.0,0.0,0.0,0.0,0.0,0.0,0.0,0.0,0.0,0.0,0.0,0.0,0.0,0.0,0.0,0.0,0.0,0.0,0.0,0.0,0.0,0.0,0.0,0.03834600204047471,0.03834600204047471
2018/03/03 03:00:00,2018/03/03 03:00:00,2018/03/03 08:00:00,11.220045050894647,11.220045050894647,10.885956073606636,0.0,0.0,0.0,0.026007635685836212,0.005318909978062404,0.0,0.0005693067783415784,0.302193124845772,0.0,0.0,0.0,0.0,0.0,0.0,0.0,0.0,0.0,0.0,0.0,0.0,0.0,0.0,0.0,0.0,0.0,0.0,0.0,0.0,0.0,0.0,0.0,0.0,0.0,0.03828435221624697,0.03828435221624697
2018/03/03 04:00:00,2018/03/03 04:00:00,2018/03/03 09:00:00,11.712870604591942,11.712870604591942,11.39162951384317,0.0,0.0,0.0,0.026007635685836212,0.005318909978062404,0.0,0.0005693067783415784,0.28934523830652903,0.0,0.0,0.0,0.0,0.0,0.0,0.0,0.0,0.0,0.0,0.0,0.0,0.0,0.0,0.0,0.0,0.0,0.0,0.0,0.0,0.0,0.0,0.0,0.0,0.0,0.03996594146061544,0.03996594146061544
2018/03/03 05:00:00,2018/03/03 05:00:00,2018/03/03 10:00:00,11.955141642898653,11.955141642898653,11.647646935746142,0.0,0.0,0.0,0.028359609659443317,0.005799920170125916,0.0,0.0006207914554507214,0.27271438586749136,0.0,0.0,0.0,0.0,0.0,0.0,0.0,0.0,0.0,0.0,0.0,0.0,0.0,0.0,0.0,0.0,0.0,0.0,0.0,0.0,0.0,0.0,0.0,0.0,0.0,0.04079260389559296,0.04079260389559296
2018/03/03 06:00:00,2018/03/03 06:00:00,2018/03/03 11:00:00,12.125539499576403,12.125539499576403,11.73423095868302,0.0,0.0,0.0,0.07657075757208723,0.01565974590684433,0.0,0.001676132803270518,0.29740190461118204,0.0,0.0,0.0,0.0,0.0,0.0,0.0,0.0,0.0,0.0,0.0,0.0,0.0,0.0,0.0,0.0,0.0,0.0,0.0,0.0,0.0,0.0,0.0,0.0,0.0,0.04137402505142195,0.04137402505142195
2018/03/03 07:00:00,2018/03/03 07:00:00,2018/03/03 12:00:00,12.659496709169437,12.659496709169437,11.668702394617235,0.0,0.0,0.0,0.1797670016564363,0.03676476056443332,0.0,0.0039350971307586715,0.3641745395086999,0.0,0.0,0.0,0.0,0.0,0.0,0.40615291569187395,0.0,0.0,0.0,0.0,0.0,0.0,0.0,0.0,0.0,0.0,0.0,0.0,0.0,0.0,0.0,0.0,0.0,0.0,0.04319596121903423,0.04319596121903423
2018/03/03 08:00:00,2018/03/03 08:00:00,2018/03/03 13:00:00,12.831993261967066,12.831993261967066,11.282432780121098,0.0,0.0,0.0,0.22749050639997065,0.04652485673906303,0.0,0.004979763976484562,0.41574031457685573,0.0,0.0,0.0,0.0,0.0,0.0,0.8548250401535933,0.0,0.0,0.0,0.0,0.0,0.0,0.0,0.0,0.0,0.0,0.0,0.0,0.0,0.0,0.0,0.0,0.0,0.0,0.04378454341754031,0.04378454341754031
2018/03/03 09:00:00,2018/03/03 09:00:00,2018/03/03 14:00:00,13.20274157211484,13.20274157211484,11.253708513725519,0.0,0.0,0.0,0.23738819960796062,0.04854906762080994,0.0,0.005196424341206713,0.33907849598849293,0.0,0.0,0.0,0.0,0.0,0.0,1.3188208708308526,0.0,0.0,0.0,0.0,0.0,0.0,0.0,0.0,0.0,0.0,0.0,0.0,0.0,0.0,0.0,0.0,0.0,0.0,0.045049588149971585,0.045049588149971585
2018/03/03 10:00:00,2018/03/03 10:00:00,2018/03/03 15:00:00,12.216078309300919,12.216078309300919,10.647823876625994,0.0,0.0,0.0,0.23977021629156023,0.04903622194961379,0.0,0.005248566652813857,0.2711305913433615,0.0,0.0,0.0,0.0,0.0,0.0,1.0030688364375773,0.0,0.0,0.0,0.0,0.0,0.0,0.0,0.0,0.0,0.0,0.0,0.0,0.0,0.0,0.0,0.0,0.0,0.0,0.04168295604635202,0.04168295604635202
2018/03/03 11:00:00,2018/03/03 11:00:00,2018/03/03 16:00:00,10.556202668472132,10.556202668472132,10.002430620775966,0.0,0.0,0.0,0.2330133774859433,0.04765435787794319,0.0,0.005100659546659875,0.2680036527856186,0.0,0.0,0.0,0.0,0.0,0.0,0.0,0.0,0.0,0.0,0.0,0.0,0.0,0.0,0.0,0.0,0.0,0.0,0.0,0.0,0.0,0.0,0.0,0.0,0.0,0.0360192297974462,0.0360192297974462
2018/03/03 12:00:00,2018/03/03 12:00:00,2018/03/03 17:00:00,10.339355670848775,10.339355670848775,9.779806124718174,0.0,0.0,0.0,0.22365196052793865,0.045739822674966235,0.0,0.004895738261486062,0.2852620246662099,0.0,0.0,0.0,0.0,0.0,0.0,0.0,0.0,0.0,0.0,0.0,0.0,0.0,0.0,0.0,0.0,0.0,0.0,0.0,0.0,0.0,0.0,0.0,0.0,0.0,0.03527931772076641,0.03527931772076641
2018/03/03 13:00:00,2018/03/03 13:00:00,2018/03/03 18:00:00,9.930206298049109,9.930206298049109,9.373038050889626,0.0,0.0,0.0,0.21689512172232184,0.04435795860329565,0.0,0.00474783115533208,0.2911673356785335,0.0,0.0,0.0,0.0,0.0,0.0,0.0,0.0,0.0,0.0,0.0,0.0,0.0,0.0,0.0,0.0,0.0,0.0,0.0,0.0,0.0,0.0,0.0,0.0,0.0,0.03388324322852808,0.03388324322852808
2018/03/03 14:00:00,2018/03/03 14:00:00,2018/03/03 19:00:00,10.504700131605935,10.504700131605935,8.86960905454978,0.0,0.0,0.0,0.21490682280316895,0.043951324832805984,0.0,0.004704307320035531,0.30196248987002017,0.0,0.0,0.0,0.0,0.0,0.0,1.0695661322301233,0.0,0.0,0.0,0.0,0.0,0.0,0.0,0.0,0.0,0.0,0.0,0.0,0.0,0.0,0.0,0.0,0.0,0.0,0.03584349598778039,0.03584349598778039
2018/03/03 15:00:00,2018/03/03 15:00:00,2018/03/03 20:00:00,10.15597524322288,10.15597524322288,8.880258496992534,0.0,0.0,0.0,0.2150226692040196,0.04397501697402368,0.0,0.004706843196116211,0.3361306675280402,0.0,0.0,0.0,0.0,0.0,0.0,0.6758815493281467,0.0,0.0,0.0,0.0,0.0,0.0,0.0,0.0,0.0,0.0,0.0,0.0,0.0,0.0,0.0,0.0,0.0,0.0,0.03465359822953888,0.03465359822953888
2018/03/03 16:00:00,2018/03/03 16:00:00,2018/03/03 21:00:00,9.676289862115725,9.676289862115725,9.085966562274546,0.0,0.0,0.0,0.2175468797931209,0.04449125186178064,0.0,0.004762098130309232,0.3235230700559683,0.0,0.0,0.0,0.0,0.0,0.0,0.0,0.0,0.0,0.0,0.0,0.0,0.0,0.0,0.0,0.0,0.0,0.0,0.0,0.0,0.0,0.0,0.0,0.0,0.0,0.03301684507926283,0.03301684507926283
2018/03/03 17:00:00,2018/03/03 17:00:00,2018/03/03 22:00:00,9.774350846326007,9.774350846326007,9.056445209480179,0.0,0.0,0.0,0.22842160089491803,0.046715278039158065,0.0,0.0050001456218464555,0.43776861228990366,0.0,0.0,0.0,0.0,0.0,0.0,0.0,0.0,0.0,0.0,0.0,0.0,0.0,0.0,0.0,0.0,0.0,0.0,0.0,0.0,0.0,0.0,0.0,0.0,0.0,0.03335144277839407,0.03335144277839407
2018/03/03 18:00:00,2018/03/03 18:00:00,2018/03/03 23:00:00,10.197834943960123,10.197834943960123,9.264197349169812,0.0,0.0,0.0,0.2623054708425313,0.05364498345862761,0.0,0.005741863057088994,0.611945277432064,0.0,0.0,0.0,0.0,0.0,0.0,0.0,0.0,0.0,0.0,0.0,0.0,0.0,0.0,0.0,0.0,0.0,0.0,0.0,0.0,0.0,0.0,0.0,0.0,0.0,0.034796429342909815,0.034796429342909815
2018/03/03 19:00:00,2018/03/03 19:00:00,2018/03/04 00:00:00,11.78067536151535,11.78067536151535,9.429834767603728,0.0,0.0,0.0,0.33340137325960434,0.06818504812784563,0.0,0.007298151358235646,0.6343320589831604,0.0,0.0,0.0,0.0,0.0,0.0,1.3076239621827788,0.0,0.0,0.0,0.0,0.0,0.0,0.0,0.0,0.0,0.0,0.0,0.0,0.0,0.0,0.0,0.0,0.0,0.0,0.04019730070955052,0.04019730070955052
2018/03/03 20:00:00,2018/03/03 20:00:00,2018/03/04 01:00:00,12.994372994528963,12.994372994528963,10.157176292019061,0.0,0.0,0.0,0.4274069990350241,0.0874104581947509,0.0,0.00935593318056924,0.9942024412687047,0.0,0.0,0.0,0.0,0.0,0.0,1.3188208708308526,0.0,0.0,0.0,0.0,0.0,0.0,0.0,0.0,0.0,0.0,0.0,0.0,0.0,0.0,0.0,0.0,0.0,0.0,0.04433860562014118,0.04433860562014118
2018/03/03 21:00:00,2018/03/03 21:00:00,2018/03/04 02:00:00,13.007382296558049,13.007382296558049,10.518882789649677,0.0,0.0,0.0,0.4886573573918704,0.09993697718169407,0.0,0.01069670266110275,0.5703875988428551,0.0,0.0,0.0,0.0,0.0,0.0,1.3188208708308526,0.0,0.0,0.0,0.0,0.0,0.0,0.0,0.0,0.0,0.0,0.0,0.0,0.0,0.0,0.0,0.0,0.0,0.0,0.04438299516570093,0.04438299516570093
2018/03/03 22:00:00,2018/03/03 22:00:00,2018/03/04 03:00:00,12.175537702989073,12.175537702989073,10.813455974732921,0.0,0.0,0.0,0.468321919887066,0.09577810773430813,0.0,0.010251560220941161,0.542573141541421,0.0,0.0,0.0,0.0,0.0,0.0,0.24515699887241638,0.0,0.0,0.0,0.0,0.0,0.0,0.0,0.0,0.0,0.0,0.0,0.0,0.0,0.0,0.0,0.0,0.0,0.0,0.04154462586638727,0.04154462586638727
2018/03/03 23:00:00,2018/03/03 23:00:00,2018/03/04 04:00:00,11.977704077044722,11.977704077044722,11.15832179233921,0.0,0.0,0.0,0.290344826622301,0.0593794074192293,0.0,0.006355644159630639,0.46330240650435034,0.0,0.0,0.0,0.0,0.0,0.0,0.0,0.0,0.0,0.0,0.0,0.0,0.0,0.0,0.0,0.0,0.0,0.0,0.0,0.0,0.0,0.0,0.0,0.0,0.0,0.04086959005489854,0.04086959005489854
2018/03/04 00:00:00,2018/03/04 00:00:00,2018/03/04 05:00:00,12.137329709153141,12.137329709153141,11.582291495189029,0.0,0.0,0.0,0.13094360677997474,0.026779722120023,0.0,0.002866353705536267,0.3944485313585772,0.0,0.0,0.0,0.0,0.0,0.0,0.0,0.0,0.0,0.0,0.0,0.0,0.0,0.0,0.0,0.0,0.0,0.0,0.0,0.0,0.0,0.0,0.0,0.0,0.0,0.04141425488419818,0.04141425488419818
2018/03/04 01:00:00,2018/03/04 01:00:00,2018/03/04 06:00:00,12.849833845814954,12.849833845814954,12.42171772251261,0.0,0.0,0.0,0.06501908921459039,0.013297274945155983,0.0,0.0014232669458539432,0.34837649219674405,0.0,0.0,0.0,0.0,0.0,0.0,0.0,0.0,0.0,0.0,0.0,0.0,0.0,0.0,0.0,0.0,0.0,0.0,0.0,0.0,0.0,0.0,0.0,0.0,0.0,0.04384541796774736,0.04384541796774736
2018/03/04 02:00:00,2018/03/04 02:00:00,2018/03/04 07:00:00,12.966923082703456,12.966923082703456,12.586396243008894,0.0,0.0,0.0,0.03901145352875434,0.00797836496709361,0.0,0.0008539601675123682,0.3326830610312019,0.0,0.0,0.0,0.0,0.0,0.0,0.0,0.0,0.0,0.0,0.0,0.0,0.0,0.0,0.0,0.0,0.0,0.0,0.0,0.0,0.0,0.0,0.0,0.0,0.0,0.04424494270810601,0.04424494270810601
2018/03/04 03:00:00,2018/03/04 03:00:00,2018/03/04 08:00:00,12.49788118700614,12.49788118700614,12.163792209718128,0.0,0.0,0.0,0.026007635685836212,0.005318909978062404,0.0,0.0005693067783415784,0.302193124845772,0.0,0.0,0.0,0.0,0.0,0.0,0.0,0.0,0.0,0.0,0.0,0.0,0.0,0.0,0.0,0.0,0.0,0.0,0.0,0.0,0.0,0.0,0.0,0.0,0.0,0.04264450660846482,0.04264450660846482
2018/03/04 04:00:00,2018/03/04 04:00:00,2018/03/04 09:00:00,12.706700480817608,12.706700480817608,12.385459390068837,0.0,0.0,0.0,0.026007635685836212,0.005318909978062404,0.0,0.0005693067783415784,0.28934523830652903,0.0,0.0,0.0,0.0,0.0,0.0,0.0,0.0,0.0,0.0,0.0,0.0,0.0,0.0,0.0,0.0,0.0,0.0,0.0,0.0,0.0,0.0,0.0,0.0,0.0,0.04335702704466295,0.04335702704466295
2018/03/04 05:00:00,2018/03/04 05:00:00,2018/03/04 10:00:00,12.923376085945575,12.923376085945575,12.564652869538149,0.0,0.0,0.0,0.028359609659443317,0.005799920170125916,0.0,0.0006207914554507214,0.27271438586749136,0.0,0.0,0.0,0.0,0.0,0.0,0.05122850925491532,0.0,0.0,0.0,0.0,0.0,0.0,0.0,0.0,0.0,0.0,0.0,0.0,0.0,0.0,0.0,0.0,0.0,0.0,0.04409635430634148,0.04409635430634148
2018/03/04 06:00:00,2018/03/04 06:00:00,2018/03/04 11:00:00,13.298770414129462,13.298770414129462,12.552406531952224,0.0,0.0,0.0,0.07657075757208723,0.01565974590684433,0.0,0.001676132803270518,0.29740190461118204,0.0,0.0,0.0,0.0,0.0,0.0,0.3550553412838551,0.0,0.0,0.0,0.0,0.0,0.0,0.0,0.0,0.0,0.0,0.0,0.0,0.0,0.0,0.0,0.0,0.0,0.0,0.045377251897659746,0.045377251897659746
2018/03/04 07:00:00,2018/03/04 07:00:00,2018/03/04 12:00:00,13.361199912313628,13.361199912313628,12.511898209098064,0.0,0.0,0.0,0.1797670016564363,0.03676476056443332,0.0,0.0039350971307586715,0.3641745395086999,0.0,0.0,0.0,0.0,0.0,0.0,0.264660304355236,0.0,0.0,0.0,0.0,0.0,0.0,0.0,0.0,0.0,0.0,0.0,0.0,0.0,0.0,0.0,0.0,0.0,0.0,0.045590270017134726,0.045590270017134726
2018/03/04 08:00:00,2018/03/04 08:00:00,2018/03/04 13:00:00,13.837585525377353,13.837585525377353,11.824029212854127,0.0,0.0,0.0,0.22749050639997065,0.04652485673906303,0.0,0.004979763976484562,0.41574031457685573,0.0,0.0,0.0,0.0,0.0,0.0,1.3188208708308526,0.0,0.0,0.0,0.0,0.0,0.0,0.0,0.0,0.0,0.0,0.0,0.0,0.0,0.0,0.0,0.0,0.0,0.0,0.04721576390049753,0.04721576390049753
2018/03/04 09:00:00,2018/03/04 09:00:00,2018/03/04 14:00:00,13.969796117419596,13.969796117419596,12.020763059030273,0.0,0.0,0.0,0.23738819960796062,0.04854906762080994,0.0,0.005196424341206713,0.33907849598849293,0.0,0.0,0.0,0.0,0.0,0.0,1.3188208708308526,0.0,0.0,0.0,0.0,0.0,0.0,0.0,0.0,0.0,0.0,0.0,0.0,0.0,0.0,0.0,0.0,0.0,0.0,0.04766688480504863,0.04766688480504863
2018/03/04 10:00:00,2018/03/04 10:00:00,2018/03/04 15:00:00,13.53652501757647,13.53652501757647,11.652518550508269,0.0,0.0,0.0,0.23977021629156023,0.04903622194961379,0.0,0.005248566652813857,0.2711305913433615,0.0,0.0,0.0,0.0,0.0,0.0,1.3188208708308526,0.0,0.0,0.0,0.0,0.0,0.0,0.0,0.0,0.0,0.0,0.0,0.0,0.0,0.0,0.0,0.0,0.0,0.0,0.04618850362954771,0.04618850362954771
2018/03/04 11:00:00,2018/03/04 11:00:00,2018/03/04 16:00:00,12.30193463323722,12.30193463323722,10.395004671042035,0.0,0.0,0.0,0.2330133774859433,0.04765435787794319,0.0,0.005100659546659875,0.3023406964537858,0.0,0.0,0.0,0.0,0.0,0.0,1.3188208708308526,0.0,0.0,0.0,0.0,0.0,0.0,0.0,0.0,0.0,0.0,0.0,0.0,0.0,0.0,0.0,0.0,0.0,0.0,0.041975909749359434,0.041975909749359434
2018/03/04 12:00:00,2018/03/04 12:00:00,2018/03/04 17:00:00,10.95580345618375,10.95580345618375,9.107218308287331,0.0,0.0,0.0,0.22365196052793865,0.045739822674966235,0.0,0.004895738261486062,1.0593243384245115,0.0,0.0,0.0,0.0,0.0,0.0,0.514973288007517,0.0,0.0,0.0,0.0,0.0,0.0,0.0,0.0,0.0,0.0,0.0,0.0,0.0,0.0,0.0,0.0,0.0,0.0,0.037382723191033015,0.037382723191033015
2018/03/04 13:00:00,2018/03/04 13:00:00,2018/03/04 18:00:00,8.93575931862306,8.93575931862306,8.378591071463577,0.0,0.0,0.0,0.21689512172232184,0.04435795860329565,0.0,0.00474783115533208,0.2911673356785335,0.0,0.0,0.0,0.0,0.0,0.0,0.0,0.0,0.0,0.0,0.0,0.0,0.0,0.0,0.0,0.0,0.0,0.0,0.0,0.0,0.0,0.0,0.0,0.0,0.0,0.03049005200264311,0.03049005200264311
2018/03/04 14:00:00,2018/03/04 14:00:00,2018/03/04 19:00:00,8.522729903295456,8.522729903295456,7.495440698448647,0.0,0.0,0.0,0.21490682280316895,0.043951324832805984,0.0,0.004704307320035531,0.30196248987002017,0.0,0.0,0.0,0.0,0.0,0.0,0.4617642600207794,0.0,0.0,0.0,0.0,0.0,0.0,0.0,0.0,0.0,0.0,0.0,0.0,0.0,0.0,0.0,0.0,0.0,0.0,0.029080738266348292,0.029080738266348292
2018/03/04 15:00:00,2018/03/04 15:00:00,2018/03/04 20:00:00,7.249208608294805,7.249208608294805,6.649373411392605,0.0,0.0,0.0,0.2150226692040196,0.04397501697402368,0.0,0.004706843196116211,0.3361306675280402,0.0,0.0,0.0,0.0,0.0,0.0,0.0,0.0,0.0,0.0,0.0,0.0,0.0,0.0,0.0,0.0,0.0,0.0,0.0,0.0,0.0,0.0,0.0,0.0,0.0,0.0247353067113468,0.0247353067113468
2018/03/04 16:00:00,2018/03/04 16:00:00,2018/03/04 21:00:00,6.257066469670538,6.257066469670538,5.6362969589558185,0.0,0.0,0.0,0.2175468797931209,0.04449125186178064,0.0,0.004762098130309232,0.3539692809295095,0.0,0.0,0.0,0.0,0.0,0.0,0.0,0.0,0.0,0.0,0.0,0.0,0.0,0.0,0.0,0.0,0.0,0.0,0.0,0.0,0.0,0.0,0.0,0.0,0.0,0.021349979922427778,0.021349979922427778
2018/03/04 17:00:00,2018/03/04 17:00:00,2018/03/04 22:00:00,6.51632239239054,6.51632239239054,5.112065750440714,0.0,0.0,0.0,0.22842160089491803,0.046715278039158065,0.0,0.0050001456218464555,1.1241196173939034,0.0,0.0,0.0,0.0,0.0,0.0,0.0,0.0,0.0,0.0,0.0,0.0,0.0,0.0,0.0,0.0,0.0,0.0,0.0,0.0,0.0,0.0,0.0,0.0,0.0,0.02223459714228192,0.02223459714228192
2018/03/04 18:00:00,2018/03/04 18:00:00,2018/03/04 23:00:00,6.25014325359307,6.25014325359307,5.3165056588027575,0.0,0.0,0.0,0.2623054708425313,0.05364498345862761,0.0,0.005741863057088994,0.611945277432064,0.0,0.0,0.0,0.0,0.0,0.0,0.0,0.0,0.0,0.0,0.0,0.0,0.0,0.0,0.0,0.0,0.0,0.0,0.0,0.0,0.0,0.0,0.0,0.0,0.0,0.021326356947513087,0.021326356947513087
2018/03/04 19:00:00,2018/03/04 19:00:00,2018/03/05 00:00:00,8.155617353922208,8.155617353922208,6.288722906705367,0.0,0.0,0.0,0.33340137325960434,0.06818504812784563,0.0,0.007298151358235646,0.6343320589831604,0.0,0.0,0.0,0.0,0.0,0.0,0.8236778154879946,0.0,0.0,0.0,0.0,0.0,0.0,0.0,0.0,0.0,0.0,0.0,0.0,0.0,0.0,0.0,0.0,0.0,0.0,0.027828099254699302,0.027828099254699302
2018/03/04 20:00:00,2018/03/04 20:00:00,2018/03/05 01:00:00,9.227348444207918,9.227348444207918,7.680240941770055,0.0,0.0,0.0,0.4274069990350241,0.0874104581947509,0.0,0.00935593318056924,0.579977755089703,0.0,0.0,0.0,0.0,0.0,0.0,0.4429563569378134,0.0,0.0,0.0,0.0,0.0,0.0,0.0,0.0,0.0,0.0,0.0,0.0,0.0,0.0,0.0,0.0,0.0,0.0,0.03148499460186449,0.03148499460186449
2018/03/04 21:00:00,2018/03/04 21:00:00,2018/03/05 02:00:00,9.573549358505286,9.573549358505286,8.365579063554817,0.0,0.0,0.0,0.4886573573918704,0.09993697718169407,0.0,0.01069670266110275,0.6086792577158038,0.0,0.0,0.0,0.0,0.0,0.0,0.0,0.0,0.0,0.0,0.0,0.0,0.0,0.0,0.0,0.0,0.0,0.0,0.0,0.0,0.0,0.0,0.0,0.0,0.0,0.03266628020993702,0.03266628020993702
2018/03/04 22:00:00,2018/03/04 22:00:00,2018/03/05 03:00:00,11.206214539469402,11.206214539469402,8.820002700935774,0.0,0.0,0.0,0.468321919887066,0.09577810773430813,0.0,0.010251560220941161,1.4057846151697304,0.0,0.0,0.0,0.0,0.0,0.0,0.4060756355215832,0.0,0.0,0.0,0.0,0.0,0.0,0.0,0.0,0.0,0.0,0.0,0.0,0.0,0.0,0.0,0.0,0.0,0.0,0.03823716059015874,0.03823716059015874
2018/03/04 23:00:00,2018/03/04 23:00:00,2018/03/05 04:00:00,10.892794774906756,10.892794774906756,9.539588156633728,0.0,0.0,0.0,0.290344826622301,0.0593794074192293,0.0,0.006355644159630639,0.46330240650435034,0.0,0.0,0.0,0.0,0.0,0.0,0.5338243335675176,0.0,0.0,0.0,0.0,0.0,0.0,0.0,0.0,0.0,0.0,0.0,0.0,0.0,0.0,0.0,0.0,0.0,0.0,0.037167728818394793,0.037167728818394793
2018/03/05 00:00:00,2018/03/05 00:00:00,2018/03/05 05:00:00,11.279834102298112,11.279834102298112,10.314384063039073,0.0,0.0,0.0,0.13094360677997474,0.026779722120023,0.0,0.002866353705536267,0.3944485313585772,0.0,0.0,0.0,0.0,0.0,0.0,0.4104118252949275,0.0,0.0,0.0,0.0,0.0,0.0,0.0,0.0,0.0,0.0,0.0,0.0,0.0,0.0,0.0,0.0,0.0,0.0,0.03848836076453912,0.03848836076453912
2018/03/05 01:00:00,2018/03/05 01:00:00,2018/03/05 06:00:00,12.195362046296685,12.195362046296685,11.288268990085289,0.0,0.0,0.0,0.06501908921459039,0.013297274945155983,0.0,0.0014232669458539432,0.34837649219674405,0.0,0.0,0.0,0.0,0.0,0.0,0.478976932909053,0.0,0.0,0.0,0.0,0.0,0.0,0.0,0.0,0.0,0.0,0.0,0.0,0.0,0.0,0.0,0.0,0.0,0.0,0.04161226927942186,0.04161226927942186
2018/03/05 02:00:00,2018/03/05 02:00:00,2018/03/05 07:00:00,11.767735334086016,11.767735334086016,11.387208494391453,0.0,0.0,0.0,0.03901145352875434,0.00797836496709361,0.0,0.0008539601675123682,0.3326830610312019,0.0,0.0,0.0,0.0,0.0,0.0,0.0,0.0,0.0,0.0,0.0,0.0,0.0,0.0,0.0,0.0,0.0,0.0,0.0,0.0,0.0,0.0,0.0,0.0,0.0,0.04015314753854761,0.04015314753854761
2018/03/05 03:00:00,2018/03/05 03:00:00,2018/03/05 08:00:00,11.352091634188849,11.352091634188849,11.018002656900837,0.0,0.0,0.0,0.026007635685836212,0.005318909978062404,0.0,0.0005693067783415784,0.302193124845772,0.0,0.0,0.0,0.0,0.0,0.0,0.0,0.0,0.0,0.0,0.0,0.0,0.0,0.0,0.0,0.0,0.0,0.0,0.0,0.0,0.0,0.0,0.0,0.0,0.0,0.03873491350016838,0.03873491350016838
2018/03/05 04:00:00,2018/03/05 04:00:00,2018/03/05 09:00:00,11.719063778957524,11.719063778957524,11.397822688208755,0.0,0.0,0.0,0.026007635685836212,0.005318909978062404,0.0,0.0005693067783415784,0.28934523830652903,0.0,0.0,0.0,0.0,0.0,0.0,0.0,0.0,0.0,0.0,0.0,0.0,0.0,0.0,0.0,0.0,0.0,0.0,0.0,0.0,0.0,0.0,0.0,0.0,0.0,0.03998707343180389,0.03998707343180389
2018/03/05 05:00:00,2018/03/05 05:00:00,2018/03/05 10:00:00,12.119691811248638,12.119691811248638,11.812197104096127,0.0,0.0,0.0,0.028359609659443317,0.005799920170125916,0.0,0.0006207914554507214,0.27271438586749136,0.0,0.0,0.0,0.0,0.0,0.0,0.0,0.0,0.0,0.0,0.0,0.0,0.0,0.0,0.0,0.0,0.0,0.0,0.0,0.0,0.0,0.0,0.0,0.0,0.0,0.041354071926583726,0.041354071926583726
2018/03/05 06:00:00,2018/03/05 06:00:00,2018/03/05 11:00:00,12.533332849681411,12.533332849681411,12.142024308788027,0.0,0.0,0.0,0.07657075757208723,0.01565974590684433,0.0,0.001676132803270518,0.29740190461118204,0.0,0.0,0.0,0.0,0.0,0.0,0.0,0.0,0.0,0.0,0.0,0.0,0.0,0.0,0.0,0.0,0.0,0.0,0.0,0.0,0.0,0.0,0.0,0.0,0.0,0.04276547260586992,0.04276547260586992
2018/03/05 07:00:00,2018/03/05 07:00:00,2018/03/05 12:00:00,12.916770928590847,12.916770928590847,12.332129529730517,0.0,0.0,0.0,0.1797670016564363,0.03676476056443332,0.0,0.0039350971307586715,0.3641745395086999,0.0,0.0,0.0,0.0,0.0,0.0,0.0,0.0,0.0,0.0,0.0,0.0,0.0,0.0,0.0,0.0,0.0,0.0,0.0,0.0,0.0,0.0,0.0,0.0,0.0,0.04407381659196821,0.04407381659196821
2018/03/05 08:00:00,2018/03/05 08:00:00,2018/03/05 13:00:00,12.772942966817538,12.772942966817538,11.52421178150945,0.0,0.0,0.0,0.22749050639997065,0.04652485673906303,0.0,0.004979763976484562,0.41574031457685573,0.0,0.0,0.0,0.0,0.0,0.0,0.5539957436157147,0.0,0.0,0.0,0.0,0.0,0.0,0.0,0.0,0.0,0.0,0.0,0.0,0.0,0.0,0.0,0.0,0.0,0.0,0.043583055608202366,0.043583055608202366
2018/03/05 09:00:00,2018/03/05 09:00:00,2018/03/05 14:00:00,11.32079081845558,11.32079081845558,9.519126308125719,0.0,0.0,0.0,0.23738819960796062,0.04854906762080994,0.0,0.005196424341206713,0.41223871861423783,0.0,0.0,0.0,0.0,0.0,0.0,1.0982921001456456,0.0,0.0,0.0,0.0,0.0,0.0,0.0,0.0,0.0,0.0,0.0,0.0,0.0,0.0,0.0,0.0,0.0,0.0,0.03862811076909622,0.03862811076909622
2018/03/05 10:00:00,2018/03/05 10:00:00,2018/03/05 15:00:00,11.550902999901913,11.550902999901913,8.001354453489279,0.0,0.0,0.0,0.23977021629156023,0.04903622194961379,0.0,0.005248566652813857,1.9366726706877924,0.0,0.0,0.0,0.0,0.0,0.0,1.3188208708308526,0.0,0.0,0.0,0.0,0.0,0.0,0.0,0.0,0.0,0.0,0.0,0.0,0.0,0.0,0.0,0.0,0.0,0.0,0.03941328549555936,0.03941328549555936
2018/03/05 11:00:00,2018/03/05 11:00:00,2018/03/05 16:00:00,8.988927678146013,8.988927678146013,6.746217259641384,0.0,0.0,0.0,0.2330133774859433,0.04765435787794319,0.0,0.005100659546659875,0.6381211527632282,0.0,0.0,0.0,0.0,0.0,0.0,1.3188208708308526,0.0,0.0,0.0,0.0,0.0,0.0,0.0,0.0,0.0,0.0,0.0,0.0,0.0,0.0,0.0,0.0,0.0,0.0,0.030671469830602226,0.030671469830602226
2018/03/05 12:00:00,2018/03/05 12:00:00,2018/03/05 17:00:00,8.051480225871856,8.051480225871856,6.068906647131181,0.0,0.0,0.0,0.22365196052793865,0.045739822674966235,0.0,0.004895738261486062,0.38946518644543276,0.0,0.0,0.0,0.0,0.0,0.0,1.3188208708308526,0.0,0.0,0.0,0.0,0.0,0.0,0.0,0.0,0.0,0.0,0.0,0.0,0.0,0.0,0.0,0.0,0.0,0.0,0.027472768908788598,0.027472768908788598
2018/03/05 13:00:00,2018/03/05 13:00:00,2018/03/05 18:00:00,8.310683516380974,8.310683516380974,5.598322814122182,0.0,0.0,0.0,0.21689512172232184,0.04435795860329565,0.0,0.00474783115533208,1.1275389199469905,0.0,0.0,0.0,0.0,0.0,0.0,1.3188208708308526,0.0,0.0,0.0,0.0,0.0,0.0,0.0,0.0,0.0,0.0,0.0,0.0,0.0,0.0,0.0,0.0,0.0,0.0,0.02835720654022841,0.02835720654022841
2018/03/05 14:00:00,2018/03/05 14:00:00,2018/03/05 19:00:00,6.352452067647254,6.352452067647254,5.0547571164693865,0.0,0.0,0.0,0.21490682280316895,0.043951324832805984,0.0,0.004704307320035531,0.30196248987002017,0.0,0.0,0.0,0.0,0.0,0.0,0.7321700063518366,0.0,0.0,0.0,0.0,0.0,0.0,0.0,0.0,0.0,0.0,0.0,0.0,0.0,0.0,0.0,0.0,0.0,0.0,0.021675448832109805,0.021675448832109805
2018/03/05 15:00:00,2018/03/05 15:00:00,2018/03/05 20:00:00,5.054114547476125,5.054114547476125,4.454279350573925,0.0,0.0,0.0,0.2150226692040196,0.04397501697402368,0.0,0.004706843196116211,0.3361306675280402,0.0,0.0,0.0,0.0,0.0,0.0,0.0,0.0,0.0,0.0,0.0,0.0,0.0,0.0,0.0,0.0,0.0,0.0,0.0,0.0,0.0,0.0,0.0,0.0,0.0,0.01724534086976818,0.01724534086976818
2018/03/05 16:00:00,2018/03/05 16:00:00,2018/03/05 21:00:00,5.184384509025351,5.184384509025351,4.145600911456303,0.0,0.0,0.0,0.2175468797931209,0.04449125186178064,0.0,0.004762098130309232,0.3235230700559683,0.0,0.0,0.0,0.0,0.0,0.0,0.44846029772787,0.0,0.0,0.0,0.0,0.0,0.0,0.0,0.0,0.0,0.0,0.0,0.0,0.0,0.0,0.0,0.0,0.0,0.0,0.017689840073516906,0.017689840073516906
2018/03/05 17:00:00,2018/03/05 17:00:00,2018/03/05 22:00:00,5.057341473083332,5.057341473083332,4.339435836237506,0.0,0.0,0.0,0.22842160089491803,0.046715278039158065,0.0,0.0050001456218464555,0.43776861228990366,0.0,0.0,0.0,0.0,0.0,0.0,0.0,0.0,0.0,0.0,0.0,0.0,0.0,0.0,0.0,0.0,0.0,0.0,0.0,0.0,0.0,0.0,0.0,0.0,0.0,0.01725635158817096,0.01725635158817096
2018/03/05 18:00:00,2018/03/05 18:00:00,2018/03/05 23:00:00,6.085373021178844,6.085373021178844,4.906842185550781,0.0,0.0,0.0,0.2623054708425313,0.05364498345862761,0.0,0.005741863057088994,0.611945277432064,0.0,0.0,0.0,0.0,0.0,0.0,0.24489324083775182,0.0,0.0,0.0,0.0,0.0,0.0,0.0,0.0,0.0,0.0,0.0,0.0,0.0,0.0,0.0,0.0,0.0,0.0,0.020764138027367478,0.020764138027367478
2018/03/05 19:00:00,2018/03/05 19:00:00,2018/03/06 00:00:00,7.1521268086929854,7.1521268086929854,5.910260648316766,0.0,0.0,0.0,0.33340137325960434,0.06818504812784563,0.0,0.007298151358235646,0.6343320589831604,0.0,0.0,0.0,0.0,0.0,0.0,0.19864952864737281,0.0,0.0,0.0,0.0,0.0,0.0,0.0,0.0,0.0,0.0,0.0,0.0,0.0,0.0,0.0,0.0,0.0,0.0,0.024404050126111715,0.024404050126111715
2018/03/05 20:00:00,2018/03/05 20:00:00,2018/03/06 01:00:00,9.160976829279079,9.160976829279079,6.822015126314508,0.0,0.0,0.0,0.4274069990350241,0.0874104581947509,0.0,0.00935593318056924,0.579977755089703,0.0,0.0,0.0,0.0,0.0,0.0,1.2348105574645232,0.0,0.0,0.0,0.0,0.0,0.0,0.0,0.0,0.0,0.0,0.0,0.0,0.0,0.0,0.0,0.0,0.0,0.0,0.031258525432483204,0.031258525432483204
2018/03/05 21:00:00,2018/03/05 21:00:00,2018/03/06 02:00:00,9.74503465772288,9.74503465772288,7.896266949158094,0.0,0.0,0.0,0.4886573573918704,0.09993697718169407,0.0,0.01069670266110275,0.5703875988428551,0.0,0.0,0.0,0.0,0.0,0.0,0.6790890724872634,0.0,0.0,0.0,0.0,0.0,0.0,0.0,0.0,0.0,0.0,0.0,0.0,0.0,0.0,0.0,0.0,0.0,0.0,0.033251411870761444,0.033251411870761444
2018/03/05 22:00:00,2018/03/05 22:00:00,2018/03/06 03:00:00,10.114307781920123,10.114307781920123,8.696330976750843,0.0,0.0,0.0,0.468321919887066,0.09577810773430813,0.0,0.010251560220941161,0.542573141541421,0.0,0.0,0.0,0.0,0.0,0.0,0.30105207578554727,0.0,0.0,0.0,0.0,0.0,0.0,0.0,0.0,0.0,0.0,0.0,0.0,0.0,0.0,0.0,0.0,0.0,0.0,0.03451142306382113,0.03451142306382113
2018/03/05 23:00:00,2018/03/05 23:00:00,2018/03/06 04:00:00,10.45919642513438,10.45919642513438,9.34062354042663,0.0,0.0,0.0,0.290344826622301,0.0593794074192293,0.0,0.006355644159630639,0.46330240650435034,0.0,0.0,0.0,0.0,0.0,0.0,0.2991906000022373,0.0,0.0,0.0,0.0,0.0,0.0,0.0,0.0,0.0,0.0,0.0,0.0,0.0,0.0,0.0,0.0,0.0,0.0,0.03568823102067914,0.03568823102067914
2018/03/06 00:00:00,2018/03/06 00:00:00,2018/03/06 05:00:00,10.50654729317397,10.50654729317397,9.951509079209858,0.0,0.0,0.0,0.13094360677997474,0.026779722120023,0.0,0.002866353705536267,0.3944485313585772,0.0,0.0,0.0,0.0,0.0,0.0,0.0,0.0,0.0,0.0,0.0,0.0,0.0,0.0,0.0,0.0,0.0,0.0,0.0,0.0,0.0,0.0,0.0,0.0,0.0,0.03584979875962758,0.03584979875962758
2018/03/06 01:00:00,2018/03/06 01:00:00,2018/03/06 06:00:00,11.436326828495337,11.436326828495337,11.008210705192994,0.0,0.0,0.0,0.06501908921459039,0.013297274945155983,0.0,0.0014232669458539432,0.34837649219674405,0.0,0.0,0.0,0.0,0.0,0.0,0.0,0.0,0.0,0.0,0.0,0.0,0.0,0.0,0.0,0.0,0.0,0.0,0.0,0.0,0.0,0.0,0.0,0.0,0.0,0.03902233568369843,0.03902233568369843
2018/03/06 02:00:00,2018/03/06 02:00:00,2018/03/06 07:00:00,11.770467014113684,11.770467014113684,11.389940174419122,0.0,0.0,0.0,0.03901145352875434,0.00797836496709361,0.0,0.0008539601675123682,0.3326830610312019,0.0,0.0,0.0,0.0,0.0,0.0,0.0,0.0,0.0,0.0,0.0,0.0,0.0,0.0,0.0,0.0,0.0,0.0,0.0,0.0,0.0,0.0,0.0,0.0,0.0,0.04016246841024171,0.04016246841024171
2018/03/06 03:00:00,2018/03/06 03:00:00,2018/03/06 08:00:00,11.458023035259377,11.458023035259377,11.123934057971365,0.0,0.0,0.0,0.026007635685836212,0.005318909978062404,0.0,0.0005693067783415784,0.302193124845772,0.0,0.0,0.0,0.0,0.0,0.0,0.0,0.0,0.0,0.0,0.0,0.0,0.0,0.0,0.0,0.0,0.0,0.0,0.0,0.0,0.0,0.0,0.0,0.0,0.0,0.03909636615485458,0.03909636615485458
2018/03/06 04:00:00,2018/03/06 04:00:00,2018/03/06 09:00:00,11.545510095205067,11.545510095205067,11.224269004456296,0.0,0.0,0.0,0.026007635685836212,0.005318909978062404,0.0,0.0005693067783415784,0.28934523830652903,0.0,0.0,0.0,0.0,0.0,0.0,0.0,0.0,0.0,0.0,0.0,0.0,0.0,0.0,0.0,0.0,0.0,0.0,0.0,0.0,0.0,0.0,0.0,0.0,0.0,0.03939488415564083,0.03939488415564083
2018/03/06 05:00:00,2018/03/06 05:00:00,2018/03/06 10:00:00,12.013798443386786,12.013798443386786,11.27374498752382,0.0,0.0,0.0,0.028359609659443317,0.005799920170125916,0.0,0.0006207914554507214,0.27271438586749136,0.0,0.0,0.0,0.0,0.0,0.0,0.4325587487104535,0.0,0.0,0.0,0.0,0.0,0.0,0.0,0.0,0.0,0.0,0.0,0.0,0.0,0.0,0.0,0.0,0.0,0.0,0.040992749046488475,0.040992749046488475
2018/03/06 06:00:00,2018/03/06 06:00:00,2018/03/06 11:00:00,11.664063107038409,11.664063107038409,11.272754566145025,0.0,0.0,0.0,0.07657075757208723,0.01565974590684433,0.0,0.001676132803270518,0.29740190461118204,0.0,0.0,0.0,0.0,0.0,0.0,0.0,0.0,0.0,0.0,0.0,0.0,0.0,0.0,0.0,0.0,0.0,0.0,0.0,0.0,0.0,0.0,0.0,0.0,0.0,0.039799403499434616,0.039799403499434616
2018/03/06 07:00:00,2018/03/06 07:00:00,2018/03/06 12:00:00,11.893117761392771,11.893117761392771,11.308476362532442,0.0,0.0,0.0,0.1797670016564363,0.03676476056443332,0.0,0.0039350971307586715,0.3641745395086999,0.0,0.0,0.0,0.0,0.0,0.0,0.0,0.0,0.0,0.0,0.0,0.0,0.0,0.0,0.0,0.0,0.0,0.0,0.0,0.0,0.0,0.0,0.0,0.0,0.0,0.04058096979656582,0.04058096979656582
2018/03/06 08:00:00,2018/03/06 08:00:00,2018/03/06 13:00:00,11.562176511824509,11.562176511824509,10.081353954012664,0.0,0.0,0.0,0.22749050639997065,0.04652485673906303,0.0,0.004979763976484562,0.5137976783926146,0.0,0.0,0.0,0.0,0.0,0.0,0.6880297523037122,0.0,0.0,0.0,0.0,0.0,0.0,0.0,0.0,0.0,0.0,0.0,0.0,0.0,0.0,0.0,0.0,0.0,0.0,0.03945175228416858,0.03945175228416858
2018/03/06 09:00:00,2018/03/06 09:00:00,2018/03/06 14:00:00,12.562814812909624,12.562814812909624,8.403267924331924,0.0,0.0,0.0,0.23738819960796062,0.04854906762080994,0.0,0.005196424341206713,2.549592326176868,0.0,0.0,0.0,0.0,0.0,0.0,1.3188208708308526,0.0,0.0,0.0,0.0,0.0,0.0,0.0,0.0,0.0,0.0,0.0,0.0,0.0,0.0,0.0,0.0,0.0,0.0,0.04286606915955001,0.04286606915955001
2018/03/06 10:00:00,2018/03/06 10:00:00,2018/03/06 15:00:00,9.432636408076155,9.432636408076155,7.548629941007951,0.0,0.0,0.0,0.23977021629156023,0.04903622194961379,0.0,0.005248566652813857,0.2711305913433615,0.0,0.0,0.0,0.0,0.0,0.0,1.3188208708308526,0.0,0.0,0.0,0.0,0.0,0.0,0.0,0.0,0.0,0.0,0.0,0.0,0.0,0.0,0.0,0.0,0.0,0.0,0.03218546564978253,0.03218546564978253
2018/03/06 11:00:00,2018/03/06 11:00:00,2018/03/06 16:00:00,8.34631740446816,8.34631740446816,6.473724485941142,0.0,0.0,0.0,0.2330133774859433,0.04765435787794319,0.0,0.005100659546659875,0.2680036527856186,0.0,0.0,0.0,0.0,0.0,0.0,1.3188208708308526,0.0,0.0,0.0,0.0,0.0,0.0,0.0,0.0,0.0,0.0,0.0,0.0,0.0,0.0,0.0,0.0,0.0,0.0,0.028478794316050698,0.028478794316050698
2018/03/06 12:00:00,2018/03/06 12:00:00,2018/03/06 17:00:00,7.66628424255474,7.66628424255474,5.787913825593287,0.0,0.0,0.0,0.22365196052793865,0.045739822674966235,0.0,0.004895738261486062,0.2852620246662099,0.0,0.0,0.0,0.0,0.0,0.0,1.3188208708308526,0.0,0.0,0.0,0.0,0.0,0.0,0.0,0.0,0.0,0.0,0.0,0.0,0.0,0.0,0.0,0.0,0.0,0.0,0.02615842670867237,0.02615842670867237
2018/03/06 13:00:00,2018/03/06 13:00:00,2018/03/06 18:00:00,6.923615350116457,6.923615350116457,5.103208949963809,0.0,0.0,0.0,0.21689512172232184,0.04435795860329565,0.0,0.00474783115533208,0.2911673356785335,0.0,0.0,0.0,0.0,0.0,0.0,1.2632381529931644,0.0,0.0,0.0,0.0,0.0,0.0,0.0,0.0,0.0,0.0,0.0,0.0,0.0,0.0,0.0,0.0,0.0,0.0,0.023624337288426223,0.023624337288426223
2018/03/06 14:00:00,2018/03/06 14:00:00,2018/03/06 19:00:00,5.0292215481643865,5.0292215481643865,4.463696603338357,0.0,0.0,0.0,0.21490682280316895,0.043951324832805984,0.0,0.004704307320035531,0.30196248987002017,0.0,0.0,0.0,0.0,0.0,0.0,0.0,0.0,0.0,0.0,0.0,0.0,0.0,0.0,0.0,0.0,0.0,0.0,0.0,0.0,0.0,0.0,0.0,0.0,0.0,0.017160402498393866,0.017160402498393866
2018/03/06 15:00:00,2018/03/06 15:00:00,2018/03/06 20:00:00,4.434827404624726,4.434827404624726,3.834992207722526,0.0,0.0,0.0,0.2150226692040196,0.04397501697402368,0.0,0.004706843196116211,0.3361306675280402,0.0,0.0,0.0,0.0,0.0,0.0,0.0,0.0,0.0,0.0,0.0,0.0,0.0,0.0,0.0,0.0,0.0,0.0,0.0,0.0,0.0,0.0,0.0,0.0,0.0,0.01513224711725907,0.01513224711725907
2018/03/06 16:00:00,2018/03/06 16:00:00,2018/03/06 21:00:00,4.037788580962324,4.037788580962324,3.447465281121145,0.0,0.0,0.0,0.2175468797931209,0.04449125186178064,0.0,0.004762098130309232,0.3235230700559683,0.0,0.0,0.0,0.0,0.0,0.0,0.0,0.0,0.0,0.0,0.0,0.0,0.0,0.0,0.0,0.0,0.0,0.0,0.0,0.0,0.0,0.0,0.0,0.0,0.0,0.013777495500873737,0.013777495500873737
2018/03/06 17:00:00,2018/03/06 17:00:00,2018/03/06 22:00:00,4.003531506128797,4.003531506128797,3.285625869282971,0.0,0.0,0.0,0.22842160089491803,0.046715278039158065,0.0,0.0050001456218464555,0.43776861228990366,0.0,0.0,0.0,0.0,0.0,0.0,0.0,0.0,0.0,0.0,0.0,0.0,0.0,0.0,0.0,0.0,0.0,0.0,0.0,0.0,0.0,0.0,0.0,0.0,0.0,0.013660605603117,0.013660605603117
2018/03/06 18:00:00,2018/03/06 18:00:00,2018/03/06 23:00:00,4.355752621014334,4.355752621014334,3.422115026224021,0.0,0.0,0.0,0.2623054708425313,0.05364498345862761,0.0,0.005741863057088994,0.611945277432064,0.0,0.0,0.0,0.0,0.0,0.0,0.0,0.0,0.0,0.0,0.0,0.0,0.0,0.0,0.0,0.0,0.0,0.0,0.0,0.0,0.0,0.0,0.0,0.0,0.0,0.014862432971822786,0.014862432971822786
2018/03/06 19:00:00,2018/03/06 19:00:00,2018/03/07 00:00:00,5.554391492575852,5.554391492575852,4.511174860847006,0.0,0.0,0.0,0.33340137325960434,0.06818504812784563,0.0,0.007298151358235646,0.6343320589831604,0.0,0.0,0.0,0.0,0.0,0.0,0.0,0.0,0.0,0.0,0.0,0.0,0.0,0.0,0.0,0.0,0.0,0.0,0.0,0.0,0.0,0.0,0.0,0.0,0.0,0.018952355296625475,0.018952355296625475
2018/03/06 20:00:00,2018/03/06 20:00:00,2018/03/07 01:00:00,8.115560366417816,8.115560366417816,5.42250983345124,0.0,0.0,0.0,0.4274069990350241,0.0874104581947509,0.0,0.00935593318056924,0.9144398093778505,0.0,0.0,0.0,0.0,0.0,0.0,1.25443733317838,0.0,0.0,0.0,0.0,0.0,0.0,0.0,0.0,0.0,0.0,0.0,0.0,0.0,0.0,0.0,0.0,0.0,0.0,0.027691419249281885,0.027691419249281885
2018/03/06 21:00:00,2018/03/06 21:00:00,2018/03/07 02:00:00,16.219780337733532,16.219780337733532,6.038207024689959,0.0,0.0,0.0,0.4886573573918704,0.09993697718169407,0.0,0.01069670266110275,8.263461404978052,0.0,0.0,0.0,0.0,0.0,0.0,1.3188208708308526,0.0,0.0,0.0,0.0,0.0,0.0,0.0,0.0,0.0,0.0,0.0,0.0,0.0,0.0,0.0,0.0,0.0,0.0,0.05534414349525578,0.05534414349525578
2018/03/06 22:00:00,2018/03/06 22:00:00,2018/03/07 03:00:00,12.380340760526659,12.380340760526659,6.4094527382568645,0.0,0.0,0.0,0.468321919887066,0.09577810773430813,0.0,0.010251560220941161,4.077715563596627,0.0,0.0,0.0,0.0,0.0,0.0,1.3188208708308526,0.0,0.0,0.0,0.0,0.0,0.0,0.0,0.0,0.0,0.0,0.0,0.0,0.0,0.0,0.0,0.0,0.0,0.0,0.04224344234654998,0.04224344234654998
2018/03/06 23:00:00,2018/03/06 23:00:00,2018/03/07 04:00:00,10.718573505182238,10.718573505182238,6.779176754676312,0.0,0.0,0.0,0.290344826622301,0.0593794074192293,0.0,0.006355644159630639,2.2644960014739133,0.0,0.0,0.0,0.0,0.0,0.0,1.3188208708308526,0.0,0.0,0.0,0.0,0.0,0.0,0.0,0.0,0.0,0.0,0.0,0.0,0.0,0.0,0.0,0.0,0.0,0.0,0.036573261646165096,0.036573261646165096
2018/03/07 00:00:00,2018/03/07 00:00:00,2018/03/07 05:00:00,9.724684480477924,9.724684480477924,7.80496467925461,0.0,0.0,0.0,0.13094360677997474,0.026779722120023,0.0,0.002866353705536267,0.44030924778692615,0.0,0.0,0.0,0.0,0.0,0.0,1.3188208708308526,0.0,0.0,0.0,0.0,0.0,0.0,0.0,0.0,0.0,0.0,0.0,0.0,0.0,0.0,0.0,0.0,0.0,0.0,0.033181974239292505,0.033181974239292505
2018/03/07 01:00:00,2018/03/07 01:00:00,2018/03/07 06:00:00,11.966601460276616,11.966601460276616,9.185823212592195,0.0,0.0,0.0,0.06501908921459039,0.013297274945155983,0.0,0.0014232669458539432,1.3822177457479687,0.0,0.0,0.0,0.0,0.0,0.0,1.3188208708308526,0.0,0.0,0.0,0.0,0.0,0.0,0.0,0.0,0.0,0.0,0.0,0.0,0.0,0.0,0.0,0.0,0.0,0.0,0.040831706384294356,0.040831706384294356
2018/03/07 02:00:00,2018/03/07 02:00:00,2018/03/07 07:00:00,11.495789933451364,11.495789933451364,9.713395303625541,0.0,0.0,0.0,0.03901145352875434,0.00797836496709361,0.0,0.0008539601675123682,0.41572998033161224,0.0,0.0,0.0,0.0,0.0,0.0,1.3188208708308526,0.0,0.0,0.0,0.0,0.0,0.0,0.0,0.0,0.0,0.0,0.0,0.0,0.0,0.0,0.0,0.0,0.0,0.0,0.039225232057436846,0.039225232057436846
2018/03/07 03:00:00,2018/03/07 03:00:00,2018/03/07 08:00:00,12.35919445355109,12.35919445355109,8.763692147566227,0.0,0.0,0.0,0.026007635685836212,0.005318909978062404,0.0,0.0005693067783415784,2.24478558271177,0.0,0.0,0.0,0.0,0.0,0.0,1.3188208708308526,0.0,0.0,0.0,0.0,0.0,0.0,0.0,0.0,0.0,0.0,0.0,0.0,0.0,0.0,0.0,0.0,0.0,0.0,0.042171288209855044,0.042171288209855044
2018/03/07 04:00:00,2018/03/07 04:00:00,2018/03/07 09:00:00,12.117986954164676,12.117986954164676,8.814358041809983,0.0,0.0,0.0,0.026007635685836212,0.005318909978062404,0.0,0.0005693067783415784,1.952912189081599,0.0,0.0,0.0,0.0,0.0,0.0,1.3188208708308526,0.0,0.0,0.0,0.0,0.0,0.0,0.0,0.0,0.0,0.0,0.0,0.0,0.0,0.0,0.0,0.0,0.0,0.0,0.04134825471740278,0.04134825471740278
2018/03/07 05:00:00,2018/03/07 05:00:00,2018/03/07 10:00:00,11.405340511567193,11.405340511567193,9.021696556717412,0.0,0.0,0.0,0.028359609659443317,0.005799920170125916,0.0,0.0006207914554507214,1.9675046063785704,0.0,0.0,0.0,0.0,0.0,0.0,0.38135902718618964,0.0,0.0,0.0,0.0,0.0,0.0,0.0,0.0,0.0,0.0,0.0,0.0,0.0,0.0,0.0,0.0,0.0,0.0,0.0389166060662343,0.0389166060662343
2018/03/07 06:00:00,2018/03/07 06:00:00,2018/03/07 11:00:00,9.719747885938965,9.719747885938965,9.328439345045581,0.0,0.0,0.0,0.07657075757208723,0.01565974590684433,0.0,0.001676132803270518,0.29740190461118204,0.0,0.0,0.0,0.0,0.0,0.0,0.0,0.0,0.0,0.0,0.0,0.0,0.0,0.0,0.0,0.0,0.0,0.0,0.0,0.0,0.0,0.0,0.0,0.0,0.0,0.033165129893015725,0.033165129893015725
2018/03/07 07:00:00,2018/03/07 07:00:00,2018/03/07 12:00:00,9.808791452257054,9.808791452257054,9.224150053396725,0.0,0.0,0.0,0.1797670016564363,0.03676476056443332,0.0,0.0039350971307586715,0.3641745395086999,0.0,0.0,0.0,0.0,0.0,0.0,0.0,0.0,0.0,0.0,0.0,0.0,0.0,0.0,0.0,0.0,0.0,0.0,0.0,0.0,0.0,0.0,0.0,0.0,0.0,0.03346895890974865,0.03346895890974865
2018/03/07 08:00:00,2018/03/07 08:00:00,2018/03/07 13:00:00,9.135725306886375,9.135725306886375,8.440989865194002,0.0,0.0,0.0,0.22749050639997065,0.04652485673906303,0.0,0.004979763976484562,0.41574031457685573,0.0,0.0,0.0,0.0,0.0,0.0,0.0,0.0,0.0,0.0,0.0,0.0,0.0,0.0,0.0,0.0,0.0,0.0,0.0,0.0,0.0,0.0,0.0,0.0,0.0,0.031172363730556558,0.031172363730556558
2018/03/07 09:00:00,2018/03/07 09:00:00,2018/03/07 14:00:00,7.815521183042642,7.815521183042642,7.185308995484172,0.0,0.0,0.0,0.23738819960796062,0.04854906762080994,0.0,0.005196424341206713,0.33907849598849293,0.0,0.0,0.0,0.0,0.0,0.0,0.0,0.0,0.0,0.0,0.0,0.0,0.0,0.0,0.0,0.0,0.0,0.0,0.0,0.0,0.0,0.0,0.0,0.0,0.0,0.026667643879138038,0.026667643879138038
2018/03/07 10:00:00,2018/03/07 10:00:00,2018/03/07 15:00:00,6.184296438206988,6.184296438206988,5.619110841969638,0.0,0.0,0.0,0.23977021629156023,0.04903622194961379,0.0,0.005248566652813857,0.2711305913433615,0.0,0.0,0.0,0.0,0.0,0.0,0.0,0.0,0.0,0.0,0.0,0.0,0.0,0.0,0.0,0.0,0.0,0.0,0.0,0.0,0.0,0.0,0.0,0.0,0.0,0.021101678467068133,0.021101678467068133
2018/03/07 11:00:00,2018/03/07 11:00:00,2018/03/07 16:00:00,5.02990997451904,5.02990997451904,4.476137926822875,0.0,0.0,0.0,0.2330133774859433,0.04765435787794319,0.0,0.005100659546659875,0.2680036527856186,0.0,0.0,0.0,0.0,0.0,0.0,0.0,0.0,0.0,0.0,0.0,0.0,0.0,0.0,0.0,0.0,0.0,0.0,0.0,0.0,0.0,0.0,0.0,0.0,0.0,0.017162751504740715,0.017162751504740715
2018/03/07 12:00:00,2018/03/07 12:00:00,2018/03/07 17:00:00,4.425000402287769,4.425000402287769,3.4286748641611817,0.0,0.0,0.0,0.22365196052793865,0.045739822674966235,0.0,0.004895738261486062,0.2852620246662099,0.0,0.0,0.0,0.0,0.0,0.0,0.436775991995987,0.0,0.0,0.0,0.0,0.0,0.0,0.0,0.0,0.0,0.0,0.0,0.0,0.0,0.0,0.0,0.0,0.0,0.0,0.015098716020281172,0.015098716020281172
2018/03/07 13:00:00,2018/03/07 13:00:00,2018/03/07 18:00:00,4.764490235674594,4.764490235674594,2.8885011176842577,0.0,0.0,0.0,0.21689512172232184,0.04435795860329565,0.0,0.00474783115533208,0.2911673356785335,0.0,0.0,0.0,0.0,0.0,0.0,1.3188208708308526,0.0,0.0,0.0,0.0,0.0,0.0,0.0,0.0,0.0,0.0,0.0,0.0,0.0,0.0,0.0,0.0,0.0,0.0,0.016257102488094848,0.016257102488094848
2018/03/07 14:00:00,2018/03/07 14:00:00,2018/03/07 19:00:00,4.132079026474723,4.132079026474723,2.4284059763739707,0.0,0.0,0.0,0.21490682280316895,0.043951324832805984,0.0,0.004704307320035531,0.30196248987002017,0.0,0.0,0.0,0.0,0.0,0.0,1.1381481052747213,0.0,0.0,0.0,0.0,0.0,0.0,0.0,0.0,0.0,0.0,0.0,0.0,0.0,0.0,0.0,0.0,0.0,0.0,0.014099227598227099,0.014099227598227099
2018/03/07 15:00:00,2018/03/07 15:00:00,2018/03/07 20:00:00,2.6039087434640376,2.6039087434640376,2.004073546561838,0.0,0.0,0.0,0.2150226692040196,0.04397501697402368,0.0,0.004706843196116211,0.3361306675280402,0.0,0.0,0.0,0.0,0.0,0.0,0.0,0.0,0.0,0.0,0.0,0.0,0.0,0.0,0.0,0.0,0.0,0.0,0.0,0.0,0.0,0.0,0.0,0.0,0.0,0.008884898324520848,0.008884898324520848
2018/03/07 16:00:00,2018/03/07 16:00:00,2018/03/07 21:00:00,2.2699434766935025,2.2699434766935025,1.5928527227346512,0.0,0.0,0.0,0.2175468797931209,0.04449125186178064,0.0,0.004762098130309232,0.4102905241736408,0.0,0.0,0.0,0.0,0.0,0.0,0.0,0.0,0.0,0.0,0.0,0.0,0.0,0.0,0.0,0.0,0.0,0.0,0.0,0.0,0.0,0.0,0.0,0.0,0.0,0.007745362445383129,0.007745362445383129
2018/03/07 17:00:00,2018/03/07 17:00:00,2018/03/07 22:00:00,5.090093315748979,5.090093315748979,1.611683214056917,0.0,0.0,0.0,0.22842160089491803,0.046715278039158065,0.0,0.0050001456218464555,2.543219234212791,0.0,0.0,0.0,0.0,0.0,0.0,0.6550538429233489,0.0,0.0,0.0,0.0,0.0,0.0,0.0,0.0,0.0,0.0,0.0,0.0,0.0,0.0,0.0,0.0,0.0,0.0,0.017368105424689,0.017368105424689
2018/03/07 18:00:00,2018/03/07 18:00:00,2018/03/07 23:00:00,6.754516153381619,6.754516153381619,2.2762965135844087,0.0,0.0,0.0,0.2623054708425313,0.05364498345862761,0.0,0.005741863057088994,3.9809165176957624,0.0,0.0,0.0,0.0,0.0,0.0,0.1756108047431993,0.0,0.0,0.0,0.0,0.0,0.0,0.0,0.0,0.0,0.0,0.0,0.0,0.0,0.0,0.0,0.0,0.0,0.0,0.02304734734071075,0.02304734734071075
2018/03/07 19:00:00,2018/03/07 19:00:00,2018/03/08 00:00:00,4.729179574598794,4.729179574598794,3.6859629428699474,0.0,0.0,0.0,0.33340137325960434,0.06818504812784563,0.0,0.007298151358235646,0.6343320589831604,0.0,0.0,0.0,0.0,0.0,0.0,0.0,0.0,0.0,0.0,0.0,0.0,0.0,0.0,0.0,0.0,0.0,0.0,0.0,0.0,0.0,0.0,0.0,0.0,0.0,0.01613661760773275,0.01613661760773275
2018/03/07 20:00:00,2018/03/07 20:00:00,2018/03/08 01:00:00,5.761381625516317,5.761381625516317,4.651957695001608,0.0,0.0,0.0,0.4274069990350241,0.0874104581947509,0.0,0.00935593318056924,0.5852505401043644,0.0,0.0,0.0,0.0,0.0,0.0,0.0,0.0,0.0,0.0,0.0,0.0,0.0,0.0,0.0,0.0,0.0,0.0,0.0,0.0,0.0,0.0,0.0,0.0,0.0,0.019658634381855056,0.019658634381855056
2018/03/07 21:00:00,2018/03/07 21:00:00,2018/03/08 02:00:00,6.74191542125799,6.74191542125799,5.4533720335191935,0.0,0.0,0.0,0.4886573573918704,0.09993697718169407,0.0,0.01069670266110275,0.6892523505041285,0.0,0.0,0.0,0.0,0.0,0.0,0.0,0.0,0.0,0.0,0.0,0.0,0.0,0.0,0.0,0.0,0.0,0.0,0.0,0.0,0.0,0.0,0.0,0.0,0.0,0.02300435189242018,0.02300435189242018
2018/03/07 22:00:00,2018/03/07 22:00:00,2018/03/08 03:00:00,7.252467814495746,7.252467814495746,6.13554308511201,0.0,0.0,0.0,0.468321919887066,0.09577810773430813,0.0,0.010251560220941161,0.542573141541421,0.0,0.0,0.0,0.0,0.0,0.0,0.0,0.0,0.0,0.0,0.0,0.0,0.0,0.0,0.0,0.0,0.0,0.0,0.0,0.0,0.0,0.0,0.0,0.0,0.0,0.024746427575619286,0.024746427575619286
2018/03/07 23:00:00,2018/03/07 23:00:00,2018/03/08 04:00:00,7.554468338115952,7.554468338115952,6.73508605341044,0.0,0.0,0.0,0.290344826622301,0.0593794074192293,0.0,0.006355644159630639,0.46330240650435034,0.0,0.0,0.0,0.0,0.0,0.0,0.0,0.0,0.0,0.0,0.0,0.0,0.0,0.0,0.0,0.0,0.0,0.0,0.0,0.0,0.0,0.0,0.0,0.0,0.0,0.025776895311116044,0.025776895311116044
2018/03/08 00:00:00,2018/03/08 00:00:00,2018/03/08 05:00:00,7.872073349104245,7.872073349104245,7.317035135140134,0.0,0.0,0.0,0.13094360677997474,0.026779722120023,0.0,0.002866353705536267,0.3944485313585772,0.0,0.0,0.0,0.0,0.0,0.0,0.0,0.0,0.0,0.0,0.0,0.0,0.0,0.0,0.0,0.0,0.0,0.0,0.0,0.0,0.0,0.0,0.0,0.0,0.0,0.026860607725029326,0.026860607725029326
2018/03/08 01:00:00,2018/03/08 01:00:00,2018/03/08 06:00:00,8.76417561504284,8.76417561504284,8.231384604085488,0.0,0.0,0.0,0.06501908921459039,0.013297274945155983,0.0,0.0014232669458539432,0.34837649219674405,0.0,0.0,0.0,0.0,0.0,0.0,0.10467488765500649,0.0,0.0,0.0,0.0,0.0,0.0,0.0,0.0,0.0,0.0,0.0,0.0,0.0,0.0,0.0,0.0,0.0,0.0,0.029904584572464702,0.029904584572464702
2018/03/08 02:00:00,2018/03/08 02:00:00,2018/03/08 07:00:00,9.140790213288152,9.140790213288152,8.459291217870948,0.0,0.0,0.0,0.03901145352875434,0.00797836496709361,0.0,0.0008539601675123682,0.3326830610312019,0.0,0.0,0.0,0.0,0.0,0.0,0.30097215572264224,0.0,0.0,0.0,0.0,0.0,0.0,0.0,0.0,0.0,0.0,0.0,0.0,0.0,0.0,0.0,0.0,0.0,0.0,0.031189645894732228,0.031189645894732228
2018/03/08 03:00:00,2018/03/08 03:00:00,2018/03/08 08:00:00,8.508967825461825,8.508967825461825,8.174878848173813,0.0,0.0,0.0,0.026007635685836212,0.005318909978062404,0.0,0.0005693067783415784,0.302193124845772,0.0,0.0,0.0,0.0,0.0,0.0,0.0,0.0,0.0,0.0,0.0,0.0,0.0,0.0,0.0,0.0,0.0,0.0,0.0,0.0,0.0,0.0,0.0,0.0,0.0,0.029033780145180307,0.029033780145180307
2018/03/08 04:00:00,2018/03/08 04:00:00,2018/03/08 09:00:00,8.50847926457362,8.50847926457362,8.187238173824852,0.0,0.0,0.0,0.026007635685836212,0.005318909978062404,0.0,0.0005693067783415784,0.28934523830652903,0.0,0.0,0.0,0.0,0.0,0.0,0.0,0.0,0.0,0.0,0.0,0.0,0.0,0.0,0.0,0.0,0.0,0.0,0.0,0.0,0.0,0.0,0.0,0.0,0.0,0.02903211310756697,0.02903211310756697
2018/03/08 05:00:00,2018/03/08 05:00:00,2018/03/08 10:00:00,8.40676891350248,8.40676891350248,8.09927420634997,0.0,0.0,0.0,0.028359609659443317,0.005799920170125916,0.0,0.0006207914554507214,0.27271438586749136,0.0,0.0,0.0,0.0,0.0,0.0,0.0,0.0,0.0,0.0,0.0,0.0,0.0,0.0,0.0,0.0,0.0,0.0,0.0,0.0,0.0,0.0,0.0,0.0,0.0,0.028685063261796956,0.028685063261796956
2018/03/08 06:00:00,2018/03/08 06:00:00,2018/03/08 11:00:00,8.347170128215518,8.347170128215518,7.9558615873221346,0.0,0.0,0.0,0.07657075757208723,0.01565974590684433,0.0,0.001676132803270518,0.29740190461118204,0.0,0.0,0.0,0.0,0.0,0.0,0.0,0.0,0.0,0.0,0.0,0.0,0.0,0.0,0.0,0.0,0.0,0.0,0.0,0.0,0.0,0.0,0.0,0.0,0.0,0.02848170392792293,0.02848170392792293
2018/03/08 07:00:00,2018/03/08 07:00:00,2018/03/08 12:00:00,8.436582611522063,8.436582611522063,7.851941212661735,0.0,0.0,0.0,0.1797670016564363,0.03676476056443332,0.0,0.0039350971307586715,0.3641745395086999,0.0,0.0,0.0,0.0,0.0,0.0,0.0,0.0,0.0,0.0,0.0,0.0,0.0,0.0,0.0,0.0,0.0,0.0,0.0,0.0,0.0,0.0,0.0,0.0,0.0,0.028786791740664296,0.028786791740664296
2018/03/08 08:00:00,2018/03/08 08:00:00,2018/03/08 13:00:00,8.117611172746493,8.117611172746493,6.9983944788745465,0.0,0.0,0.0,0.22749050639997065,0.04652485673906303,0.0,0.004979763976484562,0.41574031457685573,0.0,0.0,0.0,0.0,0.0,0.0,0.42448125217957294,0.0,0.0,0.0,0.0,0.0,0.0,0.0,0.0,0.0,0.0,0.0,0.0,0.0,0.0,0.0,0.0,0.0,0.0,0.027698416885339337,0.027698416885339337
2018/03/08 09:00:00,2018/03/08 09:00:00,2018/03/08 14:00:00,8.568354249225097,8.568354249225097,6.619321190835774,0.0,0.0,0.0,0.23738819960796062,0.04854906762080994,0.0,0.005196424341206713,0.33907849598849293,0.0,0.0,0.0,0.0,0.0,0.0,1.3188208708308526,0.0,0.0,0.0,0.0,0.0,0.0,0.0,0.0,0.0,0.0,0.0,0.0,0.0,0.0,0.0,0.0,0.0,0.0,0.029236414872037767,0.029236414872037767
2018/03/08 10:00:00,2018/03/08 10:00:00,2018/03/08 15:00:00,7.6924695987399705,7.6924695987399705,5.808463131671767,0.0,0.0,0.0,0.23977021629156023,0.04903622194961379,0.0,0.005248566652813857,0.2711305913433615,0.0,0.0,0.0,0.0,0.0,0.0,1.3188208708308526,0.0,0.0,0.0,0.0,0.0,0.0,0.0,0.0,0.0,0.0,0.0,0.0,0.0,0.0,0.0,0.0,0.0,0.0,0.02624777478121182,0.02624777478121182
2018/03/08 11:00:00,2018/03/08 11:00:00,2018/03/08 16:00:00,6.864239275573577,6.864239275573577,4.991646357046559,0.0,0.0,0.0,0.2330133774859433,0.04765435787794319,0.0,0.005100659546659875,0.2680036527856186,0.0,0.0,0.0,0.0,0.0,0.0,1.3188208708308526,0.0,0.0,0.0,0.0,0.0,0.0,0.0,0.0,0.0,0.0,0.0,0.0,0.0,0.0,0.0,0.0,0.0,0.0,0.023421737874546284,0.023421737874546284
2018/03/08 12:00:00,2018/03/08 12:00:00,2018/03/08 17:00:00,5.302295043990241,5.302295043990241,4.416045718377028,0.0,0.0,0.0,0.22365196052793865,0.045739822674966235,0.0,0.004895738261486062,0.2852620246662099,0.0,0.0,0.0,0.0,0.0,0.0,0.32669977948261353,0.0,0.0,0.0,0.0,0.0,0.0,0.0,0.0,0.0,0.0,0.0,0.0,0.0,0.0,0.0,0.0,0.0,0.0,0.018092167196993296,0.018092167196993296
2018/03/08 13:00:00,2018/03/08 13:00:00,2018/03/08 18:00:00,4.120859715060836,4.120859715060836,3.5636914679013523,0.0,0.0,0.0,0.21689512172232184,0.04435795860329565,0.0,0.00474783115533208,0.2911673356785335,0.0,0.0,0.0,0.0,0.0,0.0,0.0,0.0,0.0,0.0,0.0,0.0,0.0,0.0,0.0,0.0,0.0,0.0,0.0,0.0,0.0,0.0,0.0,0.0,0.0,0.014060945749282225,0.014060945749282225
2018/03/08 14:00:00,2018/03/08 14:00:00,2018/03/08 19:00:00,3.3064331010320145,3.3064331010320145,2.7409081562059834,0.0,0.0,0.0,0.21490682280316895,0.043951324832805984,0.0,0.004704307320035531,0.30196248987002017,0.0,0.0,0.0,0.0,0.0,0.0,0.0,0.0,0.0,0.0,0.0,0.0,0.0,0.0,0.0,0.0,0.0,0.0,0.0,0.0,0.0,0.0,0.0,0.0,0.0,0.011282009015576449,0.011282009015576449
2018/03/08 15:00:00,2018/03/08 15:00:00,2018/03/08 20:00:00,2.404190755055991,2.404190755055991,1.7569640638817106,0.0,0.0,0.0,0.2150226692040196,0.04397501697402368,0.0,0.004706843196116211,0.3835221618001209,0.0,0.0,0.0,0.0,0.0,0.0,0.0,0.0,0.0,0.0,0.0,0.0,0.0,0.0,0.0,0.0,0.0,0.0,0.0,0.0,0.0,0.0,0.0,0.0,0.0,0.008203432806561602,0.008203432806561602
2018/03/08 16:00:00,2018/03/08 16:00:00,2018/03/08 21:00:00,3.018338413144619,3.018338413144619,0.9375457844504164,0.0,0.0,0.0,0.2175468797931209,0.04449125186178064,0.0,0.004762098130309232,1.407457344766036,0.0,0.0,0.0,0.0,0.0,0.0,0.406535054142956,0.0,0.0,0.0,0.0,0.0,0.0,0.0,0.0,0.0,0.0,0.0,0.0,0.0,0.0,0.0,0.0,0.0,0.0,0.010298989923168142,0.010298989923168142
2018/03/08 17:00:00,2018/03/08 17:00:00,2018/03/08 22:00:00,1.9152663962306404,1.9152663962306404,0.846036241029039,0.0,0.0,0.0,0.22842160089491803,0.046715278039158065,0.0,0.0050001456218464555,0.789093130645679,0.0,0.0,0.0,0.0,0.0,0.0,0.0,0.0,0.0,0.0,0.0,0.0,0.0,0.0,0.0,0.0,0.0,0.0,0.0,0.0,0.0,0.0,0.0,0.0,0.0,0.006535154980985501,0.006535154980985501
2018/03/08 18:00:00,2018/03/08 18:00:00,2018/03/08 23:00:00,2.2414229446831717,2.2414229446831717,1.30778534989286,0.0,0.0,0.0,0.2623054708425313,0.05364498345862761,0.0,0.005741863057088994,0.611945277432064,0.0,0.0,0.0,0.0,0.0,0.0,0.0,0.0,0.0,0.0,0.0,0.0,0.0,0.0,0.0,0.0,0.0,0.0,0.0,0.0,0.0,0.0,0.0,0.0,0.0,0.007648046428564535,0.007648046428564535
2018/03/08 19:00:00,2018/03/08 19:00:00,2018/03/09 00:00:00,3.2028623851703295,3.2028623851703295,1.652920797501421,0.0,0.0,0.0,0.33340137325960434,0.06818504812784563,0.0,0.007298151358235646,0.6343320589831604,0.0,0.0,0.0,0.0,0.0,0.0,0.5067249559400627,0.0,0.0,0.0,0.0,0.0,0.0,0.0,0.0,0.0,0.0,0.0,0.0,0.0,0.0,0.0,0.0,0.0,0.0,0.010928611346730066,0.010928611346730066
2018/03/08 20:00:00,2018/03/08 20:00:00,2018/03/09 01:00:00,4.689721403532473,4.689721403532473,2.266749387201574,0.0,0.0,0.0,0.4274069990350241,0.0874104581947509,0.0,0.00935593318056924,0.579977755089703,0.0,0.0,0.0,0.0,0.0,0.0,1.3188208708308526,0.0,0.0,0.0,0.0,0.0,0.0,0.0,0.0,0.0,0.0,0.0,0.0,0.0,0.0,0.0,0.0,0.0,0.0,0.01600198084717968,0.01600198084717968
2018/03/08 21:00:00,2018/03/08 21:00:00,2018/03/09 02:00:00,5.490232993227095,5.490232993227095,3.00173348631872,0.0,0.0,0.0,0.4886573573918704,0.09993697718169407,0.0,0.01069670266110275,0.5703875988428551,0.0,0.0,0.0,0.0,0.0,0.0,1.3188208708308526,0.0,0.0,0.0,0.0,0.0,0.0,0.0,0.0,0.0,0.0,0.0,0.0,0.0,0.0,0.0,0.0,0.0,0.0,0.01873343758501274,0.01873343758501274
2018/03/08 22:00:00,2018/03/08 22:00:00,2018/03/09 03:00:00,5.650404723157331,5.650404723157331,3.2146591229427424,0.0,0.0,0.0,0.468321919887066,0.09577810773430813,0.0,0.010251560220941161,0.542573141541421,0.0,0.0,0.0,0.0,0.0,0.0,1.3188208708308526,0.0,0.0,0.0,0.0,0.0,0.0,0.0,0.0,0.0,0.0,0.0,0.0,0.0,0.0,0.0,0.0,0.0,0.0,0.019279965775935274,0.019279965775935274
2018/03/08 23:00:00,2018/03/08 23:00:00,2018/03/09 04:00:00,5.370272471210401,5.370272471210401,3.5144742355657757,0.0,0.0,0.0,0.290344826622301,0.0593794074192293,0.0,0.006355644159630639,0.46330240650435034,0.0,0.0,0.0,0.0,0.0,0.0,1.0364159509391146,0.0,0.0,0.0,0.0,0.0,0.0,0.0,0.0,0.0,0.0,0.0,0.0,0.0,0.0,0.0,0.0,0.0,0.0,0.01832411562096539,0.01832411562096539
2018/03/09 00:00:00,2018/03/09 00:00:00,2018/03/09 05:00:00,4.439288027141101,4.439288027141101,3.8842498131769903,0.0,0.0,0.0,0.13094360677997474,0.026779722120023,0.0,0.002866353705536267,0.3944485313585772,0.0,0.0,0.0,0.0,0.0,0.0,0.0,0.0,0.0,0.0,0.0,0.0,0.0,0.0,0.0,0.0,0.0,0.0,0.0,0.0,0.0,0.0,0.0,0.0,0.0,0.015147467380880651,0.015147467380880651
2018/03/09 01:00:00,2018/03/09 01:00:00,2018/03/09 06:00:00,4.70327844110937,4.70327844110937,4.275162317807026,0.0,0.0,0.0,0.06501908921459039,0.013297274945155983,0.0,0.0014232669458539432,0.34837649219674405,0.0,0.0,0.0,0.0,0.0,0.0,0.0,0.0,0.0,0.0,0.0,0.0,0.0,0.0,0.0,0.0,0.0,0.0,0.0,0.0,0.0,0.0,0.0,0.0,0.0,0.016048239342510894,0.016048239342510894
2018/03/09 02:00:00,2018/03/09 02:00:00,2018/03/09 07:00:00,4.716206271515212,4.716206271515212,4.33567943182065,0.0,0.0,0.0,0.03901145352875434,0.00797836496709361,0.0,0.0008539601675123682,0.3326830610312019,0.0,0.0,0.0,0.0,0.0,0.0,0.0,0.0,0.0,0.0,0.0,0.0,0.0,0.0,0.0,0.0,0.0,0.0,0.0,0.0,0.0,0.0,0.0,0.0,0.0,0.01609235089557544,0.01609235089557544
2018/03/09 03:00:00,2018/03/09 03:00:00,2018/03/09 08:00:00,4.864512632880896,4.864512632880896,4.530423655592885,0.0,0.0,0.0,0.026007635685836212,0.005318909978062404,0.0,0.0005693067783415784,0.302193124845772,0.0,0.0,0.0,0.0,0.0,0.0,0.0,0.0,0.0,0.0,0.0,0.0,0.0,0.0,0.0,0.0,0.0,0.0,0.0,0.0,0.0,0.0,0.0,0.0,0.0,0.016598392800815483,0.016598392800815483
2018/03/09 04:00:00,2018/03/09 04:00:00,2018/03/09 09:00:00,5.240201854214962,5.240201854214962,4.918960763466194,0.0,0.0,0.0,0.026007635685836212,0.005318909978062404,0.0,0.0005693067783415784,0.28934523830652903,0.0,0.0,0.0,0.0,0.0,0.0,0.0,0.0,0.0,0.0,0.0,0.0,0.0,0.0,0.0,0.0,0.0,0.0,0.0,0.0,0.0,0.0,0.0,0.0,0.0,0.017880296608523822,0.017880296608523822
2018/03/09 05:00:00,2018/03/09 05:00:00,2018/03/09 10:00:00,5.564264273667497,5.564264273667497,5.256769566514986,0.0,0.0,0.0,0.028359609659443317,0.005799920170125916,0.0,0.0006207914554507214,0.27271438586749136,0.0,0.0,0.0,0.0,0.0,0.0,0.0,0.0,0.0,0.0,0.0,0.0,0.0,0.0,0.0,0.0,0.0,0.0,0.0,0.0,0.0,0.0,0.0,0.0,0.0,0.018986042597073198,0.018986042597073198
2018/03/09 06:00:00,2018/03/09 06:00:00,2018/03/09 11:00:00,5.972568963138178,5.972568963138178,5.581260422244794,0.0,0.0,0.0,0.07657075757208723,0.01565974590684433,0.0,0.001676132803270518,0.29740190461118204,0.0,0.0,0.0,0.0,0.0,0.0,0.0,0.0,0.0,0.0,0.0,0.0,0.0,0.0,0.0,0.0,0.0,0.0,0.0,0.0,0.0,0.0,0.0,0.0,0.0,0.020379234912463632,0.020379234912463632
2018/03/09 07:00:00,2018/03/09 07:00:00,2018/03/09 12:00:00,6.96856112034828,6.96856112034828,5.079880893770689,0.0,0.0,0.0,0.1797670016564363,0.03676476056443332,0.0,0.0039350971307586715,0.3641745395086999,0.0,0.0,0.0,0.0,0.0,0.0,1.3040388277172632,0.0,0.0,0.0,0.0,0.0,0.0,0.0,0.0,0.0,0.0,0.0,0.0,0.0,0.0,0.0,0.0,0.0,0.0,0.02377769849957826,0.02377769849957826
2018/03/09 08:00:00,2018/03/09 08:00:00,2018/03/09 13:00:00,8.05038863011932,8.05038863011932,6.036832317596093,0.0,0.0,0.0,0.22749050639997065,0.04652485673906303,0.0,0.004979763976484562,0.41574031457685573,0.0,0.0,0.0,0.0,0.0,0.0,1.3188208708308526,0.0,0.0,0.0,0.0,0.0,0.0,0.0,0.0,0.0,0.0,0.0,0.0,0.0,0.0,0.0,0.0,0.0,0.0,0.02746904423245456,0.02746904423245456
2018/03/09 09:00:00,2018/03/09 09:00:00,2018/03/09 14:00:00,7.758592830382166,7.758592830382166,5.809559771992844,0.0,0.0,0.0,0.23738819960796062,0.04854906762080994,0.0,0.005196424341206713,0.33907849598849293,0.0,0.0,0.0,0.0,0.0,0.0,1.3188208708308526,0.0,0.0,0.0,0.0,0.0,0.0,0.0,0.0,0.0,0.0,0.0,0.0,0.0,0.0,0.0,0.0,0.0,0.0,0.0264733964323178,0.0264733964323178
2018/03/09 10:00:00,2018/03/09 10:00:00,2018/03/09 15:00:00,7.254499486357399,7.254499486357399,5.370493019289196,0.0,0.0,0.0,0.23977021629156023,0.04903622194961379,0.0,0.005248566652813857,0.2711305913433615,0.0,0.0,0.0,0.0,0.0,0.0,1.3188208708308526,0.0,0.0,0.0,0.0,0.0,0.0,0.0,0.0,0.0,0.0,0.0,0.0,0.0,0.0,0.0,0.0,0.0,0.0,0.02475335992221741,0.02475335992221741
2018/03/09 11:00:00,2018/03/09 11:00:00,2018/03/09 16:00:00,7.2296347705716135,7.2296347705716135,5.357041852044596,0.0,0.0,0.0,0.2330133774859433,0.04765435787794319,0.0,0.005100659546659875,0.2680036527856186,0.0,0.0,0.0,0.0,0.0,0.0,1.3188208708308526,0.0,0.0,0.0,0.0,0.0,0.0,0.0,0.0,0.0,0.0,0.0,0.0,0.0,0.0,0.0,0.0,0.0,0.0,0.024668518058162333,0.024668518058162333
2018/03/09 12:00:00,2018/03/09 12:00:00,2018/03/09 17:00:00,6.657970210523935,6.657970210523935,5.594533234020489,0.0,0.0,0.0,0.22365196052793865,0.045739822674966235,0.0,0.004895738261486062,0.2852620246662099,0.0,0.0,0.0,0.0,0.0,0.0,0.5038874303728452,0.0,0.0,0.0,0.0,0.0,0.0,0.0,0.0,0.0,0.0,0.0,0.0,0.0,0.0,0.0,0.0,0.0,0.0,0.022717919173118988,0.022717919173118988
2018/03/09 13:00:00,2018/03/09 13:00:00,2018/03/09 18:00:00,7.61514069848767,7.61514069848767,5.739151580497335,0.0,0.0,0.0,0.21689512172232184,0.04435795860329565,0.0,0.00474783115533208,0.2911673356785335,0.0,0.0,0.0,0.0,0.0,0.0,1.3188208708308526,0.0,0.0,0.0,0.0,0.0,0.0,0.0,0.0,0.0,0.0,0.0,0.0,0.0,0.0,0.0,0.0,0.0,0.0,0.025983917832302507,0.025983917832302507
2018/03/09 14:00:00,2018/03/09 14:00:00,2018/03/09 19:00:00,6.2907929999518934,6.2907929999518934,5.682966488892886,0.0,0.0,0.0,0.21490682280316895,0.043951324832805984,0.0,0.004704307320035531,0.30196248987002017,0.0,0.0,0.0,0.0,0.0,0.0,0.04230156623297722,0.0,0.0,0.0,0.0,0.0,0.0,0.0,0.0,0.0,0.0,0.0,0.0,0.0,0.0,0.0,0.0,0.0,0.0,0.021465059528478055,0.021465059528478055
2018/03/09 15:00:00,2018/03/09 15:00:00,2018/03/09 20:00:00,7.13512615277523,7.13512615277523,5.581528459930699,0.0,0.0,0.0,0.2150226692040196,0.04397501697402368,0.0,0.004706843196116211,0.6952930349181204,0.0,0.0,0.0,0.0,0.0,0.0,0.5946001285522502,0.0,0.0,0.0,0.0,0.0,0.0,0.0,0.0,0.0,0.0,0.0,0.0,0.0,0.0,0.0,0.0,0.0,0.0,0.02434604152667114,0.02434604152667114
2018/03/09 16:00:00,2018/03/09 16:00:00,2018/03/09 21:00:00,6.311673656808511,6.311673656808511,5.721350356967332,0.0,0.0,0.0,0.2175468797931209,0.04449125186178064,0.0,0.004762098130309232,0.3235230700559683,0.0,0.0,0.0,0.0,0.0,0.0,0.0,0.0,0.0,0.0,0.0,0.0,0.0,0.0,0.0,0.0,0.0,0.0,0.0,0.0,0.0,0.0,0.0,0.0,0.0,0.021536307230067414,0.021536307230067414
2018/03/09 17:00:00,2018/03/09 17:00:00,2018/03/09 22:00:00,6.546676514745897,6.546676514745897,5.828770877900072,0.0,0.0,0.0,0.22842160089491803,0.046715278039158065,0.0,0.0050001456218464555,0.43776861228990366,0.0,0.0,0.0,0.0,0.0,0.0,0.0,0.0,0.0,0.0,0.0,0.0,0.0,0.0,0.0,0.0,0.0,0.0,0.0,0.0,0.0,0.0,0.0,0.0,0.0,0.02233816962404971,0.02233816962404971
2018/03/09 18:00:00,2018/03/09 18:00:00,2018/03/09 23:00:00,7.058542455004004,7.058542455004004,6.124904860213693,0.0,0.0,0.0,0.2623054708425313,0.05364498345862761,0.0,0.005741863057088994,0.611945277432064,0.0,0.0,0.0,0.0,0.0,0.0,0.0,0.0,0.0,0.0,0.0,0.0,0.0,0.0,0.0,0.0,0.0,0.0,0.0,0.0,0.0,0.0,0.0,0.0,0.0,0.024084727312138426,0.024084727312138426
2018/03/09 19:00:00,2018/03/09 19:00:00,2018/03/10 00:00:00,7.532587018535585,7.532587018535585,6.489370386806739,0.0,0.0,0.0,0.33340137325960434,0.06818504812784563,0.0,0.007298151358235646,0.6343320589831604,0.0,0.0,0.0,0.0,0.0,0.0,0.0,0.0,0.0,0.0,0.0,0.0,0.0,0.0,0.0,0.0,0.0,0.0,0.0,0.0,0.0,0.0,0.0,0.0,0.0,0.025702233209317776,0.025702233209317776
2018/03/09 20:00:00,2018/03/09 20:00:00,2018/03/10 01:00:00,8.430884602355702,8.430884602355702,6.467887337793819,0.0,0.0,0.0,0.4274069990350241,0.0874104581947509,0.0,0.00935593318056924,0.579977755089703,0.0,0.0,0.0,0.0,0.0,0.0,0.8588461190618346,0.0,0.0,0.0,0.0,0.0,0.0,0.0,0.0,0.0,0.0,0.0,0.0,0.0,0.0,0.0,0.0,0.0,0.0,0.028767349341915726,0.028767349341915726
2018/03/09 21:00:00,2018/03/09 21:00:00,2018/03/10 02:00:00,9.456637344662214,9.456637344662214,6.96813783775384,0.0,0.0,0.0,0.4886573573918704,0.09993697718169407,0.0,0.01069670266110275,0.5703875988428551,0.0,0.0,0.0,0.0,0.0,0.0,1.3188208708308526,0.0,0.0,0.0,0.0,0.0,0.0,0.0,0.0,0.0,0.0,0.0,0.0,0.0,0.0,0.0,0.0,0.0,0.0,0.03226736017922627,0.03226736017922627
2018/03/09 22:00:00,2018/03/09 22:00:00,2018/03/10 03:00:00,9.610340673234461,9.610340673234461,7.174595073019871,0.0,0.0,0.0,0.468321919887066,0.09577810773430813,0.0,0.010251560220941161,0.542573141541421,0.0,0.0,0.0,0.0,0.0,0.0,1.3188208708308526,0.0,0.0,0.0,0.0,0.0,0.0,0.0,0.0,0.0,0.0,0.0,0.0,0.0,0.0,0.0,0.0,0.0,0.0,0.03279181728623229,0.03279181728623229
2018/03/09 23:00:00,2018/03/09 23:00:00,2018/03/10 04:00:00,9.131868067178775,9.131868067178775,7.58234820080894,0.0,0.0,0.0,0.290344826622301,0.0593794074192293,0.0,0.006355644159630639,0.46330240650435034,0.0,0.0,0.0,0.0,0.0,0.0,0.7301375816643243,0.0,0.0,0.0,0.0,0.0,0.0,0.0,0.0,0.0,0.0,0.0,0.0,0.0,0.0,0.0,0.0,0.0,0.0,0.031159202292890455,0.031159202292890455
2018/03/10 00:00:00,2018/03/10 00:00:00,2018/03/10 05:00:00,8.3734279633527,8.3734279633527,7.818389749388589,0.0,0.0,0.0,0.13094360677997474,0.026779722120023,0.0,0.002866353705536267,0.3944485313585772,0.0,0.0,0.0,0.0,0.0,0.0,0.0,0.0,0.0,0.0,0.0,0.0,0.0,0.0,0.0,0.0,0.0,0.0,0.0,0.0,0.0,0.0,0.0,0.0,0.0,0.02857129930871401,0.02857129930871401
2018/03/10 01:00:00,2018/03/10 01:00:00,2018/03/10 06:00:00,9.073592430347938,9.073592430347938,8.645476307045595,0.0,0.0,0.0,0.06501908921459039,0.013297274945155983,0.0,0.0014232669458539432,0.34837649219674405,0.0,0.0,0.0,0.0,0.0,0.0,0.0,0.0,0.0,0.0,0.0,0.0,0.0,0.0,0.0,0.0,0.0,0.0,0.0,0.0,0.0,0.0,0.0,0.0,0.0,0.03096035772533856,0.03096035772533856
2018/03/10 02:00:00,2018/03/10 02:00:00,2018/03/10 07:00:00,9.274302700982247,9.274302700982247,8.893775861287684,0.0,0.0,0.0,0.03901145352875434,0.00797836496709361,0.0,0.0008539601675123682,0.3326830610312019,0.0,0.0,0.0,0.0,0.0,0.0,0.0,0.0,0.0,0.0,0.0,0.0,0.0,0.0,0.0,0.0,0.0,0.0,0.0,0.0,0.0,0.0,0.0,0.0,0.0,0.03164520904808521,0.03164520904808521
2018/03/10 03:00:00,2018/03/10 03:00:00,2018/03/10 08:00:00,8.977944650533097,8.977944650533097,8.643855673245087,0.0,0.0,0.0,0.026007635685836212,0.005318909978062404,0.0,0.0005693067783415784,0.302193124845772,0.0,0.0,0.0,0.0,0.0,0.0,0.0,0.0,0.0,0.0,0.0,0.0,0.0,0.0,0.0,0.0,0.0,0.0,0.0,0.0,0.0,0.0,0.0,0.0,0.0,0.0306339942148069,0.0306339942148069
2018/03/10 04:00:00,2018/03/10 04:00:00,2018/03/10 09:00:00,8.909710907409416,8.909710907409416,8.588469816660647,0.0,0.0,0.0,0.026007635685836212,0.005318909978062404,0.0,0.0005693067783415784,0.28934523830652903,0.0,0.0,0.0,0.0,0.0,0.0,0.0,0.0,0.0,0.0,0.0,0.0,0.0,0.0,0.0,0.0,0.0,0.0,0.0,0.0,0.0,0.0,0.0,0.0,0.0,0.030401171205368834,0.030401171205368834
2018/03/10 05:00:00,2018/03/10 05:00:00,2018/03/10 10:00:00,8.895744054542465,8.895744054542465,8.588249347389956,0.0,0.0,0.0,0.028359609659443317,0.005799920170125916,0.0,0.0006207914554507214,0.27271438586749136,0.0,0.0,0.0,0.0,0.0,0.0,0.0,0.0,0.0,0.0,0.0,0.0,0.0,0.0,0.0,0.0,0.0,0.0,0.0,0.0,0.0,0.0,0.0,0.0,0.0,0.030353514363343215,0.030353514363343215
2018/03/10 06:00:00,2018/03/10 06:00:00,2018/03/10 11:00:00,9.073157729235088,9.073157729235088,8.681849188341705,0.0,0.0,0.0,0.07657075757208723,0.01565974590684433,0.0,0.001676132803270518,0.29740190461118204,0.0,0.0,0.0,0.0,0.0,0.0,0.0,0.0,0.0,0.0,0.0,0.0,0.0,0.0,0.0,0.0,0.0,0.0,0.0,0.0,0.0,0.0,0.0,0.0,0.0,0.03095887446476005,0.03095887446476005
2018/03/10 07:00:00,2018/03/10 07:00:00,2018/03/10 12:00:00,9.675884036460287,9.675884036460287,8.72180828807013,0.0,0.0,0.0,0.1797670016564363,0.03676476056443332,0.0,0.0039350971307586715,0.3641745395086999,0.0,0.0,0.0,0.0,0.0,0.0,0.3694343495298278,0.0,0.0,0.0,0.0,0.0,0.0,0.0,0.0,0.0,0.0,0.0,0.0,0.0,0.0,0.0,0.0,0.0,0.0,0.03301546034575591,0.03301546034575591
2018/03/10 08:00:00,2018/03/10 08:00:00,2018/03/10 13:00:00,9.42996806589349,9.42996806589349,7.845576989402359,0.0,0.0,0.0,0.22749050639997065,0.04652485673906303,0.0,0.004979763976484562,0.41574031457685573,0.0,0.0,0.0,0.0,0.0,0.0,0.889655634798757,0.0,0.0,0.0,0.0,0.0,0.0,0.0,0.0,0.0,0.0,0.0,0.0,0.0,0.0,0.0,0.0,0.0,0.0,0.03217636089561344,0.03217636089561344
2018/03/10 09:00:00,2018/03/10 09:00:00,2018/03/10 14:00:00,9.070036359975317,9.070036359975317,7.121003301585994,0.0,0.0,0.0,0.23738819960796062,0.04854906762080994,0.0,0.005196424341206713,0.33907849598849293,0.0,0.0,0.0,0.0,0.0,0.0,1.3188208708308526,0.0,0.0,0.0,0.0,0.0,0.0,0.0,0.0,0.0,0.0,0.0,0.0,0.0,0.0,0.0,0.0,0.0,0.0,0.030948223919276856,0.030948223919276856
2018/03/10 10:00:00,2018/03/10 10:00:00,2018/03/10 15:00:00,7.546869940151895,7.546869940151895,6.018804014740163,0.0,0.0,0.0,0.23977021629156023,0.04903622194961379,0.0,0.005248566652813857,0.2711305913433615,0.0,0.0,0.0,0.0,0.0,0.0,0.9628803291743822,0.0,0.0,0.0,0.0,0.0,0.0,0.0,0.0,0.0,0.0,0.0,0.0,0.0,0.0,0.0,0.0,0.0,0.0,0.025750968521819243,0.025750968521819243
2018/03/10 11:00:00,2018/03/10 11:00:00,2018/03/10 16:00:00,5.584308217477966,5.584308217477966,5.030536169781802,0.0,0.0,0.0,0.2330133774859433,0.04765435787794319,0.0,0.005100659546659875,0.2680036527856186,0.0,0.0,0.0,0.0,0.0,0.0,0.0,0.0,0.0,0.0,0.0,0.0,0.0,0.0,0.0,0.0,0.0,0.0,0.0,0.0,0.0,0.0,0.0,0.0,0.0,0.0190544353175268,0.0190544353175268
2018/03/10 12:00:00,2018/03/10 12:00:00,2018/03/10 17:00:00,5.090999014425593,5.090999014425593,4.531449468294993,0.0,0.0,0.0,0.22365196052793865,0.045739822674966235,0.0,0.004895738261486062,0.2852620246662099,0.0,0.0,0.0,0.0,0.0,0.0,0.0,0.0,0.0,0.0,0.0,0.0,0.0,0.0,0.0,0.0,0.0,0.0,0.0,0.0,0.0,0.0,0.0,0.0,0.0,0.01737119579437825,0.01737119579437825
2018/03/10 13:00:00,2018/03/10 13:00:00,2018/03/10 18:00:00,4.488020473045693,4.488020473045693,3.9308522258862095,0.0,0.0,0.0,0.21689512172232184,0.04435795860329565,0.0,0.00474783115533208,0.2911673356785335,0.0,0.0,0.0,0.0,0.0,0.0,0.0,0.0,0.0,0.0,0.0,0.0,0.0,0.0,0.0,0.0,0.0,0.0,0.0,0.0,0.0,0.0,0.0,0.0,0.0,0.015313749255410363,0.015313749255410363
2018/03/10 14:00:00,2018/03/10 14:00:00,2018/03/10 19:00:00,4.740958280888321,4.740958280888321,3.1077714816661817,0.0,0.0,0.0,0.21490682280316895,0.043951324832805984,0.0,0.004704307320035531,0.30196248987002017,0.0,0.0,0.0,0.0,0.0,0.0,1.0676618543961087,0.0,0.0,0.0,0.0,0.0,0.0,0.0,0.0,0.0,0.0,0.0,0.0,0.0,0.0,0.0,0.0,0.0,0.0,0.016176808189695163,0.016176808189695163
2018/03/10 15:00:00,2018/03/10 15:00:00,2018/03/10 20:00:00,3.8450418946582885,3.8450418946582885,2.5920782105686593,0.0,0.0,0.0,0.2150226692040196,0.04397501697402368,0.0,0.004706843196116211,0.3361306675280402,0.0,0.0,0.0,0.0,0.0,0.0,0.6531284871874298,0.0,0.0,0.0,0.0,0.0,0.0,0.0,0.0,0.0,0.0,0.0,0.0,0.0,0.0,0.0,0.0,0.0,0.0,0.013119817034031062,0.013119817034031062
2018/03/10 16:00:00,2018/03/10 16:00:00,2018/03/10 21:00:00,2.631151168791706,2.631151168791706,2.040827868950527,0.0,0.0,0.0,0.2175468797931209,0.04449125186178064,0.0,0.004762098130309232,0.3235230700559683,0.0,0.0,0.0,0.0,0.0,0.0,0.0,0.0,0.0,0.0,0.0,0.0,0.0,0.0,0.0,0.0,0.0,0.0,0.0,0.0,0.0,0.0,0.0,0.0,0.0,0.008977853263804812,0.008977853263804812
2018/03/10 17:00:00,2018/03/10 17:00:00,2018/03/10 22:00:00,2.4358519210193585,2.4358519210193585,1.7179462841735325,0.0,0.0,0.0,0.22842160089491803,0.046715278039158065,0.0,0.0050001456218464555,0.43776861228990366,0.0,0.0,0.0,0.0,0.0,0.0,0.0,0.0,0.0,0.0,0.0,0.0,0.0,0.0,0.0,0.0,0.0,0.0,0.0,0.0,0.0,0.0,0.0,0.0,0.0,0.008311465102672746,0.008311465102672746
2018/03/10 18:00:00,2018/03/10 18:00:00,2018/03/10 23:00:00,3.0743912526053614,3.0743912526053614,2.1407536578150497,0.0,0.0,0.0,0.2623054708425313,0.05364498345862761,0.0,0.005741863057088994,0.611945277432064,0.0,0.0,0.0,0.0,0.0,0.0,0.0,0.0,0.0,0.0,0.0,0.0,0.0,0.0,0.0,0.0,0.0,0.0,0.0,0.0,0.0,0.0,0.0,0.0,0.0,0.010490249997339118,0.010490249997339118
2018/03/10 19:00:00,2018/03/10 19:00:00,2018/03/11 00:00:00,5.440192819941694,5.440192819941694,3.0916145854155164,0.0,0.0,0.0,0.33340137325960434,0.06818504812784563,0.0,0.007298151358235646,0.6343320589831604,0.0,0.0,0.0,0.0,0.0,0.0,1.3053616027973318,0.0,0.0,0.0,0.0,0.0,0.0,0.0,0.0,0.0,0.0,0.0,0.0,0.0,0.0,0.0,0.0,0.0,0.0,0.018562693563011906,0.018562693563011906
2018/03/10 20:00:00,2018/03/10 20:00:00,2018/03/11 01:00:00,7.444414675644849,7.444414675644849,4.607217973134947,0.0,0.0,0.0,0.4274069990350241,0.0874104581947509,0.0,0.00935593318056924,0.9942024412687047,0.0,0.0,0.0,0.0,0.0,0.0,1.3188208708308526,0.0,0.0,0.0,0.0,0.0,0.0,0.0,0.0,0.0,0.0,0.0,0.0,0.0,0.0,0.0,0.0,0.0,0.0,0.02540137692793489,0.02540137692793489
2018/03/10 21:00:00,2018/03/10 21:00:00,2018/03/11 02:00:00,8.258195916484553,8.258195916484553,5.769696409576177,0.0,0.0,0.0,0.4886573573918704,0.09993697718169407,0.0,0.01069670266110275,0.5703875988428551,0.0,0.0,0.0,0.0,0.0,0.0,1.3188208708308526,0.0,0.0,0.0,0.0,0.0,0.0,0.0,0.0,0.0,0.0,0.0,0.0,0.0,0.0,0.0,0.0,0.0,0.0,0.02817811155867485,0.02817811155867485
2018/03/10 22:00:00,2018/03/10 22:00:00,2018/03/11 03:00:00,7.746882562679333,7.746882562679333,6.5452151637758895,0.0,0.0,0.0,0.468321919887066,0.09577810773430813,0.0,0.010251560220941161,0.542573141541421,0.0,0.0,0.0,0.0,0.0,0.0,0.08474266951970623,0.0,0.0,0.0,0.0,0.0,0.0,0.0,0.0,0.0,0.0,0.0,0.0,0.0,0.0,0.0,0.0,0.0,0.0,0.026433439372319532,0.026433439372319532
2018/03/10 23:00:00,2018/03/10 23:00:00,2018/03/11 04:00:00,7.990186477976873,7.990186477976873,7.170804193271361,0.0,0.0,0.0,0.290344826622301,0.0593794074192293,0.0,0.006355644159630639,0.46330240650435034,0.0,0.0,0.0,0.0,0.0,0.0,0.0,0.0,0.0,0.0,0.0,0.0,0.0,0.0,0.0,0.0,0.0,0.0,0.0,0.0,0.0,0.0,0.0,0.0,0.0,0.0272636261270599,0.0272636261270599
2018/03/11 00:00:00,2018/03/11 00:00:00,2018/03/11 05:00:00,8.29413738066038,8.29413738066038,7.73909916669627,0.0,0.0,0.0,0.13094360677997474,0.026779722120023,0.0,0.002866353705536267,0.3944485313585772,0.0,0.0,0.0,0.0,0.0,0.0,0.0,0.0,0.0,0.0,0.0,0.0,0.0,0.0,0.0,0.0,0.0,0.0,0.0,0.0,0.0,0.0,0.0,0.0,0.0,0.028300748826834962,0.028300748826834962
2018/03/11 01:00:00,2018/03/11 01:00:00,2018/03/11 06:00:00,9.073069444239044,9.073069444239044,8.644953320936702,0.0,0.0,0.0,0.06501908921459039,0.013297274945155983,0.0,0.0014232669458539432,0.34837649219674405,0.0,0.0,0.0,0.0,0.0,0.0,0.0,0.0,0.0,0.0,0.0,0.0,0.0,0.0,0.0,0.0,0.0,0.0,0.0,0.0,0.0,0.0,0.0,0.0,0.0,0.03095857322409046,0.03095857322409046
2018/03/11 02:00:00,2018/03/11 02:00:00,2018/03/11 07:00:00,9.195682234531729,9.195682234531729,8.815155394837166,0.0,0.0,0.0,0.03901145352875434,0.00797836496709361,0.0,0.0008539601675123682,0.3326830610312019,0.0,0.0,0.0,0.0,0.0,0.0,0.0,0.0,0.0,0.0,0.0,0.0,0.0,0.0,0.0,0.0,0.0,0.0,0.0,0.0,0.0,0.0,0.0,0.0,0.0,0.03137694509590462,0.03137694509590462
2018/03/11 03:00:00,2018/03/11 03:00:00,2018/03/11 08:00:00,8.724523082441307,8.724523082441307,8.390434105153295,0.0,0.0,0.0,0.026007635685836212,0.005318909978062404,0.0,0.0005693067783415784,0.302193124845772,0.0,0.0,0.0,0.0,0.0,0.0,0.0,0.0,0.0,0.0,0.0,0.0,0.0,0.0,0.0,0.0,0.0,0.0,0.0,0.0,0.0,0.0,0.0,0.0,0.0,0.029769284623356006,0.029769284623356006
2018/03/11 04:00:00,2018/03/11 04:00:00,2018/03/11 09:00:00,8.70083795913318,8.70083795913318,8.37959686838441,0.0,0.0,0.0,0.026007635685836212,0.005318909978062404,0.0,0.0005693067783415784,0.28934523830652903,0.0,0.0,0.0,0.0,0.0,0.0,0.0,0.0,0.0,0.0,0.0,0.0,0.0,0.0,0.0,0.0,0.0,0.0,0.0,0.0,0.0,0.0,0.0,0.0,0.0,0.02968846769268412,0.02968846769268412
2018/03/11 05:00:00,2018/03/11 05:00:00,2018/03/11 10:00:00,8.702228049248612,8.702228049248612,8.394733342096101,0.0,0.0,0.0,0.028359609659443317,0.005799920170125916,0.0,0.0006207914554507214,0.27271438586749136,0.0,0.0,0.0,0.0,0.0,0.0,0.0,0.0,0.0,0.0,0.0,0.0,0.0,0.0,0.0,0.0,0.0,0.0,0.0,0.0,0.0,0.0,0.0,0.0,0.0,0.029693210873246247,0.029693210873246247
2018/03/11 06:00:00,2018/03/11 06:00:00,2018/03/11 11:00:00,9.206522205836926,9.206522205836926,8.409803698593704,0.0,0.0,0.0,0.07657075757208723,0.01565974590684433,0.0,0.001676132803270518,0.29740190461118204,0.0,0.0,0.0,0.0,0.0,0.0,0.4054099663498385,0.0,0.0,0.0,0.0,0.0,0.0,0.0,0.0,0.0,0.0,0.0,0.0,0.0,0.0,0.0,0.0,0.0,0.0,0.031413932583707005,0.031413932583707005
2018/03/11 07:00:00,2018/03/11 07:00:00,2018/03/11 12:00:00,9.134986568730168,9.134986568730168,8.319323820291082,0.0,0.0,0.0,0.1797670016564363,0.03676476056443332,0.0,0.0039350971307586715,0.3641745395086999,0.0,0.0,0.0,0.0,0.0,0.0,0.23102134957875864,0.0,0.0,0.0,0.0,0.0,0.0,0.0,0.0,0.0,0.0,0.0,0.0,0.0,0.0,0.0,0.0,0.0,0.0,0.031169843053354324,0.031169843053354324
2018/03/11 08:00:00,2018/03/11 08:00:00,2018/03/11 13:00:00,9.405265754764883,9.405265754764883,7.391709442241656,0.0,0.0,0.0,0.22749050639997065,0.04652485673906303,0.0,0.004979763976484562,0.41574031457685573,0.0,0.0,0.0,0.0,0.0,0.0,1.3188208708308526,0.0,0.0,0.0,0.0,0.0,0.0,0.0,0.0,0.0,0.0,0.0,0.0,0.0,0.0,0.0,0.0,0.0,0.0,0.03209207317880721,0.03209207317880721
2018/03/11 09:00:00,2018/03/11 09:00:00,2018/03/11 14:00:00,8.938930078426168,8.938930078426168,6.989897020036844,0.0,0.0,0.0,0.23738819960796062,0.04854906762080994,0.0,0.005196424341206713,0.33907849598849293,0.0,0.0,0.0,0.0,0.0,0.0,1.3188208708308526,0.0,0.0,0.0,0.0,0.0,0.0,0.0,0.0,0.0,0.0,0.0,0.0,0.0,0.0,0.0,0.0,0.0,0.0,0.030500871075520682,0.030500871075520682
2018/03/11 10:00:00,2018/03/11 10:00:00,2018/03/11 15:00:00,7.855228646622012,7.855228646622012,5.97122217955381,0.0,0.0,0.0,0.23977021629156023,0.04903622194961379,0.0,0.005248566652813857,0.2711305913433615,0.0,0.0,0.0,0.0,0.0,0.0,1.3188208708308526,0.0,0.0,0.0,0.0,0.0,0.0,0.0,0.0,0.0,0.0,0.0,0.0,0.0,0.0,0.0,0.0,0.0,0.0,0.026803131260373217,0.026803131260373217
2018/03/11 11:00:00,2018/03/11 11:00:00,2018/03/11 16:00:00,6.707242572012839,6.707242572012839,4.800312609817654,0.0,0.0,0.0,0.2330133774859433,0.04765435787794319,0.0,0.005100659546659875,0.3023406964537858,0.0,0.0,0.0,0.0,0.0,0.0,1.3188208708308526,0.0,0.0,0.0,0.0,0.0,0.0,0.0,0.0,0.0,0.0,0.0,0.0,0.0,0.0,0.0,0.0,0.0,0.0,0.022886043314618493,0.022886043314618493
2018/03/11 12:00:00,2018/03/11 12:00:00,2018/03/11 17:00:00,5.649627925360918,5.649627925360918,3.8399010648156757,0.0,0.0,0.0,0.22365196052793865,0.045739822674966235,0.0,0.004895738261486062,1.0593243384245115,0.0,0.0,0.0,0.0,0.0,0.0,0.47611500065633994,0.0,0.0,0.0,0.0,0.0,0.0,0.0,0.0,0.0,0.0,0.0,0.0,0.0,0.0,0.0,0.0,0.0,0.0,0.01927731523395404,0.01927731523395404
2018/03/11 13:00:00,2018/03/11 13:00:00,2018/03/11 18:00:00,3.9459294562270695,3.9459294562270695,3.3887612090675865,0.0,0.0,0.0,0.21689512172232184,0.04435795860329565,0.0,0.00474783115533208,0.2911673356785335,0.0,0.0,0.0,0.0,0.0,0.0,0.0,0.0,0.0,0.0,0.0,0.0,0.0,0.0,0.0,0.0,0.0,0.0,0.0,0.0,0.0,0.0,0.0,0.0,0.0,0.013464059407730758,0.013464059407730758
2018/03/11 14:00:00,2018/03/11 14:00:00,2018/03/11 19:00:00,3.8337842703364715,3.8337842703364715,2.8143824410582807,0.0,0.0,0.0,0.21490682280316895,0.043951324832805984,0.0,0.004704307320035531,0.30196248987002017,0.0,0.0,0.0,0.0,0.0,0.0,0.4538768844521596,0.0,0.0,0.0,0.0,0.0,0.0,0.0,0.0,0.0,0.0,0.0,0.0,0.0,0.0,0.0,0.0,0.0,0.0,0.013081404456122537,0.013081404456122537
2018/03/11 15:00:00,2018/03/11 15:00:00,2018/03/11 20:00:00,2.9467963512802235,2.9467963512802235,2.346961154378024,0.0,0.0,0.0,0.2150226692040196,0.04397501697402368,0.0,0.004706843196116211,0.3361306675280402,0.0,0.0,0.0,0.0,0.0,0.0,0.0,0.0,0.0,0.0,0.0,0.0,0.0,0.0,0.0,0.0,0.0,0.0,0.0,0.0,0.0,0.0,0.0,0.0,0.0,0.010054878470649986,0.010054878470649986
2018/03/11 16:00:00,2018/03/11 16:00:00,2018/03/11 21:00:00,2.573218274688909,2.573218274688909,1.952448763974189,0.0,0.0,0.0,0.2175468797931209,0.04449125186178064,0.0,0.004762098130309232,0.3539692809295095,0.0,0.0,0.0,0.0,0.0,0.0,0.0,0.0,0.0,0.0,0.0,0.0,0.0,0.0,0.0,0.0,0.0,0.0,0.0,0.0,0.0,0.0,0.0,0.0,0.0,0.008780178182049134,0.008780178182049134
2018/03/11 17:00:00,2018/03/11 17:00:00,2018/03/11 22:00:00,3.247469914646446,3.247469914646446,1.84321327269662,0.0,0.0,0.0,0.22842160089491803,0.046715278039158065,0.0,0.0050001456218464555,1.1241196173939034,0.0,0.0,0.0,0.0,0.0,0.0,0.0,0.0,0.0,0.0,0.0,0.0,0.0,0.0,0.0,0.0,0.0,0.0,0.0,0.0,0.0,0.0,0.0,0.0,0.0,0.011080818433440835,0.011080818433440835
2018/03/11 18:00:00,2018/03/11 18:00:00,2018/03/11 23:00:00,3.1769529095399887,3.1769529095399887,2.243315314749677,0.0,0.0,0.0,0.2623054708425313,0.05364498345862761,0.0,0.005741863057088994,0.611945277432064,0.0,0.0,0.0,0.0,0.0,0.0,0.0,0.0,0.0,0.0,0.0,0.0,0.0,0.0,0.0,0.0,0.0,0.0,0.0,0.0,0.0,0.0,0.0,0.0,0.0,0.010840204616964649,0.010840204616964649
2018/03/11 19:00:00,2018/03/11 19:00:00,2018/03/12 00:00:00,4.81364013045086,4.81364013045086,2.959570071423264,0.0,0.0,0.0,0.33340137325960434,0.06818504812784563,0.0,0.007298151358235646,0.6343320589831604,0.0,0.0,0.0,0.0,0.0,0.0,0.8108534272987497,0.0,0.0,0.0,0.0,0.0,0.0,0.0,0.0,0.0,0.0,0.0,0.0,0.0,0.0,0.0,0.0,0.0,0.0,0.01642480875615979,0.01642480875615979
2018/03/11 20:00:00,2018/03/11 20:00:00,2018/03/12 01:00:00,5.591265380843389,5.591265380843389,4.056141726457074,0.0,0.0,0.0,0.4274069990350241,0.0874104581947509,0.0,0.00935593318056924,0.579977755089703,0.0,0.0,0.0,0.0,0.0,0.0,0.43097250888626587,0.0,0.0,0.0,0.0,0.0,0.0,0.0,0.0,0.0,0.0,0.0,0.0,0.0,0.0,0.0,0.0,0.0,0.0,0.019078174125303382,0.019078174125303382
2018/03/11 21:00:00,2018/03/11 21:00:00,2018/03/12 02:00:00,6.073985167150119,6.073985167150119,4.866014872199648,0.0,0.0,0.0,0.4886573573918704,0.09993697718169407,0.0,0.01069670266110275,0.6086792577158038,0.0,0.0,0.0,0.0,0.0,0.0,0.0,0.0,0.0,0.0,0.0,0.0,0.0,0.0,0.0,0.0,0.0,0.0,0.0,0.0,0.0,0.0,0.0,0.0,0.0,0.020725281087609633,0.020725281087609633
2018/03/11 22:00:00,2018/03/11 22:00:00,2018/03/12 03:00:00,8.015796039276774,8.015796039276774,5.6305035425288645,0.0,0.0,0.0,0.468321919887066,0.09577810773430813,0.0,0.010251560220941161,1.4057846151697304,0.0,0.0,0.0,0.0,0.0,0.0,0.4051562937358647,0.0,0.0,0.0,0.0,0.0,0.0,0.0,0.0,0.0,0.0,0.0,0.0,0.0,0.0,0.0,0.0,0.0,0.0,0.027351009507470735,0.027351009507470735
2018/03/11 23:00:00,2018/03/11 23:00:00,2018/03/12 04:00:00,7.717520712305011,7.717520712305011,6.3796308269141315,0.0,0.0,0.0,0.290344826622301,0.0593794074192293,0.0,0.006355644159630639,0.46330240650435034,0.0,0.0,0.0,0.0,0.0,0.0,0.5185076006853683,0.0,0.0,0.0,0.0,0.0,0.0,0.0,0.0,0.0,0.0,0.0,0.0,0.0,0.0,0.0,0.0,0.0,0.0,0.026333252660381008,0.026333252660381008
2018/03/12 00:00:00,2018/03/12 00:00:00,2018/03/12 05:00:00,7.940705012291043,7.940705012291043,6.979609181570422,0.0,0.0,0.0,0.13094360677997474,0.026779722120023,0.0,0.002866353705536267,0.3944485313585772,0.0,0.0,0.0,0.0,0.0,0.0,0.40605761675651053,0.0,0.0,0.0,0.0,0.0,0.0,0.0,0.0,0.0,0.0,0.0,0.0,0.0,0.0,0.0,0.0,0.0,0.0,0.0270947884929952,0.0270947884929952
2018/03/12 01:00:00,2018/03/12 01:00:00,2018/03/12 06:00:00,8.679347054199349,8.679347054199349,7.779421334966125,0.0,0.0,0.0,0.06501908921459039,0.013297274945155983,0.0,0.0014232669458539432,0.34837649219674405,0.0,0.0,0.0,0.0,0.0,0.0,0.4718095959308788,0.0,0.0,0.0,0.0,0.0,0.0,0.0,0.0,0.0,0.0,0.0,0.0,0.0,0.0,0.0,0.0,0.0,0.0,0.029615137739889764,0.029615137739889764
2018/03/12 02:00:00,2018/03/12 02:00:00,2018/03/12 07:00:00,8.414776800098624,8.414776800098624,8.034249960404061,0.0,0.0,0.0,0.03901145352875434,0.00797836496709361,0.0,0.0008539601675123682,0.3326830610312019,0.0,0.0,0.0,0.0,0.0,0.0,0.0,0.0,0.0,0.0,0.0,0.0,0.0,0.0,0.0,0.0,0.0,0.0,0.0,0.0,0.0,0.0,0.0,0.0,0.0,0.028712387283185807,0.028712387283185807
2018/03/12 03:00:00,2018/03/12 03:00:00,2018/03/12 08:00:00,8.016756096617584,8.016756096617584,7.682667119329572,0.0,0.0,0.0,0.026007635685836212,0.005318909978062404,0.0,0.0005693067783415784,0.302193124845772,0.0,0.0,0.0,0.0,0.0,0.0,0.0,0.0,0.0,0.0,0.0,0.0,0.0,0.0,0.0,0.0,0.0,0.0,0.0,0.0,0.0,0.0,0.0,0.0,0.0,0.027354285356472822,0.027354285356472822
2018/03/12 04:00:00,2018/03/12 04:00:00,2018/03/12 09:00:00,7.951033790658305,7.951033790658305,7.629792699909537,0.0,0.0,0.0,0.026007635685836212,0.005318909978062404,0.0,0.0005693067783415784,0.28934523830652903,0.0,0.0,0.0,0.0,0.0,0.0,0.0,0.0,0.0,0.0,0.0,0.0,0.0,0.0,0.0,0.0,0.0,0.0,0.0,0.0,0.0,0.0,0.0,0.0,0.0,0.0271300317194869,0.0271300317194869
2018/03/12 05:00:00,2018/03/12 05:00:00,2018/03/12 10:00:00,7.9166995268215885,7.9166995268215885,7.609204819669077,0.0,0.0,0.0,0.028359609659443317,0.005799920170125916,0.0,0.0006207914554507214,0.27271438586749136,0.0,0.0,0.0,0.0,0.0,0.0,0.0,0.0,0.0,0.0,0.0,0.0,0.0,0.0,0.0,0.0,0.0,0.0,0.0,0.0,0.0,0.0,0.0,0.0,0.0,0.027012878442129466,0.027012878442129466
2018/03/12 06:00:00,2018/03/12 06:00:00,2018/03/12 11:00:00,7.846015173087894,7.846015173087894,7.454706632194509,0.0,0.0,0.0,0.07657075757208723,0.01565974590684433,0.0,0.001676132803270518,0.29740190461118204,0.0,0.0,0.0,0.0,0.0,0.0,0.0,0.0,0.0,0.0,0.0,0.0,0.0,0.0,0.0,0.0,0.0,0.0,0.0,0.0,0.0,0.0,0.0,0.0,0.0,0.02677169360889185,0.02677169360889185
2018/03/12 07:00:00,2018/03/12 07:00:00,2018/03/12 12:00:00,7.736384786237738,7.736384786237738,7.151743387377411,0.0,0.0,0.0,0.1797670016564363,0.03676476056443332,0.0,0.0039350971307586715,0.3641745395086999,0.0,0.0,0.0,0.0,0.0,0.0,0.0,0.0,0.0,0.0,0.0,0.0,0.0,0.0,0.0,0.0,0.0,0.0,0.0,0.0,0.0,0.0,0.0,0.0,0.0,0.0263976195009238,0.0263976195009238
2018/03/12 08:00:00,2018/03/12 08:00:00,2018/03/12 13:00:00,8.05303021763063,8.05303021763063,6.825527439138223,0.0,0.0,0.0,0.22749050639997065,0.04652485673906303,0.0,0.004979763976484562,0.41574031457685573,0.0,0.0,0.0,0.0,0.0,0.0,0.5327673368000335,0.0,0.0,0.0,0.0,0.0,0.0,0.0,0.0,0.0,0.0,0.0,0.0,0.0,0.0,0.0,0.0,0.0,0.0,0.027478057695968686,0.027478057695968686
2018/03/12 09:00:00,2018/03/12 09:00:00,2018/03/12 14:00:00,8.150955471147457,8.150955471147457,6.349481408940474,0.0,0.0,0.0,0.23738819960796062,0.04854906762080994,0.0,0.005196424341206713,0.41223871861423783,0.0,0.0,0.0,0.0,0.0,0.0,1.0981016520227667,0.0,0.0,0.0,0.0,0.0,0.0,0.0,0.0,0.0,0.0,0.0,0.0,0.0,0.0,0.0,0.0,0.0,0.0,0.027812192263120403,0.027812192263120403
2018/03/12 10:00:00,2018/03/12 10:00:00,2018/03/12 15:00:00,9.895965970944172,9.895965970944172,6.346417424531538,0.0,0.0,0.0,0.23977021629156023,0.04903622194961379,0.0,0.005248566652813857,1.9366726706877924,0.0,0.0,0.0,0.0,0.0,0.0,1.3188208708308526,0.0,0.0,0.0,0.0,0.0,0.0,0.0,0.0,0.0,0.0,0.0,0.0,0.0,0.0,0.0,0.0,0.0,0.0,0.033766410476347604,0.033766410476347604
2018/03/12 11:00:00,2018/03/12 11:00:00,2018/03/12 16:00:00,8.04404066264776,8.04404066264776,5.8013302441431325,0.0,0.0,0.0,0.2330133774859433,0.04765435787794319,0.0,0.005100659546659875,0.6381211527632282,0.0,0.0,0.0,0.0,0.0,0.0,1.3188208708308526,0.0,0.0,0.0,0.0,0.0,0.0,0.0,0.0,0.0,0.0,0.0,0.0,0.0,0.0,0.0,0.0,0.0,0.0,0.027447384085687226,0.027447384085687226
2018/03/12 12:00:00,2018/03/12 12:00:00,2018/03/12 17:00:00,7.402425224085309,7.402425224085309,5.419851645344632,0.0,0.0,0.0,0.22365196052793865,0.045739822674966235,0.0,0.004895738261486062,0.38946518644543276,0.0,0.0,0.0,0.0,0.0,0.0,1.3188208708308526,0.0,0.0,0.0,0.0,0.0,0.0,0.0,0.0,0.0,0.0,0.0,0.0,0.0,0.0,0.0,0.0,0.0,0.0,0.025258103086735446,0.025258103086735446
2018/03/12 13:00:00,2018/03/12 13:00:00,2018/03/12 18:00:00,7.840330812369193,7.840330812369193,5.1279701101104,0.0,0.0,0.0,0.21689512172232184,0.04435795860329565,0.0,0.00474783115533208,1.1275389199469905,0.0,0.0,0.0,0.0,0.0,0.0,1.3188208708308526,0.0,0.0,0.0,0.0,0.0,0.0,0.0,0.0,0.0,0.0,0.0,0.0,0.0,0.0,0.0,0.0,0.0,0.0,0.026752297780542517,0.026752297780542517
2018/03/12 14:00:00,2018/03/12 14:00:00,2018/03/12 19:00:00,6.443727354330636,6.443727354330636,5.13459023343989,0.0,0.0,0.0,0.21490682280316895,0.043951324832805984,0.0,0.004704307320035531,0.30196248987002017,0.0,0.0,0.0,0.0,0.0,0.0,0.7436121760647153,0.0,0.0,0.0,0.0,0.0,0.0,0.0,0.0,0.0,0.0,0.0,0.0,0.0,0.0,0.0,0.0,0.0,0.0,0.021986892788722696,0.021986892788722696
2018/03/12 15:00:00,2018/03/12 15:00:00,2018/03/12 20:00:00,5.339708901161064,5.339708901161064,4.739873704258863,0.0,0.0,0.0,0.2150226692040196,0.04397501697402368,0.0,0.004706843196116211,0.3361306675280402,0.0,0.0,0.0,0.0,0.0,0.0,0.0,0.0,0.0,0.0,0.0,0.0,0.0,0.0,0.0,0.0,0.0,0.0,0.0,0.0,0.0,0.0,0.0,0.0,0.0,0.01821982847457274,0.01821982847457274
2018/03/12 16:00:00,2018/03/12 16:00:00,2018/03/12 21:00:00,5.195221458603984,5.195221458603984,4.1652003642042725,0.0,0.0,0.0,0.2175468797931209,0.04449125186178064,0.0,0.004762098130309232,0.3235230700559683,0.0,0.0,0.0,0.0,0.0,0.0,0.439697794558534,0.0,0.0,0.0,0.0,0.0,0.0,0.0,0.0,0.0,0.0,0.0,0.0,0.0,0.0,0.0,0.0,0.0,0.0,0.017726817250768526,0.017726817250768526
2018/03/12 17:00:00,2018/03/12 17:00:00,2018/03/12 22:00:00,4.445445895014766,4.445445895014766,3.7275402581689394,0.0,0.0,0.0,0.22842160089491803,0.046715278039158065,0.0,0.0050001456218464555,0.43776861228990366,0.0,0.0,0.0,0.0,0.0,0.0,0.0,0.0,0.0,0.0,0.0,0.0,0.0,0.0,0.0,0.0,0.0,0.0,0.0,0.0,0.0,0.0,0.0,0.0,0.0,0.015168478881414482,0.015168478881414482
2018/03/12 18:00:00,2018/03/12 18:00:00,2018/03/12 23:00:00,5.0209125030677955,5.0209125030677955,3.8467438311618003,0.0,0.0,0.0,0.2623054708425313,0.05364498345862761,0.0,0.005741863057088994,0.611945277432064,0.0,0.0,0.0,0.0,0.0,0.0,0.2405310771156825,0.0,0.0,0.0,0.0,0.0,0.0,0.0,0.0,0.0,0.0,0.0,0.0,0.0,0.0,0.0,0.0,0.0,0.0,0.01713205088236954,0.01713205088236954
2018/03/12 19:00:00,2018/03/12 19:00:00,2018/03/13 00:00:00,5.264857483047939,5.264857483047939,4.026328885309593,0.0,0.0,0.0,0.33340137325960434,0.06818504812784563,0.0,0.007298151358235646,0.6343320589831604,0.0,0.0,0.0,0.0,0.0,0.0,0.19531196600949932,0.0,0.0,0.0,0.0,0.0,0.0,0.0,0.0,0.0,0.0,0.0,0.0,0.0,0.0,0.0,0.0,0.0,0.0,0.017964425038853028,0.017964425038853028
2018/03/12 20:00:00,2018/03/12 20:00:00,2018/03/13 01:00:00,6.598121709688863,6.598121709688863,4.259639785948681,0.0,0.0,0.0,0.4274069990350241,0.0874104581947509,0.0,0.00935593318056924,0.579977755089703,0.0,0.0,0.0,0.0,0.0,0.0,1.2343307782401352,0.0,0.0,0.0,0.0,0.0,0.0,0.0,0.0,0.0,0.0,0.0,0.0,0.0,0.0,0.0,0.0,0.0,0.0,0.022513707775108464,0.022513707775108464
2018/03/12 21:00:00,2018/03/12 21:00:00,2018/03/13 02:00:00,6.644485580397383,6.644485580397383,4.814739293844247,0.0,0.0,0.0,0.4886573573918704,0.09993697718169407,0.0,0.01069670266110275,0.5703875988428551,0.0,0.0,0.0,0.0,0.0,0.0,0.6600676504756147,0.0,0.0,0.0,0.0,0.0,0.0,0.0,0.0,0.0,0.0,0.0,0.0,0.0,0.0,0.0,0.0,0.0,0.0,0.022671907742065994,0.022671907742065994
2018/03/12 22:00:00,2018/03/12 22:00:00,2018/03/13 03:00:00,7.033566059934687,7.033566059934687,5.6179213338743885,0.0,0.0,0.0,0.468321919887066,0.09577810773430813,0.0,0.010251560220941161,0.542573141541421,0.0,0.0,0.0,0.0,0.0,0.0,0.2987199966765623,0.0,0.0,0.0,0.0,0.0,0.0,0.0,0.0,0.0,0.0,0.0,0.0,0.0,0.0,0.0,0.0,0.0,0.0,0.023999504382855297,0.023999504382855297
2018/03/12 23:00:00,2018/03/12 23:00:00,2018/03/13 04:00:00,7.572294294169155,7.572294294169155,6.4598858735807445,0.0,0.0,0.0,0.290344826622301,0.0593794074192293,0.0,0.006355644159630639,0.46330240650435034,0.0,0.0,0.0,0.0,0.0,0.0,0.293026135882899,0.0,0.0,0.0,0.0,0.0,0.0,0.0,0.0,0.0,0.0,0.0,0.0,0.0,0.0,0.0,0.0,0.0,0.0,0.025837719949255777,0.025837719949255777
2018/03/13 00:00:00,2018/03/13 00:00:00,2018/03/13 05:00:00,7.496994779606535,7.496994779606535,6.941956565642424,0.0,0.0,0.0,0.13094360677997474,0.026779722120023,0.0,0.002866353705536267,0.3944485313585772,0.0,0.0,0.0,0.0,0.0,0.0,0.0,0.0,0.0,0.0,0.0,0.0,0.0,0.0,0.0,0.0,0.0,0.0,0.0,0.0,0.0,0.0,0.0,0.0,0.0,0.02558078754620826,0.02558078754620826
2018/03/13 01:00:00,2018/03/13 01:00:00,2018/03/13 06:00:00,8.000567398424355,8.000567398424355,7.5724512751220105,0.0,0.0,0.0,0.06501908921459039,0.013297274945155983,0.0,0.0014232669458539432,0.34837649219674405,0.0,0.0,0.0,0.0,0.0,0.0,0.0,0.0,0.0,0.0,0.0,0.0,0.0,0.0,0.0,0.0,0.0,0.0,0.0,0.0,0.0,0.0,0.0,0.0,0.0,0.02729904726957203,0.02729904726957203
2018/03/13 02:00:00,2018/03/13 02:00:00,2018/03/13 07:00:00,8.195648706976542,8.195648706976542,7.81512186728198,0.0,0.0,0.0,0.03901145352875434,0.00797836496709361,0.0,0.0008539601675123682,0.3326830610312019,0.0,0.0,0.0,0.0,0.0,0.0,0.0,0.0,0.0,0.0,0.0,0.0,0.0,0.0,0.0,0.0,0.0,0.0,0.0,0.0,0.0,0.0,0.0,0.0,0.0,0.027964691791812407,0.027964691791812407
2018/03/13 03:00:00,2018/03/13 03:00:00,2018/03/13 08:00:00,8.11696876357426,8.11696876357426,7.782879786286248,0.0,0.0,0.0,0.026007635685836212,0.005318909978062404,0.0,0.0005693067783415784,0.302193124845772,0.0,0.0,0.0,0.0,0.0,0.0,0.0,0.0,0.0,0.0,0.0,0.0,0.0,0.0,0.0,0.0,0.0,0.0,0.0,0.0,0.0,0.0,0.0,0.0,0.0,0.027696224896010847,0.027696224896010847
2018/03/13 04:00:00,2018/03/13 04:00:00,2018/03/13 09:00:00,8.37572126497389,8.37572126497389,8.054480174225121,0.0,0.0,0.0,0.026007635685836212,0.005318909978062404,0.0,0.0005693067783415784,0.28934523830652903,0.0,0.0,0.0,0.0,0.0,0.0,0.0,0.0,0.0,0.0,0.0,0.0,0.0,0.0,0.0,0.0,0.0,0.0,0.0,0.0,0.0,0.0,0.0,0.0,0.0,0.02857912437239294,0.02857912437239294
2018/03/13 05:00:00,2018/03/13 05:00:00,2018/03/13 10:00:00,9.014059976289957,9.014059976289957,8.290464599760485,0.0,0.0,0.0,0.028359609659443317,0.005799920170125916,0.0,0.0006207914554507214,0.27271438586749136,0.0,0.0,0.0,0.0,0.0,0.0,0.4161006693769612,0.0,0.0,0.0,0.0,0.0,0.0,0.0,0.0,0.0,0.0,0.0,0.0,0.0,0.0,0.0,0.0,0.0,0.0,0.030757224722831454,0.030757224722831454
2018/03/13 06:00:00,2018/03/13 06:00:00,2018/03/13 11:00:00,8.874848711882658,8.874848711882658,8.483540170989274,0.0,0.0,0.0,0.07657075757208723,0.01565974590684433,0.0,0.001676132803270518,0.29740190461118204,0.0,0.0,0.0,0.0,0.0,0.0,0.0,0.0,0.0,0.0,0.0,0.0,0.0,0.0,0.0,0.0,0.0,0.0,0.0,0.0,0.0,0.0,0.0,0.0,0.0,0.030282216551753463,0.030282216551753463
2018/03/13 07:00:00,2018/03/13 07:00:00,2018/03/13 12:00:00,9.278379988456908,9.278379988456908,8.693738589596581,0.0,0.0,0.0,0.1797670016564363,0.03676476056443332,0.0,0.0039350971307586715,0.3641745395086999,0.0,0.0,0.0,0.0,0.0,0.0,0.0,0.0,0.0,0.0,0.0,0.0,0.0,0.0,0.0,0.0,0.0,0.0,0.0,0.0,0.0,0.0,0.0,0.0,0.0,0.03165912131929791,0.03165912131929791
2018/03/13 08:00:00,2018/03/13 08:00:00,2018/03/13 13:00:00,9.918843729257881,9.918843729257881,8.446709544092567,0.0,0.0,0.0,0.22749050639997065,0.04652485673906303,0.0,0.004979763976484562,0.5137976783926146,0.0,0.0,0.0,0.0,0.0,0.0,0.6793413796571849,0.0,0.0,0.0,0.0,0.0,0.0,0.0,0.0,0.0,0.0,0.0,0.0,0.0,0.0,0.0,0.0,0.0,0.0,0.03384447256551278,0.03384447256551278
2018/03/13 09:00:00,2018/03/13 09:00:00,2018/03/13 14:00:00,12.183074586789695,12.183074586789695,8.023527698211998,0.0,0.0,0.0,0.23738819960796062,0.04854906762080994,0.0,0.005196424341206713,2.549592326176868,0.0,0.0,0.0,0.0,0.0,0.0,1.3188208708308526,0.0,0.0,0.0,0.0,0.0,0.0,0.0,0.0,0.0,0.0,0.0,0.0,0.0,0.0,0.0,0.0,0.0,0.0,0.04157034276081391,0.04157034276081391
2018/03/13 10:00:00,2018/03/13 10:00:00,2018/03/13 15:00:00,10.19623274603044,10.19623274603044,8.312226278962235,0.0,0.0,0.0,0.23977021629156023,0.04903622194961379,0.0,0.005248566652813857,0.2711305913433615,0.0,0.0,0.0,0.0,0.0,0.0,1.3188208708308526,0.0,0.0,0.0,0.0,0.0,0.0,0.0,0.0,0.0,0.0,0.0,0.0,0.0,0.0,0.0,0.0,0.0,0.0,0.03479096242102296,0.03479096242102296
2018/03/13 11:00:00,2018/03/13 11:00:00,2018/03/13 16:00:00,10.033903332035706,10.033903332035706,8.161310413508687,0.0,0.0,0.0,0.2330133774859433,0.04765435787794319,0.0,0.005100659546659875,0.2680036527856186,0.0,0.0,0.0,0.0,0.0,0.0,1.3188208708308526,0.0,0.0,0.0,0.0,0.0,0.0,0.0,0.0,0.0,0.0,0.0,0.0,0.0,0.0,0.0,0.0,0.0,0.0,0.03423707191236268,0.03423707191236268
2018/03/13 12:00:00,2018/03/13 12:00:00,2018/03/13 17:00:00,9.877511467430272,9.877511467430272,7.99914105046882,0.0,0.0,0.0,0.22365196052793865,0.045739822674966235,0.0,0.004895738261486062,0.2852620246662099,0.0,0.0,0.0,0.0,0.0,0.0,1.3188208708308526,0.0,0.0,0.0,0.0,0.0,0.0,0.0,0.0,0.0,0.0,0.0,0.0,0.0,0.0,0.0,0.0,0.0,0.0,0.03370344114696458,0.03370344114696458
2018/03/13 13:00:00,2018/03/13 13:00:00,2018/03/13 18:00:00,9.82438751798458,9.82438751798458,8.05527364106776,0.0,0.0,0.0,0.21689512172232184,0.04435795860329565,0.0,0.00474783115533208,0.2911673356785335,0.0,0.0,0.0,0.0,0.0,0.0,1.2119456297573348,0.0,0.0,0.0,0.0,0.0,0.0,0.0,0.0,0.0,0.0,0.0,0.0,0.0,0.0,0.0,0.0,0.0,0.0,0.03352217485235778,0.03352217485235778
2018/03/13 14:00:00,2018/03/13 14:00:00,2018/03/13 19:00:00,8.65582829235676,8.65582829235676,8.09030334753073,0.0,0.0,0.0,0.21490682280316895,0.043951324832805984,0.0,0.004704307320035531,0.30196248987002017,0.0,0.0,0.0,0.0,0.0,0.0,0.0,0.0,0.0,0.0,0.0,0.0,0.0,0.0,0.0,0.0,0.0,0.0,0.0,0.0,0.0,0.0,0.0,0.0,0.0,0.02953488845764647,0.02953488845764647
2018/03/13 15:00:00,2018/03/13 15:00:00,2018/03/13 20:00:00,8.621128394467133,8.621128394467133,8.021293197564933,0.0,0.0,0.0,0.2150226692040196,0.04397501697402368,0.0,0.004706843196116211,0.3361306675280402,0.0,0.0,0.0,0.0,0.0,0.0,0.0,0.0,0.0,0.0,0.0,0.0,0.0,0.0,0.0,0.0,0.0,0.0,0.0,0.0,0.0,0.0,0.0,0.0,0.0,0.029416487586112688,0.029416487586112688
2018/03/13 16:00:00,2018/03/13 16:00:00,2018/03/13 21:00:00,8.531618035381152,8.531618035381152,7.941294735539973,0.0,0.0,0.0,0.2175468797931209,0.04449125186178064,0.0,0.004762098130309232,0.3235230700559683,0.0,0.0,0.0,0.0,0.0,0.0,0.0,0.0,0.0,0.0,0.0,0.0,0.0,0.0,0.0,0.0,0.0,0.0,0.0,0.0,0.0,0.0,0.0,0.0,0.0,0.0291110658076166,0.0291110658076166
2018/03/13 17:00:00,2018/03/13 17:00:00,2018/03/13 22:00:00,8.64672774668453,8.64672774668453,7.928822109838705,0.0,0.0,0.0,0.22842160089491803,0.046715278039158065,0.0,0.0050001456218464555,0.43776861228990366,0.0,0.0,0.0,0.0,0.0,0.0,0.0,0.0,0.0,0.0,0.0,0.0,0.0,0.0,0.0,0.0,0.0,0.0,0.0,0.0,0.0,0.0,0.0,0.0,0.0,0.029503836131715935,0.029503836131715935
2018/03/13 18:00:00,2018/03/13 18:00:00,2018/03/13 23:00:00,9.10923941450303,9.10923941450303,8.175601819712718,0.0,0.0,0.0,0.2623054708425313,0.05364498345862761,0.0,0.005741863057088994,0.611945277432064,0.0,0.0,0.0,0.0,0.0,0.0,0.0,0.0,0.0,0.0,0.0,0.0,0.0,0.0,0.0,0.0,0.0,0.0,0.0,0.0,0.0,0.0,0.0,0.0,0.0,0.031081990186763633,0.031081990186763633
2018/03/13 19:00:00,2018/03/13 19:00:00,2018/03/14 00:00:00,9.798511603268556,9.798511603268556,8.755294971539712,0.0,0.0,0.0,0.33340137325960434,0.06818504812784563,0.0,0.007298151358235646,0.6343320589831604,0.0,0.0,0.0,0.0,0.0,0.0,0.0,0.0,0.0,0.0,0.0,0.0,0.0,0.0,0.0,0.0,0.0,0.0,0.0,0.0,0.0,0.0,0.0,0.0,0.0,0.03343388263709375,0.03343388263709375
2018/03/13 20:00:00,2018/03/13 20:00:00,2018/03/14 01:00:00,11.663286497987773,11.663286497987773,8.975226615418688,0.0,0.0,0.0,0.4274069990350241,0.0874104581947509,0.0,0.00935593318056924,0.9144398093778505,0.0,0.0,0.0,0.0,0.0,0.0,1.2494466827808925,0.0,0.0,0.0,0.0,0.0,0.0,0.0,0.0,0.0,0.0,0.0,0.0,0.0,0.0,0.0,0.0,0.0,0.0,0.039796753601480196,0.039796753601480196
2018/03/13 21:00:00,2018/03/13 21:00:00,2018/03/14 02:00:00,19.14207353562372,19.14207353562372,8.960500222580144,0.0,0.0,0.0,0.4886573573918704,0.09993697718169407,0.0,0.01069670266110275,8.263461404978052,0.0,0.0,0.0,0.0,0.0,0.0,1.3188208708308526,0.0,0.0,0.0,0.0,0.0,0.0,0.0,0.0,0.0,0.0,0.0,0.0,0.0,0.0,0.0,0.0,0.0,0.0,0.06531541380296724,0.06531541380296724
2018/03/13 22:00:00,2018/03/13 22:00:00,2018/03/14 03:00:00,15.190721367641151,15.190721367641151,9.219833345371356,0.0,0.0,0.0,0.468321919887066,0.09577810773430813,0.0,0.010251560220941161,4.077715563596627,0.0,0.0,0.0,0.0,0.0,0.0,1.3188208708308526,0.0,0.0,0.0,0.0,0.0,0.0,0.0,0.0,0.0,0.0,0.0,0.0,0.0,0.0,0.0,0.0,0.0,0.0,0.05183285134949352,0.05183285134949352
2018/03/13 23:00:00,2018/03/13 23:00:00,2018/03/14 04:00:00,13.552263499700823,13.552263499700823,9.612866749194895,0.0,0.0,0.0,0.290344826622301,0.0593794074192293,0.0,0.006355644159630639,2.2644960014739133,0.0,0.0,0.0,0.0,0.0,0.0,1.3188208708308526,0.0,0.0,0.0,0.0,0.0,0.0,0.0,0.0,0.0,0.0,0.0,0.0,0.0,0.0,0.0,0.0,0.0,0.0,0.046242205516684946,0.046242205516684946
2018/03/14 00:00:00,2018/03/14 00:00:00,2018/03/14 05:00:00,12.392184379630992,12.392184379630992,10.47246457840768,0.0,0.0,0.0,0.13094360677997474,0.026779722120023,0.0,0.002866353705536267,0.44030924778692615,0.0,0.0,0.0,0.0,0.0,0.0,1.3188208708308526,0.0,0.0,0.0,0.0,0.0,0.0,0.0,0.0,0.0,0.0,0.0,0.0,0.0,0.0,0.0,0.0,0.0,0.0,0.04228385442005313,0.04228385442005313
2018/03/14 01:00:00,2018/03/14 01:00:00,2018/03/14 06:00:00,14.56199580901384,14.56199580901384,11.78121756132942,0.0,0.0,0.0,0.06501908921459039,0.013297274945155983,0.0,0.0014232669458539432,1.3822177457479687,0.0,0.0,0.0,0.0,0.0,0.0,1.3188208708308526,0.0,0.0,0.0,0.0,0.0,0.0,0.0,0.0,0.0,0.0,0.0,0.0,0.0,0.0,0.0,0.0,0.0,0.0,0.0496875524113288,0.0496875524113288
2018/03/14 02:00:00,2018/03/14 02:00:00,2018/03/14 07:00:00,13.87010184987703,13.87010184987703,12.087707220051206,0.0,0.0,0.0,0.03901145352875434,0.00797836496709361,0.0,0.0008539601675123682,0.41572998033161224,0.0,0.0,0.0,0.0,0.0,0.0,1.3188208708308526,0.0,0.0,0.0,0.0,0.0,0.0,0.0,0.0,0.0,0.0,0.0,0.0,0.0,0.0,0.0,0.0,0.0,0.0,0.047326714116318995,0.047326714116318995
2018/03/14 03:00:00,2018/03/14 03:00:00,2018/03/14 08:00:00,14.7789233476003,14.7789233476003,11.183421041615436,0.0,0.0,0.0,0.026007635685836212,0.005318909978062404,0.0,0.0005693067783415784,2.24478558271177,0.0,0.0,0.0,0.0,0.0,0.0,1.3188208708308526,0.0,0.0,0.0,0.0,0.0,0.0,0.0,0.0,0.0,0.0,0.0,0.0,0.0,0.0,0.0,0.0,0.0,0.0,0.05042773930496211,0.05042773930496211
2018/03/14 04:00:00,2018/03/14 04:00:00,2018/03/14 09:00:00,14.468334358405937,14.468334358405937,11.164705446051245,0.0,0.0,0.0,0.026007635685836212,0.005318909978062404,0.0,0.0005693067783415784,1.952912189081599,0.0,0.0,0.0,0.0,0.0,0.0,1.3188208708308526,0.0,0.0,0.0,0.0,0.0,0.0,0.0,0.0,0.0,0.0,0.0,0.0,0.0,0.0,0.0,0.0,0.0,0.0,0.04936796653195912,0.04936796653195912
2018/03/14 05:00:00,2018/03/14 05:00:00,2018/03/14 10:00:00,13.181487754755073,13.181487754755073,10.847054562781448,0.0,0.0,0.0,0.028359609659443317,0.005799920170125916,0.0,0.0006207914554507214,1.9675046063785704,0.0,0.0,0.0,0.0,0.0,0.0,0.3321482643100364,0.0,0.0,0.0,0.0,0.0,0.0,0.0,0.0,0.0,0.0,0.0,0.0,0.0,0.0,0.0,0.0,0.0,0.0,0.04497706717291221,0.04497706717291221
2018/03/14 06:00:00,2018/03/14 06:00:00,2018/03/14 11:00:00,11.18132933742755,11.18132933742755,10.790020796534167,0.0,0.0,0.0,0.07657075757208723,0.01565974590684433,0.0,0.001676132803270518,0.29740190461118204,0.0,0.0,0.0,0.0,0.0,0.0,0.0,0.0,0.0,0.0,0.0,0.0,0.0,0.0,0.0,0.0,0.0,0.0,0.0,0.0,0.0,0.0,0.0,0.0,0.0,0.03815224882415235,0.03815224882415235
2018/03/14 07:00:00,2018/03/14 07:00:00,2018/03/14 12:00:00,11.465636824038182,11.465636824038182,10.880995425177852,0.0,0.0,0.0,0.1797670016564363,0.03676476056443332,0.0,0.0039350971307586715,0.3641745395086999,0.0,0.0,0.0,0.0,0.0,0.0,0.0,0.0,0.0,0.0,0.0,0.0,0.0,0.0,0.0,0.0,0.0,0.0,0.0,0.0,0.0,0.0,0.0,0.0,0.0,0.03912234545974914,0.03912234545974914
2018/03/14 08:00:00,2018/03/14 08:00:00,2018/03/14 13:00:00,11.420602184669837,11.420602184669837,10.725866742977464,0.0,0.0,0.0,0.22749050639997065,0.04652485673906303,0.0,0.004979763976484562,0.41574031457685573,0.0,0.0,0.0,0.0,0.0,0.0,0.0,0.0,0.0,0.0,0.0,0.0,0.0,0.0,0.0,0.0,0.0,0.0,0.0,0.0,0.0,0.0,0.0,0.0,0.0,0.03896868101475907,0.03896868101475907
2018/03/14 09:00:00,2018/03/14 09:00:00,2018/03/14 14:00:00,11.083876197321104,11.083876197321104,10.453664009762633,0.0,0.0,0.0,0.23738819960796062,0.04854906762080994,0.0,0.005196424341206713,0.33907849598849293,0.0,0.0,0.0,0.0,0.0,0.0,0.0,0.0,0.0,0.0,0.0,0.0,0.0,0.0,0.0,0.0,0.0,0.0,0.0,0.0,0.0,0.0,0.0,0.0,0.0,0.03781972517353501,0.03781972517353501
2018/03/14 10:00:00,2018/03/14 10:00:00,2018/03/14 15:00:00,10.609998061419542,10.609998061419542,10.044812465182195,0.0,0.0,0.0,0.23977021629156023,0.04903622194961379,0.0,0.005248566652813857,0.2711305913433615,0.0,0.0,0.0,0.0,0.0,0.0,0.0,0.0,0.0,0.0,0.0,0.0,0.0,0.0,0.0,0.0,0.0,0.0,0.0,0.0,0.0,0.0,0.0,0.0,0.0,0.03620278715054665,0.03620278715054665
2018/03/14 11:00:00,2018/03/14 11:00:00,2018/03/14 16:00:00,10.02838617889893,10.02838617889893,9.474614131202765,0.0,0.0,0.0,0.2330133774859433,0.04765435787794319,0.0,0.005100659546659875,0.2680036527856186,0.0,0.0,0.0,0.0,0.0,0.0,0.0,0.0,0.0,0.0,0.0,0.0,0.0,0.0,0.0,0.0,0.0,0.0,0.0,0.0,0.0,0.0,0.0,0.0,0.0,0.034218246619508584,0.034218246619508584
2018/03/14 12:00:00,2018/03/14 12:00:00,2018/03/14 17:00:00,9.920848392011306,9.920848392011306,8.924650725391743,0.0,0.0,0.0,0.22365196052793865,0.045739822674966235,0.0,0.004895738261486062,0.2852620246662099,0.0,0.0,0.0,0.0,0.0,0.0,0.43664812048896323,0.0,0.0,0.0,0.0,0.0,0.0,0.0,0.0,0.0,0.0,0.0,0.0,0.0,0.0,0.0,0.0,0.0,0.0,0.03385131275328197,0.03385131275328197
2018/03/14 13:00:00,2018/03/14 13:00:00,2018/03/14 18:00:00,11.068632963870398,11.068632963870398,9.192643845880061,0.0,0.0,0.0,0.21689512172232184,0.04435795860329565,0.0,0.00474783115533208,0.2911673356785335,0.0,0.0,0.0,0.0,0.0,0.0,1.3188208708308526,0.0,0.0,0.0,0.0,0.0,0.0,0.0,0.0,0.0,0.0,0.0,0.0,0.0,0.0,0.0,0.0,0.0,0.0,0.037767713143664,0.037767713143664
2018/03/14 14:00:00,2018/03/14 14:00:00,2018/03/14 19:00:00,10.570667421330777,10.570667421330777,8.880724299108746,0.0,0.0,0.0,0.21490682280316895,0.043951324832805984,0.0,0.004704307320035531,0.30196248987002017,0.0,0.0,0.0,0.0,0.0,0.0,1.124418177396001,0.0,0.0,0.0,0.0,0.0,0.0,0.0,0.0,0.0,0.0,0.0,0.0,0.0,0.0,0.0,0.0,0.0,0.0,0.03606858554340349,0.03606858554340349
2018/03/14 15:00:00,2018/03/14 15:00:00,2018/03/14 20:00:00,9.614042772429725,9.614042772429725,9.014207575527525,0.0,0.0,0.0,0.2150226692040196,0.04397501697402368,0.0,0.004706843196116211,0.3361306675280402,0.0,0.0,0.0,0.0,0.0,0.0,0.0,0.0,0.0,0.0,0.0,0.0,0.0,0.0,0.0,0.0,0.0,0.0,0.0,0.0,0.0,0.0,0.0,0.0,0.0,0.032804449362920755,0.032804449362920755
2018/03/14 16:00:00,2018/03/14 16:00:00,2018/03/14 21:00:00,9.904121383039422,9.904121383039422,9.227030629080572,0.0,0.0,0.0,0.2175468797931209,0.04449125186178064,0.0,0.004762098130309232,0.4102905241736408,0.0,0.0,0.0,0.0,0.0,0.0,0.0,0.0,0.0,0.0,0.0,0.0,0.0,0.0,0.0,0.0,0.0,0.0,0.0,0.0,0.0,0.0,0.0,0.0,0.0,0.033794237875231205,0.033794237875231205
2018/03/14 17:00:00,2018/03/14 17:00:00,2018/03/14 22:00:00,12.790546610848185,12.790546610848185,9.315100965388492,0.0,0.0,0.0,0.22842160089491803,0.046715278039158065,0.0,0.0050001456218464555,2.543219234212791,0.0,0.0,0.0,0.0,0.0,0.0,0.6520893866909788,0.0,0.0,0.0,0.0,0.0,0.0,0.0,0.0,0.0,0.0,0.0,0.0,0.0,0.0,0.0,0.0,0.0,0.0,0.043643121686841244,0.043643121686841244
2018/03/14 18:00:00,2018/03/14 18:00:00,2018/03/14 23:00:00,13.857243293492319,13.857243293492319,9.38317604820383,0.0,0.0,0.0,0.2623054708425313,0.05364498345862761,0.0,0.005741863057088994,3.9809165176957624,0.0,0.0,0.0,0.0,0.0,0.0,0.1714584102344781,0.0,0.0,0.0,0.0,0.0,0.0,0.0,0.0,0.0,0.0,0.0,0.0,0.0,0.0,0.0,0.0,0.0,0.0,0.04728283893583695,0.04728283893583695
2018/03/14 19:00:00,2018/03/14 19:00:00,2018/03/15 00:00:00,11.029524732493341,11.029524732493341,9.986308100764496,0.0,0.0,0.0,0.33340137325960434,0.06818504812784563,0.0,0.007298151358235646,0.6343320589831604,0.0,0.0,0.0,0.0,0.0,0.0,0.0,0.0,0.0,0.0,0.0,0.0,0.0,0.0,0.0,0.0,0.0,0.0,0.0,0.0,0.0,0.0,0.0,0.0,0.0,0.03763427042593851,0.03763427042593851
2018/03/14 20:00:00,2018/03/14 20:00:00,2018/03/15 01:00:00,11.227320534161088,11.227320534161088,10.11789660364638,0.0,0.0,0.0,0.4274069990350241,0.0874104581947509,0.0,0.00935593318056924,0.5852505401043644,0.0,0.0,0.0,0.0,0.0,0.0,0.0,0.0,0.0,0.0,0.0,0.0,0.0,0.0,0.0,0.0,0.0,0.0,0.0,0.0,0.0,0.0,0.0,0.0,0.0,0.038309177175741546,0.038309177175741546
2018/03/14 21:00:00,2018/03/14 21:00:00,2018/03/15 02:00:00,11.723567232671531,11.723567232671531,10.435023844932738,0.0,0.0,0.0,0.4886573573918704,0.09993697718169407,0.0,0.01069670266110275,0.6892523505041285,0.0,0.0,0.0,0.0,0.0,0.0,0.0,0.0,0.0,0.0,0.0,0.0,0.0,0.0,0.0,0.0,0.0,0.0,0.0,0.0,0.0,0.0,0.0,0.0,0.0,0.04000243984142119,0.04000243984142119
2018/03/14 22:00:00,2018/03/14 22:00:00,2018/03/15 03:00:00,11.800720578958737,11.800720578958737,10.683795849575004,0.0,0.0,0.0,0.468321919887066,0.09577810773430813,0.0,0.010251560220941161,0.542573141541421,0.0,0.0,0.0,0.0,0.0,0.0,0.0,0.0,0.0,0.0,0.0,0.0,0.0,0.0,0.0,0.0,0.0,0.0,0.0,0.0,0.0,0.0,0.0,0.0,0.0,0.04026569777581655,0.04026569777581655
2018/03/14 23:00:00,2018/03/14 23:00:00,2018/03/15 04:00:00,11.724827931234378,11.724827931234378,10.905445646528866,0.0,0.0,0.0,0.290344826622301,0.0593794074192293,0.0,0.006355644159630639,0.46330240650435034,0.0,0.0,0.0,0.0,0.0,0.0,0.0,0.0,0.0,0.0,0.0,0.0,0.0,0.0,0.0,0.0,0.0,0.0,0.0,0.0,0.0,0.0,0.0,0.0,0.0,0.04000674152003296,0.04000674152003296
2018/03/15 00:00:00,2018/03/15 00:00:00,2018/03/15 05:00:00,11.710673382926606,11.710673382926606,11.155635168962494,0.0,0.0,0.0,0.13094360677997474,0.026779722120023,0.0,0.002866353705536267,0.3944485313585772,0.0,0.0,0.0,0.0,0.0,0.0,0.0,0.0,0.0,0.0,0.0,0.0,0.0,0.0,0.0,0.0,0.0,0.0,0.0,0.0,0.0,0.0,0.0,0.0,0.0,0.03995844423509172,0.03995844423509172
2018/03/15 01:00:00,2018/03/15 01:00:00,2018/03/15 06:00:00,12.524718680195155,12.524718680195155,11.930493188129011,0.0,0.0,0.0,0.06501908921459039,0.013297274945155983,0.0,0.0014232669458539432,0.34837649219674405,0.0,0.0,0.0,0.0,0.0,0.0,0.1661093687638014,0.0,0.0,0.0,0.0,0.0,0.0,0.0,0.0,0.0,0.0,0.0,0.0,0.0,0.0,0.0,0.0,0.0,0.0,0.04273607986304525,0.04273607986304525
2018/03/15 02:00:00,2018/03/15 02:00:00,2018/03/15 07:00:00,12.846834376798256,12.846834376798256,12.226666501475849,0.0,0.0,0.0,0.03901145352875434,0.00797836496709361,0.0,0.0008539601675123682,0.3326830610312019,0.0,0.0,0.0,0.0,0.0,0.0,0.23964103562784356,0.0,0.0,0.0,0.0,0.0,0.0,0.0,0.0,0.0,0.0,0.0,0.0,0.0,0.0,0.0,0.0,0.0,0.0,0.043835183362825894,0.043835183362825894
2018/03/15 03:00:00,2018/03/15 03:00:00,2018/03/15 08:00:00,12.254808569985206,12.254808569985206,11.920719592697194,0.0,0.0,0.0,0.026007635685836212,0.005318909978062404,0.0,0.0005693067783415784,0.302193124845772,0.0,0.0,0.0,0.0,0.0,0.0,0.0,0.0,0.0,0.0,0.0,0.0,0.0,0.0,0.0,0.0,0.0,0.0,0.0,0.0,0.0,0.0,0.0,0.0,0.0,0.04181510907557236,0.04181510907557236
2018/03/15 04:00:00,2018/03/15 04:00:00,2018/03/15 09:00:00,12.362223026390566,12.362223026390566,12.040981935641796,0.0,0.0,0.0,0.026007635685836212,0.005318909978062404,0.0,0.0005693067783415784,0.28934523830652903,0.0,0.0,0.0,0.0,0.0,0.0,0.0,0.0,0.0,0.0,0.0,0.0,0.0,0.0,0.0,0.0,0.0,0.0,0.0,0.0,0.0,0.0,0.0,0.0,0.0,0.042181622121062454,0.042181622121062454
2018/03/15 05:00:00,2018/03/15 05:00:00,2018/03/15 10:00:00,12.548906857181374,12.548906857181374,12.241412150028863,0.0,0.0,0.0,0.028359609659443317,0.005799920170125916,0.0,0.0006207914554507214,0.27271438586749136,0.0,0.0,0.0,0.0,0.0,0.0,0.0,0.0,0.0,0.0,0.0,0.0,0.0,0.0,0.0,0.0,0.0,0.0,0.0,0.0,0.0,0.0,0.0,0.0,0.0,0.042818613282742654,0.042818613282742654
2018/03/15 06:00:00,2018/03/15 06:00:00,2018/03/15 11:00:00,12.886539209992701,12.886539209992701,12.495230669099318,0.0,0.0,0.0,0.07657075757208723,0.01565974590684433,0.0,0.001676132803270518,0.29740190461118204,0.0,0.0,0.0,0.0,0.0,0.0,0.0,0.0,0.0,0.0,0.0,0.0,0.0,0.0,0.0,0.0,0.0,0.0,0.0,0.0,0.0,0.0,0.0,0.0,0.0,0.04397066176882234,0.04397066176882234
2018/03/15 07:00:00,2018/03/15 07:00:00,2018/03/15 12:00:00,13.18801201973711,13.18801201973711,12.603370620876781,0.0,0.0,0.0,0.1797670016564363,0.03676476056443332,0.0,0.0039350971307586715,0.3641745395086999,0.0,0.0,0.0,0.0,0.0,0.0,0.0,0.0,0.0,0.0,0.0,0.0,0.0,0.0,0.0,0.0,0.0,0.0,0.0,0.0,0.0,0.0,0.0,0.0,0.0,0.044999328871273614,0.044999328871273614
2018/03/15 08:00:00,2018/03/15 08:00:00,2018/03/15 13:00:00,13.041787417869639,13.041787417869639,11.921730005688941,0.0,0.0,0.0,0.22749050639997065,0.04652485673906303,0.0,0.004979763976484562,0.41574031457685573,0.0,0.0,0.0,0.0,0.0,0.0,0.4253219704883244,0.0,0.0,0.0,0.0,0.0,0.0,0.0,0.0,0.0,0.0,0.0,0.0,0.0,0.0,0.0,0.0,0.0,0.0,0.044500390218604975,0.044500390218604975
2018/03/15 09:00:00,2018/03/15 09:00:00,2018/03/15 14:00:00,13.765781541986598,13.765781541986598,11.816748483597275,0.0,0.0,0.0,0.23738819960796062,0.04854906762080994,0.0,0.005196424341206713,0.33907849598849293,0.0,0.0,0.0,0.0,0.0,0.0,1.3188208708308526,0.0,0.0,0.0,0.0,0.0,0.0,0.0,0.0,0.0,0.0,0.0,0.0,0.0,0.0,0.0,0.0,0.0,0.0,0.04697075873534964,0.04697075873534964
2018/03/15 10:00:00,2018/03/15 10:00:00,2018/03/15 15:00:00,12.27146098602502,12.27146098602502,10.387454518956817,0.0,0.0,0.0,0.23977021629156023,0.04903622194961379,0.0,0.005248566652813857,0.2711305913433615,0.0,0.0,0.0,0.0,0.0,0.0,1.3188208708308526,0.0,0.0,0.0,0.0,0.0,0.0,0.0,0.0,0.0,0.0,0.0,0.0,0.0,0.0,0.0,0.0,0.0,0.0,0.041871929432177685,0.041871929432177685
2018/03/15 11:00:00,2018/03/15 11:00:00,2018/03/15 16:00:00,11.362182539773972,11.362182539773972,9.489589621246953,0.0,0.0,0.0,0.2330133774859433,0.04765435787794319,0.0,0.005100659546659875,0.2680036527856186,0.0,0.0,0.0,0.0,0.0,0.0,1.3188208708308526,0.0,0.0,0.0,0.0,0.0,0.0,0.0,0.0,0.0,0.0,0.0,0.0,0.0,0.0,0.0,0.0,0.0,0.0,0.038769345071686084,0.038769345071686084
2018/03/15 12:00:00,2018/03/15 12:00:00,2018/03/15 17:00:00,9.785829837478028,9.785829837478028,8.925302521537192,0.0,0.0,0.0,0.22365196052793865,0.045739822674966235,0.0,0.004895738261486062,0.2852620246662099,0.0,0.0,0.0,0.0,0.0,0.0,0.30097776981023405,0.0,0.0,0.0,0.0,0.0,0.0,0.0,0.0,0.0,0.0,0.0,0.0,0.0,0.0,0.0,0.0,0.0,0.0,0.033390610690675865,0.033390610690675865
2018/03/15 13:00:00,2018/03/15 13:00:00,2018/03/15 18:00:00,9.22821762551681,9.22821762551681,8.671049378357328,0.0,0.0,0.0,0.21689512172232184,0.04435795860329565,0.0,0.00474783115533208,0.2911673356785335,0.0,0.0,0.0,0.0,0.0,0.0,0.0,0.0,0.0,0.0,0.0,0.0,0.0,0.0,0.0,0.0,0.0,0.0,0.0,0.0,0.0,0.0,0.0,0.0,0.0,0.031487960369222696,0.031487960369222696
2018/03/15 14:00:00,2018/03/15 14:00:00,2018/03/15 19:00:00,9.073134308038407,9.073134308038407,8.507609363212376,0.0,0.0,0.0,0.21490682280316895,0.043951324832805984,0.0,0.004704307320035531,0.30196248987002017,0.0,0.0,0.0,0.0,0.0,0.0,0.0,0.0,0.0,0.0,0.0,0.0,0.0,0.0,0.0,0.0,0.0,0.0,0.0,0.0,0.0,0.0,0.0,0.0,0.0,0.030958794548383687,0.030958794548383687
2018/03/15 15:00:00,2018/03/15 15:00:00,2018/03/15 20:00:00,8.985868851350963,8.985868851350963,8.338642160176683,0.0,0.0,0.0,0.2150226692040196,0.04397501697402368,0.0,0.004706843196116211,0.3835221618001209,0.0,0.0,0.0,0.0,0.0,0.0,0.0,0.0,0.0,0.0,0.0,0.0,0.0,0.0,0.0,0.0,0.0,0.0,0.0,0.0,0.0,0.0,0.0,0.0,0.0,0.03066103268869603,0.03066103268869603
2018/03/15 16:00:00,2018/03/15 16:00:00,2018/03/15 21:00:00,10.26581879755966,10.26581879755966,8.182286483810298,0.0,0.0,0.0,0.2175468797931209,0.04449125186178064,0.0,0.004762098130309232,1.407457344766036,0.0,0.0,0.0,0.0,0.0,0.0,0.40927473919811547,0.0,0.0,0.0,0.0,0.0,0.0,0.0,0.0,0.0,0.0,0.0,0.0,0.0,0.0,0.0,0.0,0.0,0.0,0.035028399694580985,0.035028399694580985
2018/03/15 17:00:00,2018/03/15 17:00:00,2018/03/15 22:00:00,9.617709718568998,9.617709718568998,8.548479563367398,0.0,0.0,0.0,0.22842160089491803,0.046715278039158065,0.0,0.0050001456218464555,0.789093130645679,0.0,0.0,0.0,0.0,0.0,0.0,0.0,0.0,0.0,0.0,0.0,0.0,0.0,0.0,0.0,0.0,0.0,0.0,0.0,0.0,0.0,0.0,0.0,0.0,0.0,0.032816961492499304,0.032816961492499304
2018/03/15 18:00:00,2018/03/15 18:00:00,2018/03/15 23:00:00,9.7565780853389,9.7565780853389,8.822940490548588,0.0,0.0,0.0,0.2623054708425313,0.05364498345862761,0.0,0.005741863057088994,0.611945277432064,0.0,0.0,0.0,0.0,0.0,0.0,0.0,0.0,0.0,0.0,0.0,0.0,0.0,0.0,0.0,0.0,0.0,0.0,0.0,0.0,0.0,0.0,0.0,0.0,0.0,0.03329079964920884,0.03329079964920884
2018/03/15 19:00:00,2018/03/15 19:00:00,2018/03/16 00:00:00,10.332116426955938,10.332116426955938,8.780550017225071,0.0,0.0,0.0,0.33340137325960434,0.06818504812784563,0.0,0.007298151358235646,0.6343320589831604,0.0,0.0,0.0,0.0,0.0,0.0,0.508349778002023,0.0,0.0,0.0,0.0,0.0,0.0,0.0,0.0,0.0,0.0,0.0,0.0,0.0,0.0,0.0,0.0,0.0,0.0,0.03525461641504834,0.03525461641504834
2018/03/15 20:00:00,2018/03/15 20:00:00,2018/03/16 01:00:00,11.345742841064181,11.345742841064181,8.922770824733282,0.0,0.0,0.0,0.4274069990350241,0.0874104581947509,0.0,0.00935593318056924,0.579977755089703,0.0,0.0,0.0,0.0,0.0,0.0,1.3188208708308526,0.0,0.0,0.0,0.0,0.0,0.0,0.0,0.0,0.0,0.0,0.0,0.0,0.0,0.0,0.0,0.0,0.0,0.0,0.03871325053615796,0.03871325053615796
2018/03/15 21:00:00,2018/03/15 21:00:00,2018/03/16 02:00:00,11.902416851076964,11.902416851076964,9.41391734416859,0.0,0.0,0.0,0.4886573573918704,0.09993697718169407,0.0,0.01069670266110275,0.5703875988428551,0.0,0.0,0.0,0.0,0.0,0.0,1.3188208708308526,0.0,0.0,0.0,0.0,0.0,0.0,0.0,0.0,0.0,0.0,0.0,0.0,0.0,0.0,0.0,0.0,0.0,0.0,0.04061269958224362,0.04061269958224362
2018/03/15 22:00:00,2018/03/15 22:00:00,2018/03/16 03:00:00,12.06171094681957,12.06171094681957,9.625965346604982,0.0,0.0,0.0,0.468321919887066,0.09577810773430813,0.0,0.010251560220941161,0.542573141541421,0.0,0.0,0.0,0.0,0.0,0.0,1.3188208708308526,0.0,0.0,0.0,0.0,0.0,0.0,0.0,0.0,0.0,0.0,0.0,0.0,0.0,0.0,0.0,0.0,0.0,0.0,0.04115623316341157,0.04115623316341157
2018/03/15 23:00:00,2018/03/15 23:00:00,2018/03/16 04:00:00,11.677874731548851,11.677874731548851,9.820970553983557,0.0,0.0,0.0,0.290344826622301,0.0593794074192293,0.0,0.006355644159630639,0.46330240650435034,0.0,0.0,0.0,0.0,0.0,0.0,1.0375218928597838,0.0,0.0,0.0,0.0,0.0,0.0,0.0,0.0,0.0,0.0,0.0,0.0,0.0,0.0,0.0,0.0,0.0,0.0,0.039846530680746076,0.039846530680746076
2018/03/16 00:00:00,2018/03/16 00:00:00,2018/03/16 05:00:00,10.61820284613111,10.61820284613111,10.063164632167,0.0,0.0,0.0,0.13094360677997474,0.026779722120023,0.0,0.002866353705536267,0.3944485313585772,0.0,0.0,0.0,0.0,0.0,0.0,0.0,0.0,0.0,0.0,0.0,0.0,0.0,0.0,0.0,0.0,0.0,0.0,0.0,0.0,0.0,0.0,0.0,0.0,0.0,0.03623078301565515,0.03623078301565515
2018/03/16 01:00:00,2018/03/16 01:00:00,2018/03/16 06:00:00,11.219880922439765,11.219880922439765,10.791764799137423,0.0,0.0,0.0,0.06501908921459039,0.013297274945155983,0.0,0.0014232669458539432,0.34837649219674405,0.0,0.0,0.0,0.0,0.0,0.0,0.0,0.0,0.0,0.0,0.0,0.0,0.0,0.0,0.0,0.0,0.0,0.0,0.0,0.0,0.0,0.0,0.0,0.0,0.0,0.03828379218716091,0.03828379218716091
2018/03/16 02:00:00,2018/03/16 02:00:00,2018/03/16 07:00:00,11.373127824420472,11.373127824420472,10.99260098472591,0.0,0.0,0.0,0.03901145352875434,0.00797836496709361,0.0,0.0008539601675123682,0.3326830610312019,0.0,0.0,0.0,0.0,0.0,0.0,0.0,0.0,0.0,0.0,0.0,0.0,0.0,0.0,0.0,0.0,0.0,0.0,0.0,0.0,0.0,0.0,0.0,0.0,0.0,0.03880669190323738,0.03880669190323738
2018/03/16 03:00:00,2018/03/16 03:00:00,2018/03/16 08:00:00,10.796187135380068,10.796187135380068,10.462098158092054,0.0,0.0,0.0,0.026007635685836212,0.005318909978062404,0.0,0.0005693067783415784,0.302193124845772,0.0,0.0,0.0,0.0,0.0,0.0,0.0,0.0,0.0,0.0,0.0,0.0,0.0,0.0,0.0,0.0,0.0,0.0,0.0,0.0,0.0,0.0,0.0,0.0,0.0,0.03683809013319851,0.03683809013319851
2018/03/16 04:00:00,2018/03/16 04:00:00,2018/03/16 09:00:00,10.605488364804513,10.605488364804513,10.284247274055742,0.0,0.0,0.0,0.026007635685836212,0.005318909978062404,0.0,0.0005693067783415784,0.28934523830652903,0.0,0.0,0.0,0.0,0.0,0.0,0.0,0.0,0.0,0.0,0.0,0.0,0.0,0.0,0.0,0.0,0.0,0.0,0.0,0.0,0.0,0.0,0.0,0.0,0.0,0.0361873994392839,0.0361873994392839
2018/03/16 05:00:00,2018/03/16 05:00:00,2018/03/16 10:00:00,10.406203040220134,10.406203040220134,10.098708333067623,0.0,0.0,0.0,0.028359609659443317,0.005799920170125916,0.0,0.0006207914554507214,0.27271438586749136,0.0,0.0,0.0,0.0,0.0,0.0,0.0,0.0,0.0,0.0,0.0,0.0,0.0,0.0,0.0,0.0,0.0,0.0,0.0,0.0,0.0,0.0,0.0,0.0,0.0,0.035507410230389495,0.035507410230389495
2018/03/16 06:00:00,2018/03/16 06:00:00,2018/03/16 11:00:00,10.454293557647345,10.454293557647345,10.062985016753961,0.0,0.0,0.0,0.07657075757208723,0.01565974590684433,0.0,0.001676132803270518,0.29740190461118204,0.0,0.0,0.0,0.0,0.0,0.0,0.0,0.0,0.0,0.0,0.0,0.0,0.0,0.0,0.0,0.0,0.0,0.0,0.0,0.0,0.0,0.0,0.0,0.0,0.0,0.03567150175578833,0.03567150175578833
2018/03/16 07:00:00,2018/03/16 07:00:00,2018/03/16 12:00:00,11.061108144109872,11.061108144109872,9.169063346756024,0.0,0.0,0.0,0.1797670016564363,0.03676476056443332,0.0,0.0039350971307586715,0.3641745395086999,0.0,0.0,0.0,0.0,0.0,0.0,1.307403398493518,0.0,0.0,0.0,0.0,0.0,0.0,0.0,0.0,0.0,0.0,0.0,0.0,0.0,0.0,0.0,0.0,0.0,0.0,0.0377420374134179,0.0377420374134179
2018/03/16 08:00:00,2018/03/16 08:00:00,2018/03/16 13:00:00,11.759899929208542,11.759899929208542,9.746343616685314,0.0,0.0,0.0,0.22749050639997065,0.04652485673906303,0.0,0.004979763976484562,0.41574031457685573,0.0,0.0,0.0,0.0,0.0,0.0,1.3188208708308526,0.0,0.0,0.0,0.0,0.0,0.0,0.0,0.0,0.0,0.0,0.0,0.0,0.0,0.0,0.0,0.0,0.0,0.0,0.04012641204874116,0.04012641204874116
2018/03/16 09:00:00,2018/03/16 09:00:00,2018/03/16 14:00:00,11.443296830993175,11.443296830993175,9.494263772603851,0.0,0.0,0.0,0.23738819960796062,0.04854906762080994,0.0,0.005196424341206713,0.33907849598849293,0.0,0.0,0.0,0.0,0.0,0.0,1.3188208708308526,0.0,0.0,0.0,0.0,0.0,0.0,0.0,0.0,0.0,0.0,0.0,0.0,0.0,0.0,0.0,0.0,0.0,0.0,0.03904611830037821,0.03904611830037821
2018/03/16 10:00:00,2018/03/16 10:00:00,2018/03/16 15:00:00,10.81303419258368,10.81303419258368,8.92902772551548,0.0,0.0,0.0,0.23977021629156023,0.04903622194961379,0.0,0.005248566652813857,0.2711305913433615,0.0,0.0,0.0,0.0,0.0,0.0,1.3188208708308526,0.0,0.0,0.0,0.0,0.0,0.0,0.0,0.0,0.0,0.0,0.0,0.0,0.0,0.0,0.0,0.0,0.0,0.0,0.03689557463249105,0.03689557463249105
2018/03/16 11:00:00,2018/03/16 11:00:00,2018/03/16 16:00:00,10.613308110717114,10.613308110717114,8.740715192190097,0.0,0.0,0.0,0.2330133774859433,0.04765435787794319,0.0,0.005100659546659875,0.2680036527856186,0.0,0.0,0.0,0.0,0.0,0.0,1.3188208708308526,0.0,0.0,0.0,0.0,0.0,0.0,0.0,0.0,0.0,0.0,0.0,0.0,0.0,0.0,0.0,0.0,0.0,0.0,0.036214081498527124,0.036214081498527124
2018/03/16 12:00:00,2018/03/16 12:00:00,2018/03/16 17:00:00,9.509996207885766,9.509996207885766,8.479816107541453,0.0,0.0,0.0,0.22365196052793865,0.045739822674966235,0.0,0.004895738261486062,0.2852620246662099,0.0,0.0,0.0,0.0,0.0,0.0,0.4706305542137111,0.0,0.0,0.0,0.0,0.0,0.0,0.0,0.0,0.0,0.0,0.0,0.0,0.0,0.0,0.0,0.0,0.0,0.0,0.03244942803227344,0.03244942803227344
2018/03/16 13:00:00,2018/03/16 13:00:00,2018/03/16 18:00:00,10.041682025800988,10.041682025800988,8.165692907810653,0.0,0.0,0.0,0.21689512172232184,0.04435795860329565,0.0,0.00474783115533208,0.2911673356785335,0.0,0.0,0.0,0.0,0.0,0.0,1.3188208708308526,0.0,0.0,0.0,0.0,0.0,0.0,0.0,0.0,0.0,0.0,0.0,0.0,0.0,0.0,0.0,0.0,0.0,0.0,0.034263613895976965,0.034263613895976965
2018/03/16 14:00:00,2018/03/16 14:00:00,2018/03/16 19:00:00,8.239154984269714,8.239154984269714,7.642047123632719,0.0,0.0,0.0,0.21490682280316895,0.043951324832805984,0.0,0.004704307320035531,0.30196248987002017,0.0,0.0,0.0,0.0,0.0,0.0,0.031582915810962855,0.0,0.0,0.0,0.0,0.0,0.0,0.0,0.0,0.0,0.0,0.0,0.0,0.0,0.0,0.0,0.0,0.0,0.0,0.028113141253107276,0.028113141253107276
2018/03/16 15:00:00,2018/03/16 15:00:00,2018/03/16 20:00:00,9.00447600976597,9.00447600976597,7.451862956386696,0.0,0.0,0.0,0.2150226692040196,0.04397501697402368,0.0,0.004706843196116211,0.6952930349181204,0.0,0.0,0.0,0.0,0.0,0.0,0.5936154890869927,0.0,0.0,0.0,0.0,0.0,0.0,0.0,0.0,0.0,0.0,0.0,0.0,0.0,0.0,0.0,0.0,0.0,0.0,0.03072452289780591,0.03072452289780591
2018/03/16 16:00:00,2018/03/16 16:00:00,2018/03/16 21:00:00,8.053865903039874,8.053865903039874,7.463542603198695,0.0,0.0,0.0,0.2175468797931209,0.04449125186178064,0.0,0.004762098130309232,0.3235230700559683,0.0,0.0,0.0,0.0,0.0,0.0,0.0,0.0,0.0,0.0,0.0,0.0,0.0,0.0,0.0,0.0,0.0,0.0,0.0,0.0,0.0,0.0,0.0,0.0,0.0,0.027480909170664584,0.027480909170664584
2018/03/16 17:00:00,2018/03/16 17:00:00,2018/03/16 22:00:00,8.035590801258868,8.035590801258868,7.317685164413042,0.0,0.0,0.0,0.22842160089491803,0.046715278039158065,0.0,0.0050001456218464555,0.43776861228990366,0.0,0.0,0.0,0.0,0.0,0.0,0.0,0.0,0.0,0.0,0.0,0.0,0.0,0.0,0.0,0.0,0.0,0.0,0.0,0.0,0.0,0.0,0.0,0.0,0.0,0.027418551984913712,0.027418551984913712
2018/03/16 18:00:00,2018/03/16 18:00:00,2018/03/16 23:00:00,8.557142143621896,8.557142143621896,7.623504548831585,0.0,0.0,0.0,0.2623054708425313,0.05364498345862761,0.0,0.005741863057088994,0.611945277432064,0.0,0.0,0.0,0.0,0.0,0.0,0.0,0.0,0.0,0.0,0.0,0.0,0.0,0.0,0.0,0.0,0.0,0.0,0.0,0.0,0.0,0.0,0.0,0.0,0.0,0.029198157610319863,0.029198157610319863
2018/03/16 19:00:00,2018/03/16 19:00:00,2018/03/17 00:00:00,9.073292153745308,9.073292153745308,8.030075522016462,0.0,0.0,0.0,0.33340137325960434,0.06818504812784563,0.0,0.007298151358235646,0.6343320589831604,0.0,0.0,0.0,0.0,0.0,0.0,0.0,0.0,0.0,0.0,0.0,0.0,0.0,0.0,0.0,0.0,0.0,0.0,0.0,0.0,0.0,0.0,0.0,0.0,0.0,0.03095933313986094,0.03095933313986094
2018/03/16 20:00:00,2018/03/16 20:00:00,2018/03/17 01:00:00,9.917105360250972,9.917105360250972,7.953660748562012,0.0,0.0,0.0,0.4274069990350241,0.0874104581947509,0.0,0.00935593318056924,0.579977755089703,0.0,0.0,0.0,0.0,0.0,0.0,0.8592934661889108,0.0,0.0,0.0,0.0,0.0,0.0,0.0,0.0,0.0,0.0,0.0,0.0,0.0,0.0,0.0,0.0,0.0,0.0,0.033838541008995804,0.033838541008995804
2018/03/16 21:00:00,2018/03/16 21:00:00,2018/03/17 02:00:00,10.948270346488684,10.948270346488684,8.45977083958031,0.0,0.0,0.0,0.4886573573918704,0.09993697718169407,0.0,0.01069670266110275,0.5703875988428551,0.0,0.0,0.0,0.0,0.0,0.0,1.3188208708308526,0.0,0.0,0.0,0.0,0.0,0.0,0.0,0.0,0.0,0.0,0.0,0.0,0.0,0.0,0.0,0.0,0.0,0.0,0.037357019174378774,0.037357019174378774
2018/03/16 22:00:00,2018/03/16 22:00:00,2018/03/17 03:00:00,11.017346802741198,11.017346802741198,8.58160120252661,0.0,0.0,0.0,0.468321919887066,0.09577810773430813,0.0,0.010251560220941161,0.542573141541421,0.0,0.0,0.0,0.0,0.0,0.0,1.3188208708308526,0.0,0.0,0.0,0.0,0.0,0.0,0.0,0.0,0.0,0.0,0.0,0.0,0.0,0.0,0.0,0.0,0.0,0.0,0.037592717638068145,0.037592717638068145
2018/03/16 23:00:00,2018/03/16 23:00:00,2018/03/17 04:00:00,10.359707579337783,10.359707579337783,8.832529134236356,0.0,0.0,0.0,0.290344826622301,0.0593794074192293,0.0,0.006355644159630639,0.46330240650435034,0.0,0.0,0.0,0.0,0.0,0.0,0.7077961603959173,0.0,0.0,0.0,0.0,0.0,0.0,0.0,0.0,0.0,0.0,0.0,0.0,0.0,0.0,0.0,0.0,0.0,0.0,0.035348761259480534,0.035348761259480534
2018/03/17 00:00:00,2018/03/17 00:00:00,2018/03/17 05:00:00,9.637414785391611,9.637414785391611,9.082376571427499,0.0,0.0,0.0,0.13094360677997474,0.026779722120023,0.0,0.002866353705536267,0.3944485313585772,0.0,0.0,0.0,0.0,0.0,0.0,0.0,0.0,0.0,0.0,0.0,0.0,0.0,0.0,0.0,0.0,0.0,0.0,0.0,0.0,0.0,0.0,0.0,0.0,0.0,0.03288419791759917,0.03288419791759917
2018/03/17 01:00:00,2018/03/17 01:00:00,2018/03/17 06:00:00,10.178041275061176,10.178041275061176,9.749925151758832,0.0,0.0,0.0,0.06501908921459039,0.013297274945155983,0.0,0.0014232669458539432,0.34837649219674405,0.0,0.0,0.0,0.0,0.0,0.0,0.0,0.0,0.0,0.0,0.0,0.0,0.0,0.0,0.0,0.0,0.0,0.0,0.0,0.0,0.0,0.0,0.0,0.0,0.0,0.03472889059521836,0.03472889059521836
2018/03/17 02:00:00,2018/03/17 02:00:00,2018/03/17 07:00:00,10.275428468800198,10.275428468800198,9.894901629105638,0.0,0.0,0.0,0.03901145352875434,0.00797836496709361,0.0,0.0008539601675123682,0.3326830610312019,0.0,0.0,0.0,0.0,0.0,0.0,0.0,0.0,0.0,0.0,0.0,0.0,0.0,0.0,0.0,0.0,0.0,0.0,0.0,0.0,0.0,0.0,0.0,0.0,0.0,0.035061189227669876,0.035061189227669876
2018/03/17 03:00:00,2018/03/17 03:00:00,2018/03/17 08:00:00,9.979143825165279,9.979143825165279,9.645054847877267,0.0,0.0,0.0,0.026007635685836212,0.005318909978062404,0.0,0.0005693067783415784,0.302193124845772,0.0,0.0,0.0,0.0,0.0,0.0,0.0,0.0,0.0,0.0,0.0,0.0,0.0,0.0,0.0,0.0,0.0,0.0,0.0,0.0,0.0,0.0,0.0,0.0,0.0,0.03405022486863817,0.03405022486863817
2018/03/17 04:00:00,2018/03/17 04:00:00,2018/03/17 09:00:00,10.178018999067103,10.178018999067103,9.856777908318332,0.0,0.0,0.0,0.026007635685836212,0.005318909978062404,0.0,0.0005693067783415784,0.28934523830652903,0.0,0.0,0.0,0.0,0.0,0.0,0.0,0.0,0.0,0.0,0.0,0.0,0.0,0.0,0.0,0.0,0.0,0.0,0.0,0.0,0.0,0.0,0.0,0.0,0.0,0.03472881458643237,0.03472881458643237
2018/03/17 05:00:00,2018/03/17 05:00:00,2018/03/17 10:00:00,10.430495613762691,10.430495613762691,10.12300090661018,0.0,0.0,0.0,0.028359609659443317,0.005799920170125916,0.0,0.0006207914554507214,0.27271438586749136,0.0,0.0,0.0,0.0,0.0,0.0,0.0,0.0,0.0,0.0,0.0,0.0,0.0,0.0,0.0,0.0,0.0,0.0,0.0,0.0,0.0,0.0,0.0,0.0,0.0,0.03559029986563817,0.03559029986563817
2018/03/17 06:00:00,2018/03/17 06:00:00,2018/03/17 11:00:00,10.657837070909947,10.657837070909947,10.266528530016563,0.0,0.0,0.0,0.07657075757208723,0.01565974590684433,0.0,0.001676132803270518,0.29740190461118204,0.0,0.0,0.0,0.0,0.0,0.0,0.0,0.0,0.0,0.0,0.0,0.0,0.0,0.0,0.0,0.0,0.0,0.0,0.0,0.0,0.0,0.0,0.0,0.0,0.0,0.03636602049592979,0.03636602049592979
2018/03/17 07:00:00,2018/03/17 07:00:00,2018/03/17 12:00:00,11.195386126888101,11.195386126888101,10.204894623160193,0.0,0.0,0.0,0.1797670016564363,0.03676476056443332,0.0,0.0039350971307586715,0.3641745395086999,0.0,0.0,0.0,0.0,0.0,0.0,0.4058501048675793,0.0,0.0,0.0,0.0,0.0,0.0,0.0,0.0,0.0,0.0,0.0,0.0,0.0,0.0,0.0,0.0,0.0,0.0,0.03820021254232783,0.03820021254232783
2018/03/17 08:00:00,2018/03/17 08:00:00,2018/03/17 13:00:00,10.733756016215219,10.733756016215219,9.185010994855535,0.0,0.0,0.0,0.22749050639997065,0.04652485673906303,0.0,0.004979763976484562,0.41574031457685573,0.0,0.0,0.0,0.0,0.0,0.0,0.8540095796673098,0.0,0.0,0.0,0.0,0.0,0.0,0.0,0.0,0.0,0.0,0.0,0.0,0.0,0.0,0.0,0.0,0.0,0.0,0.03662506648271228,0.03662506648271228
2018/03/17 09:00:00,2018/03/17 09:00:00,2018/03/17 14:00:00,10.318633730451367,10.318633730451367,8.369600672062044,0.0,0.0,0.0,0.23738819960796062,0.04854906762080994,0.0,0.005196424341206713,0.33907849598849293,0.0,0.0,0.0,0.0,0.0,0.0,1.3188208708308526,0.0,0.0,0.0,0.0,0.0,0.0,0.0,0.0,0.0,0.0,0.0,0.0,0.0,0.0,0.0,0.0,0.0,0.0,0.03520861158178213,0.03520861158178213
2018/03/17 10:00:00,2018/03/17 10:00:00,2018/03/17 15:00:00,8.78014820062679,8.78014820062679,7.268245513435096,0.0,0.0,0.0,0.23977021629156023,0.04903622194961379,0.0,0.005248566652813857,0.2711305913433615,0.0,0.0,0.0,0.0,0.0,0.0,0.9467170909543444,0.0,0.0,0.0,0.0,0.0,0.0,0.0,0.0,0.0,0.0,0.0,0.0,0.0,0.0,0.0,0.0,0.0,0.0,0.02995908525312385,0.02995908525312385
2018/03/17 11:00:00,2018/03/17 11:00:00,2018/03/17 16:00:00,6.948203058738292,6.948203058738292,6.394431011042127,0.0,0.0,0.0,0.2330133774859433,0.04765435787794319,0.0,0.005100659546659875,0.2680036527856186,0.0,0.0,0.0,0.0,0.0,0.0,0.0,0.0,0.0,0.0,0.0,0.0,0.0,0.0,0.0,0.0,0.0,0.0,0.0,0.0,0.0,0.0,0.0,0.0,0.0,0.023708233965560665,0.023708233965560665
2018/03/17 12:00:00,2018/03/17 12:00:00,2018/03/17 17:00:00,6.47840667651528,6.47840667651528,5.91885713038468,0.0,0.0,0.0,0.22365196052793865,0.045739822674966235,0.0,0.004895738261486062,0.2852620246662099,0.0,0.0,0.0,0.0,0.0,0.0,0.0,0.0,0.0,0.0,0.0,0.0,0.0,0.0,0.0,0.0,0.0,0.0,0.0,0.0,0.0,0.0,0.0,0.0,0.0,0.022105223453093046,0.022105223453093046
2018/03/17 13:00:00,2018/03/17 13:00:00,2018/03/17 18:00:00,6.03782078899534,6.03782078899534,5.480652541835858,0.0,0.0,0.0,0.21689512172232184,0.04435795860329565,0.0,0.00474783115533208,0.2911673356785335,0.0,0.0,0.0,0.0,0.0,0.0,0.0,0.0,0.0,0.0,0.0,0.0,0.0,0.0,0.0,0.0,0.0,0.0,0.0,0.0,0.0,0.0,0.0,0.0,0.0,0.02060188320598983,0.02060188320598983
2018/03/17 14:00:00,2018/03/17 14:00:00,2018/03/17 19:00:00,6.2388238866777,6.2388238866777,4.605341280103005,0.0,0.0,0.0,0.21490682280316895,0.043951324832805984,0.0,0.004704307320035531,0.30196248987002017,0.0,0.0,0.0,0.0,0.0,0.0,1.0679576617486635,0.0,0.0,0.0,0.0,0.0,0.0,0.0,0.0,0.0,0.0,0.0,0.0,0.0,0.0,0.0,0.0,0.0,0.0,0.021287733695299103,0.021287733695299103
2018/03/17 15:00:00,2018/03/17 15:00:00,2018/03/17 20:00:00,5.1818487113275475,5.1818487113275475,3.9378209399392503,0.0,0.0,0.0,0.2150226692040196,0.04397501697402368,0.0,0.004706843196116211,0.3361306675280402,0.0,0.0,0.0,0.0,0.0,0.0,0.6441925744860971,0.0,0.0,0.0,0.0,0.0,0.0,0.0,0.0,0.0,0.0,0.0,0.0,0.0,0.0,0.0,0.0,0.0,0.0,0.017681187579541034,0.017681187579541034
2018/03/17 16:00:00,2018/03/17 16:00:00,2018/03/17 21:00:00,4.055151402074658,4.055151402074658,3.4648281022334797,0.0,0.0,0.0,0.2175468797931209,0.04449125186178064,0.0,0.004762098130309232,0.3235230700559683,0.0,0.0,0.0,0.0,0.0,0.0,0.0,0.0,0.0,0.0,0.0,0.0,0.0,0.0,0.0,0.0,0.0,0.0,0.0,0.0,0.0,0.0,0.0,0.0,0.0,0.013836739858264202,0.013836739858264202
2018/03/17 17:00:00,2018/03/17 17:00:00,2018/03/17 22:00:00,3.9443847203718034,3.9443847203718034,3.226479083525977,0.0,0.0,0.0,0.22842160089491803,0.046715278039158065,0.0,0.0050001456218464555,0.43776861228990366,0.0,0.0,0.0,0.0,0.0,0.0,0.0,0.0,0.0,0.0,0.0,0.0,0.0,0.0,0.0,0.0,0.0,0.0,0.0,0.0,0.0,0.0,0.0,0.0,0.0,0.013458788554423501,0.013458788554423501
2018/03/17 18:00:00,2018/03/17 18:00:00,2018/03/17 23:00:00,4.499358471553915,4.499358471553915,3.565720876763602,0.0,0.0,0.0,0.2623054708425313,0.05364498345862761,0.0,0.005741863057088994,0.611945277432064,0.0,0.0,0.0,0.0,0.0,0.0,0.0,0.0,0.0,0.0,0.0,0.0,0.0,0.0,0.0,0.0,0.0,0.0,0.0,0.0,0.0,0.0,0.0,0.0,0.0,0.01535243608120715,0.01535243608120715
2018/03/17 19:00:00,2018/03/17 19:00:00,2018/03/18 00:00:00,6.471195763601419,6.471195763601419,4.122100120480845,0.0,0.0,0.0,0.33340137325960434,0.06818504812784563,0.0,0.007298151358235646,0.6343320589831604,0.0,0.0,0.0,0.0,0.0,0.0,1.305879011391727,0.0,0.0,0.0,0.0,0.0,0.0,0.0,0.0,0.0,0.0,0.0,0.0,0.0,0.0,0.0,0.0,0.0,0.0,0.02208061881661051,0.02208061881661051
2018/03/17 20:00:00,2018/03/17 20:00:00,2018/03/18 01:00:00,7.9803909664155475,7.9803909664155475,5.143194263905646,0.0,0.0,0.0,0.4274069990350241,0.0874104581947509,0.0,0.00935593318056924,0.9942024412687047,0.0,0.0,0.0,0.0,0.0,0.0,1.3188208708308526,0.0,0.0,0.0,0.0,0.0,0.0,0.0,0.0,0.0,0.0,0.0,0.0,0.0,0.0,0.0,0.0,0.0,0.0,0.027230202480982634,0.027230202480982634
2018/03/17 21:00:00,2018/03/17 21:00:00,2018/03/18 02:00:00,8.285949766300813,8.285949766300813,5.797450259392438,0.0,0.0,0.0,0.4886573573918704,0.09993697718169407,0.0,0.01069670266110275,0.5703875988428551,0.0,0.0,0.0,0.0,0.0,0.0,1.3188208708308526,0.0,0.0,0.0,0.0,0.0,0.0,0.0,0.0,0.0,0.0,0.0,0.0,0.0,0.0,0.0,0.0,0.0,0.0,0.028272811549352503,0.028272811549352503
2018/03/17 22:00:00,2018/03/17 22:00:00,2018/03/18 03:00:00,7.434361012395478,7.434361012395478,6.2653489616682565,0.0,0.0,0.0,0.468321919887066,0.09577810773430813,0.0,0.010251560220941161,0.542573141541421,0.0,0.0,0.0,0.0,0.0,0.0,0.05208732134348646,0.0,0.0,0.0,0.0,0.0,0.0,0.0,0.0,0.0,0.0,0.0,0.0,0.0,0.0,0.0,0.0,0.0,0.0,0.02536707243243986,0.02536707243243986
2018/03/17 23:00:00,2018/03/17 23:00:00,2018/03/18 04:00:00,7.621037207676487,7.621037207676487,6.801654922970975,0.0,0.0,0.0,0.290344826622301,0.0593794074192293,0.0,0.006355644159630639,0.46330240650435034,0.0,0.0,0.0,0.0,0.0,0.0,0.0,0.0,0.0,0.0,0.0,0.0,0.0,0.0,0.0,0.0,0.0,0.0,0.0,0.0,0.0,0.0,0.0,0.0,0.0,0.026004037540700024,0.026004037540700024
2018/03/18 00:00:00,2018/03/18 00:00:00,2018/03/18 05:00:00,7.915871716496002,7.915871716496002,7.360833502531891,0.0,0.0,0.0,0.13094360677997474,0.026779722120023,0.0,0.002866353705536267,0.3944485313585772,0.0,0.0,0.0,0.0,0.0,0.0,0.0,0.0,0.0,0.0,0.0,0.0,0.0,0.0,0.0,0.0,0.0,0.0,0.0,0.0,0.0,0.0,0.0,0.0,0.0,0.027010053838312884,0.027010053838312884
2018/03/18 01:00:00,2018/03/18 01:00:00,2018/03/18 06:00:00,8.49694687526069,8.49694687526069,8.068830751958345,0.0,0.0,0.0,0.06501908921459039,0.013297274945155983,0.0,0.0014232669458539432,0.34837649219674405,0.0,0.0,0.0,0.0,0.0,0.0,0.0,0.0,0.0,0.0,0.0,0.0,0.0,0.0,0.0,0.0,0.0,0.0,0.0,0.0,0.0,0.0,0.0,0.0,0.0,0.028992762993342976,0.028992762993342976
2018/03/18 02:00:00,2018/03/18 02:00:00,2018/03/18 07:00:00,8.6444337987642,8.6444337987642,8.263906959069638,0.0,0.0,0.0,0.03901145352875434,0.00797836496709361,0.0,0.0008539601675123682,0.3326830610312019,0.0,0.0,0.0,0.0,0.0,0.0,0.0,0.0,0.0,0.0,0.0,0.0,0.0,0.0,0.0,0.0,0.0,0.0,0.0,0.0,0.0,0.0,0.0,0.0,0.0,0.029496008862774568,0.029496008862774568
2018/03/18 03:00:00,2018/03/18 03:00:00,2018/03/18 08:00:00,8.320170065675413,8.320170065675413,7.986081088387402,0.0,0.0,0.0,0.026007635685836212,0.005318909978062404,0.0,0.0005693067783415784,0.302193124845772,0.0,0.0,0.0,0.0,0.0,0.0,0.0,0.0,0.0,0.0,0.0,0.0,0.0,0.0,0.0,0.0,0.0,0.0,0.0,0.0,0.0,0.0,0.0,0.0,0.0,0.028389575964135147,0.028389575964135147
2018/03/18 04:00:00,2018/03/18 04:00:00,2018/03/18 09:00:00,8.432403168070667,8.432403168070667,8.111162077321898,0.0,0.0,0.0,0.026007635685836212,0.005318909978062404,0.0,0.0005693067783415784,0.28934523830652903,0.0,0.0,0.0,0.0,0.0,0.0,0.0,0.0,0.0,0.0,0.0,0.0,0.0,0.0,0.0,0.0,0.0,0.0,0.0,0.0,0.0,0.0,0.0,0.0,0.0,0.028772530899069157,0.028772530899069157
2018/03/18 05:00:00,2018/03/18 05:00:00,2018/03/18 10:00:00,8.709725429982772,8.709725429982772,8.40223072283026,0.0,0.0,0.0,0.028359609659443317,0.005799920170125916,0.0,0.0006207914554507214,0.27271438586749136,0.0,0.0,0.0,0.0,0.0,0.0,0.0,0.0,0.0,0.0,0.0,0.0,0.0,0.0,0.0,0.0,0.0,0.0,0.0,0.0,0.0,0.0,0.0,0.0,0.0,0.029718792977722997,0.029718792977722997
2018/03/18 06:00:00,2018/03/18 06:00:00,2018/03/18 11:00:00,9.302670026941133,9.302670026941133,8.505786037011212,0.0,0.0,0.0,0.07657075757208723,0.01565974590684433,0.0,0.001676132803270518,0.29740190461118204,0.0,0.0,0.0,0.0,0.0,0.0,0.40557544903653625,0.0,0.0,0.0,0.0,0.0,0.0,0.0,0.0,0.0,0.0,0.0,0.0,0.0,0.0,0.0,0.0,0.0,0.0,0.03174200230457543,0.03174200230457543
2018/03/18 07:00:00,2018/03/18 07:00:00,2018/03/18 12:00:00,9.310848240584313,9.310848240584313,8.490692811608417,0.0,0.0,0.0,0.1797670016564363,0.03676476056443332,0.0,0.0039350971307586715,0.3641745395086999,0.0,0.0,0.0,0.0,0.0,0.0,0.23551403011556946,0.0,0.0,0.0,0.0,0.0,0.0,0.0,0.0,0.0,0.0,0.0,0.0,0.0,0.0,0.0,0.0,0.0,0.0,0.03176990750550778,0.03176990750550778
2018/03/18 08:00:00,2018/03/18 08:00:00,2018/03/18 13:00:00,9.98588577946705,9.98588577946705,7.972329466943823,0.0,0.0,0.0,0.22749050639997065,0.04652485673906303,0.0,0.004979763976484562,0.41574031457685573,0.0,0.0,0.0,0.0,0.0,0.0,1.3188208708308526,0.0,0.0,0.0,0.0,0.0,0.0,0.0,0.0,0.0,0.0,0.0,0.0,0.0,0.0,0.0,0.0,0.0,0.0,0.03407322935319631,0.03407322935319631
2018/03/18 09:00:00,2018/03/18 09:00:00,2018/03/18 14:00:00,10.388803126550263,10.388803126550263,8.43977006816094,0.0,0.0,0.0,0.23738819960796062,0.04854906762080994,0.0,0.005196424341206713,0.33907849598849293,0.0,0.0,0.0,0.0,0.0,0.0,1.3188208708308526,0.0,0.0,0.0,0.0,0.0,0.0,0.0,0.0,0.0,0.0,0.0,0.0,0.0,0.0,0.0,0.0,0.0,0.0,0.035448039308040434,0.035448039308040434
2018/03/18 10:00:00,2018/03/18 10:00:00,2018/03/18 15:00:00,10.331584688254953,10.331584688254953,8.447578221186753,0.0,0.0,0.0,0.23977021629156023,0.04903622194961379,0.0,0.005248566652813857,0.2711305913433615,0.0,0.0,0.0,0.0,0.0,0.0,1.3188208708308526,0.0,0.0,0.0,0.0,0.0,0.0,0.0,0.0,0.0,0.0,0.0,0.0,0.0,0.0,0.0,0.0,0.0,0.0,0.035252802048740255,0.035252802048740255
2018/03/18 11:00:00,2018/03/18 11:00:00,2018/03/18 16:00:00,9.860406707654402,9.860406707654402,7.953476745459219,0.0,0.0,0.0,0.2330133774859433,0.04765435787794319,0.0,0.005100659546659875,0.3023406964537858,0.0,0.0,0.0,0.0,0.0,0.0,1.3188208708308526,0.0,0.0,0.0,0.0,0.0,0.0,0.0,0.0,0.0,0.0,0.0,0.0,0.0,0.0,0.0,0.0,0.0,0.0,0.03364507733069974,0.03364507733069974
2018/03/18 12:00:00,2018/03/18 12:00:00,2018/03/18 17:00:00,8.993822163443893,8.993822163443893,7.222712512313742,0.0,0.0,0.0,0.22365196052793865,0.045739822674966235,0.0,0.004895738261486062,1.0593243384245115,0.0,0.0,0.0,0.0,0.0,0.0,0.4374977912412486,0.0,0.0,0.0,0.0,0.0,0.0,0.0,0.0,0.0,0.0,0.0,0.0,0.0,0.0,0.0,0.0,0.0,0.0,0.030688170494299328,0.030688170494299328
2018/03/18 13:00:00,2018/03/18 13:00:00,2018/03/18 18:00:00,7.296421770147368,7.296421770147368,6.739253522987886,0.0,0.0,0.0,0.21689512172232184,0.04435795860329565,0.0,0.00474783115533208,0.2911673356785335,0.0,0.0,0.0,0.0,0.0,0.0,0.0,0.0,0.0,0.0,0.0,0.0,0.0,0.0,0.0,0.0,0.0,0.0,0.0,0.0,0.0,0.0,0.0,0.0,0.0,0.024896404577657245,0.024896404577657245
2018/03/18 14:00:00,2018/03/18 14:00:00,2018/03/18 19:00:00,7.269130449063361,7.269130449063361,6.249713225168309,0.0,0.0,0.0,0.21490682280316895,0.043951324832805984,0.0,0.004704307320035531,0.30196248987002017,0.0,0.0,0.0,0.0,0.0,0.0,0.45389227906902124,0.0,0.0,0.0,0.0,0.0,0.0,0.0,0.0,0.0,0.0,0.0,0.0,0.0,0.0,0.0,0.0,0.0,0.0,0.024803282799260865,0.024803282799260865
2018/03/18 15:00:00,2018/03/18 15:00:00,2018/03/18 20:00:00,7.066305258465226,7.066305258465226,6.466470061563026,0.0,0.0,0.0,0.2150226692040196,0.04397501697402368,0.0,0.004706843196116211,0.3361306675280402,0.0,0.0,0.0,0.0,0.0,0.0,0.0,0.0,0.0,0.0,0.0,0.0,0.0,0.0,0.0,0.0,0.0,0.0,0.0,0.0,0.0,0.0,0.0,0.0,0.0,0.02411121507582804,0.02411121507582804
2018/03/18 16:00:00,2018/03/18 16:00:00,2018/03/18 21:00:00,7.346089083042644,7.346089083042644,6.7253195723279235,0.0,0.0,0.0,0.2175468797931209,0.04449125186178064,0.0,0.004762098130309232,0.3539692809295095,0.0,0.0,0.0,0.0,0.0,0.0,0.0,0.0,0.0,0.0,0.0,0.0,0.0,0.0,0.0,0.0,0.0,0.0,0.0,0.0,0.0,0.0,0.0,0.0,0.0,0.02506587634821539,0.02506587634821539
2018/03/18 17:00:00,2018/03/18 17:00:00,2018/03/18 22:00:00,8.017515419496863,8.017515419496863,6.613258777547038,0.0,0.0,0.0,0.22842160089491803,0.046715278039158065,0.0,0.0050001456218464555,1.1241196173939034,0.0,0.0,0.0,0.0,0.0,0.0,0.0,0.0,0.0,0.0,0.0,0.0,0.0,0.0,0.0,0.0,0.0,0.0,0.0,0.0,0.0,0.0,0.0,0.0,0.0,0.027356876271609466,0.027356876271609466
2018/03/18 18:00:00,2018/03/18 18:00:00,2018/03/18 23:00:00,7.608971619585456,7.608971619585456,6.675334024795145,0.0,0.0,0.0,0.2623054708425313,0.05364498345862761,0.0,0.005741863057088994,0.611945277432064,0.0,0.0,0.0,0.0,0.0,0.0,0.0,0.0,0.0,0.0,0.0,0.0,0.0,0.0,0.0,0.0,0.0,0.0,0.0,0.0,0.0,0.0,0.0,0.0,0.0,0.025962868078182016,0.025962868078182016
2018/03/18 19:00:00,2018/03/18 19:00:00,2018/03/19 00:00:00,8.880847807269392,8.880847807269392,7.023668930608802,0.0,0.0,0.0,0.33340137325960434,0.06818504812784563,0.0,0.007298151358235646,0.6343320589831604,0.0,0.0,0.0,0.0,0.0,0.0,0.8139622449317419,0.0,0.0,0.0,0.0,0.0,0.0,0.0,0.0,0.0,0.0,0.0,0.0,0.0,0.0,0.0,0.0,0.0,0.0,0.030302686298507846,0.030302686298507846
2018/03/18 20:00:00,2018/03/18 20:00:00,2018/03/19 01:00:00,9.044160695439496,9.044160695439496,7.515473145672112,0.0,0.0,0.0,0.4274069990350241,0.0874104581947509,0.0,0.00935593318056924,0.579977755089703,0.0,0.0,0.0,0.0,0.0,0.0,0.4245364042673361,0.0,0.0,0.0,0.0,0.0,0.0,0.0,0.0,0.0,0.0,0.0,0.0,0.0,0.0,0.0,0.0,0.0,0.0,0.030859932557662416,0.030859932557662416
2018/03/18 21:00:00,2018/03/18 21:00:00,2018/03/19 02:00:00,8.802943978946926,8.802943978946926,7.594973683996455,0.0,0.0,0.0,0.4886573573918704,0.09993697718169407,0.0,0.01069670266110275,0.6086792577158038,0.0,0.0,0.0,0.0,0.0,0.0,0.0,0.0,0.0,0.0,0.0,0.0,0.0,0.0,0.0,0.0,0.0,0.0,0.0,0.0,0.0,0.0,0.0,0.0,0.0,0.030036867615163654,0.030036867615163654
2018/03/18 22:00:00,2018/03/18 22:00:00,2018/03/19 03:00:00,10.151654146267022,10.151654146267022,7.765999707979605,0.0,0.0,0.0,0.468321919887066,0.09577810773430813,0.0,0.010251560220941161,1.4057846151697304,0.0,0.0,0.0,0.0,0.0,0.0,0.4055182352753729,0.0,0.0,0.0,0.0,0.0,0.0,0.0,0.0,0.0,0.0,0.0,0.0,0.0,0.0,0.0,0.0,0.0,0.0,0.03463885404651036,0.03463885404651036
2018/03/18 23:00:00,2018/03/18 23:00:00,2018/03/19 04:00:00,9.493673283775411,9.493673283775411,8.159739125640806,0.0,0.0,0.0,0.290344826622301,0.0593794074192293,0.0,0.006355644159630639,0.46330240650435034,0.0,0.0,0.0,0.0,0.0,0.0,0.5145518734290957,0.0,0.0,0.0,0.0,0.0,0.0,0.0,0.0,0.0,0.0,0.0,0.0,0.0,0.0,0.0,0.0,0.0,0.0,0.032393731947898984,0.032393731947898984
2018/03/19 00:00:00,2018/03/19 00:00:00,2018/03/19 05:00:00,9.5912316693828,9.5912316693828,8.630649940665455,0.0,0.0,0.0,0.13094360677997474,0.026779722120023,0.0,0.002866353705536267,0.3944485313585772,0.0,0.0,0.0,0.0,0.0,0.0,0.4055435147532345,0.0,0.0,0.0,0.0,0.0,0.0,0.0,0.0,0.0,0.0,0.0,0.0,0.0,0.0,0.0,0.0,0.0,0.0,0.032726614710784495,0.032726614710784495
2018/03/19 01:00:00,2018/03/19 01:00:00,2018/03/19 06:00:00,10.494289522042065,10.494289522042065,9.598685427120078,0.0,0.0,0.0,0.06501908921459039,0.013297274945155983,0.0,0.0014232669458539432,0.34837649219674405,0.0,0.0,0.0,0.0,0.0,0.0,0.4674879716196426,0.0,0.0,0.0,0.0,0.0,0.0,0.0,0.0,0.0,0.0,0.0,0.0,0.0,0.0,0.0,0.0,0.0,0.0,0.03580797354187922,0.03580797354187922
2018/03/19 02:00:00,2018/03/19 02:00:00,2018/03/19 07:00:00,10.392588966754255,10.392588966754255,10.012062127059693,0.0,0.0,0.0,0.03901145352875434,0.00797836496709361,0.0,0.0008539601675123682,0.3326830610312019,0.0,0.0,0.0,0.0,0.0,0.0,0.0,0.0,0.0,0.0,0.0,0.0,0.0,0.0,0.0,0.0,0.0,0.0,0.0,0.0,0.0,0.0,0.0,0.0,0.0,0.0354609571206826,0.0354609571206826
2018/03/19 03:00:00,2018/03/19 03:00:00,2018/03/19 08:00:00,10.07256506555176,10.07256506555176,9.738476088263749,0.0,0.0,0.0,0.026007635685836212,0.005318909978062404,0.0,0.0005693067783415784,0.302193124845772,0.0,0.0,0.0,0.0,0.0,0.0,0.0,0.0,0.0,0.0,0.0,0.0,0.0,0.0,0.0,0.0,0.0,0.0,0.0,0.0,0.0,0.0,0.0,0.0,0.0,0.03436899111736635,0.03436899111736635
2018/03/19 04:00:00,2018/03/19 04:00:00,2018/03/19 09:00:00,10.32588513160601,10.32588513160601,10.00464404085724,0.0,0.0,0.0,0.026007635685836212,0.005318909978062404,0.0,0.0005693067783415784,0.28934523830652903,0.0,0.0,0.0,0.0,0.0,0.0,0.0,0.0,0.0,0.0,0.0,0.0,0.0,0.0,0.0,0.0,0.0,0.0,0.0,0.0,0.0,0.0,0.0,0.0,0.0,0.035233354369766164,0.035233354369766164
2018/03/19 05:00:00,2018/03/19 05:00:00,2018/03/19 10:00:00,10.465622491006394,10.465622491006394,10.158127783853883,0.0,0.0,0.0,0.028359609659443317,0.005799920170125916,0.0,0.0006207914554507214,0.27271438586749136,0.0,0.0,0.0,0.0,0.0,0.0,0.0,0.0,0.0,0.0,0.0,0.0,0.0,0.0,0.0,0.0,0.0,0.0,0.0,0.0,0.0,0.0,0.0,0.0,0.0,0.03571015765003696,0.03571015765003696
2018/03/19 06:00:00,2018/03/19 06:00:00,2018/03/19 11:00:00,10.443811203883497,10.443811203883497,10.052502662990113,0.0,0.0,0.0,0.07657075757208723,0.01565974590684433,0.0,0.001676132803270518,0.29740190461118204,0.0,0.0,0.0,0.0,0.0,0.0,0.0,0.0,0.0,0.0,0.0,0.0,0.0,0.0,0.0,0.0,0.0,0.0,0.0,0.0,0.0,0.0,0.0,0.0,0.0,0.035635734508711325,0.035635734508711325
2018/03/19 07:00:00,2018/03/19 07:00:00,2018/03/19 12:00:00,10.273237857515037,10.273237857515037,9.688596458654708,0.0,0.0,0.0,0.1797670016564363,0.03676476056443332,0.0,0.0039350971307586715,0.3641745395086999,0.0,0.0,0.0,0.0,0.0,0.0,0.0,0.0,0.0,0.0,0.0,0.0,0.0,0.0,0.0,0.0,0.0,0.0,0.0,0.0,0.0,0.0,0.0,0.0,0.0,0.035053714557681505,0.035053714557681505
2018/03/19 08:00:00,2018/03/19 08:00:00,2018/03/19 13:00:00,9.971294690117432,9.971294690117432,8.738069820861403,0.0,0.0,0.0,0.22749050639997065,0.04652485673906303,0.0,0.004979763976484562,0.41574031457685573,0.0,0.0,0.0,0.0,0.0,0.0,0.5384894275636547,0.0,0.0,0.0,0.0,0.0,0.0,0.0,0.0,0.0,0.0,0.0,0.0,0.0,0.0,0.0,0.0,0.0,0.0,0.034023442529583246,0.034023442529583246
2018/03/19 09:00:00,2018/03/19 09:00:00,2018/03/19 14:00:00,9.325855787556659,9.325855787556659,7.524629306465423,0.0,0.0,0.0,0.23738819960796062,0.04854906762080994,0.0,0.005196424341206713,0.41223871861423783,0.0,0.0,0.0,0.0,0.0,0.0,1.0978540709070201,0.0,0.0,0.0,0.0,0.0,0.0,0.0,0.0,0.0,0.0,0.0,0.0,0.0,0.0,0.0,0.0,0.0,0.0,0.031821115340376974,0.031821115340376974
2018/03/19 10:00:00,2018/03/19 10:00:00,2018/03/19 15:00:00,10.724977385967126,10.724977385967126,7.175428839554494,0.0,0.0,0.0,0.23977021629156023,0.04903622194961379,0.0,0.005248566652813857,1.9366726706877924,0.0,0.0,0.0,0.0,0.0,0.0,1.3188208708308526,0.0,0.0,0.0,0.0,0.0,0.0,0.0,0.0,0.0,0.0,0.0,0.0,0.0,0.0,0.0,0.0,0.0,0.0,0.03659511257692405,0.03659511257692405
2018/03/19 11:00:00,2018/03/19 11:00:00,2018/03/19 16:00:00,9.268946799443224,9.268946799443224,7.026236380938597,0.0,0.0,0.0,0.2330133774859433,0.04765435787794319,0.0,0.005100659546659875,0.6381211527632282,0.0,0.0,0.0,0.0,0.0,0.0,1.3188208708308526,0.0,0.0,0.0,0.0,0.0,0.0,0.0,0.0,0.0,0.0,0.0,0.0,0.0,0.0,0.0,0.0,0.0,0.0,0.031626933968081035,0.031626933968081035
2018/03/19 12:00:00,2018/03/19 12:00:00,2018/03/19 17:00:00,8.851750063168701,8.851750063168701,6.869176484428025,0.0,0.0,0.0,0.22365196052793865,0.045739822674966235,0.0,0.004895738261486062,0.38946518644543276,0.0,0.0,0.0,0.0,0.0,0.0,1.3188208708308526,0.0,0.0,0.0,0.0,0.0,0.0,0.0,0.0,0.0,0.0,0.0,0.0,0.0,0.0,0.0,0.0,0.0,0.0,0.030203400753860212,0.030203400753860212
2018/03/19 13:00:00,2018/03/19 13:00:00,2018/03/19 18:00:00,9.471027603761025,9.471027603761025,6.758666901502234,0.0,0.0,0.0,0.21689512172232184,0.04435795860329565,0.0,0.00474783115533208,1.1275389199469905,0.0,0.0,0.0,0.0,0.0,0.0,1.3188208708308526,0.0,0.0,0.0,0.0,0.0,0.0,0.0,0.0,0.0,0.0,0.0,0.0,0.0,0.0,0.0,0.0,0.0,0.0,0.032316461742127565,0.032316461742127565
2018/03/19 14:00:00,2018/03/19 14:00:00,2018/03/19 19:00:00,7.9178057230996695,7.9178057230996695,6.730546998961593,0.0,0.0,0.0,0.21490682280316895,0.043951324832805984,0.0,0.004704307320035531,0.30196248987002017,0.0,0.0,0.0,0.0,0.0,0.0,0.6217337793120462,0.0,0.0,0.0,0.0,0.0,0.0,0.0,0.0,0.0,0.0,0.0,0.0,0.0,0.0,0.0,0.0,0.0,0.0,0.02701665293748472,0.02701665293748472
2018/03/19 15:00:00,2018/03/19 15:00:00,2018/03/19 20:00:00,6.947336987442016,6.947336987442016,6.347501790539816,0.0,0.0,0.0,0.2150226692040196,0.04397501697402368,0.0,0.004706843196116211,0.3361306675280402,0.0,0.0,0.0,0.0,0.0,0.0,0.0,0.0,0.0,0.0,0.0,0.0,0.0,0.0,0.0,0.0,0.0,0.0,0.0,0.0,0.0,0.0,0.0,0.0,0.0,0.023705278809997506,0.023705278809997506
2018/03/19 16:00:00,2018/03/19 16:00:00,2018/03/19 21:00:00,7.60368235851885,7.60368235851885,6.563041904764922,0.0,0.0,0.0,0.2175468797931209,0.04449125186178064,0.0,0.004762098130309232,0.3235230700559683,0.0,0.0,0.0,0.0,0.0,0.0,0.4503171539127504,0.0,0.0,0.0,0.0,0.0,0.0,0.0,0.0,0.0,0.0,0.0,0.0,0.0,0.0,0.0,0.0,0.0,0.0,0.025944820384726324,0.025944820384726324
2018/03/19 17:00:00,2018/03/19 17:00:00,2018/03/19 22:00:00,8.007964609852255,8.007964609852255,7.290058973006429,0.0,0.0,0.0,0.22842160089491803,0.046715278039158065,0.0,0.0050001456218464555,0.43776861228990366,0.0,0.0,0.0,0.0,0.0,0.0,0.0,0.0,0.0,0.0,0.0,0.0,0.0,0.0,0.0,0.0,0.0,0.0,0.0,0.0,0.0,0.0,0.0,0.0,0.0,0.027324287582461967,0.027324287582461967
2018/03/19 18:00:00,2018/03/19 18:00:00,2018/03/19 23:00:00,8.921309111339744,8.921309111339744,7.7474780680756,0.0,0.0,0.0,0.2623054708425313,0.05364498345862761,0.0,0.005741863057088994,0.611945277432064,0.0,0.0,0.0,0.0,0.0,0.0,0.24019344847383253,0.0,0.0,0.0,0.0,0.0,0.0,0.0,0.0,0.0,0.0,0.0,0.0,0.0,0.0,0.0,0.0,0.0,0.0,0.030440745888209268,0.030440745888209268
2018/03/19 19:00:00,2018/03/19 19:00:00,2018/03/20 00:00:00,9.341265878717124,9.341265878717124,8.10273908007874,0.0,0.0,0.0,0.33340137325960434,0.06818504812784563,0.0,0.007298151358235646,0.6343320589831604,0.0,0.0,0.0,0.0,0.0,0.0,0.19531016690953684,0.0,0.0,0.0,0.0,0.0,0.0,0.0,0.0,0.0,0.0,0.0,0.0,0.0,0.0,0.0,0.0,0.0,0.0,0.03187369671193079,0.03187369671193079
2018/03/19 20:00:00,2018/03/19 20:00:00,2018/03/20 01:00:00,11.086610419884382,11.086610419884382,8.748856352198537,0.0,0.0,0.0,0.4274069990350241,0.0874104581947509,0.0,0.00935593318056924,0.579977755089703,0.0,0.0,0.0,0.0,0.0,0.0,1.233602922185798,0.0,0.0,0.0,0.0,0.0,0.0,0.0,0.0,0.0,0.0,0.0,0.0,0.0,0.0,0.0,0.0,0.0,0.0,0.037829054720713774,0.037829054720713774
2018/03/19 21:00:00,2018/03/19 21:00:00,2018/03/20 02:00:00,10.729414839084695,10.729414839084695,8.91371701507061,0.0,0.0,0.0,0.4886573573918704,0.09993697718169407,0.0,0.01069670266110275,0.5703875988428551,0.0,0.0,0.0,0.0,0.0,0.0,0.6460191879365638,0.0,0.0,0.0,0.0,0.0,0.0,0.0,0.0,0.0,0.0,0.0,0.0,0.0,0.0,0.0,0.0,0.0,0.0,0.0366102537833386,0.0366102537833386
2018/03/19 22:00:00,2018/03/19 22:00:00,2018/03/20 03:00:00,9.956144907569897,9.956144907569897,8.540948222583422,0.0,0.0,0.0,0.468321919887066,0.09577810773430813,0.0,0.010251560220941161,0.542573141541421,0.0,0.0,0.0,0.0,0.0,0.0,0.29827195560273945,0.0,0.0,0.0,0.0,0.0,0.0,0.0,0.0,0.0,0.0,0.0,0.0,0.0,0.0,0.0,0.0,0.0,0.0,0.033971749367174495,0.033971749367174495
2018/03/19 23:00:00,2018/03/19 23:00:00,2018/03/20 04:00:00,9.814878512375495,9.814878512375495,8.70430679507048,0.0,0.0,0.0,0.290344826622301,0.0593794074192293,0.0,0.006355644159630639,0.46330240650435034,0.0,0.0,0.0,0.0,0.0,0.0,0.29118943259950375,0.0,0.0,0.0,0.0,0.0,0.0,0.0,0.0,0.0,0.0,0.0,0.0,0.0,0.0,0.0,0.0,0.0,0.0,0.03348972880438622,0.03348972880438622
2018/03/20 00:00:00,2018/03/20 00:00:00,2018/03/20 05:00:00,9.597090470044547,9.597090470044547,9.042052256080435,0.0,0.0,0.0,0.13094360677997474,0.026779722120023,0.0,0.002866353705536267,0.3944485313585772,0.0,0.0,0.0,0.0,0.0,0.0,0.0,0.0,0.0,0.0,0.0,0.0,0.0,0.0,0.0,0.0,0.0,0.0,0.0,0.0,0.0,0.0,0.0,0.0,0.0,0.0327466057524498,0.0327466057524498
2018/03/20 01:00:00,2018/03/20 01:00:00,2018/03/20 06:00:00,10.197096786258793,10.197096786258793,9.768980662956452,0.0,0.0,0.0,0.06501908921459039,0.013297274945155983,0.0,0.0014232669458539432,0.34837649219674405,0.0,0.0,0.0,0.0,0.0,0.0,0.0,0.0,0.0,0.0,0.0,0.0,0.0,0.0,0.0,0.0,0.0,0.0,0.0,0.0,0.0,0.0,0.0,0.0,0.0,0.03479391064630025,0.03479391064630025
2018/03/20 02:00:00,2018/03/20 02:00:00,2018/03/20 07:00:00,10.698924017538777,10.698924017538777,10.318397177844215,0.0,0.0,0.0,0.03901145352875434,0.00797836496709361,0.0,0.0008539601675123682,0.3326830610312019,0.0,0.0,0.0,0.0,0.0,0.0,0.0,0.0,0.0,0.0,0.0,0.0,0.0,0.0,0.0,0.0,0.0,0.0,0.0,0.0,0.0,0.0,0.0,0.0,0.0,0.03650621486494463,0.03650621486494463
2018/03/20 03:00:00,2018/03/20 03:00:00,2018/03/20 08:00:00,10.766069450655465,10.766069450655465,10.431980473367453,0.0,0.0,0.0,0.026007635685836212,0.005318909978062404,0.0,0.0005693067783415784,0.302193124845772,0.0,0.0,0.0,0.0,0.0,0.0,0.0,0.0,0.0,0.0,0.0,0.0,0.0,0.0,0.0,0.0,0.0,0.0,0.0,0.0,0.0,0.0,0.0,0.0,0.0,0.036735324409468854,0.036735324409468854
2018/03/20 04:00:00,2018/03/20 04:00:00,2018/03/20 09:00:00,11.366271979824838,11.366271979824838,11.045030889076067,0.0,0.0,0.0,0.026007635685836212,0.005318909978062404,0.0,0.0005693067783415784,0.28934523830652903,0.0,0.0,0.0,0.0,0.0,0.0,0.0,0.0,0.0,0.0,0.0,0.0,0.0,0.0,0.0,0.0,0.0,0.0,0.0,0.0,0.0,0.0,0.0,0.0,0.0,0.03878329880917684,0.03878329880917684
2018/03/20 05:00:00,2018/03/20 05:00:00,2018/03/20 10:00:00,12.487930291617362,12.487930291617362,11.757397301629487,0.0,0.0,0.0,0.028359609659443317,0.005799920170125916,0.0,0.0006207914554507214,0.27271438586749136,0.0,0.0,0.0,0.0,0.0,0.0,0.42303828283536354,0.0,0.0,0.0,0.0,0.0,0.0,0.0,0.0,0.0,0.0,0.0,0.0,0.0,0.0,0.0,0.0,0.0,0.0,0.04261055277118494,0.04261055277118494
2018/03/20 06:00:00,2018/03/20 06:00:00,2018/03/20 11:00:00,12.69589504662642,12.69589504662642,12.304586505733036,0.0,0.0,0.0,0.07657075757208723,0.01565974590684433,0.0,0.001676132803270518,0.29740190461118204,0.0,0.0,0.0,0.0,0.0,0.0,0.0,0.0,0.0,0.0,0.0,0.0,0.0,0.0,0.0,0.0,0.0,0.0,0.0,0.0,0.0,0.0,0.0,0.0,0.0,0.0433201574022909,0.0433201574022909
2018/03/20 07:00:00,2018/03/20 07:00:00,2018/03/20 12:00:00,13.334186822690354,13.334186822690354,12.749545423830025,0.0,0.0,0.0,0.1797670016564363,0.03676476056443332,0.0,0.0039350971307586715,0.3641745395086999,0.0,0.0,0.0,0.0,0.0,0.0,0.0,0.0,0.0,0.0,0.0,0.0,0.0,0.0,0.0,0.0,0.0,0.0,0.0,0.0,0.0,0.0,0.0,0.0,0.0,0.04549809760312966,0.04549809760312966
2018/03/20 08:00:00,2018/03/20 08:00:00,2018/03/20 13:00:00,13.407552135613424,13.407552135613424,11.934353930000551,0.0,0.0,0.0,0.22749050639997065,0.04652485673906303,0.0,0.004979763976484562,0.5137976783926146,0.0,0.0,0.0,0.0,0.0,0.0,0.6804054001047404,0.0,0.0,0.0,0.0,0.0,0.0,0.0,0.0,0.0,0.0,0.0,0.0,0.0,0.0,0.0,0.0,0.0,0.0,0.04574843024151582,0.04574843024151582
2018/03/20 09:00:00,2018/03/20 09:00:00,2018/03/20 14:00:00,15.022964101358049,15.022964101358049,10.86341721278035,0.0,0.0,0.0,0.23738819960796062,0.04854906762080994,0.0,0.005196424341206713,2.549592326176868,0.0,0.0,0.0,0.0,0.0,0.0,1.3188208708308526,0.0,0.0,0.0,0.0,0.0,0.0,0.0,0.0,0.0,0.0,0.0,0.0,0.0,0.0,0.0,0.0,0.0,0.0,0.05126044025487809,0.05126044025487809
2018/03/20 10:00:00,2018/03/20 10:00:00,2018/03/20 15:00:00,12.205558438946074,12.205558438946074,10.321551971877874,0.0,0.0,0.0,0.23977021629156023,0.04903622194961379,0.0,0.005248566652813857,0.2711305913433615,0.0,0.0,0.0,0.0,0.0,0.0,1.3188208708308526,0.0,0.0,0.0,0.0,0.0,0.0,0.0,0.0,0.0,0.0,0.0,0.0,0.0,0.0,0.0,0.0,0.0,0.0,0.04164706078745536,0.04164706078745536
2018/03/20 11:00:00,2018/03/20 11:00:00,2018/03/20 16:00:00,11.322486837355495,11.322486837355495,9.449893918828476,0.0,0.0,0.0,0.2330133774859433,0.04765435787794319,0.0,0.005100659546659875,0.2680036527856186,0.0,0.0,0.0,0.0,0.0,0.0,1.3188208708308526,0.0,0.0,0.0,0.0,0.0,0.0,0.0,0.0,0.0,0.0,0.0,0.0,0.0,0.0,0.0,0.0,0.0,0.0,0.038633897821165546,0.038633897821165546
2018/03/20 12:00:00,2018/03/20 12:00:00,2018/03/20 17:00:00,10.788167302846558,10.788167302846558,8.909796885885104,0.0,0.0,0.0,0.22365196052793865,0.045739822674966235,0.0,0.004895738261486062,0.2852620246662099,0.0,0.0,0.0,0.0,0.0,0.0,1.3188208708308526,0.0,0.0,0.0,0.0,0.0,0.0,0.0,0.0,0.0,0.0,0.0,0.0,0.0,0.0,0.0,0.0,0.0,0.0,0.036810725350612035,0.036810725350612035
2018/03/20 13:00:00,2018/03/20 13:00:00,2018/03/20 18:00:00,10.092747607201918,10.092747607201918,8.374744068594554,0.0,0.0,0.0,0.21689512172232184,0.04435795860329565,0.0,0.00474783115533208,0.2911673356785335,0.0,0.0,0.0,0.0,0.0,0.0,1.1608352914478814,0.0,0.0,0.0,0.0,0.0,0.0,0.0,0.0,0.0,0.0,0.0,0.0,0.0,0.0,0.0,0.0,0.0,0.0,0.034437856752900675,0.034437856752900675
2018/03/20 14:00:00,2018/03/20 14:00:00,2018/03/20 19:00:00,8.462672249623726,8.462672249623726,7.897147304797696,0.0,0.0,0.0,0.21490682280316895,0.043951324832805984,0.0,0.004704307320035531,0.30196248987002017,0.0,0.0,0.0,0.0,0.0,0.0,0.0,0.0,0.0,0.0,0.0,0.0,0.0,0.0,0.0,0.0,0.0,0.0,0.0,0.0,0.0,0.0,0.0,0.0,0.0,0.028875813209807047,0.028875813209807047
2018/03/20 15:00:00,2018/03/20 15:00:00,2018/03/20 20:00:00,7.996507596607779,7.996507596607779,7.396672399705579,0.0,0.0,0.0,0.2150226692040196,0.04397501697402368,0.0,0.004706843196116211,0.3361306675280402,0.0,0.0,0.0,0.0,0.0,0.0,0.0,0.0,0.0,0.0,0.0,0.0,0.0,0.0,0.0,0.0,0.0,0.0,0.0,0.0,0.0,0.0,0.0,0.0,0.0,0.027285194661853533,0.027285194661853533
2018/03/20 16:00:00,2018/03/20 16:00:00,2018/03/20 21:00:00,7.825011908322854,7.825011908322854,7.234688608481676,0.0,0.0,0.0,0.2175468797931209,0.04449125186178064,0.0,0.004762098130309232,0.3235230700559683,0.0,0.0,0.0,0.0,0.0,0.0,0.0,0.0,0.0,0.0,0.0,0.0,0.0,0.0,0.0,0.0,0.0,0.0,0.0,0.0,0.0,0.0,0.0,0.0,0.0,0.026700027552088296,0.026700027552088296
2018/03/20 17:00:00,2018/03/20 17:00:00,2018/03/20 22:00:00,7.899610105978451,7.899610105978451,7.181704469132625,0.0,0.0,0.0,0.22842160089491803,0.046715278039158065,0.0,0.0050001456218464555,0.43776861228990366,0.0,0.0,0.0,0.0,0.0,0.0,0.0,0.0,0.0,0.0,0.0,0.0,0.0,0.0,0.0,0.0,0.0,0.0,0.0,0.0,0.0,0.0,0.0,0.0,0.0,0.026954566964433734,0.026954566964433734
2018/03/20 18:00:00,2018/03/20 18:00:00,2018/03/20 23:00:00,8.61272730468441,8.61272730468441,7.679089709894099,0.0,0.0,0.0,0.2623054708425313,0.05364498345862761,0.0,0.005741863057088994,0.611945277432064,0.0,0.0,0.0,0.0,0.0,0.0,0.0,0.0,0.0,0.0,0.0,0.0,0.0,0.0,0.0,0.0,0.0,0.0,0.0,0.0,0.0,0.0,0.0,0.0,0.0,0.029387821900833958,0.029387821900833958
2018/03/20 19:00:00,2018/03/20 19:00:00,2018/03/21 00:00:00,9.545479855612674,9.545479855612674,8.50226322388383,0.0,0.0,0.0,0.33340137325960434,0.06818504812784563,0.0,0.007298151358235646,0.6343320589831604,0.0,0.0,0.0,0.0,0.0,0.0,0.0,0.0,0.0,0.0,0.0,0.0,0.0,0.0,0.0,0.0,0.0,0.0,0.0,0.0,0.0,0.0,0.0,0.0,0.0,0.03257050316711757,0.03257050316711757
2018/03/20 20:00:00,2018/03/20 20:00:00,2018/03/21 01:00:00,11.539017557555844,11.539017557555844,8.84605321205422,0.0,0.0,0.0,0.4274069990350241,0.0874104581947509,0.0,0.00935593318056924,0.9144398093778505,0.0,0.0,0.0,0.0,0.0,0.0,1.2543511457134318,0.0,0.0,0.0,0.0,0.0,0.0,0.0,0.0,0.0,0.0,0.0,0.0,0.0,0.0,0.0,0.0,0.0,0.0,0.03937273071534602,0.03937273071534602
2018/03/20 21:00:00,2018/03/20 21:00:00,2018/03/21 02:00:00,19.213528728139178,19.213528728139178,9.031955415095606,0.0,0.0,0.0,0.4886573573918704,0.09993697718169407,0.0,0.01069670266110275,8.263461404978052,0.0,0.0,0.0,0.0,0.0,0.0,1.3188208708308526,0.0,0.0,0.0,0.0,0.0,0.0,0.0,0.0,0.0,0.0,0.0,0.0,0.0,0.0,0.0,0.0,0.0,0.0,0.06555922884520037,0.06555922884520037
2018/03/20 22:00:00,2018/03/20 22:00:00,2018/03/21 03:00:00,15.283357020575755,15.283357020575755,9.31246899830596,0.0,0.0,0.0,0.468321919887066,0.09577810773430813,0.0,0.010251560220941161,4.077715563596627,0.0,0.0,0.0,0.0,0.0,0.0,1.3188208708308526,0.0,0.0,0.0,0.0,0.0,0.0,0.0,0.0,0.0,0.0,0.0,0.0,0.0,0.0,0.0,0.0,0.0,0.0,0.0521489370647151,0.0521489370647151
2018/03/20 23:00:00,2018/03/20 23:00:00,2018/03/21 04:00:00,13.59507039382214,13.59507039382214,9.655673643316215,0.0,0.0,0.0,0.290344826622301,0.0593794074192293,0.0,0.006355644159630639,2.2644960014739133,0.0,0.0,0.0,0.0,0.0,0.0,1.3188208708308526,0.0,0.0,0.0,0.0,0.0,0.0,0.0,0.0,0.0,0.0,0.0,0.0,0.0,0.0,0.0,0.0,0.0,0.0,0.04638826858545074,0.04638826858545074
2018/03/21 00:00:00,2018/03/21 00:00:00,2018/03/21 05:00:00,12.579631025449833,12.579631025449833,10.659911224226521,0.0,0.0,0.0,0.13094360677997474,0.026779722120023,0.0,0.002866353705536267,0.44030924778692615,0.0,0.0,0.0,0.0,0.0,0.0,1.3188208708308526,0.0,0.0,0.0,0.0,0.0,0.0,0.0,0.0,0.0,0.0,0.0,0.0,0.0,0.0,0.0,0.0,0.0,0.0,0.04292344841256659,0.04292344841256659
2018/03/21 01:00:00,2018/03/21 01:00:00,2018/03/21 06:00:00,15.149267073107412,15.149267073107412,12.36848882542299,0.0,0.0,0.0,0.06501908921459039,0.013297274945155983,0.0,0.0014232669458539432,1.3822177457479687,0.0,0.0,0.0,0.0,0.0,0.0,1.3188208708308526,0.0,0.0,0.0,0.0,0.0,0.0,0.0,0.0,0.0,0.0,0.0,0.0,0.0,0.0,0.0,0.0,0.0,0.0,0.051691403538401244,0.051691403538401244
2018/03/21 02:00:00,2018/03/21 02:00:00,2018/03/21 07:00:00,14.572268710885774,14.572268710885774,12.789874081059951,0.0,0.0,0.0,0.03901145352875434,0.00797836496709361,0.0,0.0008539601675123682,0.41572998033161224,0.0,0.0,0.0,0.0,0.0,0.0,1.3188208708308526,0.0,0.0,0.0,0.0,0.0,0.0,0.0,0.0,0.0,0.0,0.0,0.0,0.0,0.0,0.0,0.0,0.0,0.0,0.049722604979457005,0.049722604979457005
2018/03/21 03:00:00,2018/03/21 03:00:00,2018/03/21 08:00:00,15.337333000327412,15.337333000327412,11.741830694342548,0.0,0.0,0.0,0.026007635685836212,0.005318909978062404,0.0,0.0005693067783415784,2.24478558271177,0.0,0.0,0.0,0.0,0.0,0.0,1.3188208708308526,0.0,0.0,0.0,0.0,0.0,0.0,0.0,0.0,0.0,0.0,0.0,0.0,0.0,0.0,0.0,0.0,0.0,0.0,0.05233311060507577,0.05233311060507577
2018/03/21 04:00:00,2018/03/21 04:00:00,2018/03/21 09:00:00,15.230700217104465,15.230700217104465,11.927071304749774,0.0,0.0,0.0,0.026007635685836212,0.005318909978062404,0.0,0.0005693067783415784,1.952912189081599,0.0,0.0,0.0,0.0,0.0,0.0,1.3188208708308526,0.0,0.0,0.0,0.0,0.0,0.0,0.0,0.0,0.0,0.0,0.0,0.0,0.0,0.0,0.0,0.0,0.0,0.0,0.051969264737061135,0.051969264737061135
2018/03/21 05:00:00,2018/03/21 05:00:00,2018/03/21 10:00:00,14.31429756310288,14.31429756310288,12.05167704553626,0.0,0.0,0.0,0.028359609659443317,0.005799920170125916,0.0,0.0006207914554507214,1.9675046063785704,0.0,0.0,0.0,0.0,0.0,0.0,0.26033558990303024,0.0,0.0,0.0,0.0,0.0,0.0,0.0,0.0,0.0,0.0,0.0,0.0,0.0,0.0,0.0,0.0,0.0,0.0,0.048842371590147905,0.048842371590147905
2018/03/21 06:00:00,2018/03/21 06:00:00,2018/03/21 11:00:00,12.61741429714937,12.61741429714937,12.226105756255986,0.0,0.0,0.0,0.07657075757208723,0.01565974590684433,0.0,0.001676132803270518,0.29740190461118204,0.0,0.0,0.0,0.0,0.0,0.0,0.0,0.0,0.0,0.0,0.0,0.0,0.0,0.0,0.0,0.0,0.0,0.0,0.0,0.0,0.0,0.0,0.0,0.0,0.0,0.04305237018383094,0.04305237018383094
2018/03/21 07:00:00,2018/03/21 07:00:00,2018/03/21 12:00:00,12.832392050603044,12.832392050603044,12.247750651742715,0.0,0.0,0.0,0.1797670016564363,0.03676476056443332,0.0,0.0039350971307586715,0.3641745395086999,0.0,0.0,0.0,0.0,0.0,0.0,0.0,0.0,0.0,0.0,0.0,0.0,0.0,0.0,0.0,0.0,0.0,0.0,0.0,0.0,0.0,0.0,0.0,0.0,0.0,0.04378590413975938,0.04378590413975938
2018/03/21 08:00:00,2018/03/21 08:00:00,2018/03/21 13:00:00,11.77563953611996,11.77563953611996,11.080904094427586,0.0,0.0,0.0,0.22749050639997065,0.04652485673906303,0.0,0.004979763976484562,0.41574031457685573,0.0,0.0,0.0,0.0,0.0,0.0,0.0,0.0,0.0,0.0,0.0,0.0,0.0,0.0,0.0,0.0,0.0,0.0,0.0,0.0,0.0,0.0,0.0,0.0,0.0,0.0401801177738081,0.0401801177738081
2018/03/21 09:00:00,2018/03/21 09:00:00,2018/03/21 14:00:00,10.235281280000663,10.235281280000663,9.605069092442193,0.0,0.0,0.0,0.23738819960796062,0.04854906762080994,0.0,0.005196424341206713,0.33907849598849293,0.0,0.0,0.0,0.0,0.0,0.0,0.0,0.0,0.0,0.0,0.0,0.0,0.0,0.0,0.0,0.0,0.0,0.0,0.0,0.0,0.0,0.0,0.0,0.0,0.0,0.03492420144290416,0.03492420144290416
2018/03/21 10:00:00,2018/03/21 10:00:00,2018/03/21 15:00:00,9.030198327916473,9.030198327916473,8.465012731679124,0.0,0.0,0.0,0.23977021629156023,0.04903622194961379,0.0,0.005248566652813857,0.2711305913433615,0.0,0.0,0.0,0.0,0.0,0.0,0.0,0.0,0.0,0.0,0.0,0.0,0.0,0.0,0.0,0.0,0.0,0.0,0.0,0.0,0.0,0.0,0.0,0.0,0.0,0.030812291020253308,0.030812291020253308
2018/03/21 11:00:00,2018/03/21 11:00:00,2018/03/21 16:00:00,8.30959807979734,8.30959807979734,7.755826032101176,0.0,0.0,0.0,0.2330133774859433,0.04765435787794319,0.0,0.005100659546659875,0.2680036527856186,0.0,0.0,0.0,0.0,0.0,0.0,0.0,0.0,0.0,0.0,0.0,0.0,0.0,0.0,0.0,0.0,0.0,0.0,0.0,0.0,0.0,0.0,0.0,0.0,0.0,0.0283535028798342,0.0283535028798342
2018/03/21 12:00:00,2018/03/21 12:00:00,2018/03/21 17:00:00,8.109281051139341,8.109281051139341,7.112513507320221,0.0,0.0,0.0,0.22365196052793865,0.045739822674966235,0.0,0.004895738261486062,0.2852620246662099,0.0,0.0,0.0,0.0,0.0,0.0,0.4372179976885189,0.0,0.0,0.0,0.0,0.0,0.0,0.0,0.0,0.0,0.0,0.0,0.0,0.0,0.0,0.0,0.0,0.0,0.0,0.02766999335333338,0.02766999335333338
2018/03/21 13:00:00,2018/03/21 13:00:00,2018/03/21 18:00:00,8.949205750095015,8.949205750095015,7.073216632104678,0.0,0.0,0.0,0.21689512172232184,0.04435795860329565,0.0,0.00474783115533208,0.2911673356785335,0.0,0.0,0.0,0.0,0.0,0.0,1.3188208708308526,0.0,0.0,0.0,0.0,0.0,0.0,0.0,0.0,0.0,0.0,0.0,0.0,0.0,0.0,0.0,0.0,0.0,0.0,0.030535933094580695,0.030535933094580695
2018/03/21 14:00:00,2018/03/21 14:00:00,2018/03/21 19:00:00,8.373456624020815,8.373456624020815,6.706962448737913,0.0,0.0,0.0,0.21490682280316895,0.043951324832805984,0.0,0.004704307320035531,0.30196248987002017,0.0,0.0,0.0,0.0,0.0,0.0,1.100969230456872,0.0,0.0,0.0,0.0,0.0,0.0,0.0,0.0,0.0,0.0,0.0,0.0,0.0,0.0,0.0,0.0,0.0,0.0,0.028571397102894684,0.028571397102894684
2018/03/21 15:00:00,2018/03/21 15:00:00,2018/03/21 20:00:00,7.196193195386925,7.196193195386925,6.5963579984847245,0.0,0.0,0.0,0.2150226692040196,0.04397501697402368,0.0,0.004706843196116211,0.3361306675280402,0.0,0.0,0.0,0.0,0.0,0.0,0.0,0.0,0.0,0.0,0.0,0.0,0.0,0.0,0.0,0.0,0.0,0.0,0.0,0.0,0.0,0.0,0.0,0.0,0.0,0.02455441075848312,0.02455441075848312
2018/03/21 16:00:00,2018/03/21 16:00:00,2018/03/21 21:00:00,6.921644459881667,6.921644459881667,6.244553705922816,0.0,0.0,0.0,0.2175468797931209,0.04449125186178064,0.0,0.004762098130309232,0.4102905241736408,0.0,0.0,0.0,0.0,0.0,0.0,0.0,0.0,0.0,0.0,0.0,0.0,0.0,0.0,0.0,0.0,0.0,0.0,0.0,0.0,0.0,0.0,0.0,0.0,0.0,0.023617612337181734,0.023617612337181734
2018/03/21 17:00:00,2018/03/21 17:00:00,2018/03/21 22:00:00,9.067935387145768,9.067935387145768,5.594592841888898,0.0,0.0,0.0,0.22842160089491803,0.046715278039158065,0.0,0.0050001456218464555,2.543219234212791,0.0,0.0,0.0,0.0,0.0,0.0,0.6499862864881575,0.0,0.0,0.0,0.0,0.0,0.0,0.0,0.0,0.0,0.0,0.0,0.0,0.0,0.0,0.0,0.0,0.0,0.0,0.030941055108150133,0.030941055108150133
2018/03/21 18:00:00,2018/03/21 18:00:00,2018/03/21 23:00:00,9.97629008251656,9.97629008251656,5.50780111825065,0.0,0.0,0.0,0.2623054708425313,0.05364498345862761,0.0,0.005741863057088994,3.9809165176957624,0.0,0.0,0.0,0.0,0.0,0.0,0.1658801292118996,0.0,0.0,0.0,0.0,0.0,0.0,0.0,0.0,0.0,0.0,0.0,0.0,0.0,0.0,0.0,0.0,0.0,0.0,0.03404048750232614,0.03404048750232614
2018/03/21 19:00:00,2018/03/21 19:00:00,2018/03/22 00:00:00,8.032400049005627,8.032400049005627,6.98918341727678,0.0,0.0,0.0,0.33340137325960434,0.06818504812784563,0.0,0.007298151358235646,0.6343320589831604,0.0,0.0,0.0,0.0,0.0,0.0,0.0,0.0,0.0,0.0,0.0,0.0,0.0,0.0,0.0,0.0,0.0,0.0,0.0,0.0,0.0,0.0,0.0,0.0,0.0,0.027407664695019263,0.027407664695019263
2018/03/21 20:00:00,2018/03/21 20:00:00,2018/03/22 01:00:00,9.204225134140058,9.204225134140058,8.09480120362535,0.0,0.0,0.0,0.4274069990350241,0.0874104581947509,0.0,0.00935593318056924,0.5852505401043644,0.0,0.0,0.0,0.0,0.0,0.0,0.0,0.0,0.0,0.0,0.0,0.0,0.0,0.0,0.0,0.0,0.0,0.0,0.0,0.0,0.0,0.0,0.0,0.0,0.0,0.03140609465600618,0.03140609465600618
2018/03/21 21:00:00,2018/03/21 21:00:00,2018/03/22 02:00:00,10.328150254457368,10.328150254457368,9.039606866718573,0.0,0.0,0.0,0.4886573573918704,0.09993697718169407,0.0,0.01069670266110275,0.6892523505041285,0.0,0.0,0.0,0.0,0.0,0.0,0.0,0.0,0.0,0.0,0.0,0.0,0.0,0.0,0.0,0.0,0.0,0.0,0.0,0.0,0.0,0.0,0.0,0.0,0.0,0.03524108328356831,0.03524108328356831
2018/03/21 22:00:00,2018/03/21 22:00:00,2018/03/22 03:00:00,10.862872409149377,10.862872409149377,9.745947679765644,0.0,0.0,0.0,0.468321919887066,0.09577810773430813,0.0,0.010251560220941161,0.542573141541421,0.0,0.0,0.0,0.0,0.0,0.0,0.0,0.0,0.0,0.0,0.0,0.0,0.0,0.0,0.0,0.0,0.0,0.0,0.0,0.0,0.0,0.0,0.0,0.0,0.0,0.03706562955011178,0.03706562955011178
2018/03/21 23:00:00,2018/03/21 23:00:00,2018/03/22 04:00:00,11.180390767861908,11.180390767861908,10.361008483156397,0.0,0.0,0.0,0.290344826622301,0.0593794074192293,0.0,0.006355644159630639,0.46330240650435034,0.0,0.0,0.0,0.0,0.0,0.0,0.0,0.0,0.0,0.0,0.0,0.0,0.0,0.0,0.0,0.0,0.0,0.0,0.0,0.0,0.0,0.0,0.0,0.0,0.0,0.03814904629442386,0.03814904629442386
2018/03/22 00:00:00,2018/03/22 00:00:00,2018/03/22 05:00:00,11.358702764317275,11.358702764317275,10.803664550353163,0.0,0.0,0.0,0.13094360677997474,0.026779722120023,0.0,0.002866353705536267,0.3944485313585772,0.0,0.0,0.0,0.0,0.0,0.0,0.0,0.0,0.0,0.0,0.0,0.0,0.0,0.0,0.0,0.0,0.0,0.0,0.0,0.0,0.0,0.0,0.0,0.0,0.0,0.03875747159447514,0.03875747159447514
2018/03/22 01:00:00,2018/03/22 01:00:00,2018/03/22 06:00:00,12.316225767742056,12.316225767742056,11.71946449770886,0.0,0.0,0.0,0.06501908921459039,0.013297274945155983,0.0,0.0014232669458539432,0.34837649219674405,0.0,0.0,0.0,0.0,0.0,0.0,0.1686451467308523,0.0,0.0,0.0,0.0,0.0,0.0,0.0,0.0,0.0,0.0,0.0,0.0,0.0,0.0,0.0,0.0,0.0,0.0,0.04202467308537735,0.04202467308537735
2018/03/22 02:00:00,2018/03/22 02:00:00,2018/03/22 07:00:00,12.62855656230781,12.62855656230781,12.010899068858942,0.0,0.0,0.0,0.03901145352875434,0.00797836496709361,0.0,0.0008539601675123682,0.3326830610312019,0.0,0.0,0.0,0.0,0.0,0.0,0.23713065375430573,0.0,0.0,0.0,0.0,0.0,0.0,0.0,0.0,0.0,0.0,0.0,0.0,0.0,0.0,0.0,0.0,0.0,0.0,0.04309038914025024,0.04309038914025024
2018/03/22 03:00:00,2018/03/22 03:00:00,2018/03/22 08:00:00,12.082993610572824,12.082993610572824,11.748904633284813,0.0,0.0,0.0,0.026007635685836212,0.005318909978062404,0.0,0.0005693067783415784,0.302193124845772,0.0,0.0,0.0,0.0,0.0,0.0,0.0,0.0,0.0,0.0,0.0,0.0,0.0,0.0,0.0,0.0,0.0,0.0,0.0,0.0,0.0,0.0,0.0,0.0,0.0,0.04122885256837239,0.04122885256837239
2018/03/22 04:00:00,2018/03/22 04:00:00,2018/03/22 09:00:00,12.253069184976281,12.253069184976281,11.93182809422751,0.0,0.0,0.0,0.026007635685836212,0.005318909978062404,0.0,0.0005693067783415784,0.28934523830652903,0.0,0.0,0.0,0.0,0.0,0.0,0.0,0.0,0.0,0.0,0.0,0.0,0.0,0.0,0.0,0.0,0.0,0.0,0.0,0.0,0.0,0.0,0.0,0.0,0.0,0.041809174052315386,0.041809174052315386
2018/03/22 05:00:00,2018/03/22 05:00:00,2018/03/22 10:00:00,12.27203473873194,12.27203473873194,11.964540031579428,0.0,0.0,0.0,0.028359609659443317,0.005799920170125916,0.0,0.0006207914554507214,0.27271438586749136,0.0,0.0,0.0,0.0,0.0,0.0,0.0,0.0,0.0,0.0,0.0,0.0,0.0,0.0,0.0,0.0,0.0,0.0,0.0,0.0,0.0,0.0,0.0,0.0,0.0,0.04187388715610991,0.04187388715610991
2018/03/22 06:00:00,2018/03/22 06:00:00,2018/03/22 11:00:00,12.290372067348516,12.290372067348516,11.899063526455132,0.0,0.0,0.0,0.07657075757208723,0.01565974590684433,0.0,0.001676132803270518,0.29740190461118204,0.0,0.0,0.0,0.0,0.0,0.0,0.0,0.0,0.0,0.0,0.0,0.0,0.0,0.0,0.0,0.0,0.0,0.0,0.0,0.0,0.0,0.0,0.0,0.0,0.0,0.041936456668467265,0.041936456668467265
2018/03/22 07:00:00,2018/03/22 07:00:00,2018/03/22 12:00:00,12.373020719884039,12.373020719884039,11.78837932102371,0.0,0.0,0.0,0.1797670016564363,0.03676476056443332,0.0,0.0039350971307586715,0.3641745395086999,0.0,0.0,0.0,0.0,0.0,0.0,0.0,0.0,0.0,0.0,0.0,0.0,0.0,0.0,0.0,0.0,0.0,0.0,0.0,0.0,0.0,0.0,0.0,0.0,0.0,0.0422184653510987,0.0422184653510987
2018/03/22 08:00:00,2018/03/22 08:00:00,2018/03/22 13:00:00,11.228002375493078,11.228002375493078,10.108362023282552,0.0,0.0,0.0,0.22749050639997065,0.04652485673906303,0.0,0.004979763976484562,0.41574031457685573,0.0,0.0,0.0,0.0,0.0,0.0,0.4249049105181528,0.0,0.0,0.0,0.0,0.0,0.0,0.0,0.0,0.0,0.0,0.0,0.0,0.0,0.0,0.0,0.0,0.0,0.0,0.03831150371307639,0.03831150371307639
2018/03/22 09:00:00,2018/03/22 09:00:00,2018/03/22 14:00:00,11.36210853624488,11.36210853624488,9.413075477855559,0.0,0.0,0.0,0.23738819960796062,0.04854906762080994,0.0,0.005196424341206713,0.33907849598849293,0.0,0.0,0.0,0.0,0.0,0.0,1.3188208708308526,0.0,0.0,0.0,0.0,0.0,0.0,0.0,0.0,0.0,0.0,0.0,0.0,0.0,0.0,0.0,0.0,0.0,0.0,0.03876909256136549,0.03876909256136549
2018/03/22 10:00:00,2018/03/22 10:00:00,2018/03/22 15:00:00,10.87380162271997,10.87380162271997,8.98979515565177,0.0,0.0,0.0,0.23977021629156023,0.04903622194961379,0.0,0.005248566652813857,0.2711305913433615,0.0,0.0,0.0,0.0,0.0,0.0,1.3188208708308526,0.0,0.0,0.0,0.0,0.0,0.0,0.0,0.0,0.0,0.0,0.0,0.0,0.0,0.0,0.0,0.0,0.0,0.0,0.037102921544919745,0.037102921544919745
2018/03/22 11:00:00,2018/03/22 11:00:00,2018/03/22 16:00:00,10.34093376109573,10.34093376109573,8.468340842568713,0.0,0.0,0.0,0.2330133774859433,0.04765435787794319,0.0,0.005100659546659875,0.2680036527856186,0.0,0.0,0.0,0.0,0.0,0.0,1.3188208708308526,0.0,0.0,0.0,0.0,0.0,0.0,0.0,0.0,0.0,0.0,0.0,0.0,0.0,0.0,0.0,0.0,0.0,0.0,0.03528470238389115,0.03528470238389115
2018/03/22 12:00:00,2018/03/22 12:00:00,2018/03/22 17:00:00,8.716181365975528,8.716181365975528,7.899206442356113,0.0,0.0,0.0,0.22365196052793865,0.045739822674966235,0.0,0.004895738261486062,0.2852620246662099,0.0,0.0,0.0,0.0,0.0,0.0,0.2574253774888145,0.0,0.0,0.0,0.0,0.0,0.0,0.0,0.0,0.0,0.0,0.0,0.0,0.0,0.0,0.0,0.0,0.0,0.0,0.02974082152808185,0.02974082152808185
2018/03/22 13:00:00,2018/03/22 13:00:00,2018/03/22 18:00:00,7.7368709380665885,7.7368709380665885,7.179702690907106,0.0,0.0,0.0,0.21689512172232184,0.04435795860329565,0.0,0.00474783115533208,0.2911673356785335,0.0,0.0,0.0,0.0,0.0,0.0,0.0,0.0,0.0,0.0,0.0,0.0,0.0,0.0,0.0,0.0,0.0,0.0,0.0,0.0,0.0,0.0,0.0,0.0,0.0,0.026399278318491988,0.026399278318491988
2018/03/22 14:00:00,2018/03/22 14:00:00,2018/03/22 19:00:00,7.386312543220876,7.386312543220876,6.820787598394845,0.0,0.0,0.0,0.21490682280316895,0.043951324832805984,0.0,0.004704307320035531,0.30196248987002017,0.0,0.0,0.0,0.0,0.0,0.0,0.0,0.0,0.0,0.0,0.0,0.0,0.0,0.0,0.0,0.0,0.0,0.0,0.0,0.0,0.0,0.0,0.0,0.0,0.0,0.025203124381519573,0.025203124381519573
2018/03/22 15:00:00,2018/03/22 15:00:00,2018/03/22 20:00:00,6.999973520500004,6.999973520500004,6.3527468293257225,0.0,0.0,0.0,0.2150226692040196,0.04397501697402368,0.0,0.004706843196116211,0.3835221618001209,0.0,0.0,0.0,0.0,0.0,0.0,0.0,0.0,0.0,0.0,0.0,0.0,0.0,0.0,0.0,0.0,0.0,0.0,0.0,0.0,0.0,0.0,0.0,0.0,0.0,0.02388488197218565,0.02388488197218565
2018/03/22 16:00:00,2018/03/22 16:00:00,2018/03/22 21:00:00,7.545053873161011,7.545053873161011,5.457963394896132,0.0,0.0,0.0,0.2175468797931209,0.04449125186178064,0.0,0.004762098130309232,1.407457344766036,0.0,0.0,0.0,0.0,0.0,0.0,0.4128329037136323,0.0,0.0,0.0,0.0,0.0,0.0,0.0,0.0,0.0,0.0,0.0,0.0,0.0,0.0,0.0,0.0,0.0,0.0,0.025744771848988435,0.025744771848988435
2018/03/22 17:00:00,2018/03/22 17:00:00,2018/03/22 22:00:00,6.262326517944851,6.262326517944851,5.193096362743249,0.0,0.0,0.0,0.22842160089491803,0.046715278039158065,0.0,0.0050001456218464555,0.789093130645679,0.0,0.0,0.0,0.0,0.0,0.0,0.0,0.0,0.0,0.0,0.0,0.0,0.0,0.0,0.0,0.0,0.0,0.0,0.0,0.0,0.0,0.0,0.0,0.0,0.0,0.02136792793777841,0.02136792793777841
2018/03/22 18:00:00,2018/03/22 18:00:00,2018/03/22 23:00:00,6.2516196178567105,6.2516196178567105,5.317982023066399,0.0,0.0,0.0,0.2623054708425313,0.05364498345862761,0.0,0.005741863057088994,0.611945277432064,0.0,0.0,0.0,0.0,0.0,0.0,0.0,0.0,0.0,0.0,0.0,0.0,0.0,0.0,0.0,0.0,0.0,0.0,0.0,0.0,0.0,0.0,0.0,0.0,0.0,0.021331394507452667,0.021331394507452667
2018/03/22 19:00:00,2018/03/22 19:00:00,2018/03/23 00:00:00,7.287158637570625,7.287158637570625,5.737627026836147,0.0,0.0,0.0,0.33340137325960434,0.06818504812784563,0.0,0.007298151358235646,0.6343320589831604,0.0,0.0,0.0,0.0,0.0,0.0,0.5063149790056324,0.0,0.0,0.0,0.0,0.0,0.0,0.0,0.0,0.0,0.0,0.0,0.0,0.0,0.0,0.0,0.0,0.0,0.0,0.024864797482624636,0.024864797482624636
2018/03/22 20:00:00,2018/03/22 20:00:00,2018/03/23 01:00:00,9.093750976270531,9.093750976270531,6.67077895993963,0.0,0.0,0.0,0.4274069990350241,0.0874104581947509,0.0,0.00935593318056924,0.579977755089703,0.0,0.0,0.0,0.0,0.0,0.0,1.3188208708308526,0.0,0.0,0.0,0.0,0.0,0.0,0.0,0.0,0.0,0.0,0.0,0.0,0.0,0.0,0.0,0.0,0.0,0.0,0.031029141484117357,0.031029141484117357
2018/03/22 21:00:00,2018/03/22 21:00:00,2018/03/23 02:00:00,10.288515402463238,10.288515402463238,7.800015895554862,0.0,0.0,0.0,0.4886573573918704,0.09993697718169407,0.0,0.01069670266110275,0.5703875988428551,0.0,0.0,0.0,0.0,0.0,0.0,1.3188208708308526,0.0,0.0,0.0,0.0,0.0,0.0,0.0,0.0,0.0,0.0,0.0,0.0,0.0,0.0,0.0,0.0,0.0,0.0,0.035105843663147965,0.035105843663147965
2018/03/22 22:00:00,2018/03/22 22:00:00,2018/03/23 03:00:00,10.597104153408129,10.597104153408129,8.16135855319354,0.0,0.0,0.0,0.468321919887066,0.09577810773430813,0.0,0.010251560220941161,0.542573141541421,0.0,0.0,0.0,0.0,0.0,0.0,1.3188208708308526,0.0,0.0,0.0,0.0,0.0,0.0,0.0,0.0,0.0,0.0,0.0,0.0,0.0,0.0,0.0,0.0,0.0,0.0,0.03615879134540383,0.03615879134540383
2018/03/22 23:00:00,2018/03/22 23:00:00,2018/03/23 04:00:00,10.134155581521926,10.134155581521926,8.3545313693284,0.0,0.0,0.0,0.290344826622301,0.0593794074192293,0.0,0.006355644159630639,0.46330240650435034,0.0,0.0,0.0,0.0,0.0,0.0,0.9602419274880138,0.0,0.0,0.0,0.0,0.0,0.0,0.0,0.0,0.0,0.0,0.0,0.0,0.0,0.0,0.0,0.0,0.0,0.0,0.03457914651298966,0.03457914651298966
2018/03/23 00:00:00,2018/03/23 00:00:00,2018/03/23 05:00:00,9.202293839048624,9.202293839048624,8.647255625084513,0.0,0.0,0.0,0.13094360677997474,0.026779722120023,0.0,0.002866353705536267,0.3944485313585772,0.0,0.0,0.0,0.0,0.0,0.0,0.0,0.0,0.0,0.0,0.0,0.0,0.0,0.0,0.0,0.0,0.0,0.0,0.0,0.0,0.0,0.0,0.0,0.0,0.0,0.03139950480889072,0.03139950480889072
2018/03/23 01:00:00,2018/03/23 01:00:00,2018/03/23 06:00:00,9.691164275613943,9.691164275613943,9.2630481523116,0.0,0.0,0.0,0.06501908921459039,0.013297274945155983,0.0,0.0014232669458539432,0.34837649219674405,0.0,0.0,0.0,0.0,0.0,0.0,0.0,0.0,0.0,0.0,0.0,0.0,0.0,0.0,0.0,0.0,0.0,0.0,0.0,0.0,0.0,0.0,0.0,0.0,0.0,0.03306759864422561,0.03306759864422561
2018/03/23 02:00:00,2018/03/23 02:00:00,2018/03/23 07:00:00,9.705477154667252,9.705477154667252,9.32495031497269,0.0,0.0,0.0,0.03901145352875434,0.00797836496709361,0.0,0.0008539601675123682,0.3326830610312019,0.0,0.0,0.0,0.0,0.0,0.0,0.0,0.0,0.0,0.0,0.0,0.0,0.0,0.0,0.0,0.0,0.0,0.0,0.0,0.0,0.0,0.0,0.0,0.0,0.0,0.0331164361756633,0.0331164361756633
2018/03/23 03:00:00,2018/03/23 03:00:00,2018/03/23 08:00:00,9.181995399558676,9.181995399558676,8.847906422270663,0.0,0.0,0.0,0.026007635685836212,0.005318909978062404,0.0,0.0005693067783415784,0.302193124845772,0.0,0.0,0.0,0.0,0.0,0.0,0.0,0.0,0.0,0.0,0.0,0.0,0.0,0.0,0.0,0.0,0.0,0.0,0.0,0.0,0.0,0.0,0.0,0.0,0.0,0.031330243713828414,0.031330243713828414
2018/03/23 04:00:00,2018/03/23 04:00:00,2018/03/23 09:00:00,9.104907759497532,9.104907759497532,8.783666668748763,0.0,0.0,0.0,0.026007635685836212,0.005318909978062404,0.0,0.0005693067783415784,0.28934523830652903,0.0,0.0,0.0,0.0,0.0,0.0,0.0,0.0,0.0,0.0,0.0,0.0,0.0,0.0,0.0,0.0,0.0,0.0,0.0,0.0,0.0,0.0,0.0,0.0,0.0,0.031067209978203197,0.031067209978203197
2018/03/23 05:00:00,2018/03/23 05:00:00,2018/03/23 10:00:00,9.011363684700449,9.011363684700449,8.703868977547938,0.0,0.0,0.0,0.028359609659443317,0.005799920170125916,0.0,0.0006207914554507214,0.27271438586749136,0.0,0.0,0.0,0.0,0.0,0.0,0.0,0.0,0.0,0.0,0.0,0.0,0.0,0.0,0.0,0.0,0.0,0.0,0.0,0.0,0.0,0.0,0.0,0.0,0.0,0.030748024601403936,0.030748024601403936
2018/03/23 06:00:00,2018/03/23 06:00:00,2018/03/23 11:00:00,8.976536250118432,8.976536250118432,8.585227709225048,0.0,0.0,0.0,0.07657075757208723,0.01565974590684433,0.0,0.001676132803270518,0.29740190461118204,0.0,0.0,0.0,0.0,0.0,0.0,0.0,0.0,0.0,0.0,0.0,0.0,0.0,0.0,0.0,0.0,0.0,0.0,0.0,0.0,0.0,0.0,0.0,0.0,0.0,0.030629188556960434,0.030629188556960434
2018/03/23 07:00:00,2018/03/23 07:00:00,2018/03/23 12:00:00,9.283297059091156,9.283297059091156,7.3914541987952616,0.0,0.0,0.0,0.1797670016564363,0.03676476056443332,0.0,0.0039350971307586715,0.3641745395086999,0.0,0.0,0.0,0.0,0.0,0.0,1.3072014614355671,0.0,0.0,0.0,0.0,0.0,0.0,0.0,0.0,0.0,0.0,0.0,0.0,0.0,0.0,0.0,0.0,0.0,0.0,0.03167589904729987,0.03167589904729987
2018/03/23 08:00:00,2018/03/23 08:00:00,2018/03/23 13:00:00,8.965082337740517,8.965082337740517,6.95152602521729,0.0,0.0,0.0,0.22749050639997065,0.04652485673906303,0.0,0.004979763976484562,0.41574031457685573,0.0,0.0,0.0,0.0,0.0,0.0,1.3188208708308526,0.0,0.0,0.0,0.0,0.0,0.0,0.0,0.0,0.0,0.0,0.0,0.0,0.0,0.0,0.0,0.0,0.0,0.0,0.03059010621693942,0.03059010621693942
2018/03/23 09:00:00,2018/03/23 09:00:00,2018/03/23 14:00:00,7.425195738896646,7.425195738896646,5.476162680507323,0.0,0.0,0.0,0.23738819960796062,0.04854906762080994,0.0,0.005196424341206713,0.33907849598849293,0.0,0.0,0.0,0.0,0.0,0.0,1.3188208708308526,0.0,0.0,0.0,0.0,0.0,0.0,0.0,0.0,0.0,0.0,0.0,0.0,0.0,0.0,0.0,0.0,0.0,0.0,0.02533579924617404,0.02533579924617404
2018/03/23 10:00:00,2018/03/23 10:00:00,2018/03/23 15:00:00,5.768873348710217,5.768873348710217,3.884866881642015,0.0,0.0,0.0,0.23977021629156023,0.04903622194961379,0.0,0.005248566652813857,0.2711305913433615,0.0,0.0,0.0,0.0,0.0,0.0,1.3188208708308526,0.0,0.0,0.0,0.0,0.0,0.0,0.0,0.0,0.0,0.0,0.0,0.0,0.0,0.0,0.0,0.0,0.0,0.0,0.01968419718201859,0.01968419718201859
2018/03/23 11:00:00,2018/03/23 11:00:00,2018/03/23 16:00:00,4.463050475734948,4.463050475734948,2.5904575572079307,0.0,0.0,0.0,0.2330133774859433,0.04765435787794319,0.0,0.005100659546659875,0.2680036527856186,0.0,0.0,0.0,0.0,0.0,0.0,1.3188208708308526,0.0,0.0,0.0,0.0,0.0,0.0,0.0,0.0,0.0,0.0,0.0,0.0,0.0,0.0,0.0,0.0,0.0,0.0,0.015228548156168158,0.015228548156168158
2018/03/23 12:00:00,2018/03/23 12:00:00,2018/03/23 17:00:00,2.4893009293650357,2.4893009293650357,1.5157691542128442,0.0,0.0,0.0,0.22365196052793865,0.045739822674966235,0.0,0.004895738261486062,0.2852620246662099,0.0,0.0,0.0,0.0,0.0,0.0,0.41398222902159093,0.0,0.0,0.0,0.0,0.0,0.0,0.0,0.0,0.0,0.0,0.0,0.0,0.0,0.0,0.0,0.0,0.0,0.0,0.00849384054339808,0.00849384054339808
2018/03/23 13:00:00,2018/03/23 13:00:00,2018/03/23 18:00:00,2.696165093213044,2.696165093213044,0.8201759752227081,0.0,0.0,0.0,0.21689512172232184,0.04435795860329565,0.0,0.00474783115533208,0.2911673356785335,0.0,0.0,0.0,0.0,0.0,0.0,1.3188208708308526,0.0,0.0,0.0,0.0,0.0,0.0,0.0,0.0,0.0,0.0,0.0,0.0,0.0,0.0,0.0,0.0,0.0,0.0,0.009199689804586662,0.009199689804586662
2018/03/23 14:00:00,2018/03/23 14:00:00,2018/03/23 19:00:00,0.6966589628655393,0.6966589628655393,0.12041460199289877,0.0,0.0,0.0,0.21490682280316895,0.043951324832805984,0.0,0.004704307320035531,0.30196248987002017,0.0,0.0,0.0,0.0,0.0,0.0,0.010719416046609885,0.0,0.0,0.0,0.0,0.0,0.0,0.0,0.0,0.0,0.0,0.0,0.0,0.0,0.0,0.0,0.0,0.0,0.0,0.00237709714960752,0.00237709714960752
2018/03/23 15:00:00,2018/03/23 15:00:00,2018/03/23 20:00:00,1.5457799273594106,1.5457799273594106,0.0,0.0,0.0,0.0,0.2150226692040196,0.04397501697402368,0.0,0.004706843196116211,0.6952930349181204,0.0,0.0,0.0,0.0,0.0,0.0,0.5867823630671307,0.0,0.0,0.0,0.0,0.0,0.0,0.0,0.0,0.0,0.0,0.0,0.0,0.0,0.0,0.0,0.0,0.0,0.0,0.00527441582626387,0.00527441582626387
2018/03/23 16:00:00,2018/03/23 16:00:00,2018/03/23 21:00:00,0.5903232998411791,0.5903232998411791,0.0,0.0,0.0,0.0,0.2175468797931209,0.04449125186178064,0.0,0.004762098130309232,0.3235230700559683,0.0,0.0,0.0,0.0,0.0,0.0,0.0,0.0,0.0,0.0,0.0,0.0,0.0,0.0,0.0,0.0,0.0,0.0,0.0,0.0,0.0,0.0,0.0,0.0,0.0,0.002014265096981479,0.002014265096981479
2018/03/23 17:00:00,2018/03/23 17:00:00,2018/03/23 22:00:00,0.7179056368458261,0.7179056368458261,0.0,0.0,0.0,0.0,0.22842160089491803,0.046715278039158065,0.0,0.0050001456218464555,0.43776861228990366,0.0,0.0,0.0,0.0,0.0,0.0,0.0,0.0,0.0,0.0,0.0,0.0,0.0,0.0,0.0,0.0,0.0,0.0,0.0,0.0,0.0,0.0,0.0,0.0,0.0,0.00244959375246387,0.00244959375246387
2018/03/23 18:00:00,2018/03/23 18:00:00,2018/03/23 23:00:00,0.9336375947903118,0.9336375947903118,0.0,0.0,0.0,0.0,0.2623054708425313,0.05364498345862761,0.0,0.005741863057088994,0.611945277432064,0.0,0.0,0.0,0.0,0.0,0.0,0.0,0.0,0.0,0.0,0.0,0.0,0.0,0.0,0.0,0.0,0.0,0.0,0.0,0.0,0.0,0.0,0.0,0.0,0.0,0.0031857011588765313,0.0031857011588765313
2018/03/23 19:00:00,2018/03/23 19:00:00,2018/03/24 00:00:00,1.043216631728846,1.043216631728846,0.0,0.0,0.0,0.0,0.33340137325960434,0.06818504812784563,0.0,0.007298151358235646,0.6343320589831604,0.0,0.0,0.0,0.0,0.0,0.0,0.0,0.0,0.0,0.0,0.0,0.0,0.0,0.0,0.0,0.0,0.0,0.0,0.0,0.0,0.0,0.0,0.0,0.0,0.0,0.0035596000538134524,0.0035596000538134524
2018/03/23 20:00:00,2018/03/23 20:00:00,2018/03/24 01:00:00,2.0384973618505557,2.0384973618505557,0.07745827177082466,0.0,0.0,0.0,0.4274069990350241,0.0874104581947509,0.0,0.00935593318056924,0.579977755089703,0.0,0.0,0.0,0.0,0.0,0.0,0.8568879445796836,0.0,0.0,0.0,0.0,0.0,0.0,0.0,0.0,0.0,0.0,0.0,0.0,0.0,0.0,0.0,0.0,0.0,0.0,0.006955636152882833,0.006955636152882833
2018/03/23 21:00:00,2018/03/23 21:00:00,2018/03/24 02:00:00,3.0675608683334117,3.0675608683334117,0.5790613614250366,0.0,0.0,0.0,0.4886573573918704,0.09993697718169407,0.0,0.01069670266110275,0.5703875988428551,0.0,0.0,0.0,0.0,0.0,0.0,1.3188208708308526,0.0,0.0,0.0,0.0,0.0,0.0,0.0,0.0,0.0,0.0,0.0,0.0,0.0,0.0,0.0,0.0,0.0,0.0,0.010466943777439513,0.010466943777439513
2018/03/23 22:00:00,2018/03/23 22:00:00,2018/03/24 03:00:00,3.6014879927635963,3.6014879927635963,1.1657423925490076,0.0,0.0,0.0,0.468321919887066,0.09577810773430813,0.0,0.010251560220941161,0.542573141541421,0.0,0.0,0.0,0.0,0.0,0.0,1.3188208708308526,0.0,0.0,0.0,0.0,0.0,0.0,0.0,0.0,0.0,0.0,0.0,0.0,0.0,0.0,0.0,0.0,0.0,0.0,0.01228877729029722,0.01228877729029722
2018/03/23 23:00:00,2018/03/23 23:00:00,2018/03/24 04:00:00,3.2673382095958554,3.2673382095958554,1.7991929582936204,0.0,0.0,0.0,0.290344826622301,0.0593794074192293,0.0,0.006355644159630639,0.46330240650435034,0.0,0.0,0.0,0.0,0.0,0.0,0.6487629665967234,0.0,0.0,0.0,0.0,0.0,0.0,0.0,0.0,0.0,0.0,0.0,0.0,0.0,0.0,0.0,0.0,0.0,0.0,0.011148611815582275,0.011148611815582275
2018/03/24 00:00:00,2018/03/24 00:00:00,2018/03/24 05:00:00,2.9179107240768096,2.9179107240768096,2.362872510112698,0.0,0.0,0.0,0.13094360677997474,0.026779722120023,0.0,0.002866353705536267,0.3944485313585772,0.0,0.0,0.0,0.0,0.0,0.0,0.0,0.0,0.0,0.0,0.0,0.0,0.0,0.0,0.0,0.0,0.0,0.0,0.0,0.0,0.0,0.0,0.0,0.0,0.0,0.00995631669831962,0.00995631669831962
2018/03/24 01:00:00,2018/03/24 01:00:00,2018/03/24 06:00:00,3.548159003635144,3.548159003635144,3.1200428803327998,0.0,0.0,0.0,0.06501908921459039,0.013297274945155983,0.0,0.0014232669458539432,0.34837649219674405,0.0,0.0,0.0,0.0,0.0,0.0,0.0,0.0,0.0,0.0,0.0,0.0,0.0,0.0,0.0,0.0,0.0,0.0,0.0,0.0,0.0,0.0,0.0,0.0,0.0,0.012106811371812132,0.012106811371812132
2018/03/24 02:00:00,2018/03/24 02:00:00,2018/03/24 07:00:00,3.892476121240443,3.892476121240443,3.5119492815458804,0.0,0.0,0.0,0.03901145352875434,0.00797836496709361,0.0,0.0008539601675123682,0.3326830610312019,0.0,0.0,0.0,0.0,0.0,0.0,0.0,0.0,0.0,0.0,0.0,0.0,0.0,0.0,0.0,0.0,0.0,0.0,0.0,0.0,0.0,0.0,0.0,0.0,0.0,0.013281669203905517,0.013281669203905517
2018/03/24 03:00:00,2018/03/24 03:00:00,2018/03/24 08:00:00,4.090402770207229,4.090402770207229,3.7563137929192165,0.0,0.0,0.0,0.026007635685836212,0.005318909978062404,0.0,0.0005693067783415784,0.302193124845772,0.0,0.0,0.0,0.0,0.0,0.0,0.0,0.0,0.0,0.0,0.0,0.0,0.0,0.0,0.0,0.0,0.0,0.0,0.0,0.0,0.0,0.0,0.0,0.0,0.0,0.013957022422868011,0.013957022422868011
2018/03/24 04:00:00,2018/03/24 04:00:00,2018/03/24 09:00:00,4.772983275038616,4.772983275038616,4.451742184289848,0.0,0.0,0.0,0.026007635685836212,0.005318909978062404,0.0,0.0005693067783415784,0.28934523830652903,0.0,0.0,0.0,0.0,0.0,0.0,0.0,0.0,0.0,0.0,0.0,0.0,0.0,0.0,0.0,0.0,0.0,0.0,0.0,0.0,0.0,0.0,0.0,0.0,0.0,0.01628608191811708,0.01628608191811708
2018/03/24 05:00:00,2018/03/24 05:00:00,2018/03/24 10:00:00,5.409748063465183,5.409748063465183,5.102253356312671,0.0,0.0,0.0,0.028359609659443317,0.005799920170125916,0.0,0.0006207914554507214,0.27271438586749136,0.0,0.0,0.0,0.0,0.0,0.0,0.0,0.0,0.0,0.0,0.0,0.0,0.0,0.0,0.0,0.0,0.0,0.0,0.0,0.0,0.0,0.0,0.0,0.0,0.0,0.01845881182503335,0.01845881182503335
2018/03/24 06:00:00,2018/03/24 06:00:00,2018/03/24 11:00:00,6.031943408952773,6.031943408952773,5.640634868059389,0.0,0.0,0.0,0.07657075757208723,0.01565974590684433,0.0,0.001676132803270518,0.29740190461118204,0.0,0.0,0.0,0.0,0.0,0.0,0.0,0.0,0.0,0.0,0.0,0.0,0.0,0.0,0.0,0.0,0.0,0.0,0.0,0.0,0.0,0.0,0.0,0.0,0.0,0.020581828768896426,0.020581828768896426
2018/03/24 07:00:00,2018/03/24 07:00:00,2018/03/24 12:00:00,6.555977789695658,6.555977789695658,5.8085979515196,0.0,0.0,0.0,0.1797670016564363,0.03676476056443332,0.0,0.0039350971307586715,0.3641745395086999,0.0,0.0,0.0,0.0,0.0,0.0,0.16273843931572965,0.0,0.0,0.0,0.0,0.0,0.0,0.0,0.0,0.0,0.0,0.0,0.0,0.0,0.0,0.0,0.0,0.0,0.0,0.022369906866157162,0.022369906866157162
2018/03/24 08:00:00,2018/03/24 08:00:00,2018/03/24 13:00:00,7.262719008104877,7.262719008104877,5.473088825680577,0.0,0.0,0.0,0.22749050639997065,0.04652485673906303,0.0,0.004979763976484562,0.41574031457685573,0.0,0.0,0.0,0.0,0.0,0.0,1.0948947407319267,0.0,0.0,0.0,0.0,0.0,0.0,0.0,0.0,0.0,0.0,0.0,0.0,0.0,0.0,0.0,0.0,0.0,0.0,0.024781406072139463,0.024781406072139463
2018/03/24 09:00:00,2018/03/24 09:00:00,2018/03/24 14:00:00,7.770308589822756,7.770308589822756,5.821275531433433,0.0,0.0,0.0,0.23738819960796062,0.04854906762080994,0.0,0.005196424341206713,0.33907849598849293,0.0,0.0,0.0,0.0,0.0,0.0,1.3188208708308526,0.0,0.0,0.0,0.0,0.0,0.0,0.0,0.0,0.0,0.0,0.0,0.0,0.0,0.0,0.0,0.0,0.0,0.0,0.026513372230888108,0.026513372230888108
2018/03/24 10:00:00,2018/03/24 10:00:00,2018/03/24 15:00:00,7.219684523622899,7.219684523622899,5.7586336165306475,0.0,0.0,0.0,0.23977021629156023,0.04903622194961379,0.0,0.005248566652813857,0.2711305913433615,0.0,0.0,0.0,0.0,0.0,0.0,0.8958653108549012,0.0,0.0,0.0,0.0,0.0,0.0,0.0,0.0,0.0,0.0,0.0,0.0,0.0,0.0,0.0,0.0,0.0,0.0,0.024634566433450016,0.024634566433450016
2018/03/24 11:00:00,2018/03/24 11:00:00,2018/03/24 16:00:00,6.101571589466074,6.101571589466074,5.54779954176991,0.0,0.0,0.0,0.2330133774859433,0.04765435787794319,0.0,0.005100659546659875,0.2680036527856186,0.0,0.0,0.0,0.0,0.0,0.0,0.0,0.0,0.0,0.0,0.0,0.0,0.0,0.0,0.0,0.0,0.0,0.0,0.0,0.0,0.0,0.0,0.0,0.0,0.0,0.02081940979239999,0.02081940979239999
2018/03/24 12:00:00,2018/03/24 12:00:00,2018/03/24 17:00:00,5.562298034392241,5.562298034392241,5.002748488261641,0.0,0.0,0.0,0.22365196052793865,0.045739822674966235,0.0,0.004895738261486062,0.2852620246662099,0.0,0.0,0.0,0.0,0.0,0.0,0.0,0.0,0.0,0.0,0.0,0.0,0.0,0.0,0.0,0.0,0.0,0.0,0.0,0.0,0.0,0.0,0.0,0.0,0.0,0.01897933351554867,0.01897933351554867
2018/03/24 13:00:00,2018/03/24 13:00:00,2018/03/24 18:00:00,5.1588557959365,5.1588557959365,4.601687548777018,0.0,0.0,0.0,0.21689512172232184,0.04435795860329565,0.0,0.00474783115533208,0.2911673356785335,0.0,0.0,0.0,0.0,0.0,0.0,0.0,0.0,0.0,0.0,0.0,0.0,0.0,0.0,0.0,0.0,0.0,0.0,0.0,0.0,0.0,0.0,0.0,0.0,0.0,0.017602732558432272,0.017602732558432272
2018/03/24 14:00:00,2018/03/24 14:00:00,2018/03/24 19:00:00,5.855050926586489,5.855050926586489,4.221786739277297,0.0,0.0,0.0,0.21490682280316895,0.043951324832805984,0.0,0.004704307320035531,0.30196248987002017,0.0,0.0,0.0,0.0,0.0,0.0,1.0677392424831604,0.0,0.0,0.0,0.0,0.0,0.0,0.0,0.0,0.0,0.0,0.0,0.0,0.0,0.0,0.0,0.0,0.0,0.0,0.01997824704809245,0.01997824704809245
2018/03/24 15:00:00,2018/03/24 15:00:00,2018/03/24 20:00:00,5.459575635443285,5.459575635443285,4.236065630325366,0.0,0.0,0.0,0.2150226692040196,0.04397501697402368,0.0,0.004706843196116211,0.3361306675280402,0.0,0.0,0.0,0.0,0.0,0.0,0.6236748082157192,0.0,0.0,0.0,0.0,0.0,0.0,0.0,0.0,0.0,0.0,0.0,0.0,0.0,0.0,0.0,0.0,0.0,0.0,0.018628830421842633,0.018628830421842633
2018/03/24 16:00:00,2018/03/24 16:00:00,2018/03/24 21:00:00,4.818284160954462,4.818284160954462,4.227960861113284,0.0,0.0,0.0,0.2175468797931209,0.04449125186178064,0.0,0.004762098130309232,0.3235230700559683,0.0,0.0,0.0,0.0,0.0,0.0,0.0,0.0,0.0,0.0,0.0,0.0,0.0,0.0,0.0,0.0,0.0,0.0,0.0,0.0,0.0,0.0,0.0,0.0,0.0,0.016440654833309788,0.016440654833309788
2018/03/24 17:00:00,2018/03/24 17:00:00,2018/03/24 22:00:00,4.941188741220959,4.941188741220959,4.223283104375133,0.0,0.0,0.0,0.22842160089491803,0.046715278039158065,0.0,0.0050001456218464555,0.43776861228990366,0.0,0.0,0.0,0.0,0.0,0.0,0.0,0.0,0.0,0.0,0.0,0.0,0.0,0.0,0.0,0.0,0.0,0.0,0.0,0.0,0.0,0.0,0.0,0.0,0.0,0.016860022333045215,0.016860022333045215
2018/03/24 18:00:00,2018/03/24 18:00:00,2018/03/24 23:00:00,5.210571563383724,5.210571563383724,4.276933968593413,0.0,0.0,0.0,0.2623054708425313,0.05364498345862761,0.0,0.005741863057088994,0.611945277432064,0.0,0.0,0.0,0.0,0.0,0.0,0.0,0.0,0.0,0.0,0.0,0.0,0.0,0.0,0.0,0.0,0.0,0.0,0.0,0.0,0.0,0.0,0.0,0.0,0.0,0.017779193940459,0.017779193940459
2018/03/24 19:00:00,2018/03/24 19:00:00,2018/03/25 00:00:00,6.379791972081956,6.379791972081956,4.029689130394583,0.0,0.0,0.0,0.33340137325960434,0.06818504812784563,0.0,0.007298151358235646,0.6343320589831604,0.0,0.0,0.0,0.0,0.0,0.0,1.3068862099585272,0.0,0.0,0.0,0.0,0.0,0.0,0.0,0.0,0.0,0.0,0.0,0.0,0.0,0.0,0.0,0.0,0.0,0.0,0.021768736383647153,0.021768736383647153
2018/03/24 20:00:00,2018/03/24 20:00:00,2018/03/25 01:00:00,7.243352478915504,7.243352478915504,4.406155776405602,0.0,0.0,0.0,0.4274069990350241,0.0874104581947509,0.0,0.00935593318056924,0.9942024412687047,0.0,0.0,0.0,0.0,0.0,0.0,1.3188208708308526,0.0,0.0,0.0,0.0,0.0,0.0,0.0,0.0,0.0,0.0,0.0,0.0,0.0,0.0,0.0,0.0,0.0,0.0,0.024715324784468244,0.024715324784468244
2018/03/24 21:00:00,2018/03/24 21:00:00,2018/03/25 02:00:00,7.27751919289914,7.27751919289914,4.789019685990764,0.0,0.0,0.0,0.4886573573918704,0.09993697718169407,0.0,0.01069670266110275,0.5703875988428551,0.0,0.0,0.0,0.0,0.0,0.0,1.3188208708308526,0.0,0.0,0.0,0.0,0.0,0.0,0.0,0.0,0.0,0.0,0.0,0.0,0.0,0.0,0.0,0.0,0.0,0.0,0.024831906358453726,0.024831906358453726
2018/03/24 22:00:00,2018/03/24 22:00:00,2018/03/25 03:00:00,6.162703079169728,6.162703079169728,4.900573455183476,0.0,0.0,0.0,0.468321919887066,0.09577810773430813,0.0,0.010251560220941161,0.542573141541421,0.0,0.0,0.0,0.0,0.0,0.0,0.14520489460251632,0.0,0.0,0.0,0.0,0.0,0.0,0.0,0.0,0.0,0.0,0.0,0.0,0.0,0.0,0.0,0.0,0.0,0.0,0.02102799892664165,0.02102799892664165
2018/03/24 23:00:00,2018/03/24 23:00:00,2018/03/25 04:00:00,5.940542948008912,5.940542948008912,5.1211606633034,0.0,0.0,0.0,0.290344826622301,0.0593794074192293,0.0,0.006355644159630639,0.46330240650435034,0.0,0.0,0.0,0.0,0.0,0.0,0.0,0.0,0.0,0.0,0.0,0.0,0.0,0.0,0.0,0.0,0.0,0.0,0.0,0.0,0.0,0.0,0.0,0.0,0.0,0.020269957700319648,0.020269957700319648
2018/03/25 00:00:00,2018/03/25 00:00:00,2018/03/25 05:00:00,5.943693500304898,5.943693500304898,5.388655286340787,0.0,0.0,0.0,0.13094360677997474,0.026779722120023,0.0,0.002866353705536267,0.3944485313585772,0.0,0.0,0.0,0.0,0.0,0.0,0.0,0.0,0.0,0.0,0.0,0.0,0.0,0.0,0.0,0.0,0.0,0.0,0.0,0.0,0.0,0.0,0.0,0.0,0.0,0.02028070782237603,0.02028070782237603
2018/03/25 01:00:00,2018/03/25 01:00:00,2018/03/25 06:00:00,6.308495308847192,6.308495308847192,5.8803791855448475,0.0,0.0,0.0,0.06501908921459039,0.013297274945155983,0.0,0.0014232669458539432,0.34837649219674405,0.0,0.0,0.0,0.0,0.0,0.0,0.0,0.0,0.0,0.0,0.0,0.0,0.0,0.0,0.0,0.0,0.0,0.0,0.0,0.0,0.0,0.0,0.0,0.0,0.0,0.021525462265340006,0.021525462265340006
2018/03/25 02:00:00,2018/03/25 02:00:00,2018/03/25 07:00:00,6.268704944110328,6.268704944110328,5.888178104415767,0.0,0.0,0.0,0.03901145352875434,0.00797836496709361,0.0,0.0008539601675123682,0.3326830610312019,0.0,0.0,0.0,0.0,0.0,0.0,0.0,0.0,0.0,0.0,0.0,0.0,0.0,0.0,0.0,0.0,0.0,0.0,0.0,0.0,0.0,0.0,0.0,0.0,0.0,0.02138969201384021,0.02138969201384021
2018/03/25 03:00:00,2018/03/25 03:00:00,2018/03/25 08:00:00,5.719838272331237,5.719838272331237,5.385749295043226,0.0,0.0,0.0,0.026007635685836212,0.005318909978062404,0.0,0.0005693067783415784,0.302193124845772,0.0,0.0,0.0,0.0,0.0,0.0,0.0,0.0,0.0,0.0,0.0,0.0,0.0,0.0,0.0,0.0,0.0,0.0,0.0,0.0,0.0,0.0,0.0,0.0,0.0,0.019516882690273858,0.019516882690273858
2018/03/25 04:00:00,2018/03/25 04:00:00,2018/03/25 09:00:00,5.4934801742518795,5.4934801742518795,5.172239083503111,0.0,0.0,0.0,0.026007635685836212,0.005318909978062404,0.0,0.0005693067783415784,0.28934523830652903,0.0,0.0,0.0,0.0,0.0,0.0,0.0,0.0,0.0,0.0,0.0,0.0,0.0,0.0,0.0,0.0,0.0,0.0,0.0,0.0,0.0,0.0,0.0,0.0,0.0,0.01874451741771384,0.01874451741771384
2018/03/25 05:00:00,2018/03/25 05:00:00,2018/03/25 10:00:00,5.298511866312653,5.298511866312653,4.991017159160141,0.0,0.0,0.0,0.028359609659443317,0.005799920170125916,0.0,0.0006207914554507214,0.27271438586749136,0.0,0.0,0.0,0.0,0.0,0.0,0.0,0.0,0.0,0.0,0.0,0.0,0.0,0.0,0.0,0.0,0.0,0.0,0.0,0.0,0.0,0.0,0.0,0.0,0.0,0.01807925846926106,0.01807925846926106
2018/03/25 06:00:00,2018/03/25 06:00:00,2018/03/25 11:00:00,5.389086274501001,5.389086274501001,4.592764402375436,0.0,0.0,0.0,0.07657075757208723,0.01565974590684433,0.0,0.001676132803270518,0.29740190461118204,0.0,0.0,0.0,0.0,0.0,0.0,0.4050133312321806,0.0,0.0,0.0,0.0,0.0,0.0,0.0,0.0,0.0,0.0,0.0,0.0,0.0,0.0,0.0,0.0,0.0,0.0,0.018388310931094477,0.018388310931094477
2018/03/25 07:00:00,2018/03/25 07:00:00,2018/03/25 12:00:00,4.947636860883855,4.947636860883855,4.17004762441882,0.0,0.0,0.0,0.1797670016564363,0.03676476056443332,0.0,0.0039350971307586715,0.3641745395086999,0.0,0.0,0.0,0.0,0.0,0.0,0.19294783760470696,0.0,0.0,0.0,0.0,0.0,0.0,0.0,0.0,0.0,0.0,0.0,0.0,0.0,0.0,0.0,0.0,0.0,0.0,0.01688202421300087,0.01688202421300087
2018/03/25 08:00:00,2018/03/25 08:00:00,2018/03/25 13:00:00,5.207290680101338,5.207290680101338,3.193734367578111,0.0,0.0,0.0,0.22749050639997065,0.04652485673906303,0.0,0.004979763976484562,0.41574031457685573,0.0,0.0,0.0,0.0,0.0,0.0,1.3188208708308526,0.0,0.0,0.0,0.0,0.0,0.0,0.0,0.0,0.0,0.0,0.0,0.0,0.0,0.0,0.0,0.0,0.0,0.0,0.0177679991109736,0.0177679991109736
2018/03/25 09:00:00,2018/03/25 09:00:00,2018/03/25 14:00:00,5.506959008382729,5.506959008382729,3.5579259499934066,0.0,0.0,0.0,0.23738819960796062,0.04854906762080994,0.0,0.005196424341206713,0.33907849598849293,0.0,0.0,0.0,0.0,0.0,0.0,1.3188208708308526,0.0,0.0,0.0,0.0,0.0,0.0,0.0,0.0,0.0,0.0,0.0,0.0,0.0,0.0,0.0,0.0,0.0,0.0,0.018790509072024418,0.018790509072024418
2018/03/25 10:00:00,2018/03/25 10:00:00,2018/03/25 15:00:00,5.261108159043712,5.261108159043712,3.3771016919755095,0.0,0.0,0.0,0.23977021629156023,0.04903622194961379,0.0,0.005248566652813857,0.2711305913433615,0.0,0.0,0.0,0.0,0.0,0.0,1.3188208708308526,0.0,0.0,0.0,0.0,0.0,0.0,0.0,0.0,0.0,0.0,0.0,0.0,0.0,0.0,0.0,0.0,0.0,0.0,0.01795163182455669,0.01795163182455669
2018/03/25 11:00:00,2018/03/25 11:00:00,2018/03/25 16:00:00,4.969086816216027,4.969086816216027,3.062156854020842,0.0,0.0,0.0,0.2330133774859433,0.04765435787794319,0.0,0.005100659546659875,0.3023406964537858,0.0,0.0,0.0,0.0,0.0,0.0,1.3188208708308526,0.0,0.0,0.0,0.0,0.0,0.0,0.0,0.0,0.0,0.0,0.0,0.0,0.0,0.0,0.0,0.0,0.0,0.0,0.016955214440066327,0.016955214440066327
2018/03/25 12:00:00,2018/03/25 12:00:00,2018/03/25 17:00:00,4.422227344923823,4.422227344923823,2.697714140818811,0.0,0.0,0.0,0.22365196052793865,0.045739822674966235,0.0,0.004895738261486062,1.0593243384245115,0.0,0.0,0.0,0.0,0.0,0.0,0.3909013442161105,0.0,0.0,0.0,0.0,0.0,0.0,0.0,0.0,0.0,0.0,0.0,0.0,0.0,0.0,0.0,0.0,0.0,0.0,0.015089253963368245,0.015089253963368245
2018/03/25 13:00:00,2018/03/25 13:00:00,2018/03/25 18:00:00,3.014403759885364,3.014403759885364,2.457235512725881,0.0,0.0,0.0,0.21689512172232184,0.04435795860329565,0.0,0.00474783115533208,0.2911673356785335,0.0,0.0,0.0,0.0,0.0,0.0,0.0,0.0,0.0,0.0,0.0,0.0,0.0,0.0,0.0,0.0,0.0,0.0,0.0,0.0,0.0,0.0,0.0,0.0,0.0,0.010285564339710783,0.010285564339710783
2018/03/25 14:00:00,2018/03/25 14:00:00,2018/03/25 19:00:00,2.8712845968582656,2.8712845968582656,1.858859794095996,0.0,0.0,0.0,0.21490682280316895,0.043951324832805984,0.0,0.004704307320035531,0.30196248987002017,0.0,0.0,0.0,0.0,0.0,0.0,0.4468998579362385,0.0,0.0,0.0,0.0,0.0,0.0,0.0,0.0,0.0,0.0,0.0,0.0,0.0,0.0,0.0,0.0,0.0,0.0,0.009797221875721565,0.009797221875721565
2018/03/25 15:00:00,2018/03/25 15:00:00,2018/03/25 20:00:00,1.9558980254196507,1.9558980254196507,1.356062828517451,0.0,0.0,0.0,0.2150226692040196,0.04397501697402368,0.0,0.004706843196116211,0.3361306675280402,0.0,0.0,0.0,0.0,0.0,0.0,0.0,0.0,0.0,0.0,0.0,0.0,0.0,0.0,0.0,0.0,0.0,0.0,0.0,0.0,0.0,0.0,0.0,0.0,0.0,0.006673795743650528,0.006673795743650528
2018/03/25 16:00:00,2018/03/25 16:00:00,2018/03/25 21:00:00,1.6339309344070119,1.6339309344070119,1.0131614236922917,0.0,0.0,0.0,0.2175468797931209,0.04449125186178064,0.0,0.004762098130309232,0.3539692809295095,0.0,0.0,0.0,0.0,0.0,0.0,0.0,0.0,0.0,0.0,0.0,0.0,0.0,0.0,0.0,0.0,0.0,0.0,0.0,0.0,0.0,0.0,0.0,0.0,0.0,0.00557519930678636,0.00557519930678636
2018/03/25 17:00:00,2018/03/25 17:00:00,2018/03/25 22:00:00,2.2995461700642617,2.2995461700642617,0.8952895281144354,0.0,0.0,0.0,0.22842160089491803,0.046715278039158065,0.0,0.0050001456218464555,1.1241196173939034,0.0,0.0,0.0,0.0,0.0,0.0,0.0,0.0,0.0,0.0,0.0,0.0,0.0,0.0,0.0,0.0,0.0,0.0,0.0,0.0,0.0,0.0,0.0,0.0,0.0,0.007846370947079417,0.007846370947079417
2018/03/25 18:00:00,2018/03/25 18:00:00,2018/03/25 23:00:00,2.0232008544943065,2.0232008544943065,1.0895632597039948,0.0,0.0,0.0,0.2623054708425313,0.05364498345862761,0.0,0.005741863057088994,0.611945277432064,0.0,0.0,0.0,0.0,0.0,0.0,0.0,0.0,0.0,0.0,0.0,0.0,0.0,0.0,0.0,0.0,0.0,0.0,0.0,0.0,0.0,0.0,0.0,0.0,0.0,0.006903442345046174,0.006903442345046174
2018/03/25 19:00:00,2018/03/25 19:00:00,2018/03/26 00:00:00,3.1779126180748927,3.1779126180748927,1.3310734471455399,0.0,0.0,0.0,0.33340137325960434,0.06818504812784563,0.0,0.007298151358235646,0.6343320589831604,0.0,0.0,0.0,0.0,0.0,0.0,0.8036225392005069,0.0,0.0,0.0,0.0,0.0,0.0,0.0,0.0,0.0,0.0,0.0,0.0,0.0,0.0,0.0,0.0,0.0,0.0,0.010843479275792538,0.010843479275792538
2018/03/25 20:00:00,2018/03/25 20:00:00,2018/03/26 01:00:00,3.57931370182291,3.57931370182291,2.0646198339661144,0.0,0.0,0.0,0.4274069990350241,0.0874104581947509,0.0,0.00935593318056924,0.579977755089703,0.0,0.0,0.0,0.0,0.0,0.0,0.41054272235674927,0.0,0.0,0.0,0.0,0.0,0.0,0.0,0.0,0.0,0.0,0.0,0.0,0.0,0.0,0.0,0.0,0.0,0.0,0.01221311552952282,0.01221311552952282
2018/03/25 21:00:00,2018/03/25 21:00:00,2018/03/26 02:00:00,3.9353141949161077,3.9353141949161077,2.727343899965637,0.0,0.0,0.0,0.4886573573918704,0.09993697718169407,0.0,0.01069670266110275,0.6086792577158038,0.0,0.0,0.0,0.0,0.0,0.0,0.0,0.0,0.0,0.0,0.0,0.0,0.0,0.0,0.0,0.0,0.0,0.0,0.0,0.0,0.0,0.0,0.0,0.0,0.0,0.01342783866164169,0.01342783866164169
2018/03/25 22:00:00,2018/03/25 22:00:00,2018/03/26 03:00:00,5.630038957015883,5.630038957015883,3.34614758452834,0.0,0.0,0.0,0.468321919887066,0.09577810773430813,0.0,0.010251560220941161,1.4057846151697304,0.0,0.0,0.0,0.0,0.0,0.0,0.3037551694754971,0.0,0.0,0.0,0.0,0.0,0.0,0.0,0.0,0.0,0.0,0.0,0.0,0.0,0.0,0.0,0.0,0.0,0.0,0.019210474952986147,0.019210474952986147
2018/03/25 23:00:00,2018/03/25 23:00:00,2018/03/26 04:00:00,5.545491940919283,5.545491940919283,4.134473895329596,0.0,0.0,0.0,0.290344826622301,0.0593794074192293,0.0,0.006355644159630639,0.46330240650435034,0.0,0.0,0.0,0.0,0.0,0.0,0.591635760884176,0.0,0.0,0.0,0.0,0.0,0.0,0.0,0.0,0.0,0.0,0.0,0.0,0.0,0.0,0.0,0.0,0.0,0.0,0.01892198879019513,0.01892198879019513
2018/03/26 00:00:00,2018/03/26 00:00:00,2018/03/26 05:00:00,5.5683702693141415,5.5683702693141415,4.607876591570598,0.0,0.0,0.0,0.13094360677997474,0.026779722120023,0.0,0.002866353705536267,0.3944485313585772,0.0,0.0,0.0,0.0,0.0,0.0,0.4054554637794326,0.0,0.0,0.0,0.0,0.0,0.0,0.0,0.0,0.0,0.0,0.0,0.0,0.0,0.0,0.0,0.0,0.0,0.0,0.01900005282455637,0.01900005282455637
2018/03/26 01:00:00,2018/03/26 01:00:00,2018/03/26 06:00:00,5.786372905757777,5.786372905757777,4.896761882095308,0.0,0.0,0.0,0.06501908921459039,0.013297274945155983,0.0,0.0014232669458539432,0.34837649219674405,0.0,0.0,0.0,0.0,0.0,0.0,0.461494900360125,0.0,0.0,0.0,0.0,0.0,0.0,0.0,0.0,0.0,0.0,0.0,0.0,0.0,0.0,0.0,0.0,0.0,0.0,0.019743908101413136,0.019743908101413136
2018/03/26 02:00:00,2018/03/26 02:00:00,2018/03/26 07:00:00,5.625908692672169,5.625908692672169,5.245381852977607,0.0,0.0,0.0,0.03901145352875434,0.00797836496709361,0.0,0.0008539601675123682,0.3326830610312019,0.0,0.0,0.0,0.0,0.0,0.0,0.0,0.0,0.0,0.0,0.0,0.0,0.0,0.0,0.0,0.0,0.0,0.0,0.0,0.0,0.0,0.0,0.0,0.0,0.0,0.019196381917337565,0.019196381917337565
2018/03/26 03:00:00,2018/03/26 03:00:00,2018/03/26 08:00:00,5.708286254522369,5.708286254522369,5.374197277234358,0.0,0.0,0.0,0.026007635685836212,0.005318909978062404,0.0,0.0005693067783415784,0.302193124845772,0.0,0.0,0.0,0.0,0.0,0.0,0.0,0.0,0.0,0.0,0.0,0.0,0.0,0.0,0.0,0.0,0.0,0.0,0.0,0.0,0.0,0.0,0.0,0.0,0.0,0.019477465600895257,0.019477465600895257
2018/03/26 04:00:00,2018/03/26 04:00:00,2018/03/26 09:00:00,6.05776464878671,6.05776464878671,5.736523558037942,0.0,0.0,0.0,0.026007635685836212,0.005318909978062404,0.0,0.0005693067783415784,0.28934523830652903,0.0,0.0,0.0,0.0,0.0,0.0,0.0,0.0,0.0,0.0,0.0,0.0,0.0,0.0,0.0,0.0,0.0,0.0,0.0,0.0,0.0,0.0,0.0,0.0,0.0,0.020669934425868258,0.020669934425868258
2018/03/26 05:00:00,2018/03/26 05:00:00,2018/03/26 10:00:00,6.311801509996825,6.311801509996825,6.004306802844313,0.0,0.0,0.0,0.028359609659443317,0.005799920170125916,0.0,0.0006207914554507214,0.27271438586749136,0.0,0.0,0.0,0.0,0.0,0.0,0.0,0.0,0.0,0.0,0.0,0.0,0.0,0.0,0.0,0.0,0.0,0.0,0.0,0.0,0.0,0.0,0.0,0.0,0.0,0.02153674348290519,0.02153674348290519
2018/03/26 06:00:00,2018/03/26 06:00:00,2018/03/26 11:00:00,6.537517121570871,6.537517121570871,6.146208580677486,0.0,0.0,0.0,0.07657075757208723,0.01565974590684433,0.0,0.001676132803270518,0.29740190461118204,0.0,0.0,0.0,0.0,0.0,0.0,0.0,0.0,0.0,0.0,0.0,0.0,0.0,0.0,0.0,0.0,0.0,0.0,0.0,0.0,0.0,0.0,0.0,0.0,0.0,0.02230691650226551,0.02230691650226551
2018/03/26 07:00:00,2018/03/26 07:00:00,2018/03/26 12:00:00,6.584824102265582,6.584824102265582,6.000182703405255,0.0,0.0,0.0,0.1797670016564363,0.03676476056443332,0.0,0.0039350971307586715,0.3641745395086999,0.0,0.0,0.0,0.0,0.0,0.0,0.0,0.0,0.0,0.0,0.0,0.0,0.0,0.0,0.0,0.0,0.0,0.0,0.0,0.0,0.0,0.0,0.0,0.0,0.0,0.022468334491497124,0.022468334491497124
2018/03/26 08:00:00,2018/03/26 08:00:00,2018/03/26 13:00:00,6.4448827287847426,6.4448827287847426,5.229616235367255,0.0,0.0,0.0,0.22749050639997065,0.04652485673906303,0.0,0.004979763976484562,0.41574031457685573,0.0,0.0,0.0,0.0,0.0,0.0,0.5205310517251135,0.0,0.0,0.0,0.0,0.0,0.0,0.0,0.0,0.0,0.0,0.0,0.0,0.0,0.0,0.0,0.0,0.0,0.0,0.021990835086845566,0.021990835086845566
2018/03/26 09:00:00,2018/03/26 09:00:00,2018/03/26 14:00:00,5.891973094275576,5.891973094275576,4.091137958229219,0.0,0.0,0.0,0.23738819960796062,0.04854906762080994,0.0,0.005196424341206713,0.41223871861423783,0.0,0.0,0.0,0.0,0.0,0.0,1.0974627258621412,0.0,0.0,0.0,0.0,0.0,0.0,0.0,0.0,0.0,0.0,0.0,0.0,0.0,0.0,0.0,0.0,0.0,0.0,0.020104230612862865,0.020104230612862865
2018/03/26 10:00:00,2018/03/26 10:00:00,2018/03/26 15:00:00,7.196882161821226,7.196882161821226,3.647333615408593,0.0,0.0,0.0,0.23977021629156023,0.04903622194961379,0.0,0.005248566652813857,1.9366726706877924,0.0,0.0,0.0,0.0,0.0,0.0,1.3188208708308526,0.0,0.0,0.0,0.0,0.0,0.0,0.0,0.0,0.0,0.0,0.0,0.0,0.0,0.0,0.0,0.0,0.0,0.0,0.024556761607656744,0.024556761607656744
2018/03/26 11:00:00,2018/03/26 11:00:00,2018/03/26 16:00:00,5.321068399982925,5.321068399982925,3.0783579814782978,0.0,0.0,0.0,0.2330133774859433,0.04765435787794319,0.0,0.005100659546659875,0.6381211527632282,0.0,0.0,0.0,0.0,0.0,0.0,1.3188208708308526,0.0,0.0,0.0,0.0,0.0,0.0,0.0,0.0,0.0,0.0,0.0,0.0,0.0,0.0,0.0,0.0,0.0,0.0,0.018156224495323624,0.018156224495323624
2018/03/26 12:00:00,2018/03/26 12:00:00,2018/03/26 17:00:00,5.133891535555591,5.133891535555591,3.1513179568149146,0.0,0.0,0.0,0.22365196052793865,0.045739822674966235,0.0,0.004895738261486062,0.38946518644543276,0.0,0.0,0.0,0.0,0.0,0.0,1.3188208708308526,0.0,0.0,0.0,0.0,0.0,0.0,0.0,0.0,0.0,0.0,0.0,0.0,0.0,0.0,0.0,0.0,0.0,0.0,0.017517551034391544,0.017517551034391544
2018/03/26 13:00:00,2018/03/26 13:00:00,2018/03/26 18:00:00,5.558521574782122,5.558521574782122,2.84616087252333,0.0,0.0,0.0,0.21689512172232184,0.04435795860329565,0.0,0.00474783115533208,1.1275389199469905,0.0,0.0,0.0,0.0,0.0,0.0,1.3188208708308526,0.0,0.0,0.0,0.0,0.0,0.0,0.0,0.0,0.0,0.0,0.0,0.0,0.0,0.0,0.0,0.0,0.0,0.0,0.0189664477107958,0.0189664477107958
2018/03/26 14:00:00,2018/03/26 14:00:00,2018/03/26 19:00:00,3.5368815659911146,3.5368815659911146,2.447037713551431,0.0,0.0,0.0,0.21490682280316895,0.043951324832805984,0.0,0.004704307320035531,0.30196248987002017,0.0,0.0,0.0,0.0,0.0,0.0,0.5243189076136526,0.0,0.0,0.0,0.0,0.0,0.0,0.0,0.0,0.0,0.0,0.0,0.0,0.0,0.0,0.0,0.0,0.0,0.0,0.012068331188096084,0.012068331188096084
2018/03/26 15:00:00,2018/03/26 15:00:00,2018/03/26 20:00:00,3.073833960058597,3.073833960058597,2.473998763156397,0.0,0.0,0.0,0.2150226692040196,0.04397501697402368,0.0,0.004706843196116211,0.3361306675280402,0.0,0.0,0.0,0.0,0.0,0.0,0.0,0.0,0.0,0.0,0.0,0.0,0.0,0.0,0.0,0.0,0.0,0.0,0.0,0.0,0.0,0.0,0.0,0.0,0.0,0.010488348437759719,0.010488348437759719
2018/03/26 16:00:00,2018/03/26 16:00:00,2018/03/26 21:00:00,3.6300948727429487,3.6300948727429487,2.5767985855862374,0.0,0.0,0.0,0.2175468797931209,0.04449125186178064,0.0,0.004762098130309232,0.3235230700559683,0.0,0.0,0.0,0.0,0.0,0.0,0.4629729873155321,0.0,0.0,0.0,0.0,0.0,0.0,0.0,0.0,0.0,0.0,0.0,0.0,0.0,0.0,0.0,0.0,0.0,0.0,0.012386387938380143,0.012386387938380143
2018/03/26 17:00:00,2018/03/26 17:00:00,2018/03/26 22:00:00,3.990242031916989,3.990242031916989,3.2723363950711626,0.0,0.0,0.0,0.22842160089491803,0.046715278039158065,0.0,0.0050001456218464555,0.43776861228990366,0.0,0.0,0.0,0.0,0.0,0.0,0.0,0.0,0.0,0.0,0.0,0.0,0.0,0.0,0.0,0.0,0.0,0.0,0.0,0.0,0.0,0.0,0.0,0.0,0.0,0.013615260071152935,0.013615260071152935
2018/03/26 18:00:00,2018/03/26 18:00:00,2018/03/26 23:00:00,5.1362873356909775,5.1362873356909775,3.9682095058859854,0.0,0.0,0.0,0.2623054708425313,0.05364498345862761,0.0,0.005741863057088994,0.611945277432064,0.0,0.0,0.0,0.0,0.0,0.0,0.23444023501467978,0.0,0.0,0.0,0.0,0.0,0.0,0.0,0.0,0.0,0.0,0.0,0.0,0.0,0.0,0.0,0.0,0.0,0.0,0.017525725837238305,0.017525725837238305
2018/03/26 19:00:00,2018/03/26 19:00:00,2018/03/27 00:00:00,5.962468937580113,5.962468937580113,4.7277302872674465,0.0,0.0,0.0,0.33340137325960434,0.06818504812784563,0.0,0.007298151358235646,0.6343320589831604,0.0,0.0,0.0,0.0,0.0,0.0,0.19152201858382123,0.0,0.0,0.0,0.0,0.0,0.0,0.0,0.0,0.0,0.0,0.0,0.0,0.0,0.0,0.0,0.0,0.0,0.0,0.020344772222331452,0.020344772222331452
2018/03/26 20:00:00,2018/03/26 20:00:00,2018/03/27 01:00:00,8.075420891730268,8.075420891730268,5.741111723693084,0.0,0.0,0.0,0.4274069990350241,0.0874104581947509,0.0,0.00935593318056924,0.579977755089703,0.0,0.0,0.0,0.0,0.0,0.0,1.2301580225371358,0.0,0.0,0.0,0.0,0.0,0.0,0.0,0.0,0.0,0.0,0.0,0.0,0.0,0.0,0.0,0.0,0.0,0.0,0.027554457786137788,0.027554457786137788
2018/03/26 21:00:00,2018/03/26 21:00:00,2018/03/27 02:00:00,8.644393617185925,8.644393617185925,6.853529288170202,0.0,0.0,0.0,0.4886573573918704,0.09993697718169407,0.0,0.01069670266110275,0.5703875988428551,0.0,0.0,0.0,0.0,0.0,0.0,0.6211856929381995,0.0,0.0,0.0,0.0,0.0,0.0,0.0,0.0,0.0,0.0,0.0,0.0,0.0,0.0,0.0,0.0,0.0,0.0,0.029495871757648128,0.029495871757648128
2018/03/26 22:00:00,2018/03/26 22:00:00,2018/03/27 03:00:00,8.833505582131039,8.833505582131039,7.42074580392469,0.0,0.0,0.0,0.468321919887066,0.09577810773430813,0.0,0.010251560220941161,0.542573141541421,0.0,0.0,0.0,0.0,0.0,0.0,0.2958350488226154,0.0,0.0,0.0,0.0,0.0,0.0,0.0,0.0,0.0,0.0,0.0,0.0,0.0,0.0,0.0,0.0,0.0,0.0,0.030141148050338955,0.030141148050338955
2018/03/26 23:00:00,2018/03/26 23:00:00,2018/03/27 04:00:00,9.087219939028019,9.087219939028019,7.982943303556684,0.0,0.0,0.0,0.290344826622301,0.0593794074192293,0.0,0.006355644159630639,0.46330240650435034,0.0,0.0,0.0,0.0,0.0,0.0,0.2848943507658235,0.0,0.0,0.0,0.0,0.0,0.0,0.0,0.0,0.0,0.0,0.0,0.0,0.0,0.0,0.0,0.0,0.0,0.0,0.031006856677862515,0.031006856677862515
2018/03/27 00:00:00,2018/03/27 00:00:00,2018/03/27 05:00:00,8.66546665480207,8.66546665480207,8.11042844083796,0.0,0.0,0.0,0.13094360677997474,0.026779722120023,0.0,0.002866353705536267,0.3944485313585772,0.0,0.0,0.0,0.0,0.0,0.0,0.0,0.0,0.0,0.0,0.0,0.0,0.0,0.0,0.0,0.0,0.0,0.0,0.0,0.0,0.0,0.0,0.0,0.0,0.0,0.02956777588911135,0.02956777588911135
2018/03/27 01:00:00,2018/03/27 01:00:00,2018/03/27 06:00:00,8.969273671806155,8.969273671806155,8.541157548503811,0.0,0.0,0.0,0.06501908921459039,0.013297274945155983,0.0,0.0014232669458539432,0.34837649219674405,0.0,0.0,0.0,0.0,0.0,0.0,0.0,0.0,0.0,0.0,0.0,0.0,0.0,0.0,0.0,0.0,0.0,0.0,0.0,0.0,0.0,0.0,0.0,0.0,0.0,0.030604407630961998,0.030604407630961998
2018/03/27 02:00:00,2018/03/27 02:00:00,2018/03/27 07:00:00,9.144935457404793,9.144935457404793,8.764408617710233,0.0,0.0,0.0,0.03901145352875434,0.00797836496709361,0.0,0.0008539601675123682,0.3326830610312019,0.0,0.0,0.0,0.0,0.0,0.0,0.0,0.0,0.0,0.0,0.0,0.0,0.0,0.0,0.0,0.0,0.0,0.0,0.0,0.0,0.0,0.0,0.0,0.0,0.0,0.03120379004344678,0.03120379004344678
2018/03/27 03:00:00,2018/03/27 03:00:00,2018/03/27 08:00:00,9.062845371197037,9.062845371197037,8.728756393909025,0.0,0.0,0.0,0.026007635685836212,0.005318909978062404,0.0,0.0005693067783415784,0.302193124845772,0.0,0.0,0.0,0.0,0.0,0.0,0.0,0.0,0.0,0.0,0.0,0.0,0.0,0.0,0.0,0.0,0.0,0.0,0.0,0.0,0.0,0.0,0.0,0.0,0.0,0.030923687266712453,0.030923687266712453
2018/03/27 04:00:00,2018/03/27 04:00:00,2018/03/27 09:00:00,9.216544079357888,9.216544079357888,8.895302988609117,0.0,0.0,0.0,0.026007635685836212,0.005318909978062404,0.0,0.0005693067783415784,0.28934523830652903,0.0,0.0,0.0,0.0,0.0,0.0,0.0,0.0,0.0,0.0,0.0,0.0,0.0,0.0,0.0,0.0,0.0,0.0,0.0,0.0,0.0,0.0,0.0,0.0,0.0,0.031448128608233,0.031448128608233
2018/03/27 05:00:00,2018/03/27 05:00:00,2018/03/27 10:00:00,9.5653081874503,9.5653081874503,8.848403161381512,0.0,0.0,0.0,0.028359609659443317,0.005799920170125916,0.0,0.0006207914554507214,0.27271438586749136,0.0,0.0,0.0,0.0,0.0,0.0,0.4094103189162778,0.0,0.0,0.0,0.0,0.0,0.0,0.0,0.0,0.0,0.0,0.0,0.0,0.0,0.0,0.0,0.0,0.0,0.0,0.03263816018957059,0.03263816018957059
2018/03/27 06:00:00,2018/03/27 06:00:00,2018/03/27 11:00:00,9.240654207131334,9.240654207131334,8.84934566623795,0.0,0.0,0.0,0.07657075757208723,0.01565974590684433,0.0,0.001676132803270518,0.29740190461118204,0.0,0.0,0.0,0.0,0.0,0.0,0.0,0.0,0.0,0.0,0.0,0.0,0.0,0.0,0.0,0.0,0.0,0.0,0.0,0.0,0.0,0.0,0.0,0.0,0.0,0.031530395713175126,0.031530395713175126
2018/03/27 07:00:00,2018/03/27 07:00:00,2018/03/27 12:00:00,9.44571057960152,9.44571057960152,8.861069180741193,0.0,0.0,0.0,0.1797670016564363,0.03676476056443332,0.0,0.0039350971307586715,0.3641745395086999,0.0,0.0,0.0,0.0,0.0,0.0,0.0,0.0,0.0,0.0,0.0,0.0,0.0,0.0,0.0,0.0,0.0,0.0,0.0,0.0,0.0,0.0,0.0,0.0,0.0,0.03223007653907418,0.03223007653907418
2018/03/27 08:00:00,2018/03/27 08:00:00,2018/03/27 13:00:00,9.623934012213384,9.623934012213384,8.159813586918206,0.0,0.0,0.0,0.22749050639997065,0.04652485673906303,0.0,0.004979763976484562,0.5137976783926146,0.0,0.0,0.0,0.0,0.0,0.0,0.6713276197870475,0.0,0.0,0.0,0.0,0.0,0.0,0.0,0.0,0.0,0.0,0.0,0.0,0.0,0.0,0.0,0.0,0.0,0.0,0.032838199646989606,0.032838199646989606
2018/03/27 09:00:00,2018/03/27 09:00:00,2018/03/27 14:00:00,12.03718205768142,12.03718205768142,7.877635169103724,0.0,0.0,0.0,0.23738819960796062,0.04854906762080994,0.0,0.005196424341206713,2.549592326176868,0.0,0.0,0.0,0.0,0.0,0.0,1.3188208708308526,0.0,0.0,0.0,0.0,0.0,0.0,0.0,0.0,0.0,0.0,0.0,0.0,0.0,0.0,0.0,0.0,0.0,0.0,0.04107253718652569,0.04107253718652569
2018/03/27 10:00:00,2018/03/27 10:00:00,2018/03/27 15:00:00,10.352184580971997,10.352184580971997,8.468178113903795,0.0,0.0,0.0,0.23977021629156023,0.04903622194961379,0.0,0.005248566652813857,0.2711305913433615,0.0,0.0,0.0,0.0,0.0,0.0,1.3188208708308526,0.0,0.0,0.0,0.0,0.0,0.0,0.0,0.0,0.0,0.0,0.0,0.0,0.0,0.0,0.0,0.0,0.0,0.0,0.035323091744086293,0.035323091744086293
2018/03/27 11:00:00,2018/03/27 11:00:00,2018/03/27 16:00:00,10.016127600390776,10.016127600390776,8.14353468186376,0.0,0.0,0.0,0.2330133774859433,0.04765435787794319,0.0,0.005100659546659875,0.2680036527856186,0.0,0.0,0.0,0.0,0.0,0.0,1.3188208708308526,0.0,0.0,0.0,0.0,0.0,0.0,0.0,0.0,0.0,0.0,0.0,0.0,0.0,0.0,0.0,0.0,0.0,0.0,0.03417641864688032,0.03417641864688032
2018/03/27 12:00:00,2018/03/27 12:00:00,2018/03/27 17:00:00,9.462617640899616,9.462617640899616,7.5842472239381635,0.0,0.0,0.0,0.22365196052793865,0.045739822674966235,0.0,0.004895738261486062,0.2852620246662099,0.0,0.0,0.0,0.0,0.0,0.0,1.3188208708308526,0.0,0.0,0.0,0.0,0.0,0.0,0.0,0.0,0.0,0.0,0.0,0.0,0.0,0.0,0.0,0.0,0.0,0.0,0.032287765780671863,0.032287765780671863
2018/03/27 13:00:00,2018/03/27 13:00:00,2018/03/27 18:00:00,8.822575604087147,8.822575604087147,7.1865705245974,0.0,0.0,0.0,0.21689512172232184,0.04435795860329565,0.0,0.00474783115533208,0.2911673356785335,0.0,0.0,0.0,0.0,0.0,0.0,1.0788368323302655,0.0,0.0,0.0,0.0,0.0,0.0,0.0,0.0,0.0,0.0,0.0,0.0,0.0,0.0,0.0,0.0,0.0,0.0,0.0301038534470419,0.0301038534470419
2018/03/27 14:00:00,2018/03/27 14:00:00,2018/03/27 19:00:00,7.108351464321122,7.108351464321122,6.542826519495091,0.0,0.0,0.0,0.21490682280316895,0.043951324832805984,0.0,0.004704307320035531,0.30196248987002017,0.0,0.0,0.0,0.0,0.0,0.0,0.0,0.0,0.0,0.0,0.0,0.0,0.0,0.0,0.0,0.0,0.0,0.0,0.0,0.0,0.0,0.0,0.0,0.0,0.0,0.02425468257057001,0.02425468257057001
2018/03/27 15:00:00,2018/03/27 15:00:00,2018/03/27 20:00:00,6.345128543388635,6.345128543388635,5.745293346486434,0.0,0.0,0.0,0.2150226692040196,0.04397501697402368,0.0,0.004706843196116211,0.3361306675280402,0.0,0.0,0.0,0.0,0.0,0.0,0.0,0.0,0.0,0.0,0.0,0.0,0.0,0.0,0.0,0.0,0.0,0.0,0.0,0.0,0.0,0.0,0.0,0.0,0.0,0.021650459950076854,0.021650459950076854
2018/03/27 16:00:00,2018/03/27 16:00:00,2018/03/27 21:00:00,5.706168038140666,5.706168038140666,5.115844738299487,0.0,0.0,0.0,0.2175468797931209,0.04449125186178064,0.0,0.004762098130309232,0.3235230700559683,0.0,0.0,0.0,0.0,0.0,0.0,0.0,0.0,0.0,0.0,0.0,0.0,0.0,0.0,0.0,0.0,0.0,0.0,0.0,0.0,0.0,0.0,0.0,0.0,0.0,0.019470237952373393,0.019470237952373393
2018/03/27 17:00:00,2018/03/27 17:00:00,2018/03/27 22:00:00,5.240024802352477,5.240024802352477,4.522119165506652,0.0,0.0,0.0,0.22842160089491803,0.046715278039158065,0.0,0.0050001456218464555,0.43776861228990366,0.0,0.0,0.0,0.0,0.0,0.0,0.0,0.0,0.0,0.0,0.0,0.0,0.0,0.0,0.0,0.0,0.0,0.0,0.0,0.0,0.0,0.0,0.0,0.0,0.0,0.017879692482975915,0.017879692482975915
2018/03/27 18:00:00,2018/03/27 18:00:00,2018/03/27 23:00:00,5.264803275513569,5.264803275513569,4.331165680723258,0.0,0.0,0.0,0.2623054708425313,0.05364498345862761,0.0,0.005741863057088994,0.611945277432064,0.0,0.0,0.0,0.0,0.0,0.0,0.0,0.0,0.0,0.0,0.0,0.0,0.0,0.0,0.0,0.0,0.0,0.0,0.0,0.0,0.0,0.0,0.0,0.0,0.0,0.017964240075216145,0.017964240075216145
2018/03/27 19:00:00,2018/03/27 19:00:00,2018/03/28 00:00:00,6.037042251696227,6.037042251696227,4.993825619967381,0.0,0.0,0.0,0.33340137325960434,0.06818504812784563,0.0,0.007298151358235646,0.6343320589831604,0.0,0.0,0.0,0.0,0.0,0.0,0.0,0.0,0.0,0.0,0.0,0.0,0.0,0.0,0.0,0.0,0.0,0.0,0.0,0.0,0.0,0.0,0.0,0.0,0.0,0.020599226728583768,0.020599226728583768
2018/03/27 20:00:00,2018/03/27 20:00:00,2018/03/28 01:00:00,8.294489544703032,8.294489544703032,5.607918867752064,0.0,0.0,0.0,0.4274069990350241,0.0874104581947509,0.0,0.00935593318056924,0.9144398093778505,0.0,0.0,0.0,0.0,0.0,0.0,1.2479574771627722,0.0,0.0,0.0,0.0,0.0,0.0,0.0,0.0,0.0,0.0,0.0,0.0,0.0,0.0,0.0,0.0,0.0,0.0,0.02830195045946527,0.02830195045946527
2018/03/27 21:00:00,2018/03/27 21:00:00,2018/03/28 02:00:00,16.200505974729317,16.200505974729317,6.018932661685744,0.0,0.0,0.0,0.4886573573918704,0.09993697718169407,0.0,0.01069670266110275,8.263461404978052,0.0,0.0,0.0,0.0,0.0,0.0,1.3188208708308526,0.0,0.0,0.0,0.0,0.0,0.0,0.0,0.0,0.0,0.0,0.0,0.0,0.0,0.0,0.0,0.0,0.0,0.0,0.055278376691410516,0.055278376691410516
2018/03/27 22:00:00,2018/03/27 22:00:00,2018/03/28 03:00:00,12.361929925669797,12.361929925669797,6.3910419034000014,0.0,0.0,0.0,0.468321919887066,0.09577810773430813,0.0,0.010251560220941161,4.077715563596627,0.0,0.0,0.0,0.0,0.0,0.0,1.3188208708308526,0.0,0.0,0.0,0.0,0.0,0.0,0.0,0.0,0.0,0.0,0.0,0.0,0.0,0.0,0.0,0.0,0.0,0.0,0.0421806220206905,0.0421806220206905
2018/03/27 23:00:00,2018/03/27 23:00:00,2018/03/28 04:00:00,10.710939976423148,10.710939976423148,6.771543225917221,0.0,0.0,0.0,0.290344826622301,0.0593794074192293,0.0,0.006355644159630639,2.2644960014739133,0.0,0.0,0.0,0.0,0.0,0.0,1.3188208708308526,0.0,0.0,0.0,0.0,0.0,0.0,0.0,0.0,0.0,0.0,0.0,0.0,0.0,0.0,0.0,0.0,0.0,0.0,0.03654721498571585,0.03654721498571585
2018/03/28 00:00:00,2018/03/28 00:00:00,2018/03/28 05:00:00,9.730571396242201,9.730571396242201,7.810851595018888,0.0,0.0,0.0,0.13094360677997474,0.026779722120023,0.0,0.002866353705536267,0.44030924778692615,0.0,0.0,0.0,0.0,0.0,0.0,1.3188208708308526,0.0,0.0,0.0,0.0,0.0,0.0,0.0,0.0,0.0,0.0,0.0,0.0,0.0,0.0,0.0,0.0,0.0,0.0,0.033202061213592926,0.033202061213592926
2018/03/28 01:00:00,2018/03/28 01:00:00,2018/03/28 06:00:00,12.111186738694517,12.111186738694517,9.330408491010095,0.0,0.0,0.0,0.06501908921459039,0.013297274945155983,0.0,0.0014232669458539432,1.3822177457479687,0.0,0.0,0.0,0.0,0.0,0.0,1.3188208708308526,0.0,0.0,0.0,0.0,0.0,0.0,0.0,0.0,0.0,0.0,0.0,0.0,0.0,0.0,0.0,0.0,0.0,0.0,0.04132505143764543,0.04132505143764543
2018/03/28 02:00:00,2018/03/28 02:00:00,2018/03/28 07:00:00,11.477476689117678,11.477476689117678,9.695082059291854,0.0,0.0,0.0,0.03901145352875434,0.00797836496709361,0.0,0.0008539601675123682,0.41572998033161224,0.0,0.0,0.0,0.0,0.0,0.0,1.3188208708308526,0.0,0.0,0.0,0.0,0.0,0.0,0.0,0.0,0.0,0.0,0.0,0.0,0.0,0.0,0.0,0.0,0.0,0.0,0.03916274472399809,0.03916274472399809
2018/03/28 03:00:00,2018/03/28 03:00:00,2018/03/28 08:00:00,12.237313164206618,12.237313164206618,8.641810858221756,0.0,0.0,0.0,0.026007635685836212,0.005318909978062404,0.0,0.0005693067783415784,2.24478558271177,0.0,0.0,0.0,0.0,0.0,0.0,1.3188208708308526,0.0,0.0,0.0,0.0,0.0,0.0,0.0,0.0,0.0,0.0,0.0,0.0,0.0,0.0,0.0,0.0,0.0,0.0,0.04175541232088417,0.04175541232088417
2018/03/28 04:00:00,2018/03/28 04:00:00,2018/03/28 09:00:00,11.933099551239202,11.933099551239202,8.629470638884511,0.0,0.0,0.0,0.026007635685836212,0.005318909978062404,0.0,0.0005693067783415784,1.952912189081599,0.0,0.0,0.0,0.0,0.0,0.0,1.3188208708308526,0.0,0.0,0.0,0.0,0.0,0.0,0.0,0.0,0.0,0.0,0.0,0.0,0.0,0.0,0.0,0.0,0.0,0.0,0.04071739321712907,0.04071739321712907
2018/03/28 05:00:00,2018/03/28 05:00:00,2018/03/28 10:00:00,10.915802699892188,10.915802699892188,8.777393815428336,0.0,0.0,0.0,0.028359609659443317,0.005799920170125916,0.0,0.0006207914554507214,1.9675046063785704,0.0,0.0,0.0,0.0,0.0,0.0,0.1361239568002621,0.0,0.0,0.0,0.0,0.0,0.0,0.0,0.0,0.0,0.0,0.0,0.0,0.0,0.0,0.0,0.0,0.0,0.0,0.037246235054324485,0.037246235054324485
2018/03/28 06:00:00,2018/03/28 06:00:00,2018/03/28 11:00:00,9.324435104736883,9.324435104736883,8.9331265638435,0.0,0.0,0.0,0.07657075757208723,0.01565974590684433,0.0,0.001676132803270518,0.29740190461118204,0.0,0.0,0.0,0.0,0.0,0.0,0.0,0.0,0.0,0.0,0.0,0.0,0.0,0.0,0.0,0.0,0.0,0.0,0.0,0.0,0.0,0.0,0.0,0.0,0.0,0.0318162677732582,0.0318162677732582
2018/03/28 07:00:00,2018/03/28 07:00:00,2018/03/28 12:00:00,9.306445066204141,9.306445066204141,8.721803667343812,0.0,0.0,0.0,0.1797670016564363,0.03676476056443332,0.0,0.0039350971307586715,0.3641745395086999,0.0,0.0,0.0,0.0,0.0,0.0,0.0,0.0,0.0,0.0,0.0,0.0,0.0,0.0,0.0,0.0,0.0,0.0,0.0,0.0,0.0,0.0,0.0,0.0,0.0,0.031754883262906666,0.031754883262906666
2018/03/28 08:00:00,2018/03/28 08:00:00,2018/03/28 13:00:00,9.093217699757878,9.093217699757878,8.398482258065503,0.0,0.0,0.0,0.22749050639997065,0.04652485673906303,0.0,0.004979763976484562,0.41574031457685573,0.0,0.0,0.0,0.0,0.0,0.0,0.0,0.0,0.0,0.0,0.0,0.0,0.0,0.0,0.0,0.0,0.0,0.0,0.0,0.0,0.0,0.0,0.0,0.0,0.0,0.031027321870582252,0.031027321870582252
2018/03/28 09:00:00,2018/03/28 09:00:00,2018/03/28 14:00:00,8.841943495614197,8.841943495614197,8.211731308055727,0.0,0.0,0.0,0.23738819960796062,0.04854906762080994,0.0,0.005196424341206713,0.33907849598849293,0.0,0.0,0.0,0.0,0.0,0.0,0.0,0.0,0.0,0.0,0.0,0.0,0.0,0.0,0.0,0.0,0.0,0.0,0.0,0.0,0.0,0.0,0.0,0.0,0.0,0.030169939383198504,0.030169939383198504
2018/03/28 10:00:00,2018/03/28 10:00:00,2018/03/28 15:00:00,8.194828065050102,8.194828065050102,7.629642468812752,0.0,0.0,0.0,0.23977021629156023,0.04903622194961379,0.0,0.005248566652813857,0.2711305913433615,0.0,0.0,0.0,0.0,0.0,0.0,0.0,0.0,0.0,0.0,0.0,0.0,0.0,0.0,0.0,0.0,0.0,0.0,0.0,0.0,0.0,0.0,0.0,0.0,0.0,0.027961891647569428,0.027961891647569428
2018/03/28 11:00:00,2018/03/28 11:00:00,2018/03/28 16:00:00,7.260183559354499,7.260183559354499,6.7064115116583345,0.0,0.0,0.0,0.2330133774859433,0.04765435787794319,0.0,0.005100659546659875,0.2680036527856186,0.0,0.0,0.0,0.0,0.0,0.0,0.0,0.0,0.0,0.0,0.0,0.0,0.0,0.0,0.0,0.0,0.0,0.0,0.0,0.0,0.0,0.0,0.0,0.0,0.0,0.024772754768820678,0.024772754768820678
2018/03/28 12:00:00,2018/03/28 12:00:00,2018/03/28 17:00:00,6.7637103231747435,6.7637103231747435,5.767915486937282,0.0,0.0,0.0,0.22365196052793865,0.045739822674966235,0.0,0.004895738261486062,0.2852620246662099,0.0,0.0,0.0,0.0,0.0,0.0,0.43624529010686086,0.0,0.0,0.0,0.0,0.0,0.0,0.0,0.0,0.0,0.0,0.0,0.0,0.0,0.0,0.0,0.0,0.0,0.0,0.023078719125146488,0.023078719125146488
2018/03/28 13:00:00,2018/03/28 13:00:00,2018/03/28 18:00:00,7.261298356648586,7.261298356648586,5.385309238658251,0.0,0.0,0.0,0.21689512172232184,0.04435795860329565,0.0,0.00474783115533208,0.2911673356785335,0.0,0.0,0.0,0.0,0.0,0.0,1.3188208708308526,0.0,0.0,0.0,0.0,0.0,0.0,0.0,0.0,0.0,0.0,0.0,0.0,0.0,0.0,0.0,0.0,0.0,0.0,0.024776558612037255,0.024776558612037255
2018/03/28 14:00:00,2018/03/28 14:00:00,2018/03/28 19:00:00,6.498700342212082,6.498700342212082,4.8716543559983725,0.0,0.0,0.0,0.21490682280316895,0.043951324832805984,0.0,0.004704307320035531,0.30196248987002017,0.0,0.0,0.0,0.0,0.0,0.0,1.0615210413876794,0.0,0.0,0.0,0.0,0.0,0.0,0.0,0.0,0.0,0.0,0.0,0.0,0.0,0.0,0.0,0.0,0.0,0.0,0.02217446825931004,0.02217446825931004
2018/03/28 15:00:00,2018/03/28 15:00:00,2018/03/28 20:00:00,5.376075864339245,5.376075864339245,4.776240667437045,0.0,0.0,0.0,0.2150226692040196,0.04397501697402368,0.0,0.004706843196116211,0.3361306675280402,0.0,0.0,0.0,0.0,0.0,0.0,0.0,0.0,0.0,0.0,0.0,0.0,0.0,0.0,0.0,0.0,0.0,0.0,0.0,0.0,0.0,0.0,0.0,0.0,0.0,0.018343917604432138,0.018343917604432138
2018/03/28 16:00:00,2018/03/28 16:00:00,2018/03/28 21:00:00,5.389973976413277,5.389973976413277,4.712883222454426,0.0,0.0,0.0,0.2175468797931209,0.04449125186178064,0.0,0.004762098130309232,0.4102905241736408,0.0,0.0,0.0,0.0,0.0,0.0,0.0,0.0,0.0,0.0,0.0,0.0,0.0,0.0,0.0,0.0,0.0,0.0,0.0,0.0,0.0,0.0,0.0,0.0,0.0,0.01839133989332399,0.01839133989332399
2018/03/28 17:00:00,2018/03/28 17:00:00,2018/03/28 22:00:00,7.851607947925421,7.851607947925421,4.388710398303825,0.0,0.0,0.0,0.22842160089491803,0.046715278039158065,0.0,0.0050001456218464555,2.543219234212791,0.0,0.0,0.0,0.0,0.0,0.0,0.6395412908528841,0.0,0.0,0.0,0.0,0.0,0.0,0.0,0.0,0.0,0.0,0.0,0.0,0.0,0.0,0.0,0.0,0.0,0.0,0.026790776933493028,0.026790776933493028
2018/03/28 18:00:00,2018/03/28 18:00:00,2018/03/28 23:00:00,8.84294401646435,8.84294401646435,4.38107615171867,0.0,0.0,0.0,0.2623054708425313,0.05364498345862761,0.0,0.005741863057088994,3.9809165176957624,0.0,0.0,0.0,0.0,0.0,0.0,0.15925902969167005,0.0,0.0,0.0,0.0,0.0,0.0,0.0,0.0,0.0,0.0,0.0,0.0,0.0,0.0,0.0,0.0,0.0,0.0,0.030173353299314986,0.030173353299314986
2018/03/28 19:00:00,2018/03/28 19:00:00,2018/03/29 00:00:00,6.556854433614086,6.556854433614086,5.513637801885239,0.0,0.0,0.0,0.33340137325960434,0.06818504812784563,0.0,0.007298151358235646,0.6343320589831604,0.0,0.0,0.0,0.0,0.0,0.0,0.0,0.0,0.0,0.0,0.0,0.0,0.0,0.0,0.0,0.0,0.0,0.0,0.0,0.0,0.0,0.0,0.0,0.0,0.0,0.022372898096975676,0.022372898096975676
2018/03/28 20:00:00,2018/03/28 20:00:00,2018/03/29 01:00:00,7.021497627729768,7.021497627729768,5.9120736972150585,0.0,0.0,0.0,0.4274069990350241,0.0874104581947509,0.0,0.00935593318056924,0.5852505401043644,0.0,0.0,0.0,0.0,0.0,0.0,0.0,0.0,0.0,0.0,0.0,0.0,0.0,0.0,0.0,0.0,0.0,0.0,0.0,0.0,0.0,0.0,0.0,0.0,0.0,0.023958325215825645,0.023958325215825645
2018/03/28 21:00:00,2018/03/28 21:00:00,2018/03/29 02:00:00,7.2369308303510405,7.2369308303510405,5.948387442612245,0.0,0.0,0.0,0.4886573573918704,0.09993697718169407,0.0,0.01069670266110275,0.6892523505041285,0.0,0.0,0.0,0.0,0.0,0.0,0.0,0.0,0.0,0.0,0.0,0.0,0.0,0.0,0.0,0.0,0.0,0.0,0.0,0.0,0.0,0.0,0.0,0.0,0.0,0.02469341322757737,0.02469341322757737
2018/03/28 22:00:00,2018/03/28 22:00:00,2018/03/29 03:00:00,7.142680881223752,7.142680881223752,6.0257561518400165,0.0,0.0,0.0,0.468321919887066,0.09577810773430813,0.0,0.010251560220941161,0.542573141541421,0.0,0.0,0.0,0.0,0.0,0.0,0.0,0.0,0.0,0.0,0.0,0.0,0.0,0.0,0.0,0.0,0.0,0.0,0.0,0.0,0.0,0.0,0.0,0.0,0.0,0.02437181930951509,0.02437181930951509
2018/03/28 23:00:00,2018/03/28 23:00:00,2018/03/29 04:00:00,6.772699998290825,6.772699998290825,5.953317713585315,0.0,0.0,0.0,0.290344826622301,0.0593794074192293,0.0,0.006355644159630639,0.46330240650435034,0.0,0.0,0.0,0.0,0.0,0.0,0.0,0.0,0.0,0.0,0.0,0.0,0.0,0.0,0.0,0.0,0.0,0.0,0.0,0.0,0.0,0.0,0.0,0.0,0.0,0.02310939314533915,0.02310939314533915
2018/03/29 00:00:00,2018/03/29 00:00:00,2018/03/29 05:00:00,6.458607183744284,6.458607183744284,5.903568969780173,0.0,0.0,0.0,0.13094360677997474,0.026779722120023,0.0,0.002866353705536267,0.3944485313585772,0.0,0.0,0.0,0.0,0.0,0.0,0.0,0.0,0.0,0.0,0.0,0.0,0.0,0.0,0.0,0.0,0.0,0.0,0.0,0.0,0.0,0.0,0.0,0.0,0.0,0.022037664833541214,0.022037664833541214
2018/03/29 01:00:00,2018/03/29 01:00:00,2018/03/29 06:00:00,6.758946556242301,6.758946556242301,6.3308304329399565,0.0,0.0,0.0,0.06501908921459039,0.013297274945155983,0.0,0.0014232669458539432,0.34837649219674405,0.0,0.0,0.0,0.0,0.0,0.0,0.0,0.0,0.0,0.0,0.0,0.0,0.0,0.0,0.0,0.0,0.0,0.0,0.0,0.0,0.0,0.0,0.0,0.0,0.0,0.023062464490669492,0.023062464490669492
2018/03/29 02:00:00,2018/03/29 02:00:00,2018/03/29 07:00:00,7.108104866849175,7.108104866849175,6.322541673992758,0.0,0.0,0.0,0.03901145352875434,0.00797836496709361,0.0,0.0008539601675123682,0.3326830610312019,0.0,0.0,0.0,0.0,0.0,0.0,0.40503635316185493,0.0,0.0,0.0,0.0,0.0,0.0,0.0,0.0,0.0,0.0,0.0,0.0,0.0,0.0,0.0,0.0,0.0,0.0,0.024253841145742496,0.024253841145742496
2018/03/29 03:00:00,2018/03/29 03:00:00,2018/03/29 08:00:00,6.191181352660098,6.191181352660098,5.857092375372087,0.0,0.0,0.0,0.026007635685836212,0.005318909978062404,0.0,0.0005693067783415784,0.302193124845772,0.0,0.0,0.0,0.0,0.0,0.0,0.0,0.0,0.0,0.0,0.0,0.0,0.0,0.0,0.0,0.0,0.0,0.0,0.0,0.0,0.0,0.0,0.0,0.0,0.0,0.021125170751520286,0.021125170751520286
2018/03/29 04:00:00,2018/03/29 04:00:00,2018/03/29 09:00:00,6.1278105811874335,6.1278105811874335,5.806569490438665,0.0,0.0,0.0,0.026007635685836212,0.005318909978062404,0.0,0.0005693067783415784,0.28934523830652903,0.0,0.0,0.0,0.0,0.0,0.0,0.0,0.0,0.0,0.0,0.0,0.0,0.0,0.0,0.0,0.0,0.0,0.0,0.0,0.0,0.0,0.0,0.0,0.0,0.0,0.02090894087683887,0.02090894087683887
2018/03/29 05:00:00,2018/03/29 05:00:00,2018/03/29 10:00:00,6.096501680691652,6.096501680691652,5.789006973539141,0.0,0.0,0.0,0.028359609659443317,0.005799920170125916,0.0,0.0006207914554507214,0.27271438586749136,0.0,0.0,0.0,0.0,0.0,0.0,0.0,0.0,0.0,0.0,0.0,0.0,0.0,0.0,0.0,0.0,0.0,0.0,0.0,0.0,0.0,0.0,0.0,0.0,0.0,0.020802110559434008,0.020802110559434008
2018/03/29 06:00:00,2018/03/29 06:00:00,2018/03/29 11:00:00,6.11469650495027,6.11469650495027,5.723387964056886,0.0,0.0,0.0,0.07657075757208723,0.01565974590684433,0.0,0.001676132803270518,0.29740190461118204,0.0,0.0,0.0,0.0,0.0,0.0,0.0,0.0,0.0,0.0,0.0,0.0,0.0,0.0,0.0,0.0,0.0,0.0,0.0,0.0,0.0,0.0,0.0,0.0,0.0,0.02086419382712767,0.02086419382712767
2018/03/29 07:00:00,2018/03/29 07:00:00,2018/03/29 12:00:00,6.080296986406673,6.080296986406673,5.495655587546346,0.0,0.0,0.0,0.1797670016564363,0.03676476056443332,0.0,0.0039350971307586715,0.3641745395086999,0.0,0.0,0.0,0.0,0.0,0.0,0.0,0.0,0.0,0.0,0.0,0.0,0.0,0.0,0.0,0.0,0.0,0.0,0.0,0.0,0.0,0.0,0.0,0.0,0.0,0.020746817891646258,0.020746817891646258
2018/03/29 08:00:00,2018/03/29 08:00:00,2018/03/29 13:00:00,5.802115860952948,5.802115860952948,4.688824714356682,0.0,0.0,0.0,0.22749050639997065,0.04652485673906303,0.0,0.004979763976484562,0.41574031457685573,0.0,0.0,0.0,0.0,0.0,0.0,0.4185557049038915,0.0,0.0,0.0,0.0,0.0,0.0,0.0,0.0,0.0,0.0,0.0,0.0,0.0,0.0,0.0,0.0,0.0,0.0,0.019797625251289322,0.019797625251289322
2018/03/29 09:00:00,2018/03/29 09:00:00,2018/03/29 14:00:00,6.576299990513159,6.576299990513159,4.627266932123837,0.0,0.0,0.0,0.23738819960796062,0.04854906762080994,0.0,0.005196424341206713,0.33907849598849293,0.0,0.0,0.0,0.0,0.0,0.0,1.3188208708308526,0.0,0.0,0.0,0.0,0.0,0.0,0.0,0.0,0.0,0.0,0.0,0.0,0.0,0.0,0.0,0.0,0.0,0.0,0.022439249038169608,0.022439249038169608
2018/03/29 10:00:00,2018/03/29 10:00:00,2018/03/29 15:00:00,5.948180916998265,5.948180916998265,4.064174449930063,0.0,0.0,0.0,0.23977021629156023,0.04903622194961379,0.0,0.005248566652813857,0.2711305913433615,0.0,0.0,0.0,0.0,0.0,0.0,1.3188208708308526,0.0,0.0,0.0,0.0,0.0,0.0,0.0,0.0,0.0,0.0,0.0,0.0,0.0,0.0,0.0,0.0,0.0,0.0,0.02029601951145131,0.02029601951145131
2018/03/29 11:00:00,2018/03/29 11:00:00,2018/03/29 16:00:00,5.165289883029684,5.165289883029684,3.292696964502665,0.0,0.0,0.0,0.2330133774859433,0.04765435787794319,0.0,0.005100659546659875,0.2680036527856186,0.0,0.0,0.0,0.0,0.0,0.0,1.3188208708308526,0.0,0.0,0.0,0.0,0.0,0.0,0.0,0.0,0.0,0.0,0.0,0.0,0.0,0.0,0.0,0.0,0.0,0.0,0.017624686557310892,0.017624686557310892
2018/03/29 12:00:00,2018/03/29 12:00:00,2018/03/29 17:00:00,3.4909361791673614,3.4909361791673614,2.73898707363235,0.0,0.0,0.0,0.22365196052793865,0.045739822674966235,0.0,0.004895738261486062,0.2852620246662099,0.0,0.0,0.0,0.0,0.0,0.0,0.1923995594044105,0.0,0.0,0.0,0.0,0.0,0.0,0.0,0.0,0.0,0.0,0.0,0.0,0.0,0.0,0.0,0.0,0.0,0.0,0.011911559146282221,0.011911559146282221
2018/03/29 13:00:00,2018/03/29 13:00:00,2018/03/29 18:00:00,2.790154613425575,2.790154613425575,2.2329863662660916,0.0,0.0,0.0,0.21689512172232184,0.04435795860329565,0.0,0.00474783115533208,0.2911673356785335,0.0,0.0,0.0,0.0,0.0,0.0,0.0,0.0,0.0,0.0,0.0,0.0,0.0,0.0,0.0,0.0,0.0,0.0,0.0,0.0,0.0,0.0,0.0,0.0,0.0,0.00952039510301732,0.00952039510301732
2018/03/29 14:00:00,2018/03/29 14:00:00,2018/03/29 19:00:00,2.3507549922385857,2.3507549922385857,1.785230047412555,0.0,0.0,0.0,0.21490682280316895,0.043951324832805984,0.0,0.004704307320035531,0.30196248987002017,0.0,0.0,0.0,0.0,0.0,0.0,0.0,0.0,0.0,0.0,0.0,0.0,0.0,0.0,0.0,0.0,0.0,0.0,0.0,0.0,0.0,0.0,0.0,0.0,0.0,0.00802110256141858,0.00802110256141858
2018/03/29 15:00:00,2018/03/29 15:00:00,2018/03/29 20:00:00,1.9602704079492996,1.9602704079492996,1.313043716775019,0.0,0.0,0.0,0.2150226692040196,0.04397501697402368,0.0,0.004706843196116211,0.3835221618001209,0.0,0.0,0.0,0.0,0.0,0.0,0.0,0.0,0.0,0.0,0.0,0.0,0.0,0.0,0.0,0.0,0.0,0.0,0.0,0.0,0.0,0.0,0.0,0.0,0.0,0.006688714920180564,0.006688714920180564
2018/03/29 16:00:00,2018/03/29 16:00:00,2018/03/29 21:00:00,3.071706128553702,3.071706128553702,0.992699757779912,0.0,0.0,0.0,0.2175468797931209,0.04449125186178064,0.0,0.004762098130309232,1.407457344766036,0.0,0.0,0.0,0.0,0.0,0.0,0.404748796222544,0.0,0.0,0.0,0.0,0.0,0.0,0.0,0.0,0.0,0.0,0.0,0.0,0.0,0.0,0.0,0.0,0.0,0.0,0.010481087981101951,0.010481087981101951
2018/03/29 17:00:00,2018/03/29 17:00:00,2018/03/29 22:00:00,2.061707607524812,2.061707607524812,0.9924774523232103,0.0,0.0,0.0,0.22842160089491803,0.046715278039158065,0.0,0.0050001456218464555,0.789093130645679,0.0,0.0,0.0,0.0,0.0,0.0,0.0,0.0,0.0,0.0,0.0,0.0,0.0,0.0,0.0,0.0,0.0,0.0,0.0,0.0,0.0,0.0,0.0,0.0,0.0,0.007034832735105825,0.007034832735105825
2018/03/29 18:00:00,2018/03/29 18:00:00,2018/03/29 23:00:00,1.982941445528663,1.982941445528663,1.0493038507383514,0.0,0.0,0.0,0.2623054708425313,0.05364498345862761,0.0,0.005741863057088994,0.611945277432064,0.0,0.0,0.0,0.0,0.0,0.0,0.0,0.0,0.0,0.0,0.0,0.0,0.0,0.0,0.0,0.0,0.0,0.0,0.0,0.0,0.0,0.0,0.0,0.0,0.0,0.006766071649485934,0.006766071649485934
2018/03/29 19:00:00,2018/03/29 19:00:00,2018/03/30 00:00:00,2.531650723438051,2.531650723438051,0.9966571338431817,0.0,0.0,0.0,0.33340137325960434,0.06818504812784563,0.0,0.007298151358235646,0.6343320589831604,0.0,0.0,0.0,0.0,0.0,0.0,0.4917769578660233,0.0,0.0,0.0,0.0,0.0,0.0,0.0,0.0,0.0,0.0,0.0,0.0,0.0,0.0,0.0,0.0,0.0,0.0,0.008638343923306308,0.008638343923306308
2018/03/29 20:00:00,2018/03/29 20:00:00,2018/03/30 01:00:00,3.732052325698629,3.732052325698629,1.3090803093677292,0.0,0.0,0.0,0.4274069990350241,0.0874104581947509,0.0,0.00935593318056924,0.579977755089703,0.0,0.0,0.0,0.0,0.0,0.0,1.3188208708308526,0.0,0.0,0.0,0.0,0.0,0.0,0.0,0.0,0.0,0.0,0.0,0.0,0.0,0.0,0.0,0.0,0.0,0.0,0.012734280930103509,0.012734280930103509
2018/03/29 21:00:00,2018/03/29 21:00:00,2018/03/30 02:00:00,4.273258992119579,4.273258992119579,1.784759485211204,0.0,0.0,0.0,0.4886573573918704,0.09993697718169407,0.0,0.01069670266110275,0.5703875988428551,0.0,0.0,0.0,0.0,0.0,0.0,1.3188208708308526,0.0,0.0,0.0,0.0,0.0,0.0,0.0,0.0,0.0,0.0,0.0,0.0,0.0,0.0,0.0,0.0,0.0,0.0,0.01458095325138696,0.01458095325138696
2018/03/29 22:00:00,2018/03/29 22:00:00,2018/03/30 03:00:00,4.439387373147349,4.439387373147349,2.003641772932761,0.0,0.0,0.0,0.468321919887066,0.09577810773430813,0.0,0.010251560220941161,0.542573141541421,0.0,0.0,0.0,0.0,0.0,0.0,1.3188208708308526,0.0,0.0,0.0,0.0,0.0,0.0,0.0,0.0,0.0,0.0,0.0,0.0,0.0,0.0,0.0,0.0,0.0,0.0,0.01514780636325347,0.01514780636325347
2018/03/29 23:00:00,2018/03/29 23:00:00,2018/03/30 04:00:00,4.05635311341288,4.05635311341288,2.318712994864614,0.0,0.0,0.0,0.290344826622301,0.0593794074192293,0.0,0.006355644159630639,0.46330240650435034,0.0,0.0,0.0,0.0,0.0,0.0,0.9182578338427544,0.0,0.0,0.0,0.0,0.0,0.0,0.0,0.0,0.0,0.0,0.0,0.0,0.0,0.0,0.0,0.0,0.0,0.0,0.013840840264272021,0.013840840264272021
2018/03/30 00:00:00,2018/03/30 00:00:00,2018/03/30 05:00:00,3.188583732075468,3.188583732075468,2.6335455181113567,0.0,0.0,0.0,0.13094360677997474,0.026779722120023,0.0,0.002866353705536267,0.3944485313585772,0.0,0.0,0.0,0.0,0.0,0.0,0.0,0.0,0.0,0.0,0.0,0.0,0.0,0.0,0.0,0.0,0.0,0.0,0.0,0.0,0.0,0.0,0.0,0.0,0.0,0.010879890599016695,0.010879890599016695
2018/03/30 01:00:00,2018/03/30 01:00:00,2018/03/30 06:00:00,3.5015709344444046,3.5015709344444046,3.073454811142061,0.0,0.0,0.0,0.06501908921459039,0.013297274945155983,0.0,0.0014232669458539432,0.34837649219674405,0.0,0.0,0.0,0.0,0.0,0.0,0.0,0.0,0.0,0.0,0.0,0.0,0.0,0.0,0.0,0.0,0.0,0.0,0.0,0.0,0.0,0.0,0.0,0.0,0.0,0.011947846408491338,0.011947846408491338
2018/03/30 02:00:00,2018/03/30 02:00:00,2018/03/30 07:00:00,3.4791320031314363,3.4791320031314363,3.098605163436874,0.0,0.0,0.0,0.03901145352875434,0.00797836496709361,0.0,0.0008539601675123682,0.3326830610312019,0.0,0.0,0.0,0.0,0.0,0.0,0.0,0.0,0.0,0.0,0.0,0.0,0.0,0.0,0.0,0.0,0.0,0.0,0.0,0.0,0.0,0.0,0.0,0.0,0.0,0.01187128165800726,0.01187128165800726
2018/03/30 03:00:00,2018/03/30 03:00:00,2018/03/30 08:00:00,3.34039668897598,3.34039668897598,3.0063077116879677,0.0,0.0,0.0,0.026007635685836212,0.005318909978062404,0.0,0.0005693067783415784,0.302193124845772,0.0,0.0,0.0,0.0,0.0,0.0,0.0,0.0,0.0,0.0,0.0,0.0,0.0,0.0,0.0,0.0,0.0,0.0,0.0,0.0,0.0,0.0,0.0,0.0,0.0,0.011397897495299673,0.011397897495299673
2018/03/30 04:00:00,2018/03/30 04:00:00,2018/03/30 09:00:00,3.4628462080826448,3.4628462080826448,3.1416051173338753,0.0,0.0,0.0,0.026007635685836212,0.005318909978062404,0.0,0.0005693067783415784,0.28934523830652903,0.0,0.0,0.0,0.0,0.0,0.0,0.0,0.0,0.0,0.0,0.0,0.0,0.0,0.0,0.0,0.0,0.0,0.0,0.0,0.0,0.0,0.0,0.0,0.0,0.0,0.011815712263148205,0.011815712263148205
2018/03/30 05:00:00,2018/03/30 05:00:00,2018/03/30 10:00:00,3.882032969844168,3.882032969844168,3.574538262691656,0.0,0.0,0.0,0.028359609659443317,0.005799920170125916,0.0,0.0006207914554507214,0.27271438586749136,0.0,0.0,0.0,0.0,0.0,0.0,0.0,0.0,0.0,0.0,0.0,0.0,0.0,0.0,0.0,0.0,0.0,0.0,0.0,0.0,0.0,0.0,0.0,0.0,0.0,0.013246035720752015,0.013246035720752015
2018/03/30 06:00:00,2018/03/30 06:00:00,2018/03/30 11:00:00,5.131316183079316,5.131316183079316,4.740007642185932,0.0,0.0,0.0,0.07657075757208723,0.01565974590684433,0.0,0.001676132803270518,0.29740190461118204,0.0,0.0,0.0,0.0,0.0,0.0,0.0,0.0,0.0,0.0,0.0,0.0,0.0,0.0,0.0,0.0,0.0,0.0,0.0,0.0,0.0,0.0,0.0,0.0,0.0,0.017508763574017233,0.017508763574017233
2018/03/30 07:00:00,2018/03/30 07:00:00,2018/03/30 12:00:00,7.291705135181941,7.291705135181941,5.406028189829409,0.0,0.0,0.0,0.1797670016564363,0.03676476056443332,0.0,0.0039350971307586715,0.3641745395086999,0.0,0.0,0.0,0.0,0.0,0.0,1.3010355464922037,0.0,0.0,0.0,0.0,0.0,0.0,0.0,0.0,0.0,0.0,0.0,0.0,0.0,0.0,0.0,0.0,0.0,0.0,0.024880310763998496,0.024880310763998496
2018/03/30 08:00:00,2018/03/30 08:00:00,2018/03/30 13:00:00,8.805927019977332,8.805927019977332,6.792370707454104,0.0,0.0,0.0,0.22749050639997065,0.04652485673906303,0.0,0.004979763976484562,0.41574031457685573,0.0,0.0,0.0,0.0,0.0,0.0,1.3188208708308526,0.0,0.0,0.0,0.0,0.0,0.0,0.0,0.0,0.0,0.0,0.0,0.0,0.0,0.0,0.0,0.0,0.0,0.0,0.03004704616551399,0.03004704616551399
2018/03/30 09:00:00,2018/03/30 09:00:00,2018/03/30 14:00:00,8.218060542099293,8.218060542099293,6.269027483709969,0.0,0.0,0.0,0.23738819960796062,0.04854906762080994,0.0,0.005196424341206713,0.33907849598849293,0.0,0.0,0.0,0.0,0.0,0.0,1.3188208708308526,0.0,0.0,0.0,0.0,0.0,0.0,0.0,0.0,0.0,0.0,0.0,0.0,0.0,0.0,0.0,0.0,0.0,0.0,0.02804116408633171,0.02804116408633171
2018/03/30 10:00:00,2018/03/30 10:00:00,2018/03/30 15:00:00,8.146173642091835,8.146173642091835,6.262167175023633,0.0,0.0,0.0,0.23977021629156023,0.04903622194961379,0.0,0.005248566652813857,0.2711305913433615,0.0,0.0,0.0,0.0,0.0,0.0,1.3188208708308526,0.0,0.0,0.0,0.0,0.0,0.0,0.0,0.0,0.0,0.0,0.0,0.0,0.0,0.0,0.0,0.0,0.0,0.0,0.02779587599817023,0.02779587599817023
2018/03/30 11:00:00,2018/03/30 11:00:00,2018/03/30 16:00:00,7.981670550324317,7.981670550324317,6.175789869998772,0.0,0.0,0.0,0.2330133774859433,0.04765435787794319,0.0,0.005100659546659875,0.2680036527856186,0.0,0.0,0.0,0.0,0.0,0.0,1.2521086326293807,0.0,0.0,0.0,0.0,0.0,0.0,0.0,0.0,0.0,0.0,0.0,0.0,0.0,0.0,0.0,0.0,0.0,0.0,0.027234568599017933,0.027234568599017933
2018/03/30 12:00:00,2018/03/30 12:00:00,2018/03/30 17:00:00,6.361764883390801,6.361764883390801,5.432134596489327,0.0,0.0,0.0,0.22365196052793865,0.045739822674966235,0.0,0.004895738261486062,0.2852620246662099,0.0,0.0,0.0,0.0,0.0,0.0,0.37008074077087444,0.0,0.0,0.0,0.0,0.0,0.0,0.0,0.0,0.0,0.0,0.0,0.0,0.0,0.0,0.0,0.0,0.0,0.0,0.021707225453008717,0.021707225453008717
2018/03/30 13:00:00,2018/03/30 13:00:00,2018/03/30 18:00:00,6.979715676148253,6.979715676148253,5.108644525174954,0.0,0.0,0.0,0.21689512172232184,0.04435795860329565,0.0,0.00474783115533208,0.2911673356785335,0.0,0.0,0.0,0.0,0.0,0.0,1.3139029038138166,0.0,0.0,0.0,0.0,0.0,0.0,0.0,0.0,0.0,0.0,0.0,0.0,0.0,0.0,0.0,0.0,0.0,0.0,0.02381575939337368,0.02381575939337368
2018/03/30 14:00:00,2018/03/30 14:00:00,2018/03/30 19:00:00,5.177094930264639,5.177094930264639,4.611569985438608,0.0,0.0,0.0,0.21490682280316895,0.043951324832805984,0.0,0.004704307320035531,0.30196248987002017,0.0,0.0,0.0,0.0,0.0,0.0,0.0,0.0,0.0,0.0,0.0,0.0,0.0,0.0,0.0,0.0,0.0,0.0,0.0,0.0,0.0,0.0,0.0,0.0,0.0,0.01766496701823796,0.01766496701823796
2018/03/30 15:00:00,2018/03/30 15:00:00,2018/03/30 20:00:00,5.425602548180332,5.425602548180332,3.8869219681528153,0.0,0.0,0.0,0.2150226692040196,0.04397501697402368,0.0,0.004706843196116211,0.6952930349181204,0.0,0.0,0.0,0.0,0.0,0.0,0.5796830157352362,0.0,0.0,0.0,0.0,0.0,0.0,0.0,0.0,0.0,0.0,0.0,0.0,0.0,0.0,0.0,0.0,0.0,0.0,0.018512909529123534,0.018512909529123534
2018/03/30 16:00:00,2018/03/30 16:00:00,2018/03/30 21:00:00,3.8319272615320945,3.8319272615320945,3.2416039616909154,0.0,0.0,0.0,0.2175468797931209,0.04449125186178064,0.0,0.004762098130309232,0.3235230700559683,0.0,0.0,0.0,0.0,0.0,0.0,0.0,0.0,0.0,0.0,0.0,0.0,0.0,0.0,0.0,0.0,0.0,0.0,0.0,0.0,0.0,0.0,0.0,0.0,0.0,0.013075068084137135,0.013075068084137135
2018/03/30 17:00:00,2018/03/30 17:00:00,2018/03/30 22:00:00,3.3063374417502285,3.3063374417502285,2.588431804904402,0.0,0.0,0.0,0.22842160089491803,0.046715278039158065,0.0,0.0050001456218464555,0.43776861228990366,0.0,0.0,0.0,0.0,0.0,0.0,0.0,0.0,0.0,0.0,0.0,0.0,0.0,0.0,0.0,0.0,0.0,0.0,0.0,0.0,0.0,0.0,0.0,0.0,0.0,0.011281682612819595,0.011281682612819595
2018/03/30 18:00:00,2018/03/30 18:00:00,2018/03/30 23:00:00,3.334141829144354,3.334141829144354,2.4005042343540417,0.0,0.0,0.0,0.2623054708425313,0.05364498345862761,0.0,0.005741863057088994,0.611945277432064,0.0,0.0,0.0,0.0,0.0,0.0,0.0,0.0,0.0,0.0,0.0,0.0,0.0,0.0,0.0,0.0,0.0,0.0,0.0,0.0,0.0,0.0,0.0,0.0,0.0,0.011376555044732763,0.011376555044732763
2018/03/30 19:00:00,2018/03/30 19:00:00,2018/03/31 00:00:00,3.8674758607555964,3.8674758607555964,2.82425922902675,0.0,0.0,0.0,0.33340137325960434,0.06818504812784563,0.0,0.007298151358235646,0.6343320589831604,0.0,0.0,0.0,0.0,0.0,0.0,0.0,0.0,0.0,0.0,0.0,0.0,0.0,0.0,0.0,0.0,0.0,0.0,0.0,0.0,0.0,0.0,0.0,0.0,0.0,0.01319636484250962,0.01319636484250962
2018/03/30 20:00:00,2018/03/30 20:00:00,2018/03/31 01:00:00,5.0955309489895795,5.0955309489895795,3.135382542181574,0.0,0.0,0.0,0.4274069990350241,0.0874104581947509,0.0,0.00935593318056924,0.579977755089703,0.0,0.0,0.0,0.0,0.0,0.0,0.8559972613079581,0.0,0.0,0.0,0.0,0.0,0.0,0.0,0.0,0.0,0.0,0.0,0.0,0.0,0.0,0.0,0.0,0.0,0.0,0.01738665938461177,0.01738665938461177
2018/03/30 21:00:00,2018/03/30 21:00:00,2018/03/31 02:00:00,6.632290130722656,6.632290130722656,4.143790623814281,0.0,0.0,0.0,0.4886573573918704,0.09993697718169407,0.0,0.01069670266110275,0.5703875988428551,0.0,0.0,0.0,0.0,0.0,0.0,1.3188208708308526,0.0,0.0,0.0,0.0,0.0,0.0,0.0,0.0,0.0,0.0,0.0,0.0,0.0,0.0,0.0,0.0,0.0,0.0,0.022630295173786195,0.022630295173786195
2018/03/30 22:00:00,2018/03/30 22:00:00,2018/03/31 03:00:00,7.255948100290438,7.255948100290438,4.820202500075849,0.0,0.0,0.0,0.468321919887066,0.09577810773430813,0.0,0.010251560220941161,0.542573141541421,0.0,0.0,0.0,0.0,0.0,0.0,1.3188208708308526,0.0,0.0,0.0,0.0,0.0,0.0,0.0,0.0,0.0,0.0,0.0,0.0,0.0,0.0,0.0,0.0,0.0,0.0,0.024758302794174368,0.024758302794174368
2018/03/30 23:00:00,2018/03/30 23:00:00,2018/03/31 04:00:00,6.905657326202857,6.905657326202857,5.490110120884408,0.0,0.0,0.0,0.290344826622301,0.0593794074192293,0.0,0.006355644159630639,0.46330240650435034,0.0,0.0,0.0,0.0,0.0,0.0,0.5961649206129384,0.0,0.0,0.0,0.0,0.0,0.0,0.0,0.0,0.0,0.0,0.0,0.0,0.0,0.0,0.0,0.0,0.0,0.0,0.02356306201640214,0.02356306201640214
2018/03/31 00:00:00,2018/03/31 00:00:00,2018/03/31 05:00:00,6.716082228327775,6.716082228327775,6.161044014363664,0.0,0.0,0.0,0.13094360677997474,0.026779722120023,0.0,0.002866353705536267,0.3944485313585772,0.0,0.0,0.0,0.0,0.0,0.0,0.0,0.0,0.0,0.0,0.0,0.0,0.0,0.0,0.0,0.0,0.0,0.0,0.0,0.0,0.0,0.0,0.0,0.0,0.0,0.02291620544982352,0.02291620544982352
2018/03/31 01:00:00,2018/03/31 01:00:00,2018/03/31 06:00:00,7.594273100091644,7.594273100091644,7.166156976789299,0.0,0.0,0.0,0.06501908921459039,0.013297274945155983,0.0,0.0014232669458539432,0.34837649219674405,0.0,0.0,0.0,0.0,0.0,0.0,0.0,0.0,0.0,0.0,0.0,0.0,0.0,0.0,0.0,0.0,0.0,0.0,0.0,0.0,0.0,0.0,0.0,0.0,0.0,0.025912714687994547,0.025912714687994547
2018/03/31 02:00:00,2018/03/31 02:00:00,2018/03/31 07:00:00,8.035847832102252,8.035847832102252,7.65532099240769,0.0,0.0,0.0,0.03901145352875434,0.00797836496709361,0.0,0.0008539601675123682,0.3326830610312019,0.0,0.0,0.0,0.0,0.0,0.0,0.0,0.0,0.0,0.0,0.0,0.0,0.0,0.0,0.0,0.0,0.0,0.0,0.0,0.0,0.0,0.0,0.0,0.0,0.0,0.0274194290098538,0.0274194290098538
2018/03/31 03:00:00,2018/03/31 03:00:00,2018/03/31 08:00:00,7.9569325224628455,7.9569325224628455,7.622843545174834,0.0,0.0,0.0,0.026007635685836212,0.005318909978062404,0.0,0.0005693067783415784,0.302193124845772,0.0,0.0,0.0,0.0,0.0,0.0,0.0,0.0,0.0,0.0,0.0,0.0,0.0,0.0,0.0,0.0,0.0,0.0,0.0,0.0,0.0,0.0,0.0,0.0,0.0,0.027150159011757997,0.027150159011757997
2018/03/31 04:00:00,2018/03/31 04:00:00,2018/03/31 09:00:00,8.108891987730507,8.108891987730507,7.787650896981738,0.0,0.0,0.0,0.026007635685836212,0.005318909978062404,0.0,0.0005693067783415784,0.28934523830652903,0.0,0.0,0.0,0.0,0.0,0.0,0.0,0.0,0.0,0.0,0.0,0.0,0.0,0.0,0.0,0.0,0.0,0.0,0.0,0.0,0.0,0.0,0.0,0.0,0.0,0.0276686658149402,0.0276686658149402
2018/03/31 05:00:00,2018/03/31 05:00:00,2018/03/31 10:00:00,8.171094632055848,8.171094632055848,7.863599924903335,0.0,0.0,0.0,0.028359609659443317,0.005799920170125916,0.0,0.0006207914554507214,0.27271438586749136,0.0,0.0,0.0,0.0,0.0,0.0,0.0,0.0,0.0,0.0,0.0,0.0,0.0,0.0,0.0,0.0,0.0,0.0,0.0,0.0,0.0,0.0,0.0,0.0,0.0,0.027880909877538093,0.027880909877538093
2018/03/31 06:00:00,2018/03/31 06:00:00,2018/03/31 11:00:00,8.272207204656029,8.272207204656029,7.880898663762645,0.0,0.0,0.0,0.07657075757208723,0.01565974590684433,0.0,0.001676132803270518,0.29740190461118204,0.0,0.0,0.0,0.0,0.0,0.0,0.0,0.0,0.0,0.0,0.0,0.0,0.0,0.0,0.0,0.0,0.0,0.0,0.0,0.0,0.0,0.0,0.0,0.0,0.0,0.02822592002013173,0.02822592002013173
2018/03/31 07:00:00,2018/03/31 07:00:00,2018/03/31 12:00:00,8.274226274773085,8.274226274773085,7.623909776191623,0.0,0.0,0.0,0.1797670016564363,0.03676476056443332,0.0,0.0039350971307586715,0.3641745395086999,0.0,0.0,0.0,0.0,0.0,0.0,0.06567509972113458,0.0,0.0,0.0,0.0,0.0,0.0,0.0,0.0,0.0,0.0,0.0,0.0,0.0,0.0,0.0,0.0,0.0,0.0,0.028232809367826864,0.028232809367826864
2018/03/31 08:00:00,2018/03/31 08:00:00,2018/03/31 13:00:00,8.532334185662263,8.532334185662263,6.646511723084567,0.0,0.0,0.0,0.22749050639997065,0.04652485673906303,0.0,0.004979763976484562,0.41574031457685573,0.0,0.0,0.0,0.0,0.0,0.0,1.191087020885323,0.0,0.0,0.0,0.0,0.0,0.0,0.0,0.0,0.0,0.0,0.0,0.0,0.0,0.0,0.0,0.0,0.0,0.0,0.029113509411851472,0.029113509411851472
2018/03/31 09:00:00,2018/03/31 09:00:00,2018/03/31 14:00:00,8.051532502890563,8.051532502890563,6.10249944450124,0.0,0.0,0.0,0.23738819960796062,0.04854906762080994,0.0,0.005196424341206713,0.33907849598849293,0.0,0.0,0.0,0.0,0.0,0.0,1.3188208708308526,0.0,0.0,0.0,0.0,0.0,0.0,0.0,0.0,0.0,0.0,0.0,0.0,0.0,0.0,0.0,0.0,0.0,0.0,0.027472947285237883,0.027472947285237883
2018/03/31 10:00:00,2018/03/31 10:00:00,2018/03/31 15:00:00,6.813233815149768,6.813233815149768,5.397101595439177,0.0,0.0,0.0,0.23977021629156023,0.04903622194961379,0.0,0.005248566652813857,0.2711305913433615,0.0,0.0,0.0,0.0,0.0,0.0,0.8509466234732409,0.0,0.0,0.0,0.0,0.0,0.0,0.0,0.0,0.0,0.0,0.0,0.0,0.0,0.0,0.0,0.0,0.0,0.0,0.023247700158747518,0.023247700158747518
2018/03/31 11:00:00,2018/03/31 11:00:00,2018/03/31 16:00:00,5.097384961449703,5.097384961449703,4.543612913753538,0.0,0.0,0.0,0.2330133774859433,0.04765435787794319,0.0,0.005100659546659875,0.2680036527856186,0.0,0.0,0.0,0.0,0.0,0.0,0.0,0.0,0.0,0.0,0.0,0.0,0.0,0.0,0.0,0.0,0.0,0.0,0.0,0.0,0.0,0.0,0.0,0.0,0.0,0.017392985532654375,0.017392985532654375
2018/03/31 12:00:00,2018/03/31 12:00:00,2018/03/31 17:00:00,4.523946281065111,4.523946281065111,3.9643967349345104,0.0,0.0,0.0,0.22365196052793865,0.045739822674966235,0.0,0.004895738261486062,0.2852620246662099,0.0,0.0,0.0,0.0,0.0,0.0,0.0,0.0,0.0,0.0,0.0,0.0,0.0,0.0,0.0,0.0,0.0,0.0,0.0,0.0,0.0,0.0,0.0,0.0,0.0,0.015436333102590107,0.015436333102590107
2018/03/31 13:00:00,2018/03/31 13:00:00,2018/03/31 18:00:00,3.9495424705456648,3.9495424705456648,3.3923742233861818,0.0,0.0,0.0,0.21689512172232184,0.04435795860329565,0.0,0.00474783115533208,0.2911673356785335,0.0,0.0,0.0,0.0,0.0,0.0,0.0,0.0,0.0,0.0,0.0,0.0,0.0,0.0,0.0,0.0,0.0,0.0,0.0,0.0,0.0,0.0,0.0,0.0,0.0,0.01347638751444584,0.01347638751444584
2018/03/31 14:00:00,2018/03/31 14:00:00,2018/03/31 19:00:00,4.353498628274255,4.353498628274255,2.7209349580523026,0.0,0.0,0.0,0.21490682280316895,0.043951324832805984,0.0,0.004704307320035531,0.30196248987002017,0.0,0.0,0.0,0.0,0.0,0.0,1.067038725395921,0.0,0.0,0.0,0.0,0.0,0.0,0.0,0.0,0.0,0.0,0.0,0.0,0.0,0.0,0.0,0.0,0.0,0.0,0.014854742035506342,0.014854742035506342
2018/03/31 15:00:00,2018/03/31 15:00:00,2018/03/31 20:00:00,3.6869299125504282,3.6869299125504282,2.4865859008134676,0.0,0.0,0.0,0.2150226692040196,0.04397501697402368,0.0,0.004706843196116211,0.3361306675280402,0.0,0.0,0.0,0.0,0.0,0.0,0.6005088148347608,0.0,0.0,0.0,0.0,0.0,0.0,0.0,0.0,0.0,0.0,0.0,0.0,0.0,0.0,0.0,0.0,0.0,0.0,0.012580316988784488,0.012580316988784488
2018/03/31 16:00:00,2018/03/31 16:00:00,2018/03/31 21:00:00,2.769872055843253,2.769872055843253,2.179548756002074,0.0,0.0,0.0,0.2175468797931209,0.04449125186178064,0.0,0.004762098130309232,0.3235230700559683,0.0,0.0,0.0,0.0,0.0,0.0,0.0,0.0,0.0,0.0,0.0,0.0,0.0,0.0,0.0,0.0,0.0,0.0,0.0,0.0,0.0,0.0,0.0,0.0,0.0,0.009451188199229887,0.009451188199229887
2018/03/31 17:00:00,2018/03/31 17:00:00,2018/03/31 22:00:00,3.204853083816635,3.204853083816635,2.4869474469708086,0.0,0.0,0.0,0.22842160089491803,0.046715278039158065,0.0,0.0050001456218464555,0.43776861228990366,0.0,0.0,0.0,0.0,0.0,0.0,0.0,0.0,0.0,0.0,0.0,0.0,0.0,0.0,0.0,0.0,0.0,0.0,0.0,0.0,0.0,0.0,0.0,0.0,0.0,0.010935403887026103,0.010935403887026103
2018/03/31 18:00:00,2018/03/31 18:00:00,2018/03/31 23:00:00,3.7846451081089785,3.7846451081089785,2.8510075133186668,0.0,0.0,0.0,0.2623054708425313,0.05364498345862761,0.0,0.005741863057088994,0.611945277432064,0.0,0.0,0.0,0.0,0.0,0.0,0.0,0.0,0.0,0.0,0.0,0.0,0.0,0.0,0.0,0.0,0.0,0.0,0.0,0.0,0.0,0.0,0.0,0.0,0.0,0.012913734809004799,0.012913734809004799
2018/03/31 19:00:00,2018/03/31 19:00:00,2018/04/01 00:00:00,5.2252024209234005,5.2252024209234005,2.8754161658863846,0.0,0.0,0.0,0.33340137325960434,0.06818504812784563,0.0,0.007298151358235646,0.6343320589831604,0.0,0.0,0.0,0.0,0.0,0.0,1.3065696233081703,0.0,0.0,0.0,0.0,0.0,0.0,0.0,0.0,0.0,0.0,0.0,0.0,0.0,0.0,0.0,0.0,0.0,0.0,0.01782911645866048,0.01782911645866048
2018/03/31 20:00:00,2018/03/31 20:00:00,2018/04/01 01:00:00,6.303342678562345,6.303342678562345,3.4661459760524442,0.0,0.0,0.0,0.4274069990350241,0.0874104581947509,0.0,0.00935593318056924,0.9942024412687047,0.0,0.0,0.0,0.0,0.0,0.0,1.3188208708308526,0.0,0.0,0.0,0.0,0.0,0.0,0.0,0.0,0.0,0.0,0.0,0.0,0.0,0.0,0.0,0.0,0.0,0.0,0.021507880775090155,0.021507880775090155
2018/03/31 21:00:00,2018/03/31 21:00:00,2018/04/01 02:00:00,6.511427471412025,6.511427471412025,4.022927964503651,0.0,0.0,0.0,0.4886573573918704,0.09993697718169407,0.0,0.01069670266110275,0.5703875988428551,0.0,0.0,0.0,0.0,0.0,0.0,1.3188208708308526,0.0,0.0,0.0,0.0,0.0,0.0,0.0,0.0,0.0,0.0,0.0,0.0,0.0,0.0,0.0,0.0,0.0,0.0,0.02221789499198198,0.02221789499198198
2018/03/31 22:00:00,2018/03/31 22:00:00,2018/04/01 03:00:00,5.755332609414208,5.755332609414208,4.539625287268262,0.0,0.0,0.0,0.468321919887066,0.09577810773430813,0.0,0.010251560220941161,0.542573141541421,0.0,0.0,0.0,0.0,0.0,0.0,0.09878259276220898,0.0,0.0,0.0,0.0,0.0,0.0,0.0,0.0,0.0,0.0,0.0,0.0,0.0,0.0,0.0,0.0,0.0,0.0,0.019637994298685655,0.019637994298685655
2018/03/31 23:00:00,2018/03/31 23:00:00,2018/04/01 04:00:00,5.96355095792598,5.96355095792598,5.144168673220469,0.0,0.0,0.0,0.290344826622301,0.0593794074192293,0.0,0.006355644159630639,0.46330240650435034,0.0,0.0,0.0,0.0,0.0,0.0,0.0,0.0,0.0,0.0,0.0,0.0,0.0,0.0,0.0,0.0,0.0,0.0,0.0,0.0,0.0,0.0,0.0,0.0,0.0,0.020348464226047875,0.020348464226047875
2018/04/01 00:00:00,2018/04/01 00:00:00,2018/04/01 05:00:00,6.355555509559115,6.355555509559115,5.800517295595004,0.0,0.0,0.0,0.13094360677997474,0.026779722120023,0.0,0.002866353705536267,0.3944485313585772,0.0,0.0,0.0,0.0,0.0,0.0,0.0,0.0,0.0,0.0,0.0,0.0,0.0,0.0,0.0,0.0,0.0,0.0,0.0,0.0,0.0,0.0,0.0,0.0,0.0,0.021686038206991762,0.021686038206991762
2018/04/01 01:00:00,2018/04/01 01:00:00,2018/04/01 06:00:00,7.229287960829564,7.229287960829564,6.80224508271267,0.0,0.0,0.0,0.06501908921459039,0.013297274945155983,0.0,0.0014232669458539432,0.3473032470112933,0.0,0.0,0.0,0.0,0.0,0.0,0.0,0.0,0.0,0.0,0.0,0.0,0.0,0.0,0.0,0.0,0.0,0.0,0.0,0.0,0.0,0.0,0.0,0.0,0.0,0.0246673346951494,0.0246673346951494
2018/04/01 02:00:00,2018/04/01 02:00:00,2018/04/01 07:00:00,7.792572257848357,7.792572257848357,7.413041039978262,0.0,0.0,0.0,0.03901145352875434,0.00797836496709361,0.0,0.0008539601675123682,0.3316874392067341,0.0,0.0,0.0,0.0,0.0,0.0,0.0,0.0,0.0,0.0,0.0,0.0,0.0,0.0,0.0,0.0,0.0,0.0,0.0,0.0,0.0,0.0,0.0,0.0,0.0,0.026589338958691016,0.026589338958691016
2018/04/01 03:00:00,2018/04/01 03:00:00,2018/04/01 08:00:00,7.970556212027895,7.970556212027895,7.637446456404776,0.0,0.0,0.0,0.026007635685836212,0.005318909978062404,0.0,0.0005693067783415784,0.30121390318087937,0.0,0.0,0.0,0.0,0.0,0.0,0.0,0.0,0.0,0.0,0.0,0.0,0.0,0.0,0.0,0.0,0.0,0.0,0.0,0.0,0.0,0.0,0.0,0.0,0.0,0.027196644932930975,0.027196644932930975
2018/04/01 04:00:00,2018/04/01 04:00:00,2018/04/01 09:00:00,8.561507415761193,8.561507415761193,8.241219672223655,0.0,0.0,0.0,0.026007635685836212,0.005318909978062404,0.0,0.0005693067783415784,0.2883918910952979,0.0,0.0,0.0,0.0,0.0,0.0,0.0,0.0,0.0,0.0,0.0,0.0,0.0,0.0,0.0,0.0,0.0,0.0,0.0,0.0,0.0,0.0,0.0,0.0,0.0,0.02921305252521036,0.02921305252521036
2018/04/01 05:00:00,2018/04/01 05:00:00,2018/04/01 10:00:00,8.749744683750636,8.749744683750636,8.443822789586164,0.0,0.0,0.0,0.0278045810395689,0.005686409380447792,0.0,0.0006086418867900008,0.27182226185766784,0.0,0.0,0.0,0.0,0.0,0.0,0.0,0.0,0.0,0.0,0.0,0.0,0.0,0.0,0.0,0.0,0.0,0.0,0.0,0.0,0.0,0.0,0.0,0.0,0.0,0.02985534423039004,0.02985534423039004
2018/04/01 06:00:00,2018/04/01 06:00:00,2018/04/01 11:00:00,9.311327072943717,9.311327072943717,8.519496483602074,0.0,0.0,0.0,0.07380313982851767,0.015093730994548724,0.0,0.001615549689899291,0.2964102903609423,0.0,0.0,0.0,0.0,0.0,0.0,0.4049078784677366,0.0,0.0,0.0,0.0,0.0,0.0,0.0,0.0,0.0,0.0,0.0,0.0,0.0,0.0,0.0,0.0,0.0,0.0,0.031771541348029515,0.031771541348029515
2018/04/01 07:00:00,2018/04/01 07:00:00,2018/04/01 12:00:00,9.342543666496553,9.342543666496553,8.60495941984995,0.0,0.0,0.0,0.17326939918692633,0.03543591379704412,0.0,0.003792864704345704,0.36292527000481567,0.0,0.0,0.0,0.0,0.0,0.0,0.1621607989534734,0.0,0.0,0.0,0.0,0.0,0.0,0.0,0.0,0.0,0.0,0.0,0.0,0.0,0.0,0.0,0.0,0.0,0.0,0.03187805670132329,0.03187805670132329
2018/04/01 08:00:00,2018/04/01 08:00:00,2018/04/01 13:00:00,9.813232578416017,9.813232578416017,7.811206128669954,0.0,0.0,0.0,0.21926795797587528,0.044843235411145085,0.0,0.004799772507454998,0.4142946130207353,0.0,0.0,0.0,0.0,0.0,0.0,1.3188208708308526,0.0,0.0,0.0,0.0,0.0,0.0,0.0,0.0,0.0,0.0,0.0,0.0,0.0,0.0,0.0,0.0,0.0,0.0,0.03348411264909063,0.03348411264909063
2018/04/01 09:00:00,2018/04/01 09:00:00,2018/04/01 14:00:00,9.429882460637641,9.429882460637641,7.497669550528758,0.0,0.0,0.0,0.22459555084839308,0.04593279953881092,0.0,0.00491639344029206,0.337947295450533,0.0,0.0,0.0,0.0,0.0,0.0,1.3188208708308526,0.0,0.0,0.0,0.0,0.0,0.0,0.0,0.0,0.0,0.0,0.0,0.0,0.0,0.0,0.0,0.0,0.0,0.0,0.03217606879858961,0.03217606879858961
2018/04/01 10:00:00,2018/04/01 10:00:00,2018/04/01 15:00:00,8.33110548833212,8.33110548833212,6.468917116859925,0.0,0.0,0.0,0.22267911815523408,0.04554086337448363,0.0,0.00487444275566889,0.2702730763559569,0.0,0.0,0.0,0.0,0.0,0.0,1.3188208708308526,0.0,0.0,0.0,0.0,0.0,0.0,0.0,0.0,0.0,0.0,0.0,0.0,0.0,0.0,0.0,0.0,0.0,0.0,0.028426889145207402,0.028426889145207402
2018/04/01 11:00:00,2018/04/01 11:00:00,2018/04/01 16:00:00,7.248751069549369,7.248751069549369,5.363332761061204,0.0,0.0,0.0,0.21616650243897678,0.04420894619696981,0.0,0.004731881689496374,0.30149010733187,0.0,0.0,0.0,0.0,0.0,0.0,1.3188208708308526,0.0,0.0,0.0,0.0,0.0,0.0,0.0,0.0,0.0,0.0,0.0,0.0,0.0,0.0,0.0,0.0,0.0,0.0,0.02473374552559368,0.02473374552559368
2018/04/01 12:00:00,2018/04/01 12:00:00,2018/04/01 17:00:00,6.09960002762015,6.09960002762015,4.444803654559599,0.0,0.0,0.0,0.20714344994933365,0.04236361106157028,0.0,0.004534367197762577,1.058404141090068,0.0,0.0,0.0,0.0,0.0,0.0,0.3423508037618189,0.0,0.0,0.0,0.0,0.0,0.0,0.0,0.0,0.0,0.0,0.0,0.0,0.0,0.0,0.0,0.0,0.0,0.0,0.02081268254952502,0.02081268254952502
2018/04/01 13:00:00,2018/04/01 13:00:00,2018/04/01 18:00:00,4.279061455559454,4.279061455559454,3.742772375551988,0.0,0.0,0.0,0.20063083423307632,0.041031693884056454,0.0,0.00439180613159006,0.2902347457587424,0.0,0.0,0.0,0.0,0.0,0.0,0.0,0.0,0.0,0.0,0.0,0.0,0.0,0.0,0.0,0.0,0.0,0.0,0.0,0.0,0.0,0.0,0.0,0.0,0.0,0.014600752062625812,0.014600752062625812
2018/04/01 14:00:00,2018/04/01 14:00:00,2018/04/01 19:00:00,3.9065161264310637,3.9065161264310637,2.918728014610491,0.0,0.0,0.0,0.19871440153991735,0.04063975771972915,0.0,0.004349855446966891,0.30098653605402664,0.0,0.0,0.0,0.0,0.0,0.0,0.44309756105993325,0.0,0.0,0.0,0.0,0.0,0.0,0.0,0.0,0.0,0.0,0.0,0.0,0.0,0.0,0.0,0.0,0.0,0.0,0.01332957565182061,0.01332957565182061
2018/04/01 15:00:00,2018/04/01 15:00:00,2018/04/01 20:00:00,3.1623443266429776,3.1623443266429776,2.583833627230778,0.0,0.0,0.0,0.19854294757167282,0.04060469308588505,0.0,0.004346102322020269,0.33501695643262186,0.0,0.0,0.0,0.0,0.0,0.0,0.0,0.0,0.0,0.0,0.0,0.0,0.0,0.0,0.0,0.0,0.0,0.0,0.0,0.0,0.0,0.0,0.0,0.0,0.0,0.010790358102937969,0.010790358102937969
2018/04/01 16:00:00,2018/04/01 16:00:00,2018/04/01 21:00:00,2.8297944998361095,2.8297944998361095,2.233152146877826,0.0,0.0,0.0,0.19874504032772614,0.040646023762369886,0.0,0.004350526129599885,0.35290076273858845,0.0,0.0,0.0,0.0,0.0,0.0,0.0,0.0,0.0,0.0,0.0,0.0,0.0,0.0,0.0,0.0,0.0,0.0,0.0,0.0,0.0,0.0,0.0,0.0,0.0,0.00965565190156573,0.00965565190156573
2018/04/01 17:00:00,2018/04/01 17:00:00,2018/04/01 22:00:00,3.6036560315989856,3.6036560315989856,2.2357253390659158,0.0,0.0,0.0,0.2000346052934617,0.040909757076942034,0.0,0.0043787546885113325,1.122607575474155,0.0,0.0,0.0,0.0,0.0,0.0,0.0,0.0,0.0,0.0,0.0,0.0,0.0,0.0,0.0,0.0,0.0,0.0,0.0,0.0,0.0,0.0,0.0,0.0,0.0,0.012296174939951568,0.012296174939951568
2018/04/01 18:00:00,2018/04/01 18:00:00,2018/04/01 23:00:00,3.663430700484194,3.663430700484194,2.800846109429648,0.0,0.0,0.0,0.20615620498723053,0.042161706238573175,0.0,0.004512756419466611,0.6097539234092758,0.0,0.0,0.0,0.0,0.0,0.0,0.0,0.0,0.0,0.0,0.0,0.0,0.0,0.0,0.0,0.0,0.0,0.0,0.0,0.0,0.0,0.0,0.0,0.0,0.0,0.012500134413093647,0.012500134413093647
2018/04/01 19:00:00,2018/04/01 19:00:00,2018/04/02 00:00:00,5.132048262212527,5.132048262212527,3.4221209048849874,0.0,0.0,0.0,0.2269852351728252,0.04642152200290495,0.0,0.004968703596448881,0.6320623621790874,0.0,0.0,0.0,0.0,0.0,0.0,0.799489534376273,0.0,0.0,0.0,0.0,0.0,0.0,0.0,0.0,0.0,0.0,0.0,0.0,0.0,0.0,0.0,0.0,0.0,0.0,0.017511261529708045,0.017511261529708045
2018/04/01 20:00:00,2018/04/01 20:00:00,2018/04/02 01:00:00,5.546614556641736,5.546614556641736,4.230277430679183,0.0,0.0,0.0,0.2768619428797716,0.05662197703464995,0.0,0.006060504024674282,0.5779161635029116,0.0,0.0,0.0,0.0,0.0,0.0,0.3988765385205459,0.0,0.0,0.0,0.0,0.0,0.0,0.0,0.0,0.0,0.0,0.0,0.0,0.0,0.0,0.0,0.0,0.0,0.0,0.0189258193109753,0.0189258193109753
2018/04/01 21:00:00,2018/04/01 21:00:00,2018/04/02 02:00:00,5.638492454358628,5.638492454358628,4.593154795960857,0.0,0.0,0.0,0.35770190088743575,0.07315483163424277,0.0,0.007830089565265189,0.6066508363108268,0.0,0.0,0.0,0.0,0.0,0.0,0.0,0.0,0.0,0.0,0.0,0.0,0.0,0.0,0.0,0.0,0.0,0.0,0.0,0.0,0.0,0.0,0.0,0.0,0.0,0.019239319460139258,0.019239319460139258
2018/04/01 22:00:00,2018/04/01 22:00:00,2018/04/02 03:00:00,7.090786563208893,7.090786563208893,4.984101679637181,0.0,0.0,0.0,0.43733330911324797,0.08944052160990244,0.0,0.009573219968177187,1.403862609870659,0.0,0.0,0.0,0.0,0.0,0.0,0.16647522300972456,0.0,0.0,0.0,0.0,0.0,0.0,0.0,0.0,0.0,0.0,0.0,0.0,0.0,0.0,0.0,0.0,0.0,0.0,0.024194748688150306,0.024194748688150306
2018/04/01 23:00:00,2018/04/01 23:00:00,2018/04/02 04:00:00,7.213435487749555,7.213435487749555,5.639608683102077,0.0,0.0,0.0,0.3195641841693384,0.06535515755226234,0.0,0.0069952554842145935,0.4616883462206141,0.0,0.0,0.0,0.0,0.0,0.0,0.7202238612210488,0.0,0.0,0.0,0.0,0.0,0.0,0.0,0.0,0.0,0.0,0.0,0.0,0.0,0.0,0.0,0.0,0.0,0.0,0.024613243855037735,0.024613243855037735
2018/04/02 00:00:00,2018/04/02 00:00:00,2018/04/02 05:00:00,6.992564804709984,6.992564804709984,6.034160231094377,0.0,0.0,0.0,0.13094360677997474,0.026779722120023,0.0,0.002866353705536267,0.39309467475708215,0.0,0.0,0.0,0.0,0.0,0.0,0.4047202162529903,0.0,0.0,0.0,0.0,0.0,0.0,0.0,0.0,0.0,0.0,0.0,0.0,0.0,0.0,0.0,0.0,0.0,0.0,0.023859602404814165,0.023859602404814165
2018/04/02 01:00:00,2018/04/02 01:00:00,2018/04/02 06:00:00,7.459520635042595,7.459520635042595,6.584924437504372,0.0,0.0,0.0,0.06501908921459039,0.013297274945155983,0.0,0.0014232669458539432,0.3473032470112933,0.0,0.0,0.0,0.0,0.0,0.0,0.4475533194213282,0.0,0.0,0.0,0.0,0.0,0.0,0.0,0.0,0.0,0.0,0.0,0.0,0.0,0.0,0.0,0.0,0.0,0.0,0.025452920559669374,0.025452920559669374
2018/04/02 02:00:00,2018/04/02 02:00:00,2018/04/02 07:00:00,7.12259219907643,7.12259219907643,6.743060981206336,0.0,0.0,0.0,0.03901145352875434,0.00797836496709361,0.0,0.0008539601675123682,0.3316874392067341,0.0,0.0,0.0,0.0,0.0,0.0,0.0,0.0,0.0,0.0,0.0,0.0,0.0,0.0,0.0,0.0,0.0,0.0,0.0,0.0,0.0,0.0,0.0,0.0,0.0,0.024303273935641842,0.024303273935641842
2018/04/02 03:00:00,2018/04/02 03:00:00,2018/04/02 08:00:00,6.810881467604844,6.810881467604844,6.477771711981726,0.0,0.0,0.0,0.026007635685836212,0.005318909978062404,0.0,0.0005693067783415784,0.30121390318087937,0.0,0.0,0.0,0.0,0.0,0.0,0.0,0.0,0.0,0.0,0.0,0.0,0.0,0.0,0.0,0.0,0.0,0.0,0.0,0.0,0.0,0.0,0.0,0.0,0.0,0.023239673622175126,0.023239673622175126
2018/04/02 04:00:00,2018/04/02 04:00:00,2018/04/02 09:00:00,6.880612884333574,6.880612884333574,6.560325140796037,0.0,0.0,0.0,0.026007635685836212,0.005318909978062404,0.0,0.0005693067783415784,0.2883918910952979,0.0,0.0,0.0,0.0,0.0,0.0,0.0,0.0,0.0,0.0,0.0,0.0,0.0,0.0,0.0,0.0,0.0,0.0,0.0,0.0,0.0,0.0,0.0,0.0,0.0,0.023477606901985595,0.023477606901985595
2018/04/02 05:00:00,2018/04/02 05:00:00,2018/04/02 10:00:00,6.800447003168509,6.800447003168509,6.4945251090040355,0.0,0.0,0.0,0.0278045810395689,0.005686409380447792,0.0,0.0006086418867900008,0.27182226185766784,0.0,0.0,0.0,0.0,0.0,0.0,0.0,0.0,0.0,0.0,0.0,0.0,0.0,0.0,0.0,0.0,0.0,0.0,0.0,0.0,0.0,0.0,0.0,0.0,0.0,0.02320406978013559,0.02320406978013559
2018/04/02 06:00:00,2018/04/02 06:00:00,2018/04/02 11:00:00,6.869185748850355,6.869185748850355,6.4822630379764465,0.0,0.0,0.0,0.07380313982851767,0.015093730994548724,0.0,0.001615549689899291,0.2964102903609423,0.0,0.0,0.0,0.0,0.0,0.0,0.0,0.0,0.0,0.0,0.0,0.0,0.0,0.0,0.0,0.0,0.0,0.0,0.0,0.0,0.0,0.0,0.0,0.0,0.0,0.02343861592844869,0.02343861592844869
2018/04/02 07:00:00,2018/04/02 07:00:00,2018/04/02 12:00:00,7.039097364536605,7.039097364536605,6.463673916843473,0.0,0.0,0.0,0.17326939918692633,0.03543591379704412,0.0,0.003792864704345704,0.36292527000481567,0.0,0.0,0.0,0.0,0.0,0.0,0.0,0.0,0.0,0.0,0.0,0.0,0.0,0.0,0.0,0.0,0.0,0.0,0.0,0.0,0.0,0.0,0.0,0.0,0.0,0.024018377962474153,0.024018377962474153
2018/04/02 08:00:00,2018/04/02 08:00:00,2018/04/02 13:00:00,7.454609519891655,7.454609519891655,6.256992776305526,0.0,0.0,0.0,0.21926795797587528,0.044843235411145085,0.0,0.004799772507454998,0.4142946130207353,0.0,0.0,0.0,0.0,0.0,0.0,0.5144111646709175,0.0,0.0,0.0,0.0,0.0,0.0,0.0,0.0,0.0,0.0,0.0,0.0,0.0,0.0,0.0,0.0,0.0,0.0,0.025436163152603688,0.025436163152603688
2018/04/02 09:00:00,2018/04/02 09:00:00,2018/04/02 14:00:00,7.325710586219542,7.325710586219542,5.541813010673018,0.0,0.0,0.0,0.22459555084839308,0.04593279953881092,0.0,0.00491639344029206,0.41110751807627777,0.0,0.0,0.0,0.0,0.0,0.0,1.0973453136427493,0.0,0.0,0.0,0.0,0.0,0.0,0.0,0.0,0.0,0.0,0.0,0.0,0.0,0.0,0.0,0.0,0.0,0.0,0.02499634208641213,0.02499634208641213
2018/04/02 10:00:00,2018/04/02 10:00:00,2018/04/02 15:00:00,9.138433307945085,9.138433307945085,5.61070285712846,0.0,0.0,0.0,0.22267911815523408,0.04554086337448363,0.0,0.00487444275566889,1.9358151557003878,0.0,0.0,0.0,0.0,0.0,0.0,1.3188208708308526,0.0,0.0,0.0,0.0,0.0,0.0,0.0,0.0,0.0,0.0,0.0,0.0,0.0,0.0,0.0,0.0,0.0,0.0,0.03118160380631948,0.03118160380631948
2018/04/02 11:00:00,2018/04/02 11:00:00,2018/04/02 16:00:00,7.312713982384286,7.312713982384286,5.091515217586679,0.0,0.0,0.0,0.21616650243897678,0.04420894619696981,0.0,0.004731881689496374,0.6372705636413124,0.0,0.0,0.0,0.0,0.0,0.0,1.3188208708308526,0.0,0.0,0.0,0.0,0.0,0.0,0.0,0.0,0.0,0.0,0.0,0.0,0.0,0.0,0.0,0.0,0.0,0.0,0.02495199586885356,0.02495199586885356
2018/04/02 12:00:00,2018/04/02 12:00:00,2018/04/02 17:00:00,6.8262506671066765,6.8262506671066765,4.864843378956168,0.0,0.0,0.0,0.20714344994933365,0.04236361106157028,0.0,0.004534367197762577,0.3885449891109894,0.0,0.0,0.0,0.0,0.0,0.0,1.3188208708308526,0.0,0.0,0.0,0.0,0.0,0.0,0.0,0.0,0.0,0.0,0.0,0.0,0.0,0.0,0.0,0.0,0.0,0.0,0.023292115465709706,0.023292115465709706
2018/04/02 13:00:00,2018/04/02 13:00:00,2018/04/02 18:00:00,7.107103455961669,7.107103455961669,4.4156219208548935,0.0,0.0,0.0,0.20063083423307632,0.041031693884056454,0.0,0.00439180613159006,1.1266063300271993,0.0,0.0,0.0,0.0,0.0,0.0,1.3188208708308526,0.0,0.0,0.0,0.0,0.0,0.0,0.0,0.0,0.0,0.0,0.0,0.0,0.0,0.0,0.0,0.0,0.0,0.0,0.024250424192694933,0.024250424192694933
2018/04/02 14:00:00,2018/04/02 14:00:00,2018/04/02 19:00:00,5.028822330066507,5.028822330066507,3.965848096416349,0.0,0.0,0.0,0.19871440153991735,0.04063975771972915,0.0,0.004349855446966891,0.30098653605402664,0.0,0.0,0.0,0.0,0.0,0.0,0.5182836828895183,0.0,0.0,0.0,0.0,0.0,0.0,0.0,0.0,0.0,0.0,0.0,0.0,0.0,0.0,0.0,0.0,0.0,0.0,0.017159040310791147,0.017159040310791147
2018/04/02 15:00:00,2018/04/02 15:00:00,2018/04/02 20:00:00,4.138565038063787,4.138565038063787,3.560054338651587,0.0,0.0,0.0,0.19854294757167282,0.04060469308588505,0.0,0.004346102322020269,0.33501695643262186,0.0,0.0,0.0,0.0,0.0,0.0,0.0,0.0,0.0,0.0,0.0,0.0,0.0,0.0,0.0,0.0,0.0,0.0,0.0,0.0,0.0,0.0,0.0,0.0,0.0,0.014121358770698155,0.014121358770698155
2018/04/02 16:00:00,2018/04/02 16:00:00,2018/04/02 21:00:00,4.577706926200511,4.577706926200511,3.5530595054580845,0.0,0.0,0.0,0.19874504032772614,0.040646023762369886,0.0,0.004350526129599885,0.3224545518650471,0.0,0.0,0.0,0.0,0.0,0.0,0.4584512786576837,0.0,0.0,0.0,0.0,0.0,0.0,0.0,0.0,0.0,0.0,0.0,0.0,0.0,0.0,0.0,0.0,0.0,0.0,0.01561977189132939,0.01561977189132939
2018/04/02 17:00:00,2018/04/02 17:00:00,2018/04/02 22:00:00,4.583634406163878,4.583634406163878,3.902054718734808,0.0,0.0,0.0,0.2000346052934617,0.040909757076942034,0.0,0.0043787546885113325,0.4362565703701545,0.0,0.0,0.0,0.0,0.0,0.0,0.0,0.0,0.0,0.0,0.0,0.0,0.0,0.0,0.0,0.0,0.0,0.0,0.0,0.0,0.0,0.0,0.0,0.0,0.0,0.015639997276311615,0.015639997276311615
2018/04/02 18:00:00,2018/04/02 18:00:00,2018/04/02 23:00:00,5.165099338018988,5.165099338018988,4.071442910555038,0.0,0.0,0.0,0.20615620498723053,0.042161706238573175,0.0,0.004512756419466611,0.6097539234092758,0.0,0.0,0.0,0.0,0.0,0.0,0.23107183640940385,0.0,0.0,0.0,0.0,0.0,0.0,0.0,0.0,0.0,0.0,0.0,0.0,0.0,0.0,0.0,0.0,0.0,0.0,0.017624036391267046,0.017624036391267046
2018/04/02 19:00:00,2018/04/02 19:00:00,2018/04/03 00:00:00,5.265041296139905,5.265041296139905,4.164922217520867,0.0,0.0,0.0,0.2269852351728252,0.04642152200290495,0.0,0.004968703596448881,0.6320623621790874,0.0,0.0,0.0,0.0,0.0,0.0,0.1896812556677719,0.0,0.0,0.0,0.0,0.0,0.0,0.0,0.0,0.0,0.0,0.0,0.0,0.0,0.0,0.0,0.0,0.0,0.0,0.017965052234655082,0.017965052234655082
2018/04/02 20:00:00,2018/04/02 20:00:00,2018/04/03 01:00:00,6.515830525141287,6.515830525141287,4.368643920691533,0.0,0.0,0.0,0.2768619428797716,0.05662197703464995,0.0,0.006060504024674282,0.5779161635029116,0.0,0.0,0.0,0.0,0.0,0.0,1.2297260170077462,0.0,0.0,0.0,0.0,0.0,0.0,0.0,0.0,0.0,0.0,0.0,0.0,0.0,0.0,0.0,0.0,0.0,0.0,0.02223291882290543,0.02223291882290543
2018/04/02 21:00:00,2018/04/02 21:00:00,2018/04/03 02:00:00,6.253409959501594,6.253409959501594,4.6500030489362265,0.0,0.0,0.0,0.35770190088743575,0.07315483163424277,0.0,0.007830089565265189,0.5683591774378781,0.0,0.0,0.0,0.0,0.0,0.0,0.5963609110405457,0.0,0.0,0.0,0.0,0.0,0.0,0.0,0.0,0.0,0.0,0.0,0.0,0.0,0.0,0.0,0.0,0.0,0.0,0.021337503401829584,0.021337503401829584
2018/04/02 22:00:00,2018/04/02 22:00:00,2018/04/03 03:00:00,6.082481602399531,6.082481602399531,4.711894752790332,0.0,0.0,0.0,0.43733330911324797,0.08944052160990244,0.0,0.009573219968177187,0.5406511362423495,0.0,0.0,0.0,0.0,0.0,0.0,0.29358866267552114,0.0,0.0,0.0,0.0,0.0,0.0,0.0,0.0,0.0,0.0,0.0,0.0,0.0,0.0,0.0,0.0,0.0,0.0,0.02075427210486451,0.02075427210486451
2018/04/02 23:00:00,2018/04/02 23:00:00,2018/04/03 04:00:00,6.016345270701708,6.016345270701708,4.8837913266982085,0.0,0.0,0.0,0.3195641841693384,0.06535515755226234,0.0,0.0069952554842145935,0.4616883462206141,0.0,0.0,0.0,0.0,0.0,0.0,0.2789510005770697,0.0,0.0,0.0,0.0,0.0,0.0,0.0,0.0,0.0,0.0,0.0,0.0,0.0,0.0,0.0,0.0,0.0,0.0,0.02052860575454909,0.02052860575454909
2018/04/03 00:00:00,2018/04/03 00:00:00,2018/04/03 05:00:00,5.69926336100591,5.69926336100591,5.145579003643293,0.0,0.0,0.0,0.13094360677997474,0.026779722120023,0.0,0.002866353705536267,0.39309467475708215,0.0,0.0,0.0,0.0,0.0,0.0,0.0,0.0,0.0,0.0,0.0,0.0,0.0,0.0,0.0,0.0,0.0,0.0,0.0,0.0,0.0,0.0,0.0,0.0,0.0,0.019446678234906357,0.019446678234906357
2018/04/03 01:00:00,2018/04/03 01:00:00,2018/04/03 06:00:00,6.218267294628104,6.218267294628104,5.79122441651121,0.0,0.0,0.0,0.06501908921459039,0.013297274945155983,0.0,0.0014232669458539432,0.3473032470112933,0.0,0.0,0.0,0.0,0.0,0.0,0.0,0.0,0.0,0.0,0.0,0.0,0.0,0.0,0.0,0.0,0.0,0.0,0.0,0.0,0.0,0.0,0.0,0.0,0.0,0.02121759174784501,0.02121759174784501
2018/04/03 02:00:00,2018/04/03 02:00:00,2018/04/03 07:00:00,6.418281199875458,6.418281199875458,6.038749982005363,0.0,0.0,0.0,0.03901145352875434,0.00797836496709361,0.0,0.0008539601675123682,0.3316874392067341,0.0,0.0,0.0,0.0,0.0,0.0,0.0,0.0,0.0,0.0,0.0,0.0,0.0,0.0,0.0,0.0,0.0,0.0,0.0,0.0,0.0,0.0,0.0,0.0,0.0,0.02190006697516383,0.02190006697516383
2018/04/03 03:00:00,2018/04/03 03:00:00,2018/04/03 08:00:00,6.18382933157407,6.18382933157407,5.850719575950952,0.0,0.0,0.0,0.026007635685836212,0.005318909978062404,0.0,0.0005693067783415784,0.30121390318087937,0.0,0.0,0.0,0.0,0.0,0.0,0.0,0.0,0.0,0.0,0.0,0.0,0.0,0.0,0.0,0.0,0.0,0.0,0.0,0.0,0.0,0.0,0.0,0.0,0.0,0.021100084634353908,0.021100084634353908
2018/04/03 04:00:00,2018/04/03 04:00:00,2018/04/03 09:00:00,6.313532412953005,6.313532412953005,5.993244669415468,0.0,0.0,0.0,0.026007635685836212,0.005318909978062404,0.0,0.0005693067783415784,0.2883918910952979,0.0,0.0,0.0,0.0,0.0,0.0,0.0,0.0,0.0,0.0,0.0,0.0,0.0,0.0,0.0,0.0,0.0,0.0,0.0,0.0,0.0,0.0,0.0,0.0,0.0,0.021542649564220008,0.021542649564220008
2018/04/03 05:00:00,2018/04/03 05:00:00,2018/04/03 10:00:00,6.639122842483841,6.639122842483841,5.928488901825396,0.0,0.0,0.0,0.0278045810395689,0.005686409380447792,0.0,0.0006086418867900008,0.27182226185766784,0.0,0.0,0.0,0.0,0.0,0.0,0.40471204649397097,0.0,0.0,0.0,0.0,0.0,0.0,0.0,0.0,0.0,0.0,0.0,0.0,0.0,0.0,0.0,0.0,0.0,0.0,0.022653609335402367,0.022653609335402367
2018/04/03 06:00:00,2018/04/03 06:00:00,2018/04/03 11:00:00,6.161904683770394,6.161904683770394,5.774981972896486,0.0,0.0,0.0,0.07380313982851767,0.015093730994548724,0.0,0.001615549689899291,0.2964102903609423,0.0,0.0,0.0,0.0,0.0,0.0,0.0,0.0,0.0,0.0,0.0,0.0,0.0,0.0,0.0,0.0,0.0,0.0,0.0,0.0,0.0,0.0,0.0,0.0,0.0,0.021025274690639275,0.021025274690639275
2018/04/03 07:00:00,2018/04/03 07:00:00,2018/04/03 12:00:00,6.22069969860897,6.22069969860897,5.645276250915838,0.0,0.0,0.0,0.17326939918692633,0.03543591379704412,0.0,0.003792864704345704,0.36292527000481567,0.0,0.0,0.0,0.0,0.0,0.0,0.0,0.0,0.0,0.0,0.0,0.0,0.0,0.0,0.0,0.0,0.0,0.0,0.0,0.0,0.0,0.0,0.0,0.0,0.0,0.02122589144809695,0.02122589144809695
2018/04/03 08:00:00,2018/04/03 08:00:00,2018/04/03 13:00:00,6.412844255812477,6.412844255812477,4.969168238998072,0.0,0.0,0.0,0.21926795797587528,0.044843235411145085,0.0,0.004799772507454998,0.5123519768364941,0.0,0.0,0.0,0.0,0.0,0.0,0.6624130740834361,0.0,0.0,0.0,0.0,0.0,0.0,0.0,0.0,0.0,0.0,0.0,0.0,0.0,0.0,0.0,0.0,0.0,0.0,0.02188151536681083,0.02188151536681083
2018/04/03 09:00:00,2018/04/03 09:00:00,2018/04/03 14:00:00,8.535807850257585,8.535807850257585,4.393081109960329,0.0,0.0,0.0,0.22459555084839308,0.04593279953881092,0.0,0.00491639344029206,2.5484611256389074,0.0,0.0,0.0,0.0,0.0,0.0,1.3188208708308526,0.0,0.0,0.0,0.0,0.0,0.0,0.0,0.0,0.0,0.0,0.0,0.0,0.0,0.0,0.0,0.0,0.0,0.0,0.029125362037954593,0.029125362037954593
2018/04/03 10:00:00,2018/04/03 10:00:00,2018/04/03 15:00:00,6.220019799420882,6.220019799420882,4.357831427948686,0.0,0.0,0.0,0.22267911815523408,0.04554086337448363,0.0,0.00487444275566889,0.2702730763559569,0.0,0.0,0.0,0.0,0.0,0.0,1.3188208708308526,0.0,0.0,0.0,0.0,0.0,0.0,0.0,0.0,0.0,0.0,0.0,0.0,0.0,0.0,0.0,0.0,0.0,0.0,0.02122357153762687,0.02122357153762687
2018/04/03 11:00:00,2018/04/03 11:00:00,2018/04/03 16:00:00,5.650429693019406,5.650429693019406,3.799348428199408,0.0,0.0,0.0,0.21616650243897678,0.04420894619696981,0.0,0.004731881689496374,0.2671530636637028,0.0,0.0,0.0,0.0,0.0,0.0,1.3188208708308526,0.0,0.0,0.0,0.0,0.0,0.0,0.0,0.0,0.0,0.0,0.0,0.0,0.0,0.0,0.0,0.0,0.0,0.0,0.01928005097657307,0.01928005097657307
2018/04/03 12:00:00,2018/04/03 12:00:00,2018/04/03 17:00:00,5.119245442981395,5.119245442981395,3.2620413166101088,0.0,0.0,0.0,0.20714344994933365,0.04236361106157028,0.0,0.004534367197762577,0.2843418273317665,0.0,0.0,0.0,0.0,0.0,0.0,1.3188208708308526,0.0,0.0,0.0,0.0,0.0,0.0,0.0,0.0,0.0,0.0,0.0,0.0,0.0,0.0,0.0,0.0,0.0,0.0,0.017467576532136084,0.017467576532136084
2018/04/03 13:00:00,2018/04/03 13:00:00,2018/04/03 18:00:00,4.341471997867808,4.341471997867808,2.827535188948506,0.0,0.0,0.0,0.20063083423307632,0.041031693884056454,0.0,0.00439180613159006,0.2902347457587424,0.0,0.0,0.0,0.0,0.0,0.0,0.9776477289118359,0.0,0.0,0.0,0.0,0.0,0.0,0.0,0.0,0.0,0.0,0.0,0.0,0.0,0.0,0.0,0.0,0.0,0.0,0.014813705502019488,0.014813705502019488
2018/04/03 14:00:00,2018/04/03 14:00:00,2018/04/03 19:00:00,3.0242587914783585,3.0242587914783585,2.479568240717719,0.0,0.0,0.0,0.19871440153991735,0.04063975771972915,0.0,0.004349855446966891,0.30098653605402664,0.0,0.0,0.0,0.0,0.0,0.0,0.0,0.0,0.0,0.0,0.0,0.0,0.0,0.0,0.0,0.0,0.0,0.0,0.0,0.0,0.0,0.0,0.0,0.0,0.0,0.01031919107640364,0.01031919107640364
2018/04/03 15:00:00,2018/04/03 15:00:00,2018/04/03 20:00:00,2.7646456448496237,2.7646456448496237,2.1861349454374235,0.0,0.0,0.0,0.19854294757167282,0.04060469308588505,0.0,0.004346102322020269,0.33501695643262186,0.0,0.0,0.0,0.0,0.0,0.0,0.0,0.0,0.0,0.0,0.0,0.0,0.0,0.0,0.0,0.0,0.0,0.0,0.0,0.0,0.0,0.0,0.0,0.0,0.0,0.00943335495895328,0.00943335495895328
2018/04/03 16:00:00,2018/04/03 16:00:00,2018/04/03 21:00:00,2.7627758107135914,2.7627758107135914,2.1965796686288486,0.0,0.0,0.0,0.19874504032772614,0.040646023762369886,0.0,0.004350526129599885,0.3224545518650471,0.0,0.0,0.0,0.0,0.0,0.0,0.0,0.0,0.0,0.0,0.0,0.0,0.0,0.0,0.0,0.0,0.0,0.0,0.0,0.0,0.0,0.0,0.0,0.0,0.0,0.009426974825154786,0.009426974825154786
2018/04/03 17:00:00,2018/04/03 17:00:00,2018/04/03 22:00:00,2.9365165435299287,2.9365165435299287,2.254936856100859,0.0,0.0,0.0,0.2000346052934617,0.040909757076942034,0.0,0.0043787546885113325,0.4362565703701545,0.0,0.0,0.0,0.0,0.0,0.0,0.0,0.0,0.0,0.0,0.0,0.0,0.0,0.0,0.0,0.0,0.0,0.0,0.0,0.0,0.0,0.0,0.0,0.0,0.0,0.010019802338705558,0.010019802338705558
2018/04/03 18:00:00,2018/04/03 18:00:00,2018/04/03 23:00:00,3.2269769601730838,3.2269769601730838,2.3643923691185376,0.0,0.0,0.0,0.20615620498723053,0.042161706238573175,0.0,0.004512756419466611,0.6097539234092758,0.0,0.0,0.0,0.0,0.0,0.0,0.0,0.0,0.0,0.0,0.0,0.0,0.0,0.0,0.0,0.0,0.0,0.0,0.0,0.0,0.0,0.0,0.0,0.0,0.0,0.011010893626236326,0.011010893626236326
2018/04/03 19:00:00,2018/04/03 19:00:00,2018/04/04 00:00:00,3.8356110686826916,3.8356110686826916,2.925173245731425,0.0,0.0,0.0,0.2269852351728252,0.04642152200290495,0.0,0.004968703596448881,0.6320623621790874,0.0,0.0,0.0,0.0,0.0,0.0,0.0,0.0,0.0,0.0,0.0,0.0,0.0,0.0,0.0,0.0,0.0,0.0,0.0,0.0,0.0,0.0,0.0,0.0,0.0,0.013087637745828372,0.013087637745828372
2018/04/03 20:00:00,2018/04/03 20:00:00,2018/04/04 01:00:00,5.562829024197824,5.562829024197824,3.0573462142129624,0.0,0.0,0.0,0.2768619428797716,0.05662197703464995,0.0,0.006060504024674282,0.9123782177910595,0.0,0.0,0.0,0.0,0.0,0.0,1.2535601682547066,0.0,0.0,0.0,0.0,0.0,0.0,0.0,0.0,0.0,0.0,0.0,0.0,0.0,0.0,0.0,0.0,0.0,0.0,0.018981145326521617,0.018981145326521617
2018/04/03 21:00:00,2018/04/03 21:00:00,2018/04/04 02:00:00,13.177678813565489,13.177678813565489,3.158738137074617,0.0,0.0,0.0,0.35770190088743575,0.07315483163424277,0.0,0.007830089565265189,8.261432983573076,0.0,0.0,0.0,0.0,0.0,0.0,1.3188208708308526,0.0,0.0,0.0,0.0,0.0,0.0,0.0,0.0,0.0,0.0,0.0,0.0,0.0,0.0,0.0,0.0,0.0,0.0,0.044964070536498396,0.044964070536498396
2018/04/03 22:00:00,2018/04/03 22:00:00,2018/04/04 03:00:00,9.169530867841235,9.169530867841235,3.2385693880214994,0.0,0.0,0.0,0.43733330911324797,0.08944052160990244,0.0,0.009573219968177187,4.075793558297555,0.0,0.0,0.0,0.0,0.0,0.0,1.3188208708308526,0.0,0.0,0.0,0.0,0.0,0.0,0.0,0.0,0.0,0.0,0.0,0.0,0.0,0.0,0.0,0.0,0.0,0.0,0.03128771300024246,0.03128771300024246
2018/04/03 23:00:00,2018/04/03 23:00:00,2018/04/04 04:00:00,7.375010818555315,7.375010818555315,3.401393409328469,0.0,0.0,0.0,0.3195641841693384,0.06535515755226234,0.0,0.0069952554842145935,2.262881941190178,0.0,0.0,0.0,0.0,0.0,0.0,1.3188208708308526,0.0,0.0,0.0,0.0,0.0,0.0,0.0,0.0,0.0,0.0,0.0,0.0,0.0,0.0,0.0,0.0,0.0,0.0,0.02516456132711251,0.02516456132711251
2018/04/04 00:00:00,2018/04/04 00:00:00,2018/04/04 05:00:00,6.350440874979235,6.350440874979235,4.432074930357417,0.0,0.0,0.0,0.13094360677997474,0.026779722120023,0.0,0.002866353705536267,0.4389553911854312,0.0,0.0,0.0,0.0,0.0,0.0,1.3188208708308526,0.0,0.0,0.0,0.0,0.0,0.0,0.0,0.0,0.0,0.0,0.0,0.0,0.0,0.0,0.0,0.0,0.0,0.0,0.02166858636336499,0.02166858636336499
2018/04/04 01:00:00,2018/04/04 01:00:00,2018/04/04 06:00:00,8.328668911886002,8.328668911886002,5.548963909387029,0.0,0.0,0.0,0.06501908921459039,0.013297274945155983,0.0,0.0014232669458539432,1.381144500562518,0.0,0.0,0.0,0.0,0.0,0.0,1.3188208708308526,0.0,0.0,0.0,0.0,0.0,0.0,0.0,0.0,0.0,0.0,0.0,0.0,0.0,0.0,0.0,0.0,0.0,0.0,0.028418575207924453,0.028418575207924453
2018/04/04 02:00:00,2018/04/04 02:00:00,2018/04/04 07:00:00,7.670591542331478,7.670591542331478,5.889192534330121,0.0,0.0,0.0,0.03901145352875434,0.00797836496709361,0.0,0.0008539601675123682,0.4147343585071445,0.0,0.0,0.0,0.0,0.0,0.0,1.3188208708308526,0.0,0.0,0.0,0.0,0.0,0.0,0.0,0.0,0.0,0.0,0.0,0.0,0.0,0.0,0.0,0.0,0.0,0.0,0.02617312381380926,0.02617312381380926
2018/04/04 03:00:00,2018/04/04 03:00:00,2018/04/04 08:00:00,8.782514362967655,8.782514362967655,5.187991278647686,0.0,0.0,0.0,0.026007635685836212,0.005318909978062404,0.0,0.0005693067783415784,2.243806361046877,0.0,0.0,0.0,0.0,0.0,0.0,1.3188208708308526,0.0,0.0,0.0,0.0,0.0,0.0,0.0,0.0,0.0,0.0,0.0,0.0,0.0,0.0,0.0,0.0,0.0,0.0,0.029967158927698915,0.029967158927698915
2018/04/04 04:00:00,2018/04/04 04:00:00,2018/04/04 09:00:00,8.28920056789968,8.28920056789968,4.98652500275622,0.0,0.0,0.0,0.026007635685836212,0.005318909978062404,0.0,0.0005693067783415784,1.951958841870368,0.0,0.0,0.0,0.0,0.0,0.0,1.3188208708308526,0.0,0.0,0.0,0.0,0.0,0.0,0.0,0.0,0.0,0.0,0.0,0.0,0.0,0.0,0.0,0.0,0.0,0.0,0.028283903735955285,0.028283903735955285
2018/04/04 05:00:00,2018/04/04 05:00:00,2018/04/04 10:00:00,6.947714407602624,6.947714407602624,4.912408592299579,0.0,0.0,0.0,0.0278045810395689,0.005686409380447792,0.0,0.0006086418867900008,1.9666124823687468,0.0,0.0,0.0,0.0,0.0,0.0,0.03459370062749191,0.0,0.0,0.0,0.0,0.0,0.0,0.0,0.0,0.0,0.0,0.0,0.0,0.0,0.0,0.0,0.0,0.0,0.0,0.02370656662001045,0.02370656662001045
2018/04/04 06:00:00,2018/04/04 06:00:00,2018/04/04 11:00:00,5.408111710498579,5.408111710498579,5.021188999624671,0.0,0.0,0.0,0.07380313982851767,0.015093730994548724,0.0,0.001615549689899291,0.2964102903609423,0.0,0.0,0.0,0.0,0.0,0.0,0.0,0.0,0.0,0.0,0.0,0.0,0.0,0.0,0.0,0.0,0.0,0.0,0.0,0.0,0.0,0.0,0.0,0.0,0.0,0.018453228361416277,0.018453228361416277
2018/04/04 07:00:00,2018/04/04 07:00:00,2018/04/04 12:00:00,5.566089410338576,5.566089410338576,4.990665962645444,0.0,0.0,0.0,0.17326939918692633,0.03543591379704412,0.0,0.003792864704345704,0.36292527000481567,0.0,0.0,0.0,0.0,0.0,0.0,0.0,0.0,0.0,0.0,0.0,0.0,0.0,0.0,0.0,0.0,0.0,0.0,0.0,0.0,0.0,0.0,0.0,0.0,0.0,0.01899227021691264,0.01899227021691264
2018/04/04 08:00:00,2018/04/04 08:00:00,2018/04/04 13:00:00,5.620269961994241,5.620269961994241,4.937064383079031,0.0,0.0,0.0,0.21926795797587528,0.044843235411145085,0.0,0.004799772507454998,0.4142946130207353,0.0,0.0,0.0,0.0,0.0,0.0,0.0,0.0,0.0,0.0,0.0,0.0,0.0,0.0,0.0,0.0,0.0,0.0,0.0,0.0,0.0,0.0,0.0,0.0,0.0,0.01917714178502552,0.01917714178502552
2018/04/04 09:00:00,2018/04/04 09:00:00,2018/04/04 14:00:00,5.454122354568759,5.454122354568759,4.840730315290729,0.0,0.0,0.0,0.22459555084839308,0.04593279953881092,0.0,0.00491639344029206,0.337947295450533,0.0,0.0,0.0,0.0,0.0,0.0,0.0,0.0,0.0,0.0,0.0,0.0,0.0,0.0,0.0,0.0,0.0,0.0,0.0,0.0,0.0,0.0,0.0,0.0,0.0,0.018610223070019406,0.018610223070019406
2018/04/04 10:00:00,2018/04/04 10:00:00,2018/04/04 15:00:00,4.156787200065087,4.156787200065087,3.613419699423743,0.0,0.0,0.0,0.22267911815523408,0.04554086337448363,0.0,0.00487444275566889,0.2702730763559569,0.0,0.0,0.0,0.0,0.0,0.0,0.0,0.0,0.0,0.0,0.0,0.0,0.0,0.0,0.0,0.0,0.0,0.0,0.0,0.0,0.0,0.0,0.0,0.0,0.0,0.014183535318567154,0.014183535318567154
2018/04/04 11:00:00,2018/04/04 11:00:00,2018/04/04 16:00:00,3.0416587093230048,3.0416587093230048,2.509398315333859,0.0,0.0,0.0,0.21616650243897678,0.04420894619696981,0.0,0.004731881689496374,0.2671530636637028,0.0,0.0,0.0,0.0,0.0,0.0,0.0,0.0,0.0,0.0,0.0,0.0,0.0,0.0,0.0,0.0,0.0,0.0,0.0,0.0,0.0,0.0,0.0,0.0,0.0,0.010378562012997614,0.010378562012997614
2018/04/04 12:00:00,2018/04/04 12:00:00,2018/04/04 17:00:00,2.5177860487777193,2.5177860487777193,1.5445572846232636,0.0,0.0,0.0,0.20714344994933365,0.04236361106157028,0.0,0.004534367197762577,0.2843418273317665,0.0,0.0,0.0,0.0,0.0,0.0,0.43484550861402244,0.0,0.0,0.0,0.0,0.0,0.0,0.0,0.0,0.0,0.0,0.0,0.0,0.0,0.0,0.0,0.0,0.0,0.0,0.008591035727514571,0.008591035727514571
2018/04/04 13:00:00,2018/04/04 13:00:00,2018/04/04 18:00:00,2.9875365619724943,2.9875365619724943,1.1324266111341765,0.0,0.0,0.0,0.20063083423307632,0.041031693884056454,0.0,0.00439180613159006,0.2902347457587424,0.0,0.0,0.0,0.0,0.0,0.0,1.3188208708308526,0.0,0.0,0.0,0.0,0.0,0.0,0.0,0.0,0.0,0.0,0.0,0.0,0.0,0.0,0.0,0.0,0.0,0.0,0.01019388972848648,0.01019388972848648
2018/04/04 14:00:00,2018/04/04 14:00:00,2018/04/04 19:00:00,2.1598096167989667,2.1598096167989667,0.6075202023468984,0.0,0.0,0.0,0.19871440153991735,0.04063975771972915,0.0,0.004349855446966891,0.30098653605402664,0.0,0.0,0.0,0.0,0.0,0.0,1.0075988636914281,0.0,0.0,0.0,0.0,0.0,0.0,0.0,0.0,0.0,0.0,0.0,0.0,0.0,0.0,0.0,0.0,0.0,0.0,0.0073695704174535255,0.0073695704174535255
2018/04/04 15:00:00,2018/04/04 15:00:00,2018/04/04 20:00:00,0.7907028851069184,0.7907028851069184,0.21219218569471834,0.0,0.0,0.0,0.19854294757167282,0.04060469308588505,0.0,0.004346102322020269,0.33501695643262186,0.0,0.0,0.0,0.0,0.0,0.0,0.0,0.0,0.0,0.0,0.0,0.0,0.0,0.0,0.0,0.0,0.0,0.0,0.0,0.0,0.0,0.0,0.0,0.0,0.0,0.0026979880753172356,0.0026979880753172356
2018/04/04 16:00:00,2018/04/04 16:00:00,2018/04/04 21:00:00,0.8076654775038143,0.8076654775038143,0.1547018813013986,0.0,0.0,0.0,0.19874504032772614,0.040646023762369886,0.0,0.004350526129599885,0.4092220059827198,0.0,0.0,0.0,0.0,0.0,0.0,0.0,0.0,0.0,0.0,0.0,0.0,0.0,0.0,0.0,0.0,0.0,0.0,0.0,0.0,0.0,0.0,0.0,0.0,0.0,0.002755866796737487,0.002755866796737487
2018/04/04 17:00:00,2018/04/04 17:00:00,2018/04/04 22:00:00,3.578952448893154,3.578952448893154,0.16369401535596453,0.0,0.0,0.0,0.2000346052934617,0.040909757076942034,0.0,0.0043787546885113325,2.541707192293042,0.0,0.0,0.0,0.0,0.0,0.0,0.628228124185232,0.0,0.0,0.0,0.0,0.0,0.0,0.0,0.0,0.0,0.0,0.0,0.0,0.0,0.0,0.0,0.0,0.0,0.0,0.012211882884347224,0.012211882884347224
2018/04/04 18:00:00,2018/04/04 18:00:00,2018/04/04 23:00:00,4.732211275916365,4.732211275916365,0.3486683241177961,0.0,0.0,0.0,0.20615620498723053,0.042161706238573175,0.0,0.004512756419466611,3.9787251636729737,0.0,0.0,0.0,0.0,0.0,0.0,0.15198712048032367,0.0,0.0,0.0,0.0,0.0,0.0,0.0,0.0,0.0,0.0,0.0,0.0,0.0,0.0,0.0,0.0,0.0,0.0,0.016146962193741968,0.016146962193741968
2018/04/04 19:00:00,2018/04/04 19:00:00,2018/04/05 00:00:00,2.1383471262608817,2.1383471262608817,1.2279093033096153,0.0,0.0,0.0,0.2269852351728252,0.04642152200290495,0.0,0.004968703596448881,0.6320623621790874,0.0,0.0,0.0,0.0,0.0,0.0,0.0,0.0,0.0,0.0,0.0,0.0,0.0,0.0,0.0,0.0,0.0,0.0,0.0,0.0,0.0,0.0,0.0,0.0,0.0,0.007296337418524311,0.007296337418524311
2018/04/04 20:00:00,2018/04/04 20:00:00,2018/04/05 01:00:00,3.025606360256714,3.025606360256714,2.102872987800045,0.0,0.0,0.0,0.2768619428797716,0.05662197703464995,0.0,0.006060504024674282,0.5831889485175733,0.0,0.0,0.0,0.0,0.0,0.0,0.0,0.0,0.0,0.0,0.0,0.0,0.0,0.0,0.0,0.0,0.0,0.0,0.0,0.0,0.0,0.0,0.0,0.0,0.0,0.010323789168257297,0.010323789168257297
2018/04/04 21:00:00,2018/04/04 21:00:00,2018/04/05 02:00:00,3.969519018468093,3.969519018468093,2.8436082672819976,0.0,0.0,0.0,0.35770190088743575,0.07315483163424277,0.0,0.007830089565265189,0.6872239290991515,0.0,0.0,0.0,0.0,0.0,0.0,0.0,0.0,0.0,0.0,0.0,0.0,0.0,0.0,0.0,0.0,0.0,0.0,0.0,0.0,0.0,0.0,0.0,0.0,0.0,0.013544550270767926,0.013544550270767926
2018/04/04 22:00:00,2018/04/04 22:00:00,2018/04/05 03:00:00,4.573383534737205,4.573383534737205,3.496385347803528,0.0,0.0,0.0,0.43733330911324797,0.08944052160990244,0.0,0.009573219968177187,0.5406511362423495,0.0,0.0,0.0,0.0,0.0,0.0,0.0,0.0,0.0,0.0,0.0,0.0,0.0,0.0,0.0,0.0,0.0,0.0,0.0,0.0,0.0,0.0,0.0,0.0,0.0,0.015605019879122743,0.015605019879122743
2018/04/04 23:00:00,2018/04/04 23:00:00,2018/04/05 04:00:00,5.037579884669998,5.037579884669998,4.183976941243568,0.0,0.0,0.0,0.3195641841693384,0.06535515755226234,0.0,0.0069952554842145935,0.4616883462206141,0.0,0.0,0.0,0.0,0.0,0.0,0.0,0.0,0.0,0.0,0.0,0.0,0.0,0.0,0.0,0.0,0.0,0.0,0.0,0.0,0.0,0.0,0.0,0.0,0.0,0.017188922303552512,0.017188922303552512
2018/04/05 00:00:00,2018/04/05 00:00:00,2018/04/05 05:00:00,5.346010243576091,5.346010243576091,4.792325886213474,0.0,0.0,0.0,0.13094360677997474,0.026779722120023,0.0,0.002866353705536267,0.39309467475708215,0.0,0.0,0.0,0.0,0.0,0.0,0.0,0.0,0.0,0.0,0.0,0.0,0.0,0.0,0.0,0.0,0.0,0.0,0.0,0.0,0.0,0.0,0.0,0.0,0.0,0.018241329530170804,0.018241329530170804
2018/04/05 01:00:00,2018/04/05 01:00:00,2018/04/05 06:00:00,5.925263860585917,5.925263860585917,5.498220982469023,0.0,0.0,0.0,0.06501908921459039,0.013297274945155983,0.0,0.0014232669458539432,0.3473032470112933,0.0,0.0,0.0,0.0,0.0,0.0,0.0,0.0,0.0,0.0,0.0,0.0,0.0,0.0,0.0,0.0,0.0,0.0,0.0,0.0,0.0,0.0,0.0,0.0,0.0,0.02021782333171494,0.02021782333171494
2018/04/05 02:00:00,2018/04/05 02:00:00,2018/04/05 07:00:00,6.535583802653577,6.535583802653577,5.751634217796857,0.0,0.0,0.0,0.03901145352875434,0.00797836496709361,0.0,0.0008539601675123682,0.3316874392067341,0.0,0.0,0.0,0.0,0.0,0.0,0.40441836698662487,0.0,0.0,0.0,0.0,0.0,0.0,0.0,0.0,0.0,0.0,0.0,0.0,0.0,0.0,0.0,0.0,0.0,0.0,0.0223003197495751,0.0223003197495751
2018/04/05 03:00:00,2018/04/05 03:00:00,2018/04/05 08:00:00,6.164533361952832,6.164533361952832,5.831423606329714,0.0,0.0,0.0,0.026007635685836212,0.005318909978062404,0.0,0.0005693067783415784,0.30121390318087937,0.0,0.0,0.0,0.0,0.0,0.0,0.0,0.0,0.0,0.0,0.0,0.0,0.0,0.0,0.0,0.0,0.0,0.0,0.0,0.0,0.0,0.0,0.0,0.0,0.0,0.021034244105730134,0.021034244105730134
2018/04/05 04:00:00,2018/04/05 04:00:00,2018/04/05 09:00:00,6.520172486184905,6.520172486184905,6.199884742647368,0.0,0.0,0.0,0.026007635685836212,0.005318909978062404,0.0,0.0005693067783415784,0.2883918910952979,0.0,0.0,0.0,0.0,0.0,0.0,0.0,0.0,0.0,0.0,0.0,0.0,0.0,0.0,0.0,0.0,0.0,0.0,0.0,0.0,0.0,0.0,0.0,0.0,0.0,0.022247734197099477,0.022247734197099477
2018/04/05 05:00:00,2018/04/05 05:00:00,2018/04/05 10:00:00,6.6692799962083145,6.6692799962083145,6.36335810204384,0.0,0.0,0.0,0.0278045810395689,0.005686409380447792,0.0,0.0006086418867900008,0.27182226185766784,0.0,0.0,0.0,0.0,0.0,0.0,0.0,0.0,0.0,0.0,0.0,0.0,0.0,0.0,0.0,0.0,0.0,0.0,0.0,0.0,0.0,0.0,0.0,0.0,0.0,0.022756509732841965,0.022756509732841965
2018/04/05 06:00:00,2018/04/05 06:00:00,2018/04/05 11:00:00,6.746506190228577,6.746506190228577,6.3595834793546695,0.0,0.0,0.0,0.07380313982851767,0.015093730994548724,0.0,0.001615549689899291,0.2964102903609423,0.0,0.0,0.0,0.0,0.0,0.0,0.0,0.0,0.0,0.0,0.0,0.0,0.0,0.0,0.0,0.0,0.0,0.0,0.0,0.0,0.0,0.0,0.0,0.0,0.0,0.023020016233821317,0.023020016233821317
2018/04/05 07:00:00,2018/04/05 07:00:00,2018/04/05 12:00:00,6.704883677930532,6.704883677930532,6.129460230237401,0.0,0.0,0.0,0.17326939918692633,0.03543591379704412,0.0,0.003792864704345704,0.36292527000481567,0.0,0.0,0.0,0.0,0.0,0.0,0.0,0.0,0.0,0.0,0.0,0.0,0.0,0.0,0.0,0.0,0.0,0.0,0.0,0.0,0.0,0.0,0.0,0.0,0.0,0.022877994440351213,0.022877994440351213
2018/04/05 08:00:00,2018/04/05 08:00:00,2018/04/05 13:00:00,6.150269239311358,6.150269239311358,5.054653301457618,0.0,0.0,0.0,0.21926795797587528,0.044843235411145085,0.0,0.004799772507454998,0.4142946130207353,0.0,0.0,0.0,0.0,0.0,0.0,0.41241035893853,0.0,0.0,0.0,0.0,0.0,0.0,0.0,0.0,0.0,0.0,0.0,0.0,0.0,0.0,0.0,0.0,0.0,0.0,0.02098557293794205,0.02098557293794205
2018/04/05 09:00:00,2018/04/05 09:00:00,2018/04/05 14:00:00,6.92097997739038,6.92097997739038,4.988767067281498,0.0,0.0,0.0,0.22459555084839308,0.04593279953881092,0.0,0.00491639344029206,0.337947295450533,0.0,0.0,0.0,0.0,0.0,0.0,1.3188208708308526,0.0,0.0,0.0,0.0,0.0,0.0,0.0,0.0,0.0,0.0,0.0,0.0,0.0,0.0,0.0,0.0,0.0,0.0,0.02361534503062257,0.02361534503062257
2018/04/05 10:00:00,2018/04/05 10:00:00,2018/04/05 15:00:00,6.550424595671243,6.550424595671243,4.688236224199047,0.0,0.0,0.0,0.22267911815523408,0.04554086337448363,0.0,0.00487444275566889,0.2702730763559569,0.0,0.0,0.0,0.0,0.0,0.0,1.3188208708308526,0.0,0.0,0.0,0.0,0.0,0.0,0.0,0.0,0.0,0.0,0.0,0.0,0.0,0.0,0.0,0.0,0.0,0.0,0.022350958596788234,0.022350958596788234
2018/04/05 11:00:00,2018/04/05 11:00:00,2018/04/05 16:00:00,6.29808762022451,6.29808762022451,4.447006355404511,0.0,0.0,0.0,0.21616650243897678,0.04420894619696981,0.0,0.004731881689496374,0.2671530636637028,0.0,0.0,0.0,0.0,0.0,0.0,1.3188208708308526,0.0,0.0,0.0,0.0,0.0,0.0,0.0,0.0,0.0,0.0,0.0,0.0,0.0,0.0,0.0,0.0,0.0,0.0,0.0214899497860959,0.0214899497860959
2018/04/05 12:00:00,2018/04/05 12:00:00,2018/04/05 17:00:00,5.169168845025218,5.169168845025218,4.50802833345367,0.0,0.0,0.0,0.20714344994933365,0.04236361106157028,0.0,0.004534367197762577,0.2843418273317665,0.0,0.0,0.0,0.0,0.0,0.0,0.12275725603111524,0.0,0.0,0.0,0.0,0.0,0.0,0.0,0.0,0.0,0.0,0.0,0.0,0.0,0.0,0.0,0.0,0.0,0.0,0.01763792211444073,0.01763792211444073
2018/04/05 13:00:00,2018/04/05 13:00:00,2018/04/05 18:00:00,5.0396523956255,5.0396523956255,4.503363315618034,0.0,0.0,0.0,0.20063083423307632,0.041031693884056454,0.0,0.00439180613159006,0.2902347457587424,0.0,0.0,0.0,0.0,0.0,0.0,0.0,0.0,0.0,0.0,0.0,0.0,0.0,0.0,0.0,0.0,0.0,0.0,0.0,0.0,0.0,0.0,0.0,0.0,0.0,0.017195993998811537,0.017195993998811537
2018/04/05 14:00:00,2018/04/05 14:00:00,2018/04/05 19:00:00,5.034278821519138,5.034278821519138,4.489588270758497,0.0,0.0,0.0,0.19871440153991735,0.04063975771972915,0.0,0.004349855446966891,0.30098653605402664,0.0,0.0,0.0,0.0,0.0,0.0,0.0,0.0,0.0,0.0,0.0,0.0,0.0,0.0,0.0,0.0,0.0,0.0,0.0,0.0,0.0,0.0,0.0,0.0,0.0,0.017177658617552827,0.017177658617552827
2018/04/05 15:00:00,2018/04/05 15:00:00,2018/04/05 20:00:00,5.177606076362872,5.177606076362872,4.551703882678591,0.0,0.0,0.0,0.19854294757167282,0.04060469308588505,0.0,0.004346102322020269,0.3824084507047026,0.0,0.0,0.0,0.0,0.0,0.0,0.0,0.0,0.0,0.0,0.0,0.0,0.0,0.0,0.0,0.0,0.0,0.0,0.0,0.0,0.0,0.0,0.0,0.0,0.0,0.01766671111972507,0.01766671111972507
2018/04/05 16:00:00,2018/04/05 16:00:00,2018/04/05 21:00:00,6.360183883436488,6.360183883436488,4.328417064144452,0.0,0.0,0.0,0.19874504032772614,0.040646023762369886,0.0,0.004350526129599885,1.4063888265751139,0.0,0.0,0.0,0.0,0.0,0.0,0.38163640249722464,0.0,0.0,0.0,0.0,0.0,0.0,0.0,0.0,0.0,0.0,0.0,0.0,0.0,0.0,0.0,0.0,0.0,0.0,0.021701830861558302,0.021701830861558302
2018/04/05 17:00:00,2018/04/05 17:00:00,2018/04/05 22:00:00,5.497419255386305,5.497419255386305,4.441656771812791,0.0,0.0,0.0,0.2000346052934617,0.040909757076942034,0.0,0.0043787546885113325,0.78758108872593,0.0,0.0,0.0,0.0,0.0,0.0,0.02285827778866966,0.0,0.0,0.0,0.0,0.0,0.0,0.0,0.0,0.0,0.0,0.0,0.0,0.0,0.0,0.0,0.0,0.0,0.0,0.018757958109696334,0.018757958109696334
2018/04/05 18:00:00,2018/04/05 18:00:00,2018/04/05 23:00:00,5.447898371671631,5.447898371671631,4.585313780617084,0.0,0.0,0.0,0.20615620498723053,0.042161706238573175,0.0,0.004512756419466611,0.6097539234092758,0.0,0.0,0.0,0.0,0.0,0.0,0.0,0.0,0.0,0.0,0.0,0.0,0.0,0.0,0.0,0.0,0.0,0.0,0.0,0.0,0.0,0.0,0.0,0.0,0.0,0.018588985975841913,0.018588985975841913
2018/04/05 19:00:00,2018/04/05 19:00:00,2018/04/06 00:00:00,5.937550795943798,5.937550795943798,4.543107519440666,0.0,0.0,0.0,0.2269852351728252,0.04642152200290495,0.0,0.004968703596448881,0.6320623621790874,0.0,0.0,0.0,0.0,0.0,0.0,0.48400545355186575,0.0,0.0,0.0,0.0,0.0,0.0,0.0,0.0,0.0,0.0,0.0,0.0,0.0,0.0,0.0,0.0,0.0,0.0,0.02025974806185333,0.02025974806185333
2018/04/05 20:00:00,2018/04/05 20:00:00,2018/04/06 01:00:00,7.223957712689529,7.223957712689529,4.987676254416668,0.0,0.0,0.0,0.2768619428797716,0.05662197703464995,0.0,0.006060504024674282,0.5779161635029116,0.0,0.0,0.0,0.0,0.0,0.0,1.3188208708308526,0.0,0.0,0.0,0.0,0.0,0.0,0.0,0.0,0.0,0.0,0.0,0.0,0.0,0.0,0.0,0.0,0.0,0.0,0.024649147148105923,0.024649147148105923
2018/04/05 21:00:00,2018/04/05 21:00:00,2018/04/06 02:00:00,7.860463285127516,7.860463285127516,5.534596414771841,0.0,0.0,0.0,0.35770190088743575,0.07315483163424277,0.0,0.007830089565265189,0.5683591774378781,0.0,0.0,0.0,0.0,0.0,0.0,1.3188208708308526,0.0,0.0,0.0,0.0,0.0,0.0,0.0,0.0,0.0,0.0,0.0,0.0,0.0,0.0,0.0,0.0,0.0,0.0,0.026820992574063167,0.026820992574063167
2018/04/05 22:00:00,2018/04/05 22:00:00,2018/04/06 03:00:00,8.022963048770269,8.022963048770269,5.627143991005737,0.0,0.0,0.0,0.43733330911324797,0.08944052160990244,0.0,0.009573219968177187,0.5406511362423495,0.0,0.0,0.0,0.0,0.0,0.0,1.3188208708308526,0.0,0.0,0.0,0.0,0.0,0.0,0.0,0.0,0.0,0.0,0.0,0.0,0.0,0.0,0.0,0.0,0.0,0.0,0.02737546433938464,0.02737546433938464
2018/04/05 23:00:00,2018/04/05 23:00:00,2018/04/06 04:00:00,7.614843797492771,7.614843797492771,5.909440149063154,0.0,0.0,0.0,0.3195641841693384,0.06535515755226234,0.0,0.0069952554842145935,0.4616883462206141,0.0,0.0,0.0,0.0,0.0,0.0,0.8518007050031868,0.0,0.0,0.0,0.0,0.0,0.0,0.0,0.0,0.0,0.0,0.0,0.0,0.0,0.0,0.0,0.0,0.0,0.0,0.02598290476486735,0.02598290476486735
2018/04/06 00:00:00,2018/04/06 00:00:00,2018/04/06 05:00:00,6.827858072003082,6.827858072003082,6.274173714640466,0.0,0.0,0.0,0.13094360677997474,0.026779722120023,0.0,0.002866353705536267,0.39309467475708215,0.0,0.0,0.0,0.0,0.0,0.0,0.0,0.0,0.0,0.0,0.0,0.0,0.0,0.0,0.0,0.0,0.0,0.0,0.0,0.0,0.0,0.0,0.0,0.0,0.0,0.02329760015449027,0.02329760015449027
2018/04/06 01:00:00,2018/04/06 01:00:00,2018/04/06 06:00:00,7.449130733319469,7.449130733319469,7.022087855202575,0.0,0.0,0.0,0.06501908921459039,0.013297274945155983,0.0,0.0014232669458539432,0.3473032470112933,0.0,0.0,0.0,0.0,0.0,0.0,0.0,0.0,0.0,0.0,0.0,0.0,0.0,0.0,0.0,0.0,0.0,0.0,0.0,0.0,0.0,0.0,0.0,0.0,0.0,0.02541746877179722,0.02541746877179722
2018/04/06 02:00:00,2018/04/06 02:00:00,2018/04/06 07:00:00,7.814876201393551,7.814876201393551,7.435344983523456,0.0,0.0,0.0,0.03901145352875434,0.00797836496709361,0.0,0.0008539601675123682,0.3316874392067341,0.0,0.0,0.0,0.0,0.0,0.0,0.0,0.0,0.0,0.0,0.0,0.0,0.0,0.0,0.0,0.0,0.0,0.0,0.0,0.0,0.0,0.0,0.0,0.0,0.0,0.026665443112161187,0.026665443112161187
2018/04/06 03:00:00,2018/04/06 03:00:00,2018/04/06 08:00:00,7.777265484730367,7.777265484730367,7.444155729107249,0.0,0.0,0.0,0.026007635685836212,0.005318909978062404,0.0,0.0005693067783415784,0.30121390318087937,0.0,0.0,0.0,0.0,0.0,0.0,0.0,0.0,0.0,0.0,0.0,0.0,0.0,0.0,0.0,0.0,0.0,0.0,0.0,0.0,0.0,0.0,0.0,0.0,0.0,0.026537110122649348,0.026537110122649348
2018/04/06 04:00:00,2018/04/06 04:00:00,2018/04/06 09:00:00,8.096876372007182,8.096876372007182,7.7765886284696455,0.0,0.0,0.0,0.026007635685836212,0.005318909978062404,0.0,0.0005693067783415784,0.2883918910952979,0.0,0.0,0.0,0.0,0.0,0.0,0.0,0.0,0.0,0.0,0.0,0.0,0.0,0.0,0.0,0.0,0.0,0.0,0.0,0.0,0.0,0.0,0.0,0.0,0.0,0.02762766686508214,0.02762766686508214
2018/04/06 05:00:00,2018/04/06 05:00:00,2018/04/06 10:00:00,8.355403394474411,8.355403394474411,8.049481500309938,0.0,0.0,0.0,0.0278045810395689,0.005686409380447792,0.0,0.0006086418867900008,0.27182226185766784,0.0,0.0,0.0,0.0,0.0,0.0,0.0,0.0,0.0,0.0,0.0,0.0,0.0,0.0,0.0,0.0,0.0,0.0,0.0,0.0,0.0,0.0,0.0,0.0,0.0,0.028509796976027086,0.028509796976027086
2018/04/06 06:00:00,2018/04/06 06:00:00,2018/04/06 11:00:00,8.584040642788542,8.584040642788542,8.197117931914635,0.0,0.0,0.0,0.07380313982851767,0.015093730994548724,0.0,0.001615549689899291,0.2964102903609423,0.0,0.0,0.0,0.0,0.0,0.0,0.0,0.0,0.0,0.0,0.0,0.0,0.0,0.0,0.0,0.0,0.0,0.0,0.0,0.0,0.0,0.0,0.0,0.0,0.0,0.029289939025769905,0.029289939025769905
2018/04/06 07:00:00,2018/04/06 07:00:00,2018/04/06 12:00:00,8.801874590542976,8.801874590542976,6.92576282788967,0.0,0.0,0.0,0.17326939918692633,0.03543591379704412,0.0,0.003792864704345704,0.36292527000481567,0.0,0.0,0.0,0.0,0.0,0.0,1.300688314960175,0.0,0.0,0.0,0.0,0.0,0.0,0.0,0.0,0.0,0.0,0.0,0.0,0.0,0.0,0.0,0.0,0.0,0.0,0.030033218713387672,0.030033218713387672
2018/04/06 08:00:00,2018/04/06 08:00:00,2018/04/06 13:00:00,8.48611402995065,8.48611402995065,6.484087580204586,0.0,0.0,0.0,0.21926795797587528,0.044843235411145085,0.0,0.004799772507454998,0.4142946130207353,0.0,0.0,0.0,0.0,0.0,0.0,1.3188208708308526,0.0,0.0,0.0,0.0,0.0,0.0,0.0,0.0,0.0,0.0,0.0,0.0,0.0,0.0,0.0,0.0,0.0,0.0,0.028955799820425895,0.028955799820425895
2018/04/06 09:00:00,2018/04/06 09:00:00,2018/04/06 14:00:00,7.384534949006974,7.384534949006974,5.4523220388980915,0.0,0.0,0.0,0.22459555084839308,0.04593279953881092,0.0,0.00491639344029206,0.337947295450533,0.0,0.0,0.0,0.0,0.0,0.0,1.3188208708308526,0.0,0.0,0.0,0.0,0.0,0.0,0.0,0.0,0.0,0.0,0.0,0.0,0.0,0.0,0.0,0.0,0.0,0.0,0.025197058983147832,0.025197058983147832
2018/04/06 10:00:00,2018/04/06 10:00:00,2018/04/06 15:00:00,6.470721076270465,6.470721076270465,4.608532704798269,0.0,0.0,0.0,0.22267911815523408,0.04554086337448363,0.0,0.00487444275566889,0.2702730763559569,0.0,0.0,0.0,0.0,0.0,0.0,1.3188208708308526,0.0,0.0,0.0,0.0,0.0,0.0,0.0,0.0,0.0,0.0,0.0,0.0,0.0,0.0,0.0,0.0,0.0,0.0,0.0220789991175016,0.0220789991175016
2018/04/06 11:00:00,2018/04/06 11:00:00,2018/04/06 16:00:00,5.855722223868547,5.855722223868547,4.114930524551461,0.0,0.0,0.0,0.21616650243897678,0.04420894619696981,0.0,0.004731881689496374,0.2671530636637028,0.0,0.0,0.0,0.0,0.0,0.0,1.2085313053279405,0.0,0.0,0.0,0.0,0.0,0.0,0.0,0.0,0.0,0.0,0.0,0.0,0.0,0.0,0.0,0.0,0.0,0.0,0.019980537607664318,0.019980537607664318
2018/04/06 12:00:00,2018/04/06 12:00:00,2018/04/06 17:00:00,4.688460056472312,4.688460056472312,3.7811023010186005,0.0,0.0,0.0,0.20714344994933365,0.04236361106157028,0.0,0.004534367197762577,0.2843418273317665,0.0,0.0,0.0,0.0,0.0,0.0,0.36897449991327824,0.0,0.0,0.0,0.0,0.0,0.0,0.0,0.0,0.0,0.0,0.0,0.0,0.0,0.0,0.0,0.0,0.0,0.0,0.015997676955804993,0.015997676955804993
2018/04/06 13:00:00,2018/04/06 13:00:00,2018/04/06 18:00:00,5.4530133703169215,5.4530133703169215,3.629637720421936,0.0,0.0,0.0,0.20063083423307632,0.041031693884056454,0.0,0.00439180613159006,0.2902347457587424,0.0,0.0,0.0,0.0,0.0,0.0,1.2870865698875187,0.0,0.0,0.0,0.0,0.0,0.0,0.0,0.0,0.0,0.0,0.0,0.0,0.0,0.0,0.0,0.0,0.0,0.0,0.01860643906171043,0.01860643906171043
2018/04/06 14:00:00,2018/04/06 14:00:00,2018/04/06 19:00:00,4.133536540362089,4.133536540362089,3.5888459896014493,0.0,0.0,0.0,0.19871440153991735,0.04063975771972915,0.0,0.004349855446966891,0.30098653605402664,0.0,0.0,0.0,0.0,0.0,0.0,0.0,0.0,0.0,0.0,0.0,0.0,0.0,0.0,0.0,0.0,0.0,0.0,0.0,0.0,0.0,0.0,0.0,0.0,0.0,0.01410420083806445,0.01410420083806445
2018/04/06 15:00:00,2018/04/06 15:00:00,2018/04/06 20:00:00,4.7057462055163235,4.7057462055163235,3.194921453999358,0.0,0.0,0.0,0.19854294757167282,0.04060469308588505,0.0,0.004346102322020269,0.6941793238227018,0.0,0.0,0.0,0.0,0.0,0.0,0.5731516847146856,0.0,0.0,0.0,0.0,0.0,0.0,0.0,0.0,0.0,0.0,0.0,0.0,0.0,0.0,0.0,0.0,0.0,0.0,0.016056659697448322,0.016056659697448322
2018/04/06 16:00:00,2018/04/06 16:00:00,2018/04/06 21:00:00,3.6521578469152964,3.6521578469152964,3.0859617048305537,0.0,0.0,0.0,0.19874504032772614,0.040646023762369886,0.0,0.004350526129599885,0.3224545518650471,0.0,0.0,0.0,0.0,0.0,0.0,0.0,0.0,0.0,0.0,0.0,0.0,0.0,0.0,0.0,0.0,0.0,0.0,0.0,0.0,0.0,0.0,0.0,0.0,0.0,0.01246166987087869,0.01246166987087869
2018/04/06 17:00:00,2018/04/06 17:00:00,2018/04/06 22:00:00,3.671537099629803,3.671537099629803,2.989957412200733,0.0,0.0,0.0,0.2000346052934617,0.040909757076942034,0.0,0.0043787546885113325,0.4362565703701545,0.0,0.0,0.0,0.0,0.0,0.0,0.0,0.0,0.0,0.0,0.0,0.0,0.0,0.0,0.0,0.0,0.0,0.0,0.0,0.0,0.0,0.0,0.0,0.0,0.0,0.012527794572985003,0.012527794572985003
2018/04/06 18:00:00,2018/04/06 18:00:00,2018/04/06 23:00:00,4.164909463536769,4.164909463536769,3.302324872482222,0.0,0.0,0.0,0.20615620498723053,0.042161706238573175,0.0,0.004512756419466611,0.6097539234092758,0.0,0.0,0.0,0.0,0.0,0.0,0.0,0.0,0.0,0.0,0.0,0.0,0.0,0.0,0.0,0.0,0.0,0.0,0.0,0.0,0.0,0.0,0.0,0.0,0.0,0.014211249609742682,0.014211249609742682
2018/04/06 19:00:00,2018/04/06 19:00:00,2018/04/07 00:00:00,4.740675020105692,4.740675020105692,3.830237197154425,0.0,0.0,0.0,0.2269852351728252,0.04642152200290495,0.0,0.004968703596448881,0.6320623621790874,0.0,0.0,0.0,0.0,0.0,0.0,0.0,0.0,0.0,0.0,0.0,0.0,0.0,0.0,0.0,0.0,0.0,0.0,0.0,0.0,0.0,0.0,0.0,0.0,0.0,0.016175841664558942,0.016175841664558942
2018/04/06 20:00:00,2018/04/06 20:00:00,2018/04/07 01:00:00,5.720735682325484,5.720735682325484,3.946931948187339,0.0,0.0,0.0,0.2768619428797716,0.05662197703464995,0.0,0.006060504024674282,0.5779161635029116,0.0,0.0,0.0,0.0,0.0,0.0,0.8563431466961361,0.0,0.0,0.0,0.0,0.0,0.0,0.0,0.0,0.0,0.0,0.0,0.0,0.0,0.0,0.0,0.0,0.0,0.0,0.019519944777827543,0.019519944777827543
2018/04/06 21:00:00,2018/04/06 21:00:00,2018/04/07 02:00:00,7.078868291485445,7.078868291485445,4.75300142112977,0.0,0.0,0.0,0.35770190088743575,0.07315483163424277,0.0,0.007830089565265189,0.5683591774378781,0.0,0.0,0.0,0.0,0.0,0.0,1.3188208708308526,0.0,0.0,0.0,0.0,0.0,0.0,0.0,0.0,0.0,0.0,0.0,0.0,0.0,0.0,0.0,0.0,0.0,0.0,0.024154081889541237,0.024154081889541237
2018/04/06 22:00:00,2018/04/06 22:00:00,2018/04/07 03:00:00,7.631385475449791,7.631385475449791,5.235566417685261,0.0,0.0,0.0,0.43733330911324797,0.08944052160990244,0.0,0.009573219968177187,0.5406511362423495,0.0,0.0,0.0,0.0,0.0,0.0,1.3188208708308526,0.0,0.0,0.0,0.0,0.0,0.0,0.0,0.0,0.0,0.0,0.0,0.0,0.0,0.0,0.0,0.0,0.0,0.0,0.02603934726775229,0.02603934726775229
2018/04/06 23:00:00,2018/04/06 23:00:00,2018/04/07 04:00:00,7.255793354187361,7.255793354187361,5.844033302382738,0.0,0.0,0.0,0.3195641841693384,0.06535515755226234,0.0,0.0069952554842145935,0.4616883462206141,0.0,0.0,0.0,0.0,0.0,0.0,0.5581571083781925,0.0,0.0,0.0,0.0,0.0,0.0,0.0,0.0,0.0,0.0,0.0,0.0,0.0,0.0,0.0,0.0,0.0,0.0,0.024757774778975904,0.024757774778975904
2018/04/07 00:00:00,2018/04/07 00:00:00,2018/04/07 05:00:00,6.915262113998068,6.915262113998068,6.361577756635452,0.0,0.0,0.0,0.13094360677997474,0.026779722120023,0.0,0.002866353705536267,0.39309467475708215,0.0,0.0,0.0,0.0,0.0,0.0,0.0,0.0,0.0,0.0,0.0,0.0,0.0,0.0,0.0,0.0,0.0,0.0,0.0,0.0,0.0,0.0,0.0,0.0,0.0,0.02359583488649724,0.02359583488649724
2018/04/07 01:00:00,2018/04/07 02:00:00,2018/04/07 06:00:00,7.602239570279372,7.602239570279372,7.227708913217486,0.0,0.0,0.0,0.03901145352875434,0.00797836496709361,0.0,0.0008539601675123682,0.32668687839852584,0.0,0.0,0.0,0.0,0.0,0.0,0.0,0.0,0.0,0.0,0.0,0.0,0.0,0.0,0.0,0.0,0.0,0.0,0.0,0.0,0.0,0.0,0.0,0.0,0.0,0.025939897390845006,0.025939897390845006
2018/04/07 02:00:00,2018/04/07 03:00:00,2018/04/07 07:00:00,7.492942721259073,7.492942721259073,7.159832965635955,0.0,0.0,0.0,0.026007635685836212,0.005318909978062404,0.0,0.0005693067783415784,0.30121390318087937,0.0,0.0,0.0,0.0,0.0,0.0,0.0,0.0,0.0,0.0,0.0,0.0,0.0,0.0,0.0,0.0,0.0,0.0,0.0,0.0,0.0,0.0,0.0,0.0,0.0,0.02556696136028197,0.02556696136028197
2018/04/07 03:00:00,2018/04/07 04:00:00,2018/04/07 08:00:00,7.750978022853919,7.750978022853919,7.430690279316382,0.0,0.0,0.0,0.026007635685836212,0.005318909978062404,0.0,0.0005693067783415784,0.2883918910952979,0.0,0.0,0.0,0.0,0.0,0.0,0.0,0.0,0.0,0.0,0.0,0.0,0.0,0.0,0.0,0.0,0.0,0.0,0.0,0.0,0.0,0.0,0.0,0.0,0.0,0.02644741365130863,0.02644741365130863
2018/04/07 04:00:00,2018/04/07 05:00:00,2018/04/07 09:00:00,8.062905630908654,8.062905630908654,7.75698373674418,0.0,0.0,0.0,0.0278045810395689,0.005686409380447792,0.0,0.0006086418867900008,0.27182226185766784,0.0,0.0,0.0,0.0,0.0,0.0,0.0,0.0,0.0,0.0,0.0,0.0,0.0,0.0,0.0,0.0,0.0,0.0,0.0,0.0,0.0,0.0,0.0,0.0,0.0,0.02751175397780195,0.02751175397780195
2018/04/07 05:00:00,2018/04/07 06:00:00,2018/04/07 10:00:00,8.298914632068804,8.298914632068804,7.911991921194898,0.0,0.0,0.0,0.07380313982851767,0.015093730994548724,0.0,0.001615549689899291,0.2964102903609423,0.0,0.0,0.0,0.0,0.0,0.0,0.0,0.0,0.0,0.0,0.0,0.0,0.0,0.0,0.0,0.0,0.0,0.0,0.0,0.0,0.0,0.0,0.0,0.0,0.0,0.028317049472217047,0.028317049472217047
2018/04/07 06:00:00,2018/04/07 07:00:00,2018/04/07 11:00:00,8.508887591566708,8.508887591566708,7.933464143873576,0.0,0.0,0.0,0.17326939918692633,0.03543591379704412,0.0,0.003792864704345704,0.36292527000481567,0.0,0.0,0.0,0.0,0.0,0.0,0.0,0.0,0.0,0.0,0.0,0.0,0.0,0.0,0.0,0.0,0.0,0.0,0.0,0.0,0.0,0.0,0.0,0.0,0.0,0.029033506375985403,0.029033506375985403
2018/04/07 07:00:00,2018/04/07 08:00:00,2018/04/07 12:00:00,9.06977767086734,9.06977767086734,7.509569972635183,0.0,0.0,0.0,0.21926795797587528,0.044843235411145085,0.0,0.004799772507454998,0.4142946130207353,0.0,0.0,0.0,0.0,0.0,0.0,0.8770021193169477,0.0,0.0,0.0,0.0,0.0,0.0,0.0,0.0,0.0,0.0,0.0,0.0,0.0,0.0,0.0,0.0,0.0,0.0,0.03094734123610764,0.03094734123610764
2018/04/07 08:00:00,2018/04/07 09:00:00,2018/04/07 13:00:00,8.725362834429989,8.725362834429989,6.793149924321105,0.0,0.0,0.0,0.22459555084839308,0.04593279953881092,0.0,0.00491639344029206,0.337947295450533,0.0,0.0,0.0,0.0,0.0,0.0,1.3188208708308526,0.0,0.0,0.0,0.0,0.0,0.0,0.0,0.0,0.0,0.0,0.0,0.0,0.0,0.0,0.0,0.0,0.0,0.0,0.029772149973785807,0.029772149973785807
2018/04/07 09:00:00,2018/04/07 10:00:00,2018/04/07 14:00:00,7.293022319339182,7.293022319339182,5.6281016439782965,0.0,0.0,0.0,0.22267911815523408,0.04554086337448363,0.0,0.00487444275566889,0.2702730763559569,0.0,0.0,0.0,0.0,0.0,0.0,1.1215531747195433,0.0,0.0,0.0,0.0,0.0,0.0,0.0,0.0,0.0,0.0,0.0,0.0,0.0,0.0,0.0,0.0,0.0,0.0,0.024884805179304383,0.024884805179304383
2018/04/07 10:00:00,2018/04/07 11:00:00,2018/04/07 15:00:00,5.267672976427317,5.267672976427317,4.735412582438172,0.0,0.0,0.0,0.21616650243897678,0.04420894619696981,0.0,0.004731881689496374,0.2671530636637028,0.0,0.0,0.0,0.0,0.0,0.0,0.0,0.0,0.0,0.0,0.0,0.0,0.0,0.0,0.0,0.0,0.0,0.0,0.0,0.0,0.0,0.0,0.0,0.0,0.0,0.017974031893345115,0.017974031893345115
2018/04/07 11:00:00,2018/04/07 12:00:00,2018/04/07 16:00:00,4.835720709494755,4.835720709494755,4.297337453954323,0.0,0.0,0.0,0.20714344994933365,0.04236361106157028,0.0,0.004534367197762577,0.2843418273317665,0.0,0.0,0.0,0.0,0.0,0.0,0.0,0.0,0.0,0.0,0.0,0.0,0.0,0.0,0.0,0.0,0.0,0.0,0.0,0.0,0.0,0.0,0.0,0.0,0.0,0.016500150758925435,0.016500150758925435
2018/04/07 12:00:00,2018/04/07 13:00:00,2018/04/07 17:00:00,4.652927067939959,4.652927067939959,4.116637987932494,0.0,0.0,0.0,0.20063083423307632,0.041031693884056454,0.0,0.00439180613159006,0.2902347457587424,0.0,0.0,0.0,0.0,0.0,0.0,0.0,0.0,0.0,0.0,0.0,0.0,0.0,0.0,0.0,0.0,0.0,0.0,0.0,0.0,0.0,0.0,0.0,0.0,0.0,0.015876433463279088,0.015876433463279088
2018/04/07 13:00:00,2018/04/07 14:00:00,2018/04/07 18:00:00,5.336734006367318,5.336734006367318,3.727095022208518,0.0,0.0,0.0,0.19871440153991735,0.04063975771972915,0.0,0.004349855446966891,0.30098653605402664,0.0,0.0,0.0,0.0,0.0,0.0,1.0649484333981607,0.0,0.0,0.0,0.0,0.0,0.0,0.0,0.0,0.0,0.0,0.0,0.0,0.0,0.0,0.0,0.0,0.0,0.0,0.018209677720313427,0.018209677720313427
2018/04/07 14:00:00,2018/04/07 15:00:00,2018/04/07 19:00:00,4.743851943831506,4.743851943831506,3.595184948895078,0.0,0.0,0.0,0.19854294757167282,0.04060469308588505,0.0,0.004346102322020269,0.33501695643262186,0.0,0.0,0.0,0.0,0.0,0.0,0.5701562955242279,0.0,0.0,0.0,0.0,0.0,0.0,0.0,0.0,0.0,0.0,0.0,0.0,0.0,0.0,0.0,0.0,0.0,0.0,0.01618668176959698,0.01618668176959698
2018/04/07 15:00:00,2018/04/07 16:00:00,2018/04/07 20:00:00,3.993861416321952,3.993861416321952,3.4276652742372096,0.0,0.0,0.0,0.19874504032772614,0.040646023762369886,0.0,0.004350526129599885,0.3224545518650471,0.0,0.0,0.0,0.0,0.0,0.0,0.0,0.0,0.0,0.0,0.0,0.0,0.0,0.0,0.0,0.0,0.0,0.0,0.0,0.0,0.0,0.0,0.0,0.0,0.0,0.01362760991348753,0.01362760991348753
2018/04/07 16:00:00,2018/04/07 17:00:00,2018/04/07 21:00:00,3.998421734059791,3.998421734059791,3.3168420466307214,0.0,0.0,0.0,0.2000346052934617,0.040909757076942034,0.0,0.0043787546885113325,0.4362565703701545,0.0,0.0,0.0,0.0,0.0,0.0,0.0,0.0,0.0,0.0,0.0,0.0,0.0,0.0,0.0,0.0,0.0,0.0,0.0,0.0,0.0,0.0,0.0,0.0,0.0,0.01364317035105275,0.01364317035105275
2018/04/07 17:00:00,2018/04/07 18:00:00,2018/04/07 22:00:00,3.9876199375582067,3.9876199375582067,3.1250353465036604,0.0,0.0,0.0,0.20615620498723053,0.042161706238573175,0.0,0.004512756419466611,0.6097539234092758,0.0,0.0,0.0,0.0,0.0,0.0,0.0,0.0,0.0,0.0,0.0,0.0,0.0,0.0,0.0,0.0,0.0,0.0,0.0,0.0,0.0,0.0,0.0,0.0,0.0,0.013606313120982904,0.013606313120982904
2018/04/07 18:00:00,2018/04/07 19:00:00,2018/04/07 23:00:00,5.129111181315406,5.129111181315406,2.9123387816553303,0.0,0.0,0.0,0.2269852351728252,0.04642152200290495,0.0,0.004968703596448881,0.6320623621790874,0.0,0.0,0.0,0.0,0.0,0.0,1.3063345767088095,0.0,0.0,0.0,0.0,0.0,0.0,0.0,0.0,0.0,0.0,0.0,0.0,0.0,0.0,0.0,0.0,0.0,0.0,0.017501239801716494,0.017501239801716494
2018/04/07 19:00:00,2018/04/07 20:00:00,2018/04/08 00:00:00,6.181021726341929,6.181021726341929,3.530515581890067,0.0,0.0,0.0,0.2768619428797716,0.05662197703464995,0.0,0.006060504024674282,0.9921408496819136,0.0,0.0,0.0,0.0,0.0,0.0,1.3188208708308526,0.0,0.0,0.0,0.0,0.0,0.0,0.0,0.0,0.0,0.0,0.0,0.0,0.0,0.0,0.0,0.0,0.0,0.0,0.021090504695315884,0.021090504695315884
2018/04/07 20:00:00,2018/04/07 21:00:00,2018/04/08 01:00:00,6.593503302870437,6.593503302870437,4.267636432514762,0.0,0.0,0.0,0.35770190088743575,0.07315483163424277,0.0,0.007830089565265189,0.5683591774378781,0.0,0.0,0.0,0.0,0.0,0.0,1.3188208708308526,0.0,0.0,0.0,0.0,0.0,0.0,0.0,0.0,0.0,0.0,0.0,0.0,0.0,0.0,0.0,0.0,0.0,0.0,0.02249794912953151,0.02249794912953151
2018/04/07 21:00:00,2018/04/07 22:00:00,2018/04/08 02:00:00,5.985345218530525,5.985345218530525,4.8671606356868,0.0,0.0,0.0,0.43733330911324797,0.08944052160990244,0.0,0.009573219968177187,0.5406511362423495,0.0,0.0,0.0,0.0,0.0,0.0,0.041186395910048156,0.0,0.0,0.0,0.0,0.0,0.0,0.0,0.0,0.0,0.0,0.0,0.0,0.0,0.0,0.0,0.0,0.0,0.0,0.020422829270527847,0.020422829270527847
2018/04/07 22:00:00,2018/04/07 23:00:00,2018/04/08 03:00:00,6.310550793396497,6.310550793396497,5.456947849970066,0.0,0.0,0.0,0.3195641841693384,0.06535515755226234,0.0,0.0069952554842145935,0.4616883462206141,0.0,0.0,0.0,0.0,0.0,0.0,0.0,0.0,0.0,0.0,0.0,0.0,0.0,0.0,0.0,0.0,0.0,0.0,0.0,0.0,0.0,0.0,0.0,0.0,0.0,0.02153247586413606,0.02153247586413606
2018/04/07 23:00:00,2018/04/08 00:00:00,2018/04/08 04:00:00,6.550614160570218,6.550614160570218,5.9969298032076015,0.0,0.0,0.0,0.13094360677997474,0.026779722120023,0.0,0.002866353705536267,0.39309467475708215,0.0,0.0,0.0,0.0,0.0,0.0,0.0,0.0,0.0,0.0,0.0,0.0,0.0,0.0,0.0,0.0,0.0,0.0,0.0,0.0,0.0,0.0,0.0,0.0,0.0,0.02235160541855475,0.02235160541855475
2018/04/08 00:00:00,2018/04/08 01:00:00,2018/04/08 05:00:00,7.250422615713197,7.250422615713197,6.823379737596303,0.0,0.0,0.0,0.06501908921459039,0.013297274945155983,0.0,0.0014232669458539432,0.3473032470112933,0.0,0.0,0.0,0.0,0.0,0.0,0.0,0.0,0.0,0.0,0.0,0.0,0.0,0.0,0.0,0.0,0.0,0.0,0.0,0.0,0.0,0.0,0.0,0.0,0.0,0.024739449073288133,0.024739449073288133
2018/04/08 01:00:00,2018/04/08 02:00:00,2018/04/08 06:00:00,7.572135667763786,7.572135667763786,7.1926044498936905,0.0,0.0,0.0,0.03901145352875434,0.00797836496709361,0.0,0.0008539601675123682,0.3316874392067341,0.0,0.0,0.0,0.0,0.0,0.0,0.0,0.0,0.0,0.0,0.0,0.0,0.0,0.0,0.0,0.0,0.0,0.0,0.0,0.0,0.0,0.0,0.0,0.0,0.0,0.025837178693926904,0.025837178693926904
2018/04/08 02:00:00,2018/04/08 03:00:00,2018/04/08 07:00:00,7.4187923276577425,7.4187923276577425,7.0856825720346235,0.0,0.0,0.0,0.026007635685836212,0.005318909978062404,0.0,0.0005693067783415784,0.30121390318087937,0.0,0.0,0.0,0.0,0.0,0.0,0.0,0.0,0.0,0.0,0.0,0.0,0.0,0.0,0.0,0.0,0.0,0.0,0.0,0.0,0.0,0.0,0.0,0.0,0.0,0.0253139499175712,0.0253139499175712
2018/04/08 03:00:00,2018/04/08 04:00:00,2018/04/08 08:00:00,7.639125524030267,7.639125524030267,7.31883778049273,0.0,0.0,0.0,0.026007635685836212,0.005318909978062404,0.0,0.0005693067783415784,0.2883918910952979,0.0,0.0,0.0,0.0,0.0,0.0,0.0,0.0,0.0,0.0,0.0,0.0,0.0,0.0,0.0,0.0,0.0,0.0,0.0,0.0,0.0,0.0,0.0,0.0,0.0,0.02606575738862807,0.02606575738862807
2018/04/08 04:00:00,2018/04/08 05:00:00,2018/04/08 09:00:00,7.832927151161107,7.832927151161107,7.527005256996634,0.0,0.0,0.0,0.0278045810395689,0.005686409380447792,0.0,0.0006086418867900008,0.27182226185766784,0.0,0.0,0.0,0.0,0.0,0.0,0.0,0.0,0.0,0.0,0.0,0.0,0.0,0.0,0.0,0.0,0.0,0.0,0.0,0.0,0.0,0.0,0.0,0.0,0.0,0.02672703546010669,0.02672703546010669
2018/04/08 05:00:00,2018/04/08 06:00:00,2018/04/08 10:00:00,8.4599805044967,8.4599805044967,7.668321543403047,0.0,0.0,0.0,0.07380313982851767,0.015093730994548724,0.0,0.001615549689899291,0.2964102903609423,0.0,0.0,0.0,0.0,0.0,0.0,0.40473625021974585,0.0,0.0,0.0,0.0,0.0,0.0,0.0,0.0,0.0,0.0,0.0,0.0,0.0,0.0,0.0,0.0,0.0,0.0,0.028866628601541038,0.028866628601541038
2018/04/08 06:00:00,2018/04/08 07:00:00,2018/04/08 11:00:00,8.387377841376626,8.387377841376626,7.67439771951345,0.0,0.0,0.0,0.17326939918692633,0.03543591379704412,0.0,0.003792864704345704,0.36292527000481567,0.0,0.0,0.0,0.0,0.0,0.0,0.13755667417004513,0.0,0.0,0.0,0.0,0.0,0.0,0.0,0.0,0.0,0.0,0.0,0.0,0.0,0.0,0.0,0.0,0.0,0.0,0.02861889823021737,0.02861889823021737
2018/04/08 07:00:00,2018/04/08 08:00:00,2018/04/08 12:00:00,8.980936979938654,8.980936979938654,6.978910530192591,0.0,0.0,0.0,0.21926795797587528,0.044843235411145085,0.0,0.004799772507454998,0.4142946130207353,0.0,0.0,0.0,0.0,0.0,0.0,1.3188208708308526,0.0,0.0,0.0,0.0,0.0,0.0,0.0,0.0,0.0,0.0,0.0,0.0,0.0,0.0,0.0,0.0,0.0,0.0,0.030644204458383437,0.030644204458383437
2018/04/08 08:00:00,2018/04/08 09:00:00,2018/04/08 13:00:00,8.967725158300214,8.967725158300214,7.035512248191331,0.0,0.0,0.0,0.22459555084839308,0.04593279953881092,0.0,0.00491639344029206,0.337947295450533,0.0,0.0,0.0,0.0,0.0,0.0,1.3188208708308526,0.0,0.0,0.0,0.0,0.0,0.0,0.0,0.0,0.0,0.0,0.0,0.0,0.0,0.0,0.0,0.0,0.0,0.0,0.030599123887785906,0.030599123887785906
2018/04/08 09:00:00,2018/04/08 10:00:00,2018/04/08 14:00:00,8.300927007863253,8.300927007863253,6.438738636391058,0.0,0.0,0.0,0.22267911815523408,0.04554086337448363,0.0,0.00487444275566889,0.2702730763559569,0.0,0.0,0.0,0.0,0.0,0.0,1.3188208708308526,0.0,0.0,0.0,0.0,0.0,0.0,0.0,0.0,0.0,0.0,0.0,0.0,0.0,0.0,0.0,0.0,0.0,0.0,0.028323915977953577,0.028323915977953577
2018/04/08 10:00:00,2018/04/08 11:00:00,2018/04/08 15:00:00,7.34726535908166,7.34726535908166,5.461847050593494,0.0,0.0,0.0,0.21616650243897678,0.04420894619696981,0.0,0.004731881689496374,0.30149010733187,0.0,0.0,0.0,0.0,0.0,0.0,1.3188208708308526,0.0,0.0,0.0,0.0,0.0,0.0,0.0,0.0,0.0,0.0,0.0,0.0,0.0,0.0,0.0,0.0,0.0,0.0,0.025069889965449274,0.025069889965449274
2018/04/08 11:00:00,2018/04/08 12:00:00,2018/04/08 16:00:00,6.408456781757244,6.408456781757244,4.813096273246318,0.0,0.0,0.0,0.20714344994933365,0.04236361106157028,0.0,0.004534367197762577,1.058404141090068,0.0,0.0,0.0,0.0,0.0,0.0,0.28291493921219346,0.0,0.0,0.0,0.0,0.0,0.0,0.0,0.0,0.0,0.0,0.0,0.0,0.0,0.0,0.0,0.0,0.0,0.0,0.02186654469589924,0.02186654469589924
2018/04/08 12:00:00,2018/04/08 13:00:00,2018/04/08 17:00:00,5.471599484830414,5.471599484830414,4.935310404822949,0.0,0.0,0.0,0.20063083423307632,0.041031693884056454,0.0,0.00439180613159006,0.2902347457587424,0.0,0.0,0.0,0.0,0.0,0.0,0.0,0.0,0.0,0.0,0.0,0.0,0.0,0.0,0.0,0.0,0.0,0.0,0.0,0.0,0.0,0.0,0.0,0.0,0.0,0.018669857466105284,0.018669857466105284
2018/04/08 13:00:00,2018/04/08 14:00:00,2018/04/08 18:00:00,5.954714485004239,5.954714485004239,4.971244341473152,0.0,0.0,0.0,0.19871440153991735,0.04063975771972915,0.0,0.004349855446966891,0.30098653605402664,0.0,0.0,0.0,0.0,0.0,0.0,0.43877959277044515,0.0,0.0,0.0,0.0,0.0,0.0,0.0,0.0,0.0,0.0,0.0,0.0,0.0,0.0,0.0,0.0,0.0,0.0,0.02031831295302261,0.02031831295302261
2018/04/08 14:00:00,2018/04/08 15:00:00,2018/04/08 19:00:00,5.4608034373306555,5.4608034373306555,4.882292737918456,0.0,0.0,0.0,0.19854294757167282,0.04060469308588505,0.0,0.004346102322020269,0.33501695643262186,0.0,0.0,0.0,0.0,0.0,0.0,0.0,0.0,0.0,0.0,0.0,0.0,0.0,0.0,0.0,0.0,0.0,0.0,0.0,0.0,0.0,0.0,0.0,0.0,0.0,0.01863301985242822,0.01863301985242822
2018/04/08 15:00:00,2018/04/08 16:00:00,2018/04/08 20:00:00,5.129315419936413,5.129315419936413,4.532673066978129,0.0,0.0,0.0,0.19874504032772614,0.040646023762369886,0.0,0.004350526129599885,0.35290076273858845,0.0,0.0,0.0,0.0,0.0,0.0,0.0,0.0,0.0,0.0,0.0,0.0,0.0,0.0,0.0,0.0,0.0,0.0,0.0,0.0,0.0,0.0,0.0,0.0,0.0,0.017501936692260814,0.017501936692260814
2018/04/08 16:00:00,2018/04/08 17:00:00,2018/04/08 21:00:00,5.592454668842338,5.592454668842338,4.224523976309269,0.0,0.0,0.0,0.2000346052934617,0.040909757076942034,0.0,0.0043787546885113325,1.122607575474155,0.0,0.0,0.0,0.0,0.0,0.0,0.0,0.0,0.0,0.0,0.0,0.0,0.0,0.0,0.0,0.0,0.0,0.0,0.0,0.0,0.0,0.0,0.0,0.0,0.0,0.019082232141151966,0.019082232141151966
2018/04/08 17:00:00,2018/04/08 18:00:00,2018/04/08 22:00:00,5.140745587544591,5.140745587544591,4.278160996490045,0.0,0.0,0.0,0.20615620498723053,0.042161706238573175,0.0,0.004512756419466611,0.6097539234092758,0.0,0.0,0.0,0.0,0.0,0.0,0.0,0.0,0.0,0.0,0.0,0.0,0.0,0.0,0.0,0.0,0.0,0.0,0.0,0.0,0.0,0.0,0.0,0.0,0.0,0.017540938011829252,0.017540938011829252
2018/04/08 18:00:00,2018/04/08 19:00:00,2018/04/08 23:00:00,6.22000020733844,6.22000020733844,4.5133473137778894,0.0,0.0,0.0,0.2269852351728252,0.04642152200290495,0.0,0.004968703596448881,0.6320623621790874,0.0,0.0,0.0,0.0,0.0,0.0,0.7962150706092846,0.0,0.0,0.0,0.0,0.0,0.0,0.0,0.0,0.0,0.0,0.0,0.0,0.0,0.0,0.0,0.0,0.0,0.0,0.02122350468672017,0.02122350468672017
2018/04/08 19:00:00,2018/04/08 20:00:00,2018/04/09 00:00:00,6.4168719632406805,6.4168719632406805,5.114138734017736,0.0,0.0,0.0,0.2768619428797716,0.05662197703464995,0.0,0.006060504024674282,0.5779161635029116,0.0,0.0,0.0,0.0,0.0,0.0,0.3852726417809357,0.0,0.0,0.0,0.0,0.0,0.0,0.0,0.0,0.0,0.0,0.0,0.0,0.0,0.0,0.0,0.0,0.0,0.0,0.021895258464018186,0.021895258464018186
2018/04/08 20:00:00,2018/04/08 21:00:00,2018/04/09 01:00:00,6.528478323010981,6.528478323010981,5.48314066461321,0.0,0.0,0.0,0.35770190088743575,0.07315483163424277,0.0,0.007830089565265189,0.6066508363108268,0.0,0.0,0.0,0.0,0.0,0.0,0.0,0.0,0.0,0.0,0.0,0.0,0.0,0.0,0.0,0.0,0.0,0.0,0.0,0.0,0.0,0.0,0.0,0.0,0.0,0.022276074866059162,0.022276074866059162
2018/04/08 21:00:00,2018/04/08 22:00:00,2018/04/09 02:00:00,7.884587291015471,7.884587291015471,5.918414663756153,0.0,0.0,0.0,0.43733330911324797,0.08944052160990244,0.0,0.009573219968177187,1.403862609870659,0.0,0.0,0.0,0.0,0.0,0.0,0.025962966697331048,0.0,0.0,0.0,0.0,0.0,0.0,0.0,0.0,0.0,0.0,0.0,0.0,0.0,0.0,0.0,0.0,0.0,0.0,0.026903307033059716,0.026903307033059716
2018/04/08 22:00:00,2018/04/08 23:00:00,2018/04/09 03:00:00,7.996895525205867,7.996895525205867,6.291762588868976,0.0,0.0,0.0,0.3195641841693384,0.06535515755226234,0.0,0.0069952554842145935,0.4616883462206141,0.0,0.0,0.0,0.0,0.0,0.0,0.8515299929104599,0.0,0.0,0.0,0.0,0.0,0.0,0.0,0.0,0.0,0.0,0.0,0.0,0.0,0.0,0.0,0.0,0.0,0.0,0.027286518328114812,0.027286518328114812
2018/04/08 23:00:00,2018/04/09 00:00:00,2018/04/09 04:00:00,7.852766674746628,7.852766674746628,6.704614521623604,0.0,0.0,0.0,0.13094360677997474,0.026779722120023,0.0,0.002866353705536267,0.39309467475708215,0.0,0.0,0.0,0.0,0.0,0.0,0.5944677957604084,0.0,0.0,0.0,0.0,0.0,0.0,0.0,0.0,0.0,0.0,0.0,0.0,0.0,0.0,0.0,0.0,0.0,0.0,0.026794730670358098,0.026794730670358098
2018/04/09 00:00:00,2018/04/09 01:00:00,2018/04/09 05:00:00,8.372988886276735,8.372988886276735,7.892162621058061,0.0,0.0,0.0,0.06501908921459039,0.013297274945155983,0.0,0.0014232669458539432,0.3473032470112933,0.0,0.0,0.0,0.0,0.0,0.0,0.053783387101780704,0.0,0.0,0.0,0.0,0.0,0.0,0.0,0.0,0.0,0.0,0.0,0.0,0.0,0.0,0.0,0.0,0.0,0.0,0.02856980111674151,0.02856980111674151
2018/04/09 01:00:00,2018/04/09 02:00:00,2018/04/09 06:00:00,8.98262661544569,8.98262661544569,8.603095397575597,0.0,0.0,0.0,0.03901145352875434,0.00797836496709361,0.0,0.0008539601675123682,0.3316874392067341,0.0,0.0,0.0,0.0,0.0,0.0,0.0,0.0,0.0,0.0,0.0,0.0,0.0,0.0,0.0,0.0,0.0,0.0,0.0,0.0,0.0,0.0,0.0,0.0,0.0,0.030649969729429592,0.030649969729429592
2018/04/09 02:00:00,2018/04/09 03:00:00,2018/04/09 07:00:00,9.045152913825422,9.045152913825422,8.712043158202302,0.0,0.0,0.0,0.026007635685836212,0.005318909978062404,0.0,0.0005693067783415784,0.30121390318087937,0.0,0.0,0.0,0.0,0.0,0.0,0.0,0.0,0.0,0.0,0.0,0.0,0.0,0.0,0.0,0.0,0.0,0.0,0.0,0.0,0.0,0.0,0.0,0.0,0.0,0.03086331814461772,0.03086331814461772
2018/04/09 03:00:00,2018/04/09 04:00:00,2018/04/09 08:00:00,9.459869382227382,9.459869382227382,9.139581638689844,0.0,0.0,0.0,0.026007635685836212,0.005318909978062404,0.0,0.0005693067783415784,0.2883918910952979,0.0,0.0,0.0,0.0,0.0,0.0,0.0,0.0,0.0,0.0,0.0,0.0,0.0,0.0,0.0,0.0,0.0,0.0,0.0,0.0,0.0,0.0,0.0,0.0,0.0,0.03227838834033968,0.03227838834033968
2018/04/09 04:00:00,2018/04/09 05:00:00,2018/04/09 09:00:00,9.850526306548197,9.850526306548197,9.544604412383723,0.0,0.0,0.0,0.0278045810395689,0.005686409380447792,0.0,0.0006086418867900008,0.27182226185766784,0.0,0.0,0.0,0.0,0.0,0.0,0.0,0.0,0.0,0.0,0.0,0.0,0.0,0.0,0.0,0.0,0.0,0.0,0.0,0.0,0.0,0.0,0.0,0.0,0.0,0.03361136402970389,0.03361136402970389
2018/04/09 05:00:00,2018/04/09 06:00:00,2018/04/09 10:00:00,10.077341077628812,10.077341077628812,9.690418366754905,0.0,0.0,0.0,0.07380313982851767,0.015093730994548724,0.0,0.001615549689899291,0.2964102903609423,0.0,0.0,0.0,0.0,0.0,0.0,0.0,0.0,0.0,0.0,0.0,0.0,0.0,0.0,0.0,0.0,0.0,0.0,0.0,0.0,0.0,0.0,0.0,0.0,0.0,0.03438528753397764,0.03438528753397764
2018/04/09 06:00:00,2018/04/09 07:00:00,2018/04/09 11:00:00,10.214617556892184,10.214617556892184,9.639194109199053,0.0,0.0,0.0,0.17326939918692633,0.03543591379704412,0.0,0.003792864704345704,0.36292527000481567,0.0,0.0,0.0,0.0,0.0,0.0,0.0,0.0,0.0,0.0,0.0,0.0,0.0,0.0,0.0,0.0,0.0,0.0,0.0,0.0,0.0,0.0,0.0,0.0,0.0,0.03485369394939629,0.03485369394939629
2018/04/09 07:00:00,2018/04/09 08:00:00,2018/04/09 12:00:00,10.4443743452272,10.4443743452272,9.208561252073169,0.0,0.0,0.0,0.21926795797587528,0.044843235411145085,0.0,0.004799772507454998,0.4142946130207353,0.0,0.0,0.0,0.0,0.0,0.0,0.5526075142388196,0.0,0.0,0.0,0.0,0.0,0.0,0.0,0.0,0.0,0.0,0.0,0.0,0.0,0.0,0.0,0.0,0.0,0.0,0.03563765602519829,0.03563765602519829
2018/04/09 08:00:00,2018/04/09 09:00:00,2018/04/09 13:00:00,10.028491859557022,10.028491859557022,8.244862901980365,0.0,0.0,0.0,0.22459555084839308,0.04593279953881092,0.0,0.00491639344029206,0.41110751807627777,0.0,0.0,0.0,0.0,0.0,0.0,1.0970766956728817,0.0,0.0,0.0,0.0,0.0,0.0,0.0,0.0,0.0,0.0,0.0,0.0,0.0,0.0,0.0,0.0,0.0,0.0,0.034218607216593394,0.034218607216593394
2018/04/09 09:00:00,2018/04/09 10:00:00,2018/04/09 14:00:00,11.433407678192143,11.433407678192143,7.905677227375516,0.0,0.0,0.0,0.22267911815523408,0.04554086337448363,0.0,0.00487444275566889,1.9358151557003878,0.0,0.0,0.0,0.0,0.0,0.0,1.3188208708308526,0.0,0.0,0.0,0.0,0.0,0.0,0.0,0.0,0.0,0.0,0.0,0.0,0.0,0.0,0.0,0.0,0.0,0.0,0.039012375137383974,0.039012375137383974
2018/04/09 10:00:00,2018/04/09 11:00:00,2018/04/09 15:00:00,9.561212149787949,9.561212149787949,7.340013384990343,0.0,0.0,0.0,0.21616650243897678,0.04420894619696981,0.0,0.004731881689496374,0.6372705636413124,0.0,0.0,0.0,0.0,0.0,0.0,1.3188208708308526,0.0,0.0,0.0,0.0,0.0,0.0,0.0,0.0,0.0,0.0,0.0,0.0,0.0,0.0,0.0,0.0,0.0,0.0,0.03262418394011302,0.03262418394011302
2018/04/09 11:00:00,2018/04/09 12:00:00,2018/04/09 16:00:00,8.794015985220662,8.794015985220662,6.832608697070153,0.0,0.0,0.0,0.20714344994933365,0.04236361106157028,0.0,0.004534367197762577,0.3885449891109894,0.0,0.0,0.0,0.0,0.0,0.0,1.3188208708308526,0.0,0.0,0.0,0.0,0.0,0.0,0.0,0.0,0.0,0.0,0.0,0.0,0.0,0.0,0.0,0.0,0.0,0.0,0.030006404060440806,0.030006404060440806
2018/04/09 12:00:00,2018/04/09 13:00:00,2018/04/09 17:00:00,9.688251448488687,9.688251448488687,6.996769913381912,0.0,0.0,0.0,0.20063083423307632,0.041031693884056454,0.0,0.00439180613159006,1.1266063300271993,0.0,0.0,0.0,0.0,0.0,0.0,1.3188208708308526,0.0,0.0,0.0,0.0,0.0,0.0,0.0,0.0,0.0,0.0,0.0,0.0,0.0,0.0,0.0,0.0,0.0,0.0,0.0330576596734726,0.0330576596734726
2018/04/09 13:00:00,2018/04/09 14:00:00,2018/04/09 18:00:00,7.872285515780475,7.872285515780475,6.903558301580735,0.0,0.0,0.0,0.19871440153991735,0.04063975771972915,0.0,0.004349855446966891,0.30098653605402664,0.0,0.0,0.0,0.0,0.0,0.0,0.4240366634390988,0.0,0.0,0.0,0.0,0.0,0.0,0.0,0.0,0.0,0.0,0.0,0.0,0.0,0.0,0.0,0.0,0.0,0.0,0.026861331667199298,0.026861331667199298
2018/04/09 14:00:00,2018/04/09 15:00:00,2018/04/09 19:00:00,7.086261437613175,7.086261437613175,6.507750738200976,0.0,0.0,0.0,0.19854294757167282,0.04060469308588505,0.0,0.004346102322020269,0.33501695643262186,0.0,0.0,0.0,0.0,0.0,0.0,0.0,0.0,0.0,0.0,0.0,0.0,0.0,0.0,0.0,0.0,0.0,0.0,0.0,0.0,0.0,0.0,0.0,0.0,0.0,0.024179308331062313,0.024179308331062313
2018/04/09 15:00:00,2018/04/09 16:00:00,2018/04/09 20:00:00,7.184191255096126,7.184191255096126,6.1454428469591305,0.0,0.0,0.0,0.19874504032772614,0.040646023762369886,0.0,0.004350526129599885,0.3224545518650471,0.0,0.0,0.0,0.0,0.0,0.0,0.47255226605225287,0.0,0.0,0.0,0.0,0.0,0.0,0.0,0.0,0.0,0.0,0.0,0.0,0.0,0.0,0.0,0.0,0.0,0.0,0.024513458471100397,0.024513458471100397
2018/04/09 16:00:00,2018/04/09 17:00:00,2018/04/09 21:00:00,6.67865049091595,6.67865049091595,5.9970708034868805,0.0,0.0,0.0,0.2000346052934617,0.040909757076942034,0.0,0.0043787546885113325,0.4362565703701545,0.0,0.0,0.0,0.0,0.0,0.0,0.0,0.0,0.0,0.0,0.0,0.0,0.0,0.0,0.0,0.0,0.0,0.0,0.0,0.0,0.0,0.0,0.0,0.0,0.0,0.022788483162378147,0.022788483162378147
2018/04/09 17:00:00,2018/04/09 18:00:00,2018/04/09 22:00:00,7.525552989757789,7.525552989757789,6.434496023129146,0.0,0.0,0.0,0.20615620498723053,0.042161706238573175,0.0,0.004512756419466611,0.6097539234092758,0.0,0.0,0.0,0.0,0.0,0.0,0.22847237557409542,0.0,0.0,0.0,0.0,0.0,0.0,0.0,0.0,0.0,0.0,0.0,0.0,0.0,0.0,0.0,0.0,0.0,0.0,0.025678232126077304,0.025678232126077304
2018/04/09 18:00:00,2018/04/09 19:00:00,2018/04/09 23:00:00,8.512511693390865,8.512511693390865,7.413572548333092,0.0,0.0,0.0,0.2269852351728252,0.04642152200290495,0.0,0.004968703596448881,0.6320623621790874,0.0,0.0,0.0,0.0,0.0,0.0,0.18850132210650633,0.0,0.0,0.0,0.0,0.0,0.0,0.0,0.0,0.0,0.0,0.0,0.0,0.0,0.0,0.0,0.0,0.0,0.0,0.029045872314809554,0.029045872314809554
2018/04/09 19:00:00,2018/04/09 20:00:00,2018/04/10 00:00:00,10.229106429259174,10.229106429259174,8.085072454430083,0.0,0.0,0.0,0.2768619428797716,0.05662197703464995,0.0,0.006060504024674282,0.5779161635029116,0.0,0.0,0.0,0.0,0.0,0.0,1.2265733873870832,0.0,0.0,0.0,0.0,0.0,0.0,0.0,0.0,0.0,0.0,0.0,0.0,0.0,0.0,0.0,0.0,0.0,0.0,0.034903131994466326,0.034903131994466326
2018/04/09 20:00:00,2018/04/09 21:00:00,2018/04/10 01:00:00,10.090251733890867,10.090251733890867,8.5115399927945,0.0,0.0,0.0,0.35770190088743575,0.07315483163424277,0.0,0.007830089565265189,0.5683591774378781,0.0,0.0,0.0,0.0,0.0,0.0,0.5716657415715436,0.0,0.0,0.0,0.0,0.0,0.0,0.0,0.0,0.0,0.0,0.0,0.0,0.0,0.0,0.0,0.0,0.0,0.0,0.03442934048647804,0.03442934048647804
2018/04/09 21:00:00,2018/04/09 22:00:00,2018/04/10 02:00:00,10.146577073686402,10.146577073686402,8.777434684046678,0.0,0.0,0.0,0.43733330911324797,0.08944052160990244,0.0,0.009573219968177187,0.5406511362423495,0.0,0.0,0.0,0.0,0.0,0.0,0.2921442027060451,0.0,0.0,0.0,0.0,0.0,0.0,0.0,0.0,0.0,0.0,0.0,0.0,0.0,0.0,0.0,0.0,0.0,0.0,0.03462153036964255,0.03462153036964255
2018/04/09 22:00:00,2018/04/09 23:00:00,2018/04/10 03:00:00,10.672243505772334,10.672243505772334,9.543711566736665,0.0,0.0,0.0,0.3195641841693384,0.06535515755226234,0.0,0.0069952554842145935,0.4616883462206141,0.0,0.0,0.0,0.0,0.0,0.0,0.2749289956092393,0.0,0.0,0.0,0.0,0.0,0.0,0.0,0.0,0.0,0.0,0.0,0.0,0.0,0.0,0.0,0.0,0.0,0.0,0.03641517725278328,0.03641517725278328
2018/04/09 23:00:00,2018/04/10 00:00:00,2018/04/10 04:00:00,10.64436022659608,10.64436022659608,10.090675869233461,0.0,0.0,0.0,0.13094360677997474,0.026779722120023,0.0,0.002866353705536267,0.39309467475708215,0.0,0.0,0.0,0.0,0.0,0.0,0.0,0.0,0.0,0.0,0.0,0.0,0.0,0.0,0.0,0.0,0.0,0.0,0.0,0.0,0.0,0.0,0.0,0.0,0.0,0.03632003563115115,0.03632003563115115
2018/04/10 00:00:00,2018/04/10 01:00:00,2018/04/10 05:00:00,11.474443142515689,11.474443142515689,11.047400264398796,0.0,0.0,0.0,0.06501908921459039,0.013297274945155983,0.0,0.0014232669458539432,0.3473032470112933,0.0,0.0,0.0,0.0,0.0,0.0,0.0,0.0,0.0,0.0,0.0,0.0,0.0,0.0,0.0,0.0,0.0,0.0,0.0,0.0,0.0,0.0,0.0,0.0,0.0,0.03915239384162212,0.03915239384162212
2018/04/10 01:00:00,2018/04/10 02:00:00,2018/04/10 06:00:00,11.990028816332467,11.990028816332467,11.610497598462374,0.0,0.0,0.0,0.03901145352875434,0.00797836496709361,0.0,0.0008539601675123682,0.3316874392067341,0.0,0.0,0.0,0.0,0.0,0.0,0.0,0.0,0.0,0.0,0.0,0.0,0.0,0.0,0.0,0.0,0.0,0.0,0.0,0.0,0.0,0.0,0.0,0.0,0.0,0.040911643777296725,0.040911643777296725
2018/04/10 02:00:00,2018/04/10 03:00:00,2018/04/10 07:00:00,11.988836078500913,11.988836078500913,11.655726322877793,0.0,0.0,0.0,0.026007635685836212,0.005318909978062404,0.0,0.0005693067783415784,0.30121390318087937,0.0,0.0,0.0,0.0,0.0,0.0,0.0,0.0,0.0,0.0,0.0,0.0,0.0,0.0,0.0,0.0,0.0,0.0,0.0,0.0,0.0,0.0,0.0,0.0,0.0,0.040907573990140104,0.040907573990140104
2018/04/10 03:00:00,2018/04/10 04:00:00,2018/04/10 08:00:00,12.862387804053963,12.862387804053963,12.137030732245638,0.0,0.0,0.0,0.026007635685836212,0.005318909978062404,0.0,0.0005693067783415784,0.2883918910952979,0.0,0.0,0.0,0.0,0.0,0.0,0.4050693282707852,0.0,0.0,0.0,0.0,0.0,0.0,0.0,0.0,0.0,0.0,0.0,0.0,0.0,0.0,0.0,0.0,0.0,0.0,0.04388825381704655,0.04388825381704655
2018/04/10 04:00:00,2018/04/10 05:00:00,2018/04/10 09:00:00,12.372277907832162,12.372277907832162,12.06635601366769,0.0,0.0,0.0,0.0278045810395689,0.005686409380447792,0.0,0.0006086418867900008,0.27182226185766784,0.0,0.0,0.0,0.0,0.0,0.0,0.0,0.0,0.0,0.0,0.0,0.0,0.0,0.0,0.0,0.0,0.0,0.0,0.0,0.0,0.0,0.0,0.0,0.0,0.0,0.04221593077319857,0.04221593077319857
2018/04/10 05:00:00,2018/04/10 06:00:00,2018/04/10 10:00:00,12.32775848397525,12.32775848397525,11.940835773101343,0.0,0.0,0.0,0.07380313982851767,0.015093730994548724,0.0,0.001615549689899291,0.2964102903609423,0.0,0.0,0.0,0.0,0.0,0.0,0.0,0.0,0.0,0.0,0.0,0.0,0.0,0.0,0.0,0.0,0.0,0.0,0.0,0.0,0.0,0.0,0.0,0.0,0.0,0.042064024315098696,0.042064024315098696
2018/04/10 06:00:00,2018/04/10 07:00:00,2018/04/10 11:00:00,12.716034842024866,12.716034842024866,12.140611394331735,0.0,0.0,0.0,0.17326939918692633,0.03543591379704412,0.0,0.003792864704345704,0.36292527000481567,0.0,0.0,0.0,0.0,0.0,0.0,0.0,0.0,0.0,0.0,0.0,0.0,0.0,0.0,0.0,0.0,0.0,0.0,0.0,0.0,0.0,0.0,0.0,0.0,0.0,0.04338887718167679,0.04338887718167679
2018/04/10 07:00:00,2018/04/10 08:00:00,2018/04/10 12:00:00,12.793024383331701,12.793024383331701,11.224745364018723,0.0,0.0,0.0,0.21926795797587528,0.044843235411145085,0.0,0.004799772507454998,0.5123519768364941,0.0,0.0,0.0,0.0,0.0,0.0,0.7870160765820097,0.0,0.0,0.0,0.0,0.0,0.0,0.0,0.0,0.0,0.0,0.0,0.0,0.0,0.0,0.0,0.0,0.0,0.0,0.043651576190726064,0.043651576190726064
2018/04/10 08:00:00,2018/04/10 09:00:00,2018/04/10 13:00:00,13.692903520059504,13.692903520059504,9.550176779762246,0.0,0.0,0.0,0.22459555084839308,0.04593279953881092,0.0,0.00491639344029206,2.5484611256389074,0.0,0.0,0.0,0.0,0.0,0.0,1.3188208708308526,0.0,0.0,0.0,0.0,0.0,0.0,0.0,0.0,0.0,0.0,0.0,0.0,0.0,0.0,0.0,0.0,0.0,0.0,0.04672208880152814,0.04672208880152814
2018/04/10 09:00:00,2018/04/10 10:00:00,2018/04/10 14:00:00,10.86413632631409,10.86413632631409,9.001947954841896,0.0,0.0,0.0,0.22267911815523408,0.04554086337448363,0.0,0.00487444275566889,0.2702730763559569,0.0,0.0,0.0,0.0,0.0,0.0,1.3188208708308526,0.0,0.0,0.0,0.0,0.0,0.0,0.0,0.0,0.0,0.0,0.0,0.0,0.0,0.0,0.0,0.0,0.0,0.0,0.03706994221104019,0.03706994221104019
2018/04/10 10:00:00,2018/04/10 11:00:00,2018/04/10 15:00:00,10.235511934049784,10.235511934049784,8.384430669229785,0.0,0.0,0.0,0.21616650243897678,0.04420894619696981,0.0,0.004731881689496374,0.2671530636637028,0.0,0.0,0.0,0.0,0.0,0.0,1.3188208708308526,0.0,0.0,0.0,0.0,0.0,0.0,0.0,0.0,0.0,0.0,0.0,0.0,0.0,0.0,0.0,0.0,0.0,0.0,0.03492498846655839,0.03492498846655839
2018/04/10 11:00:00,2018/04/10 12:00:00,2018/04/10 16:00:00,9.56949123549202,9.56949123549202,7.7122871091207355,0.0,0.0,0.0,0.20714344994933365,0.04236361106157028,0.0,0.004534367197762577,0.2843418273317665,0.0,0.0,0.0,0.0,0.0,0.0,1.3188208708308526,0.0,0.0,0.0,0.0,0.0,0.0,0.0,0.0,0.0,0.0,0.0,0.0,0.0,0.0,0.0,0.0,0.0,0.0,0.032652433330528606,0.032652433330528606
2018/04/10 12:00:00,2018/04/10 13:00:00,2018/04/10 17:00:00,8.415751782388734,8.415751782388734,6.9829094704083605,0.0,0.0,0.0,0.20063083423307632,0.041031693884056454,0.0,0.00439180613159006,0.2902347457587424,0.0,0.0,0.0,0.0,0.0,0.0,0.8965532319729067,0.0,0.0,0.0,0.0,0.0,0.0,0.0,0.0,0.0,0.0,0.0,0.0,0.0,0.0,0.0,0.0,0.0,0.0,0.02871571405818803,0.02871571405818803
2018/04/10 13:00:00,2018/04/10 14:00:00,2018/04/10 18:00:00,7.054593776563311,7.054593776563311,6.50990322580267,0.0,0.0,0.0,0.19871440153991735,0.04063975771972915,0.0,0.004349855446966891,0.30098653605402664,0.0,0.0,0.0,0.0,0.0,0.0,0.0,0.0,0.0,0.0,0.0,0.0,0.0,0.0,0.0,0.0,0.0,0.0,0.0,0.0,0.0,0.0,0.0,0.0,0.0,0.02407125387281385,0.02407125387281385
2018/04/10 14:00:00,2018/04/10 15:00:00,2018/04/10 19:00:00,6.665730465647572,6.665730465647572,6.087219766235371,0.0,0.0,0.0,0.19854294757167282,0.04060469308588505,0.0,0.004346102322020269,0.33501695643262186,0.0,0.0,0.0,0.0,0.0,0.0,0.0,0.0,0.0,0.0,0.0,0.0,0.0,0.0,0.0,0.0,0.0,0.0,0.0,0.0,0.0,0.0,0.0,0.0,0.0,0.022744398241526787,0.022744398241526787
2018/04/10 15:00:00,2018/04/10 16:00:00,2018/04/10 20:00:00,6.302816759576144,6.302816759576144,5.7366206174914005,0.0,0.0,0.0,0.19874504032772614,0.040646023762369886,0.0,0.004350526129599885,0.3224545518650471,0.0,0.0,0.0,0.0,0.0,0.0,0.0,0.0,0.0,0.0,0.0,0.0,0.0,0.0,0.0,0.0,0.0,0.0,0.0,0.0,0.0,0.0,0.0,0.0,0.0,0.021506086266457294,0.021506086266457294
2018/04/10 16:00:00,2018/04/10 17:00:00,2018/04/10 21:00:00,6.559214366070369,6.559214366070369,5.877634678641299,0.0,0.0,0.0,0.2000346052934617,0.040909757076942034,0.0,0.0043787546885113325,0.4362565703701545,0.0,0.0,0.0,0.0,0.0,0.0,0.0,0.0,0.0,0.0,0.0,0.0,0.0,0.0,0.0,0.0,0.0,0.0,0.0,0.0,0.0,0.0,0.0,0.0,0.0,0.02238095051431919,0.02238095051431919
2018/04/10 17:00:00,2018/04/10 18:00:00,2018/04/10 22:00:00,7.087305208896032,7.087305208896032,6.224720617841485,0.0,0.0,0.0,0.20615620498723053,0.042161706238573175,0.0,0.004512756419466611,0.6097539234092758,0.0,0.0,0.0,0.0,0.0,0.0,0.0,0.0,0.0,0.0,0.0,0.0,0.0,0.0,0.0,0.0,0.0,0.0,0.0,0.0,0.0,0.0,0.0,0.0,0.0,0.024182869823662814,0.024182869823662814
2018/04/10 18:00:00,2018/04/10 19:00:00,2018/04/10 23:00:00,7.567260497364647,7.567260497364647,6.65682267441338,0.0,0.0,0.0,0.2269852351728252,0.04642152200290495,0.0,0.004968703596448881,0.6320623621790874,0.0,0.0,0.0,0.0,0.0,0.0,0.0,0.0,0.0,0.0,0.0,0.0,0.0,0.0,0.0,0.0,0.0,0.0,0.0,0.0,0.0,0.0,0.0,0.0,0.0,0.025820543935347218,0.025820543935347218
2018/04/10 19:00:00,2018/04/10 20:00:00,2018/04/11 00:00:00,9.397829272745241,9.397829272745241,6.877496526702458,0.0,0.0,0.0,0.2768619428797716,0.05662197703464995,0.0,0.006060504024674282,0.9123782177910595,0.0,0.0,0.0,0.0,0.0,0.0,1.2684101043126261,0.0,0.0,0.0,0.0,0.0,0.0,0.0,0.0,0.0,0.0,0.0,0.0,0.0,0.0,0.0,0.0,0.0,0.0,0.03206669886920343,0.03206669886920343
2018/04/10 20:00:00,2018/04/10 21:00:00,2018/04/11 01:00:00,17.071885048751444,17.071885048751444,7.052944372260569,0.0,0.0,0.0,0.35770190088743575,0.07315483163424277,0.0,0.007830089565265189,8.261432983573076,0.0,0.0,0.0,0.0,0.0,0.0,1.3188208708308526,0.0,0.0,0.0,0.0,0.0,0.0,0.0,0.0,0.0,0.0,0.0,0.0,0.0,0.0,0.0,0.0,0.0,0.0,0.05825164312950474,0.05825164312950474
2018/04/10 21:00:00,2018/04/10 22:00:00,2018/04/11 02:00:00,13.151596527733199,13.151596527733199,7.220635047913464,0.0,0.0,0.0,0.43733330911324797,0.08944052160990244,0.0,0.009573219968177187,4.075793558297555,0.0,0.0,0.0,0.0,0.0,0.0,1.3188208708308526,0.0,0.0,0.0,0.0,0.0,0.0,0.0,0.0,0.0,0.0,0.0,0.0,0.0,0.0,0.0,0.0,0.0,0.0,0.04487507415432,0.04487507415432
2018/04/10 22:00:00,2018/04/10 23:00:00,2018/04/11 03:00:00,11.439414456610839,11.439414456610839,7.465797047383994,0.0,0.0,0.0,0.3195641841693384,0.06535515755226234,0.0,0.0069952554842145935,2.262881941190178,0.0,0.0,0.0,0.0,0.0,0.0,1.3188208708308526,0.0,0.0,0.0,0.0,0.0,0.0,0.0,0.0,0.0,0.0,0.0,0.0,0.0,0.0,0.0,0.0,0.0,0.0,0.03903287109971062,0.03903287109971062
2018/04/10 23:00:00,2018/04/11 00:00:00,2018/04/11 04:00:00,10.38690265818573,10.38690265818573,8.468536713563914,0.0,0.0,0.0,0.13094360677997474,0.026779722120023,0.0,0.002866353705536267,0.4389553911854312,0.0,0.0,0.0,0.0,0.0,0.0,1.3188208708308526,0.0,0.0,0.0,0.0,0.0,0.0,0.0,0.0,0.0,0.0,0.0,0.0,0.0,0.0,0.0,0.0,0.0,0.0,0.0354415546459991,0.0354415546459991
2018/04/11 00:00:00,2018/04/11 01:00:00,2018/04/11 05:00:00,11.118752866870855,11.118752866870855,9.37288911792311,0.0,0.0,0.0,0.06501908921459039,0.013297274945155983,0.0,0.0014232669458539432,0.3473032470112933,0.0,0.0,0.0,0.0,0.0,0.0,1.3188208708308526,0.0,0.0,0.0,0.0,0.0,0.0,0.0,0.0,0.0,0.0,0.0,0.0,0.0,0.0,0.0,0.0,0.0,0.0,0.03793872921452733,0.03793872921452733
2018/04/11 01:00:00,2018/04/11 02:00:00,2018/04/11 06:00:00,12.39294454706818,12.39294454706818,10.611545539066821,0.0,0.0,0.0,0.03901145352875434,0.00797836496709361,0.0,0.0008539601675123682,0.4147343585071445,0.0,0.0,0.0,0.0,0.0,0.0,1.3188208708308526,0.0,0.0,0.0,0.0,0.0,0.0,0.0,0.0,0.0,0.0,0.0,0.0,0.0,0.0,0.0,0.0,0.0,0.0,0.042286448216938666,0.042286448216938666
2018/04/11 02:00:00,2018/04/11 03:00:00,2018/04/11 07:00:00,13.106113767368784,13.106113767368784,9.511590683048812,0.0,0.0,0.0,0.026007635685836212,0.005318909978062404,0.0,0.0005693067783415784,2.243806361046877,0.0,0.0,0.0,0.0,0.0,0.0,1.3188208708308526,0.0,0.0,0.0,0.0,0.0,0.0,0.0,0.0,0.0,0.0,0.0,0.0,0.0,0.0,0.0,0.0,0.0,0.0,0.044719880658245795,0.044719880658245795
2018/04/11 03:00:00,2018/04/11 04:00:00,2018/04/11 08:00:00,12.882887943483066,12.882887943483066,9.654927539071068,0.0,0.0,0.0,0.026007635685836212,0.005318909978062404,0.0,0.0005693067783415784,1.951958841870368,0.0,0.0,0.0,0.0,0.0,0.0,1.2441057100993884,0.0,0.0,0.0,0.0,0.0,0.0,0.0,0.0,0.0,0.0,0.0,0.0,0.0,0.0,0.0,0.0,0.0,0.0,0.04395820314031807,0.04395820314031807
2018/04/11 04:00:00,2018/04/11 05:00:00,2018/04/11 09:00:00,11.98838363042946,11.98838363042946,9.987671515753906,0.0,0.0,0.0,0.0278045810395689,0.005686409380447792,0.0,0.0006086418867900008,1.9666124823687468,0.0,0.0,0.0,0.0,0.0,0.0,0.0,0.0,0.0,0.0,0.0,0.0,0.0,0.0,0.0,0.0,0.0,0.0,0.0,0.0,0.0,0.0,0.0,0.0,0.0,0.04090603017447372,0.04090603017447372
2018/04/11 05:00:00,2018/04/11 06:00:00,2018/04/11 10:00:00,10.583753806107282,10.583753806107282,10.196831095233374,0.0,0.0,0.0,0.07380313982851767,0.015093730994548724,0.0,0.001615549689899291,0.2964102903609423,0.0,0.0,0.0,0.0,0.0,0.0,0.0,0.0,0.0,0.0,0.0,0.0,0.0,0.0,0.0,0.0,0.0,0.0,0.0,0.0,0.0,0.0,0.0,0.0,0.0,0.03611323810600448,0.03611323810600448
2018/04/11 06:00:00,2018/04/11 07:00:00,2018/04/11 11:00:00,10.711421958609995,10.711421958609995,10.135998510916862,0.0,0.0,0.0,0.17326939918692633,0.03543591379704412,0.0,0.003792864704345704,0.36292527000481567,0.0,0.0,0.0,0.0,0.0,0.0,0.0,0.0,0.0,0.0,0.0,0.0,0.0,0.0,0.0,0.0,0.0,0.0,0.0,0.0,0.0,0.0,0.0,0.0,0.0,0.03654885957588634,0.03654885957588634
2018/04/11 07:00:00,2018/04/11 08:00:00,2018/04/11 12:00:00,10.346947746159492,10.346947746159492,9.663742167244282,0.0,0.0,0.0,0.21926795797587528,0.044843235411145085,0.0,0.004799772507454998,0.4142946130207353,0.0,0.0,0.0,0.0,0.0,0.0,0.0,0.0,0.0,0.0,0.0,0.0,0.0,0.0,0.0,0.0,0.0,0.0,0.0,0.0,0.0,0.0,0.0,0.0,0.0,0.03530522293629178,0.03530522293629178
2018/04/11 08:00:00,2018/04/11 09:00:00,2018/04/11 13:00:00,9.0817102112645,9.0817102112645,8.468318171986471,0.0,0.0,0.0,0.22459555084839308,0.04593279953881092,0.0,0.00491639344029206,0.337947295450533,0.0,0.0,0.0,0.0,0.0,0.0,0.0,0.0,0.0,0.0,0.0,0.0,0.0,0.0,0.0,0.0,0.0,0.0,0.0,0.0,0.0,0.0,0.0,0.0,0.0,0.03098805672141338,0.03098805672141338
2018/04/11 09:00:00,2018/04/11 10:00:00,2018/04/11 14:00:00,7.688552560127042,7.688552560127042,7.1451850594857,0.0,0.0,0.0,0.22267911815523408,0.04554086337448363,0.0,0.00487444275566889,0.2702730763559569,0.0,0.0,0.0,0.0,0.0,0.0,0.0,0.0,0.0,0.0,0.0,0.0,0.0,0.0,0.0,0.0,0.0,0.0,0.0,0.0,0.0,0.0,0.0,0.0,0.0,0.026234409301374464,0.026234409301374464
2018/04/11 10:00:00,2018/04/11 11:00:00,2018/04/11 15:00:00,6.728140735254776,6.728140735254776,6.195880341265632,0.0,0.0,0.0,0.21616650243897678,0.04420894619696981,0.0,0.004731881689496374,0.2671530636637028,0.0,0.0,0.0,0.0,0.0,0.0,0.0,0.0,0.0,0.0,0.0,0.0,0.0,0.0,0.0,0.0,0.0,0.0,0.0,0.0,0.0,0.0,0.0,0.0,0.0,0.022957350750426264,0.022957350750426264
2018/04/11 11:00:00,2018/04/11 12:00:00,2018/04/11 16:00:00,6.485267479921696,6.485267479921696,5.510272096941008,0.0,0.0,0.0,0.20714344994933365,0.04236361106157028,0.0,0.004534367197762577,0.2843418273317665,0.0,0.0,0.0,0.0,0.0,0.0,0.43661212744025524,0.0,0.0,0.0,0.0,0.0,0.0,0.0,0.0,0.0,0.0,0.0,0.0,0.0,0.0,0.0,0.0,0.0,0.0,0.02212863346730477,0.02212863346730477
2018/04/11 12:00:00,2018/04/11 13:00:00,2018/04/11 17:00:00,7.7102301320966244,7.7102301320966244,5.8551201812583065,0.0,0.0,0.0,0.20063083423307632,0.041031693884056454,0.0,0.00439180613159006,0.2902347457587424,0.0,0.0,0.0,0.0,0.0,0.0,1.3188208708308526,0.0,0.0,0.0,0.0,0.0,0.0,0.0,0.0,0.0,0.0,0.0,0.0,0.0,0.0,0.0,0.0,0.0,0.0,0.026308376188023494,0.026308376188023494
2018/04/11 13:00:00,2018/04/11 14:00:00,2018/04/11 18:00:00,7.04134385836306,7.04134385836306,5.508906643471145,0.0,0.0,0.0,0.19871440153991735,0.04063975771972915,0.0,0.004349855446966891,0.30098653605402664,0.0,0.0,0.0,0.0,0.0,0.0,0.9877466641312743,0.0,0.0,0.0,0.0,0.0,0.0,0.0,0.0,0.0,0.0,0.0,0.0,0.0,0.0,0.0,0.0,0.0,0.0,0.024026043311455685,0.024026043311455685
2018/04/11 14:00:00,2018/04/11 15:00:00,2018/04/11 19:00:00,5.782499976653119,5.782499976653119,5.203989277240919,0.0,0.0,0.0,0.19854294757167282,0.04060469308588505,0.0,0.004346102322020269,0.33501695643262186,0.0,0.0,0.0,0.0,0.0,0.0,0.0,0.0,0.0,0.0,0.0,0.0,0.0,0.0,0.0,0.0,0.0,0.0,0.0,0.0,0.0,0.0,0.0,0.0,0.0,0.019730693129344955,0.019730693129344955
2018/04/11 15:00:00,2018/04/11 16:00:00,2018/04/11 20:00:00,5.203838863295843,5.203838863295843,4.550875267093426,0.0,0.0,0.0,0.19874504032772614,0.040646023762369886,0.0,0.004350526129599885,0.4092220059827198,0.0,0.0,0.0,0.0,0.0,0.0,0.0,0.0,0.0,0.0,0.0,0.0,0.0,0.0,0.0,0.0,0.0,0.0,0.0,0.0,0.0,0.0,0.0,0.0,0.0,0.017756221032564103,0.017756221032564103
2018/04/11 16:00:00,2018/04/11 17:00:00,2018/04/11 21:00:00,7.013886998824224,7.013886998824224,3.5987964363242444,0.0,0.0,0.0,0.2000346052934617,0.040909757076942034,0.0,0.0043787546885113325,2.541707192293042,0.0,0.0,0.0,0.0,0.0,0.0,0.6280602531480222,0.0,0.0,0.0,0.0,0.0,0.0,0.0,0.0,0.0,0.0,0.0,0.0,0.0,0.0,0.0,0.0,0.0,0.0,0.023932356692857572,0.023932356692857572
2018/04/11 17:00:00,2018/04/11 18:00:00,2018/04/11 22:00:00,7.625160031880962,7.625160031880962,3.24903780182101,0.0,0.0,0.0,0.20615620498723053,0.042161706238573175,0.0,0.004512756419466611,3.9787251636729737,0.0,0.0,0.0,0.0,0.0,0.0,0.14456639874170793,0.0,0.0,0.0,0.0,0.0,0.0,0.0,0.0,0.0,0.0,0.0,0.0,0.0,0.0,0.0,0.0,0.0,0.0,0.026018105189560065,0.026018105189560065
2018/04/11 18:00:00,2018/04/11 19:00:00,2018/04/11 23:00:00,4.869305592976087,4.869305592976087,3.9588677700248205,0.0,0.0,0.0,0.2269852351728252,0.04642152200290495,0.0,0.004968703596448881,0.6320623621790874,0.0,0.0,0.0,0.0,0.0,0.0,0.0,0.0,0.0,0.0,0.0,0.0,0.0,0.0,0.0,0.0,0.0,0.0,0.0,0.0,0.0,0.0,0.0,0.0,0.0,0.01661474704641881,0.01661474704641881
2018/04/11 19:00:00,2018/04/11 20:00:00,2018/04/12 00:00:00,5.329161529293533,5.329161529293533,4.406428156836863,0.0,0.0,0.0,0.2768619428797716,0.05662197703464995,0.0,0.006060504024674282,0.5831889485175733,0.0,0.0,0.0,0.0,0.0,0.0,0.0,0.0,0.0,0.0,0.0,0.0,0.0,0.0,0.0,0.0,0.0,0.0,0.0,0.0,0.0,0.0,0.0,0.0,0.0,0.018183839376694735,0.018183839376694735
2018/04/11 20:00:00,2018/04/11 21:00:00,2018/04/12 01:00:00,6.276473952268707,6.276473952268707,5.150563201082611,0.0,0.0,0.0,0.35770190088743575,0.07315483163424277,0.0,0.007830089565265189,0.6872239290991515,0.0,0.0,0.0,0.0,0.0,0.0,0.0,0.0,0.0,0.0,0.0,0.0,0.0,0.0,0.0,0.0,0.0,0.0,0.0,0.0,0.0,0.0,0.0,0.0,0.0,0.021416200948818374,0.021416200948818374
2018/04/11 21:00:00,2018/04/11 22:00:00,2018/04/12 02:00:00,6.86581628063375,6.86581628063375,5.788818093700072,0.0,0.0,0.0,0.43733330911324797,0.08944052160990244,0.0,0.009573219968177187,0.5406511362423495,0.0,0.0,0.0,0.0,0.0,0.0,0.0,0.0,0.0,0.0,0.0,0.0,0.0,0.0,0.0,0.0,0.0,0.0,0.0,0.0,0.0,0.0,0.0,0.0,0.0,0.023427118834862985,0.023427118834862985
2018/04/11 22:00:00,2018/04/11 23:00:00,2018/04/12 03:00:00,7.22959623304279,7.22959623304279,6.3759932896163605,0.0,0.0,0.0,0.3195641841693384,0.06535515755226234,0.0,0.0069952554842145935,0.4616883462206141,0.0,0.0,0.0,0.0,0.0,0.0,0.0,0.0,0.0,0.0,0.0,0.0,0.0,0.0,0.0,0.0,0.0,0.0,0.0,0.0,0.0,0.0,0.0,0.0,0.0,0.024668386562760995,0.024668386562760995
2018/04/11 23:00:00,2018/04/12 00:00:00,2018/04/12 04:00:00,7.518125298405091,7.518125298405091,6.964440941042475,0.0,0.0,0.0,0.13094360677997474,0.026779722120023,0.0,0.002866353705536267,0.39309467475708215,0.0,0.0,0.0,0.0,0.0,0.0,0.0,0.0,0.0,0.0,0.0,0.0,0.0,0.0,0.0,0.0,0.0,0.0,0.0,0.0,0.0,0.0,0.0,0.0,0.0,0.02565288781145019,0.02565288781145019
2018/04/12 00:00:00,2018/04/12 01:00:00,2018/04/12 05:00:00,9.897422803475138,9.897422803475138,8.436538671807018,0.0,0.0,0.0,0.06501908921459039,0.013297274945155983,0.0,0.0014232669458539432,1.381144500562518,0.0,0.0,0.0,0.0,0.0,0.0,0.0,0.0,0.0,0.0,0.0,0.0,0.0,0.0,0.0,0.0,0.0,0.0,0.0,0.0,0.0,0.0,0.0,0.0,0.0,0.03377138139130227,0.03377138139130227
2018/04/12 01:00:00,2018/04/12 02:00:00,2018/04/12 06:00:00,8.940416742250605,8.940416742250605,8.15596519584869,0.0,0.0,0.0,0.03901145352875434,0.00797836496709361,0.0,0.0008539601675123682,0.3316874392067341,0.0,0.0,0.0,0.0,0.0,0.0,0.40492032853182003,0.0,0.0,0.0,0.0,0.0,0.0,0.0,0.0,0.0,0.0,0.0,0.0,0.0,0.0,0.0,0.0,0.0,0.0,0.03050594377899235,0.03050594377899235
2018/04/12 02:00:00,2018/04/12 03:00:00,2018/04/12 07:00:00,8.26464209914569,8.26464209914569,7.93153234352257,0.0,0.0,0.0,0.026007635685836212,0.005318909978062404,0.0,0.0005693067783415784,0.30121390318087937,0.0,0.0,0.0,0.0,0.0,0.0,0.0,0.0,0.0,0.0,0.0,0.0,0.0,0.0,0.0,0.0,0.0,0.0,0.0,0.0,0.0,0.0,0.0,0.0,0.0,0.02820010682931145,0.02820010682931145
2018/04/12 03:00:00,2018/04/12 04:00:00,2018/04/12 08:00:00,8.28156225875715,8.28156225875715,7.961274515219613,0.0,0.0,0.0,0.026007635685836212,0.005318909978062404,0.0,0.0005693067783415784,0.2883918910952979,0.0,0.0,0.0,0.0,0.0,0.0,0.0,0.0,0.0,0.0,0.0,0.0,0.0,0.0,0.0,0.0,0.0,0.0,0.0,0.0,0.0,0.0,0.0,0.0,0.0,0.028257840764173738,0.028257840764173738
2018/04/12 04:00:00,2018/04/12 05:00:00,2018/04/12 09:00:00,8.24145816846866,8.24145816846866,7.935536274304185,0.0,0.0,0.0,0.0278045810395689,0.005686409380447792,0.0,0.0006086418867900008,0.27182226185766784,0.0,0.0,0.0,0.0,0.0,0.0,0.0,0.0,0.0,0.0,0.0,0.0,0.0,0.0,0.0,0.0,0.0,0.0,0.0,0.0,0.0,0.0,0.0,0.0,0.0,0.028121000037514235,0.028121000037514235
2018/04/12 05:00:00,2018/04/12 06:00:00,2018/04/12 10:00:00,8.19900397831366,8.19900397831366,7.812081267439753,0.0,0.0,0.0,0.07380313982851767,0.015093730994548724,0.0,0.001615549689899291,0.2964102903609423,0.0,0.0,0.0,0.0,0.0,0.0,0.0,0.0,0.0,0.0,0.0,0.0,0.0,0.0,0.0,0.0,0.0,0.0,0.0,0.0,0.0,0.0,0.0,0.0,0.0,0.02797614044367331,0.02797614044367331
2018/04/12 06:00:00,2018/04/12 07:00:00,2018/04/12 11:00:00,8.179329583234619,8.179329583234619,7.603906135541488,0.0,0.0,0.0,0.17326939918692633,0.03543591379704412,0.0,0.003792864704345704,0.36292527000481567,0.0,0.0,0.0,0.0,0.0,0.0,0.0,0.0,0.0,0.0,0.0,0.0,0.0,0.0,0.0,0.0,0.0,0.0,0.0,0.0,0.0,0.0,0.0,0.0,0.0,0.027909008674822922,0.027909008674822922
2018/04/12 07:00:00,2018/04/12 08:00:00,2018/04/12 12:00:00,8.17588178299146,8.17588178299146,7.075947344274764,0.0,0.0,0.0,0.21926795797587528,0.044843235411145085,0.0,0.004799772507454998,0.4142946130207353,0.0,0.0,0.0,0.0,0.0,0.0,0.4167288598014878,0.0,0.0,0.0,0.0,0.0,0.0,0.0,0.0,0.0,0.0,0.0,0.0,0.0,0.0,0.0,0.0,0.0,0.0,0.027897244301482032,0.027897244301482032
2018/04/12 08:00:00,2018/04/12 09:00:00,2018/04/12 13:00:00,9.463440760327632,9.463440760327632,7.531227850218749,0.0,0.0,0.0,0.22459555084839308,0.04593279953881092,0.0,0.00491639344029206,0.337947295450533,0.0,0.0,0.0,0.0,0.0,0.0,1.3188208708308526,0.0,0.0,0.0,0.0,0.0,0.0,0.0,0.0,0.0,0.0,0.0,0.0,0.0,0.0,0.0,0.0,0.0,0.0,0.032290574378494356,0.032290574378494356
2018/04/12 09:00:00,2018/04/12 10:00:00,2018/04/12 14:00:00,9.175120027828871,9.175120027828871,7.3129316563566755,0.0,0.0,0.0,0.22267911815523408,0.04554086337448363,0.0,0.00487444275566889,0.2702730763559569,0.0,0.0,0.0,0.0,0.0,0.0,1.3188208708308526,0.0,0.0,0.0,0.0,0.0,0.0,0.0,0.0,0.0,0.0,0.0,0.0,0.0,0.0,0.0,0.0,0.0,0.0,0.0313067839904737,0.0313067839904737
2018/04/12 10:00:00,2018/04/12 11:00:00,2018/04/12 15:00:00,9.522428283308743,9.522428283308743,7.671347018488745,0.0,0.0,0.0,0.21616650243897678,0.04420894619696981,0.0,0.004731881689496374,0.2671530636637028,0.0,0.0,0.0,0.0,0.0,0.0,1.3188208708308526,0.0,0.0,0.0,0.0,0.0,0.0,0.0,0.0,0.0,0.0,0.0,0.0,0.0,0.0,0.0,0.0,0.0,0.0,0.0324918480004744,0.0324918480004744
2018/04/12 11:00:00,2018/04/12 12:00:00,2018/04/12 16:00:00,8.244326612730688,8.244326612730688,7.625002369253561,0.0,0.0,0.0,0.20714344994933365,0.04236361106157028,0.0,0.004534367197762577,0.2843418273317665,0.0,0.0,0.0,0.0,0.0,0.0,0.08094098793669552,0.0,0.0,0.0,0.0,0.0,0.0,0.0,0.0,0.0,0.0,0.0,0.0,0.0,0.0,0.0,0.0,0.0,0.0,0.028130787567772993,0.028130787567772993
2018/04/12 12:00:00,2018/04/12 13:00:00,2018/04/12 17:00:00,7.873836963719904,7.873836963719904,7.337547883712438,0.0,0.0,0.0,0.20063083423307632,0.041031693884056454,0.0,0.00439180613159006,0.2902347457587424,0.0,0.0,0.0,0.0,0.0,0.0,0.0,0.0,0.0,0.0,0.0,0.0,0.0,0.0,0.0,0.0,0.0,0.0,0.0,0.0,0.0,0.0,0.0,0.0,0.0,0.02686662542307005,0.02686662542307005
2018/04/12 13:00:00,2018/04/12 14:00:00,2018/04/12 18:00:00,7.800395044055304,7.800395044055304,7.255704493294664,0.0,0.0,0.0,0.19871440153991735,0.04063975771972915,0.0,0.004349855446966891,0.30098653605402664,0.0,0.0,0.0,0.0,0.0,0.0,0.0,0.0,0.0,0.0,0.0,0.0,0.0,0.0,0.0,0.0,0.0,0.0,0.0,0.0,0.0,0.0,0.0,0.0,0.0,0.026616031391840857,0.026616031391840857
2018/04/12 14:00:00,2018/04/12 15:00:00,2018/04/12 19:00:00,7.153631565663641,7.153631565663641,6.52772937197936,0.0,0.0,0.0,0.19854294757167282,0.04060469308588505,0.0,0.004346102322020269,0.3824084507047026,0.0,0.0,0.0,0.0,0.0,0.0,0.0,0.0,0.0,0.0,0.0,0.0,0.0,0.0,0.0,0.0,0.0,0.0,0.0,0.0,0.0,0.0,0.0,0.0,0.0,0.02440918456591148,0.02440918456591148
2018/04/12 15:00:00,2018/04/12 16:00:00,2018/04/12 20:00:00,8.170987499801015,8.170987499801015,6.115910751790377,0.0,0.0,0.0,0.19874504032772614,0.040646023762369886,0.0,0.004350526129599885,1.4063888265751139,0.0,0.0,0.0,0.0,0.0,0.0,0.40494633121582857,0.0,0.0,0.0,0.0,0.0,0.0,0.0,0.0,0.0,0.0,0.0,0.0,0.0,0.0,0.0,0.0,0.0,0.0,0.027880544327403573,0.027880544327403573
2018/04/12 16:00:00,2018/04/12 17:00:00,2018/04/12 21:00:00,6.8692172926816175,6.8692172926816175,5.836313086896773,0.0,0.0,0.0,0.2000346052934617,0.040909757076942034,0.0,0.0043787546885113325,0.78758108872593,0.0,0.0,0.0,0.0,0.0,0.0,0.0,0.0,0.0,0.0,0.0,0.0,0.0,0.0,0.0,0.0,0.0,0.0,0.0,0.0,0.0,0.0,0.0,0.0,0.0,0.023438723560382506,0.023438723560382506
2018/04/12 17:00:00,2018/04/12 18:00:00,2018/04/12 22:00:00,6.367949728095667,6.367949728095667,5.505365137041121,0.0,0.0,0.0,0.20615620498723053,0.042161706238573175,0.0,0.004512756419466611,0.6097539234092758,0.0,0.0,0.0,0.0,0.0,0.0,0.0,0.0,0.0,0.0,0.0,0.0,0.0,0.0,0.0,0.0,0.0,0.0,0.0,0.0,0.0,0.0,0.0,0.0,0.0,0.02172832900223778,0.02172832900223778
2018/04/12 18:00:00,2018/04/12 19:00:00,2018/04/12 23:00:00,6.411209118699509,6.411209118699509,5.01464197662199,0.0,0.0,0.0,0.2269852351728252,0.04642152200290495,0.0,0.004968703596448881,0.6320623621790874,0.0,0.0,0.0,0.0,0.0,0.0,0.48612931912625307,0.0,0.0,0.0,0.0,0.0,0.0,0.0,0.0,0.0,0.0,0.0,0.0,0.0,0.0,0.0,0.0,0.0,0.0,0.02187593605185525,0.02187593605185525
2018/04/12 19:00:00,2018/04/12 20:00:00,2018/04/13 00:00:00,7.2891861145864425,7.2891861145864425,5.052904656313581,0.0,0.0,0.0,0.2768619428797716,0.05662197703464995,0.0,0.006060504024674282,0.5779161635029116,0.0,0.0,0.0,0.0,0.0,0.0,1.3188208708308526,0.0,0.0,0.0,0.0,0.0,0.0,0.0,0.0,0.0,0.0,0.0,0.0,0.0,0.0,0.0,0.0,0.0,0.0,0.024871715515826086,0.024871715515826086
2018/04/12 20:00:00,2018/04/12 21:00:00,2018/04/13 01:00:00,8.03591679825499,8.03591679825499,5.710049927899314,0.0,0.0,0.0,0.35770190088743575,0.07315483163424277,0.0,0.007830089565265189,0.5683591774378781,0.0,0.0,0.0,0.0,0.0,0.0,1.3188208708308526,0.0,0.0,0.0,0.0,0.0,0.0,0.0,0.0,0.0,0.0,0.0,0.0,0.0,0.0,0.0,0.0,0.0,0.0,0.027419664331946574,0.027419664331946574
2018/04/12 21:00:00,2018/04/12 22:00:00,2018/04/13 02:00:00,8.490036085518994,8.490036085518994,6.094217027754464,0.0,0.0,0.0,0.43733330911324797,0.08944052160990244,0.0,0.009573219968177187,0.5406511362423495,0.0,0.0,0.0,0.0,0.0,0.0,1.3188208708308526,0.0,0.0,0.0,0.0,0.0,0.0,0.0,0.0,0.0,0.0,0.0,0.0,0.0,0.0,0.0,0.0,0.0,0.0,0.028969182418812002,0.028969182418812002
2018/04/12 22:00:00,2018/04/12 23:00:00,2018/04/13 03:00:00,8.211996981605774,8.211996981605774,6.5692985266268416,0.0,0.0,0.0,0.3195641841693384,0.06535515755226234,0.0,0.0069952554842145935,0.4616883462206141,0.0,0.0,0.0,0.0,0.0,0.0,0.7890955115525015,0.0,0.0,0.0,0.0,0.0,0.0,0.0,0.0,0.0,0.0,0.0,0.0,0.0,0.0,0.0,0.0,0.0,0.0,0.02802047437567855,0.02802047437567855
2018/04/12 23:00:00,2018/04/13 00:00:00,2018/04/13 04:00:00,7.736703857617155,7.736703857617155,7.18301950025454,0.0,0.0,0.0,0.13094360677997474,0.026779722120023,0.0,0.002866353705536267,0.39309467475708215,0.0,0.0,0.0,0.0,0.0,0.0,0.0,0.0,0.0,0.0,0.0,0.0,0.0,0.0,0.0,0.0,0.0,0.0,0.0,0.0,0.0,0.0,0.0,0.0,0.0,0.026398708216790474,0.026398708216790474
2018/04/13 00:00:00,2018/04/13 01:00:00,2018/04/13 05:00:00,8.645437751788297,8.645437751788297,8.218394873671402,0.0,0.0,0.0,0.06501908921459039,0.013297274945155983,0.0,0.0014232669458539432,0.3473032470112933,0.0,0.0,0.0,0.0,0.0,0.0,0.0,0.0,0.0,0.0,0.0,0.0,0.0,0.0,0.0,0.0,0.0,0.0,0.0,0.0,0.0,0.0,0.0,0.0,0.0,0.029499434489945287,0.029499434489945287
2018/04/13 01:00:00,2018/04/13 02:00:00,2018/04/13 06:00:00,9.084791095081373,9.084791095081373,8.705259877211278,0.0,0.0,0.0,0.03901145352875434,0.00797836496709361,0.0,0.0008539601675123682,0.3316874392067341,0.0,0.0,0.0,0.0,0.0,0.0,0.0,0.0,0.0,0.0,0.0,0.0,0.0,0.0,0.0,0.0,0.0,0.0,0.0,0.0,0.0,0.0,0.0,0.0,0.0,0.030998569124941838,0.030998569124941838
2018/04/13 02:00:00,2018/04/13 03:00:00,2018/04/13 07:00:00,8.97976818456511,8.97976818456511,8.646658428941992,0.0,0.0,0.0,0.026007635685836212,0.005318909978062404,0.0,0.0005693067783415784,0.30121390318087937,0.0,0.0,0.0,0.0,0.0,0.0,0.0,0.0,0.0,0.0,0.0,0.0,0.0,0.0,0.0,0.0,0.0,0.0,0.0,0.0,0.0,0.0,0.0,0.0,0.0,0.030640216366219233,0.030640216366219233
2018/04/13 03:00:00,2018/04/13 04:00:00,2018/04/13 08:00:00,9.302069850045854,9.302069850045854,8.981782106508316,0.0,0.0,0.0,0.026007635685836212,0.005318909978062404,0.0,0.0005693067783415784,0.2883918910952979,0.0,0.0,0.0,0.0,0.0,0.0,0.0,0.0,0.0,0.0,0.0,0.0,0.0,0.0,0.0,0.0,0.0,0.0,0.0,0.0,0.0,0.0,0.0,0.0,0.0,0.031739954417642116,0.031739954417642116
2018/04/13 04:00:00,2018/04/13 05:00:00,2018/04/13 09:00:00,9.560416248803268,9.560416248803268,9.254494354638794,0.0,0.0,0.0,0.0278045810395689,0.005686409380447792,0.0,0.0006086418867900008,0.27182226185766784,0.0,0.0,0.0,0.0,0.0,0.0,0.0,0.0,0.0,0.0,0.0,0.0,0.0,0.0,0.0,0.0,0.0,0.0,0.0,0.0,0.0,0.0,0.0,0.0,0.0,0.03262146821539992,0.03262146821539992
2018/04/13 05:00:00,2018/04/13 06:00:00,2018/04/13 10:00:00,9.784597637439136,9.784597637439136,9.397674926565228,0.0,0.0,0.0,0.07380313982851767,0.015093730994548724,0.0,0.001615549689899291,0.2964102903609423,0.0,0.0,0.0,0.0,0.0,0.0,0.0,0.0,0.0,0.0,0.0,0.0,0.0,0.0,0.0,0.0,0.0,0.0,0.0,0.0,0.0,0.0,0.0,0.0,0.0,0.033386406252986375,0.033386406252986375
2018/04/13 06:00:00,2018/04/13 07:00:00,2018/04/13 11:00:00,10.526700445181625,10.526700445181625,8.64729745224667,0.0,0.0,0.0,0.17326939918692633,0.03543591379704412,0.0,0.003792864704345704,0.36292527000481567,0.0,0.0,0.0,0.0,0.0,0.0,1.3039795452418224,0.0,0.0,0.0,0.0,0.0,0.0,0.0,0.0,0.0,0.0,0.0,0.0,0.0,0.0,0.0,0.0,0.0,0.0,0.035918564113619364,0.035918564113619364
2018/04/13 07:00:00,2018/04/13 08:00:00,2018/04/13 12:00:00,10.873494452954581,10.873494452954581,8.871468003208518,0.0,0.0,0.0,0.21926795797587528,0.044843235411145085,0.0,0.004799772507454998,0.4142946130207353,0.0,0.0,0.0,0.0,0.0,0.0,1.3188208708308526,0.0,0.0,0.0,0.0,0.0,0.0,0.0,0.0,0.0,0.0,0.0,0.0,0.0,0.0,0.0,0.0,0.0,0.0,0.03710187343901331,0.03710187343901331
2018/04/13 08:00:00,2018/04/13 09:00:00,2018/04/13 13:00:00,9.722580206267864,9.722580206267864,7.790367296158981,0.0,0.0,0.0,0.22459555084839308,0.04593279953881092,0.0,0.00491639344029206,0.337947295450533,0.0,0.0,0.0,0.0,0.0,0.0,1.3188208708308526,0.0,0.0,0.0,0.0,0.0,0.0,0.0,0.0,0.0,0.0,0.0,0.0,0.0,0.0,0.0,0.0,0.0,0.0,0.033174794163396894,0.033174794163396894
2018/04/13 09:00:00,2018/04/13 10:00:00,2018/04/13 14:00:00,8.510299614035693,8.510299614035693,6.648111242563497,0.0,0.0,0.0,0.22267911815523408,0.04554086337448363,0.0,0.00487444275566889,0.2702730763559569,0.0,0.0,0.0,0.0,0.0,0.0,1.3188208708308526,0.0,0.0,0.0,0.0,0.0,0.0,0.0,0.0,0.0,0.0,0.0,0.0,0.0,0.0,0.0,0.0,0.0,0.0,0.02903832439278433,0.02903832439278433
2018/04/13 10:00:00,2018/04/13 11:00:00,2018/04/13 15:00:00,7.3078367561824695,7.3078367561824695,5.637403507624274,0.0,0.0,0.0,0.21616650243897678,0.04420894619696981,0.0,0.004731881689496374,0.2671530636637028,0.0,0.0,0.0,0.0,0.0,0.0,1.13817285456905,0.0,0.0,0.0,0.0,0.0,0.0,0.0,0.0,0.0,0.0,0.0,0.0,0.0,0.0,0.0,0.0,0.0,0.0,0.024935354095589574,0.024935354095589574
2018/04/13 11:00:00,2018/04/13 12:00:00,2018/04/13 16:00:00,5.651969338520659,5.651969338520659,4.744428101293042,0.0,0.0,0.0,0.20714344994933365,0.04236361106157028,0.0,0.004534367197762577,0.2843418273317665,0.0,0.0,0.0,0.0,0.0,0.0,0.36915798168718506,0.0,0.0,0.0,0.0,0.0,0.0,0.0,0.0,0.0,0.0,0.0,0.0,0.0,0.0,0.0,0.0,0.0,0.0,0.019285304460885364,0.019285304460885364
2018/04/13 12:00:00,2018/04/13 13:00:00,2018/04/13 17:00:00,6.116622760055263,6.116622760055263,4.316944330529849,0.0,0.0,0.0,0.20063083423307632,0.041031693884056454,0.0,0.00439180613159006,0.2902347457587424,0.0,0.0,0.0,0.0,0.0,0.0,1.2633893495179485,0.0,0.0,0.0,0.0,0.0,0.0,0.0,0.0,0.0,0.0,0.0,0.0,0.0,0.0,0.0,0.0,0.0,0.0,0.02087076647710932,0.02087076647710932
2018/04/13 13:00:00,2018/04/13 14:00:00,2018/04/13 18:00:00,4.1308231615865445,4.1308231615865445,3.586132610825905,0.0,0.0,0.0,0.19871440153991735,0.04063975771972915,0.0,0.004349855446966891,0.30098653605402664,0.0,0.0,0.0,0.0,0.0,0.0,0.0,0.0,0.0,0.0,0.0,0.0,0.0,0.0,0.0,0.0,0.0,0.0,0.0,0.0,0.0,0.0,0.0,0.0,0.0,0.01409494241278471,0.01409494241278471
2018/04/13 14:00:00,2018/04/13 15:00:00,2018/04/13 19:00:00,4.292678570697141,4.292678570697141,2.785676047018338,0.0,0.0,0.0,0.19854294757167282,0.04060469308588505,0.0,0.004346102322020269,0.6941793238227018,0.0,0.0,0.0,0.0,0.0,0.0,0.5693294568765228,0.0,0.0,0.0,0.0,0.0,0.0,0.0,0.0,0.0,0.0,0.0,0.0,0.0,0.0,0.0,0.0,0.0,0.0,0.01464721555093942,0.01464721555093942
2018/04/13 15:00:00,2018/04/13 16:00:00,2018/04/13 20:00:00,2.78471757961767,2.78471757961767,2.2185214375329276,0.0,0.0,0.0,0.19874504032772614,0.040646023762369886,0.0,0.004350526129599885,0.3224545518650471,0.0,0.0,0.0,0.0,0.0,0.0,0.0,0.0,0.0,0.0,0.0,0.0,0.0,0.0,0.0,0.0,0.0,0.0,0.0,0.0,0.0,0.0,0.0,0.0,0.0,0.009501843188442176,0.009501843188442176
2018/04/13 16:00:00,2018/04/13 17:00:00,2018/04/13 21:00:00,2.4200448402331185,2.4200448402331185,1.7384651528040491,0.0,0.0,0.0,0.2000346052934617,0.040909757076942034,0.0,0.0043787546885113325,0.4362565703701545,0.0,0.0,0.0,0.0,0.0,0.0,0.0,0.0,0.0,0.0,0.0,0.0,0.0,0.0,0.0,0.0,0.0,0.0,0.0,0.0,0.0,0.0,0.0,0.0,0.0,0.008257529147372563,0.008257529147372563
2018/04/13 17:00:00,2018/04/13 18:00:00,2018/04/13 22:00:00,2.4138871321601503,2.4138871321601503,1.5513025411056038,0.0,0.0,0.0,0.20615620498723053,0.042161706238573175,0.0,0.004512756419466611,0.6097539234092758,0.0,0.0,0.0,0.0,0.0,0.0,0.0,0.0,0.0,0.0,0.0,0.0,0.0,0.0,0.0,0.0,0.0,0.0,0.0,0.0,0.0,0.0,0.0,0.0,0.0,0.008236518192100905,0.008236518192100905
2018/04/13 18:00:00,2018/04/13 19:00:00,2018/04/13 23:00:00,2.6674085752295214,2.6674085752295214,1.756970752278255,0.0,0.0,0.0,0.2269852351728252,0.04642152200290495,0.0,0.004968703596448881,0.6320623621790874,0.0,0.0,0.0,0.0,0.0,0.0,0.0,0.0,0.0,0.0,0.0,0.0,0.0,0.0,0.0,0.0,0.0,0.0,0.0,0.0,0.0,0.0,0.0,0.0,0.0,0.009101568570848277,0.009101568570848277
2018/04/13 19:00:00,2018/04/13 20:00:00,2018/04/14 00:00:00,3.8412627181500696,3.8412627181500696,2.0684747193459683,0.0,0.0,0.0,0.2768619428797716,0.05662197703464995,0.0,0.006060504024674282,0.5779161635029116,0.0,0.0,0.0,0.0,0.0,0.0,0.8553274113620937,0.0,0.0,0.0,0.0,0.0,0.0,0.0,0.0,0.0,0.0,0.0,0.0,0.0,0.0,0.0,0.0,0.0,0.0,0.013106921958844489,0.013106921958844489
2018/04/13 20:00:00,2018/04/13 21:00:00,2018/04/14 01:00:00,5.924722741997796,5.924722741997796,3.5988558716421215,0.0,0.0,0.0,0.35770190088743575,0.07315483163424277,0.0,0.007830089565265189,0.5683591774378781,0.0,0.0,0.0,0.0,0.0,0.0,1.3188208708308526,0.0,0.0,0.0,0.0,0.0,0.0,0.0,0.0,0.0,0.0,0.0,0.0,0.0,0.0,0.0,0.0,0.0,0.0,0.02021597695992905,0.02021597695992905
2018/04/13 21:00:00,2018/04/13 22:00:00,2018/04/14 02:00:00,6.8227680818424155,6.8227680818424155,4.426949024077886,0.0,0.0,0.0,0.43733330911324797,0.08944052160990244,0.0,0.009573219968177187,0.5406511362423495,0.0,0.0,0.0,0.0,0.0,0.0,1.3188208708308526,0.0,0.0,0.0,0.0,0.0,0.0,0.0,0.0,0.0,0.0,0.0,0.0,0.0,0.0,0.0,0.0,0.0,0.0,0.023280232401045053,0.023280232401045053
2018/04/13 22:00:00,2018/04/13 23:00:00,2018/04/14 03:00:00,6.53454287425234,6.53454287425234,5.194736940415642,0.0,0.0,0.0,0.3195641841693384,0.06535515755226234,0.0,0.0069952554842145935,0.4616883462206141,0.0,0.0,0.0,0.0,0.0,0.0,0.48620299041026754,0.0,0.0,0.0,0.0,0.0,0.0,0.0,0.0,0.0,0.0,0.0,0.0,0.0,0.0,0.0,0.0,0.0,0.0,0.02229676795728157,0.02229676795728157
2018/04/13 23:00:00,2018/04/14 00:00:00,2018/04/14 04:00:00,6.614411540601512,6.614411540601512,6.060727183238896,0.0,0.0,0.0,0.13094360677997474,0.026779722120023,0.0,0.002866353705536267,0.39309467475708215,0.0,0.0,0.0,0.0,0.0,0.0,0.0,0.0,0.0,0.0,0.0,0.0,0.0,0.0,0.0,0.0,0.0,0.0,0.0,0.0,0.0,0.0,0.0,0.0,0.0,0.022569290940895596,0.022569290940895596
2018/04/14 00:00:00,2018/04/14 01:00:00,2018/04/14 05:00:00,7.6714186617123925,7.6714186617123925,7.2443757835954985,0.0,0.0,0.0,0.06501908921459039,0.013297274945155983,0.0,0.0014232669458539432,0.3473032470112933,0.0,0.0,0.0,0.0,0.0,0.0,0.0,0.0,0.0,0.0,0.0,0.0,0.0,0.0,0.0,0.0,0.0,0.0,0.0,0.0,0.0,0.0,0.0,0.0,0.0,0.026175946060026642,0.026175946060026642
2018/04/14 01:00:00,2018/04/14 02:00:00,2018/04/14 06:00:00,8.15363012347875,8.15363012347875,7.774098905608656,0.0,0.0,0.0,0.03901145352875434,0.00797836496709361,0.0,0.0008539601675123682,0.3316874392067341,0.0,0.0,0.0,0.0,0.0,0.0,0.0,0.0,0.0,0.0,0.0,0.0,0.0,0.0,0.0,0.0,0.0,0.0,0.0,0.0,0.0,0.0,0.0,0.0,0.0,0.02782131854839313,0.02782131854839313
2018/04/14 02:00:00,2018/04/14 03:00:00,2018/04/14 07:00:00,8.048834923128066,8.048834923128066,7.715725167504948,0.0,0.0,0.0,0.026007635685836212,0.005318909978062404,0.0,0.0005693067783415784,0.30121390318087937,0.0,0.0,0.0,0.0,0.0,0.0,0.0,0.0,0.0,0.0,0.0,0.0,0.0,0.0,0.0,0.0,0.0,0.0,0.0,0.0,0.0,0.0,0.0,0.0,0.0,0.027463742768385195,0.027463742768385195
2018/04/14 03:00:00,2018/04/14 04:00:00,2018/04/14 08:00:00,8.302535082926433,8.302535082926433,7.982247339388897,0.0,0.0,0.0,0.026007635685836212,0.005318909978062404,0.0,0.0005693067783415784,0.2883918910952979,0.0,0.0,0.0,0.0,0.0,0.0,0.0,0.0,0.0,0.0,0.0,0.0,0.0,0.0,0.0,0.0,0.0,0.0,0.0,0.0,0.0,0.0,0.0,0.0,0.0,0.028329402953436267,0.028329402953436267
2018/04/14 04:00:00,2018/04/14 05:00:00,2018/04/14 09:00:00,8.458161945315492,8.458161945315492,8.152240051151017,0.0,0.0,0.0,0.0278045810395689,0.005686409380447792,0.0,0.0006086418867900008,0.27182226185766784,0.0,0.0,0.0,0.0,0.0,0.0,0.0,0.0,0.0,0.0,0.0,0.0,0.0,0.0,0.0,0.0,0.0,0.0,0.0,0.0,0.0,0.0,0.0,0.0,0.0,0.02886042342501067,0.02886042342501067
2018/04/14 05:00:00,2018/04/14 06:00:00,2018/04/14 10:00:00,8.590697784406792,8.590697784406792,8.203775073532885,0.0,0.0,0.0,0.07380313982851767,0.015093730994548724,0.0,0.001615549689899291,0.2964102903609423,0.0,0.0,0.0,0.0,0.0,0.0,0.0,0.0,0.0,0.0,0.0,0.0,0.0,0.0,0.0,0.0,0.0,0.0,0.0,0.0,0.0,0.0,0.0,0.0,0.0,0.029312654117671092,0.029312654117671092
2018/04/14 06:00:00,2018/04/14 07:00:00,2018/04/14 11:00:00,8.80547655762892,8.80547655762892,8.062921778890692,0.0,0.0,0.0,0.17326939918692633,0.03543591379704412,0.0,0.003792864704345704,0.36292527000481567,0.0,0.0,0.0,0.0,0.0,0.0,0.1671313310450965,0.0,0.0,0.0,0.0,0.0,0.0,0.0,0.0,0.0,0.0,0.0,0.0,0.0,0.0,0.0,0.0,0.0,0.0,0.030045509125410447,0.030045509125410447
2018/04/14 07:00:00,2018/04/14 08:00:00,2018/04/14 12:00:00,9.257442086072718,9.257442086072718,7.485323578542305,0.0,0.0,0.0,0.21926795797587528,0.044843235411145085,0.0,0.004799772507454998,0.4142946130207353,0.0,0.0,0.0,0.0,0.0,0.0,1.088912928615202,0.0,0.0,0.0,0.0,0.0,0.0,0.0,0.0,0.0,0.0,0.0,0.0,0.0,0.0,0.0,0.0,0.0,0.0,0.031587678288016875,0.031587678288016875
2018/04/14 08:00:00,2018/04/14 09:00:00,2018/04/14 13:00:00,9.015646629763113,9.015646629763113,7.083433719654231,0.0,0.0,0.0,0.22459555084839308,0.04593279953881092,0.0,0.00491639344029206,0.337947295450533,0.0,0.0,0.0,0.0,0.0,0.0,1.3188208708308526,0.0,0.0,0.0,0.0,0.0,0.0,0.0,0.0,0.0,0.0,0.0,0.0,0.0,0.0,0.0,0.0,0.0,0.0,0.03076263860487345,0.03076263860487345
2018/04/14 09:00:00,2018/04/14 10:00:00,2018/04/14 14:00:00,7.7144131856711855,7.7144131856711855,6.4113791405052645,0.0,0.0,0.0,0.22267911815523408,0.04554086337448363,0.0,0.00487444275566889,0.2702730763559569,0.0,0.0,0.0,0.0,0.0,0.0,0.7596665445245787,0.0,0.0,0.0,0.0,0.0,0.0,0.0,0.0,0.0,0.0,0.0,0.0,0.0,0.0,0.0,0.0,0.0,0.0,0.02632264934786033,0.02632264934786033
2018/04/14 10:00:00,2018/04/14 11:00:00,2018/04/14 15:00:00,6.097832967048159,6.097832967048159,5.565572573059014,0.0,0.0,0.0,0.21616650243897678,0.04420894619696981,0.0,0.004731881689496374,0.2671530636637028,0.0,0.0,0.0,0.0,0.0,0.0,0.0,0.0,0.0,0.0,0.0,0.0,0.0,0.0,0.0,0.0,0.0,0.0,0.0,0.0,0.0,0.0,0.0,0.0,0.0,0.020806653093402634,0.020806653093402634
2018/04/14 11:00:00,2018/04/14 12:00:00,2018/04/14 16:00:00,5.357227180224714,5.357227180224714,4.818843924684281,0.0,0.0,0.0,0.20714344994933365,0.04236361106157028,0.0,0.004534367197762577,0.2843418273317665,0.0,0.0,0.0,0.0,0.0,0.0,0.0,0.0,0.0,0.0,0.0,0.0,0.0,0.0,0.0,0.0,0.0,0.0,0.0,0.0,0.0,0.0,0.0,0.0,0.0,0.018279603276086732,0.018279603276086732
2018/04/14 12:00:00,2018/04/14 13:00:00,2018/04/14 17:00:00,4.560375867505311,4.560375867505311,4.024086787497844,0.0,0.0,0.0,0.20063083423307632,0.041031693884056454,0.0,0.00439180613159006,0.2902347457587424,0.0,0.0,0.0,0.0,0.0,0.0,0.0,0.0,0.0,0.0,0.0,0.0,0.0,0.0,0.0,0.0,0.0,0.0,0.0,0.0,0.0,0.0,0.0,0.0,0.0,0.015560635911718095,0.015560635911718095
2018/04/14 13:00:00,2018/04/14 14:00:00,2018/04/14 18:00:00,4.535400762997042,4.535400762997042,2.9252156653805788,0.0,0.0,0.0,0.19871440153991735,0.04063975771972915,0.0,0.004349855446966891,0.30098653605402664,0.0,0.0,0.0,0.0,0.0,0.0,1.065494546855823,0.0,0.0,0.0,0.0,0.0,0.0,0.0,0.0,0.0,0.0,0.0,0.0,0.0,0.0,0.0,0.0,0.0,0.0,0.01547541738600853,0.01547541738600853
2018/04/14 14:00:00,2018/04/14 15:00:00,2018/04/14 19:00:00,3.2479667081796655,3.2479667081796655,2.1172275627916015,0.0,0.0,0.0,0.19854294757167282,0.04060469308588505,0.0,0.004346102322020269,0.33501695643262186,0.0,0.0,0.0,0.0,0.0,0.0,0.5522284459758642,0.0,0.0,0.0,0.0,0.0,0.0,0.0,0.0,0.0,0.0,0.0,0.0,0.0,0.0,0.0,0.0,0.0,0.0,0.0110825135619825,0.0110825135619825
2018/04/14 15:00:00,2018/04/14 16:00:00,2018/04/14 20:00:00,1.9499556464987695,1.9499556464987695,1.3837595044140263,0.0,0.0,0.0,0.19874504032772614,0.040646023762369886,0.0,0.004350526129599885,0.3224545518650471,0.0,0.0,0.0,0.0,0.0,0.0,0.0,0.0,0.0,0.0,0.0,0.0,0.0,0.0,0.0,0.0,0.0,0.0,0.0,0.0,0.0,0.0,0.0,0.0,0.0,0.006653519521355745,0.006653519521355745
2018/04/14 16:00:00,2018/04/14 17:00:00,2018/04/14 21:00:00,1.7409864419472412,1.7409864419472412,1.0594067545181716,0.0,0.0,0.0,0.2000346052934617,0.040909757076942034,0.0,0.0043787546885113325,0.4362565703701545,0.0,0.0,0.0,0.0,0.0,0.0,0.0,0.0,0.0,0.0,0.0,0.0,0.0,0.0,0.0,0.0,0.0,0.0,0.0,0.0,0.0,0.0,0.0,0.0,0.0,0.005940487568889409,0.005940487568889409
2018/04/14 17:00:00,2018/04/14 18:00:00,2018/04/14 22:00:00,1.799491752231587,1.799491752231587,0.9369071611770406,0.0,0.0,0.0,0.20615620498723053,0.042161706238573175,0.0,0.004512756419466611,0.6097539234092758,0.0,0.0,0.0,0.0,0.0,0.0,0.0,0.0,0.0,0.0,0.0,0.0,0.0,0.0,0.0,0.0,0.0,0.0,0.0,0.0,0.0,0.0,0.0,0.0,0.0,0.006140115814167097,0.006140115814167097
2018/04/14 18:00:00,2018/04/14 19:00:00,2018/04/14 23:00:00,3.4142463980294337,3.4142463980294337,1.199197245483453,0.0,0.0,0.0,0.2269852351728252,0.04642152200290495,0.0,0.004968703596448881,0.6320623621790874,0.0,0.0,0.0,0.0,0.0,0.0,1.3046113295947146,0.0,0.0,0.0,0.0,0.0,0.0,0.0,0.0,0.0,0.0,0.0,0.0,0.0,0.0,0.0,0.0,0.0,0.0,0.011649882960566977,0.011649882960566977
2018/04/14 19:00:00,2018/04/14 20:00:00,2018/04/15 00:00:00,4.508082685796664,4.508082685796664,1.8575765413448022,0.0,0.0,0.0,0.2768619428797716,0.05662197703464995,0.0,0.006060504024674282,0.9921408496819136,0.0,0.0,0.0,0.0,0.0,0.0,1.3188208708308526,0.0,0.0,0.0,0.0,0.0,0.0,0.0,0.0,0.0,0.0,0.0,0.0,0.0,0.0,0.0,0.0,0.0,0.0,0.015382204312026578,0.015382204312026578
2018/04/14 20:00:00,2018/04/14 21:00:00,2018/04/15 01:00:00,4.534789783765404,4.534789783765404,2.350851534216612,0.0,0.0,0.0,0.35770190088743575,0.07315483163424277,0.0,0.007830089565265189,0.5683591774378781,0.0,0.0,0.0,0.0,0.0,0.0,1.17689225002397,0.0,0.0,0.0,0.0,0.0,0.0,0.0,0.0,0.0,0.0,0.0,0.0,0.0,0.0,0.0,0.0,0.0,0.0,0.015473332640003078,0.015473332640003078
2018/04/14 21:00:00,2018/04/14 22:00:00,2018/04/15 02:00:00,3.8581564199157414,3.8581564199157414,2.7811582329820643,0.0,0.0,0.0,0.43733330911324797,0.08944052160990244,0.0,0.009573219968177187,0.5406511362423495,0.0,0.0,0.0,0.0,0.0,0.0,0.0,0.0,0.0,0.0,0.0,0.0,0.0,0.0,0.0,0.0,0.0,0.0,0.0,0.0,0.0,0.0,0.0,0.0,0.0,0.013164565615861858,0.013164565615861858
2018/04/14 22:00:00,2018/04/14 23:00:00,2018/04/15 03:00:00,4.1870326460121365,4.1870326460121365,3.333429702585707,0.0,0.0,0.0,0.3195641841693384,0.06535515755226234,0.0,0.0069952554842145935,0.4616883462206141,0.0,0.0,0.0,0.0,0.0,0.0,0.0,0.0,0.0,0.0,0.0,0.0,0.0,0.0,0.0,0.0,0.0,0.0,0.0,0.0,0.0,0.0,0.0,0.0,0.0,0.014286736981334274,0.014286736981334274
2018/04/14 23:00:00,2018/04/15 00:00:00,2018/04/15 04:00:00,4.312036912938187,4.312036912938187,3.758352555575571,0.0,0.0,0.0,0.13094360677997474,0.026779722120023,0.0,0.002866353705536267,0.39309467475708215,0.0,0.0,0.0,0.0,0.0,0.0,0.0,0.0,0.0,0.0,0.0,0.0,0.0,0.0,0.0,0.0,0.0,0.0,0.0,0.0,0.0,0.0,0.0,0.0,0.0,0.01471326890360575,0.01471326890360575
2018/04/15 00:00:00,2018/04/15 01:00:00,2018/04/15 05:00:00,4.74503392696945,4.74503392696945,4.317991048852556,0.0,0.0,0.0,0.06501908921459039,0.013297274945155983,0.0,0.0014232669458539432,0.3473032470112933,0.0,0.0,0.0,0.0,0.0,0.0,0.0,0.0,0.0,0.0,0.0,0.0,0.0,0.0,0.0,0.0,0.0,0.0,0.0,0.0,0.0,0.0,0.0,0.0,0.0,0.01619071486024514,0.01619071486024514
2018/04/15 01:00:00,2018/04/15 02:00:00,2018/04/15 06:00:00,5.257499536639527,5.257499536639527,4.877968318769432,0.0,0.0,0.0,0.03901145352875434,0.00797836496709361,0.0,0.0008539601675123682,0.3316874392067341,0.0,0.0,0.0,0.0,0.0,0.0,0.0,0.0,0.0,0.0,0.0,0.0,0.0,0.0,0.0,0.0,0.0,0.0,0.0,0.0,0.0,0.0,0.0,0.0,0.0,0.01793931870366363,0.01793931870366363
2018/04/15 02:00:00,2018/04/15 03:00:00,2018/04/15 07:00:00,5.235655829303017,5.235655829303017,4.902546073679899,0.0,0.0,0.0,0.026007635685836212,0.005318909978062404,0.0,0.0005693067783415784,0.30121390318087937,0.0,0.0,0.0,0.0,0.0,0.0,0.0,0.0,0.0,0.0,0.0,0.0,0.0,0.0,0.0,0.0,0.0,0.0,0.0,0.0,0.0,0.0,0.0,0.0,0.0,0.01786478494006587,0.01786478494006587
2018/04/15 03:00:00,2018/04/15 04:00:00,2018/04/15 08:00:00,5.354031861161139,5.354031861161139,5.033744117623602,0.0,0.0,0.0,0.026007635685836212,0.005318909978062404,0.0,0.0005693067783415784,0.2883918910952979,0.0,0.0,0.0,0.0,0.0,0.0,0.0,0.0,0.0,0.0,0.0,0.0,0.0,0.0,0.0,0.0,0.0,0.0,0.0,0.0,0.0,0.0,0.0,0.0,0.0,0.01826870040360108,0.01826870040360108
2018/04/15 04:00:00,2018/04/15 05:00:00,2018/04/15 09:00:00,5.562641287609041,5.562641287609041,5.256719393444567,0.0,0.0,0.0,0.0278045810395689,0.005686409380447792,0.0,0.0006086418867900008,0.27182226185766784,0.0,0.0,0.0,0.0,0.0,0.0,0.0,0.0,0.0,0.0,0.0,0.0,0.0,0.0,0.0,0.0,0.0,0.0,0.0,0.0,0.0,0.0,0.0,0.0,0.0,0.018980504743203435,0.018980504743203435
2018/04/15 05:00:00,2018/04/15 06:00:00,2018/04/15 10:00:00,6.082086084933601,6.082086084933601,5.290550684880784,0.0,0.0,0.0,0.07380313982851767,0.015093730994548724,0.0,0.001615549689899291,0.2964102903609423,0.0,0.0,0.0,0.0,0.0,0.0,0.40461268917891,0.0,0.0,0.0,0.0,0.0,0.0,0.0,0.0,0.0,0.0,0.0,0.0,0.0,0.0,0.0,0.0,0.0,0.0,0.02075292254433203,0.02075292254433203
2018/04/15 06:00:00,2018/04/15 07:00:00,2018/04/15 11:00:00,5.875827879405706,5.875827879405706,5.173400079999689,0.0,0.0,0.0,0.17326939918692633,0.03543591379704412,0.0,0.003792864704345704,0.36292527000481567,0.0,0.0,0.0,0.0,0.0,0.0,0.1270043517128851,0.0,0.0,0.0,0.0,0.0,0.0,0.0,0.0,0.0,0.0,0.0,0.0,0.0,0.0,0.0,0.0,0.0,0.0,0.02004914089710136,0.02004914089710136
2018/04/15 07:00:00,2018/04/15 08:00:00,2018/04/15 12:00:00,6.439332338061636,6.439332338061636,4.437305888315573,0.0,0.0,0.0,0.21926795797587528,0.044843235411145085,0.0,0.004799772507454998,0.4142946130207353,0.0,0.0,0.0,0.0,0.0,0.0,1.3188208708308526,0.0,0.0,0.0,0.0,0.0,0.0,0.0,0.0,0.0,0.0,0.0,0.0,0.0,0.0,0.0,0.0,0.0,0.0,0.021971896382730092,0.021971896382730092
2018/04/15 08:00:00,2018/04/15 09:00:00,2018/04/15 13:00:00,6.408405315384543,6.408405315384543,4.47619240527566,0.0,0.0,0.0,0.22459555084839308,0.04593279953881092,0.0,0.00491639344029206,0.337947295450533,0.0,0.0,0.0,0.0,0.0,0.0,1.3188208708308526,0.0,0.0,0.0,0.0,0.0,0.0,0.0,0.0,0.0,0.0,0.0,0.0,0.0,0.0,0.0,0.0,0.0,0.0,0.02186636908548673,0.02186636908548673
2018/04/15 09:00:00,2018/04/15 10:00:00,2018/04/15 14:00:00,5.568997325652948,5.568997325652948,3.706808954180751,0.0,0.0,0.0,0.22267911815523408,0.04554086337448363,0.0,0.00487444275566889,0.2702730763559569,0.0,0.0,0.0,0.0,0.0,0.0,1.3188208708308526,0.0,0.0,0.0,0.0,0.0,0.0,0.0,0.0,0.0,0.0,0.0,0.0,0.0,0.0,0.0,0.0,0.0,0.0,0.019002192427884645,0.019002192427884645
2018/04/15 10:00:00,2018/04/15 11:00:00,2018/04/15 15:00:00,4.438461524809409,4.438461524809409,2.553043216321243,0.0,0.0,0.0,0.21616650243897678,0.04420894619696981,0.0,0.004731881689496374,0.30149010733187,0.0,0.0,0.0,0.0,0.0,0.0,1.3188208708308526,0.0,0.0,0.0,0.0,0.0,0.0,0.0,0.0,0.0,0.0,0.0,0.0,0.0,0.0,0.0,0.0,0.0,0.0,0.015144647240120917,0.015144647240120917
2018/04/15 11:00:00,2018/04/15 12:00:00,2018/04/15 16:00:00,3.064180641033281,3.064180641033281,1.5387103222723164,0.0,0.0,0.0,0.20714344994933365,0.04236361106157028,0.0,0.004534367197762577,1.058404141090068,0.0,0.0,0.0,0.0,0.0,0.0,0.2130247494622303,0.0,0.0,0.0,0.0,0.0,0.0,0.0,0.0,0.0,0.0,0.0,0.0,0.0,0.0,0.0,0.0,0.0,0.0,0.010455409972366346,0.010455409972366346
2018/04/15 12:00:00,2018/04/15 13:00:00,2018/04/15 17:00:00,1.5094569039090222,1.5094569039090222,0.9731678239015572,0.0,0.0,0.0,0.20063083423307632,0.041031693884056454,0.0,0.00439180613159006,0.2902347457587424,0.0,0.0,0.0,0.0,0.0,0.0,0.0,0.0,0.0,0.0,0.0,0.0,0.0,0.0,0.0,0.0,0.0,0.0,0.0,0.0,0.0,0.0,0.0,0.0,0.0,0.005150476624859078,0.005150476624859078
2018/04/15 13:00:00,2018/04/15 14:00:00,2018/04/15 18:00:00,1.5600997219766215,1.5600997219766215,0.5817857327593566,0.0,0.0,0.0,0.19871440153991735,0.04063975771972915,0.0,0.004349855446966891,0.30098653605402664,0.0,0.0,0.0,0.0,0.0,0.0,0.43362343845662477,0.0,0.0,0.0,0.0,0.0,0.0,0.0,0.0,0.0,0.0,0.0,0.0,0.0,0.0,0.0,0.0,0.0,0.0,0.0053232769545661935,0.0053232769545661935
2018/04/15 14:00:00,2018/04/15 15:00:00,2018/04/15 19:00:00,1.2216497575804537,1.2216497575804537,0.6431390581682538,0.0,0.0,0.0,0.19854294757167282,0.04060469308588505,0.0,0.004346102322020269,0.33501695643262186,0.0,0.0,0.0,0.0,0.0,0.0,0.0,0.0,0.0,0.0,0.0,0.0,0.0,0.0,0.0,0.0,0.0,0.0,0.0,0.0,0.0,0.0,0.0,0.0,0.0,0.004168438664189992,0.004168438664189992
2018/04/15 15:00:00,2018/04/15 16:00:00,2018/04/15 20:00:00,1.2512198460751522,1.2512198460751522,0.6545774931168677,0.0,0.0,0.0,0.19874504032772614,0.040646023762369886,0.0,0.004350526129599885,0.35290076273858845,0.0,0.0,0.0,0.0,0.0,0.0,0.0,0.0,0.0,0.0,0.0,0.0,0.0,0.0,0.0,0.0,0.0,0.0,0.0,0.0,0.0,0.0,0.0,0.0,0.0,0.004269335913520231,0.004269335913520231
2018/04/15 16:00:00,2018/04/15 17:00:00,2018/04/15 21:00:00,2.07493605533567,2.07493605533567,0.7070053628026002,0.0,0.0,0.0,0.2000346052934617,0.040909757076942034,0.0,0.0043787546885113325,1.122607575474155,0.0,0.0,0.0,0.0,0.0,0.0,0.0,0.0,0.0,0.0,0.0,0.0,0.0,0.0,0.0,0.0,0.0,0.0,0.0,0.0,0.0,0.0,0.0,0.0,0.0,0.0070799700365130735,0.0070799700365130735
2018/04/15 17:00:00,2018/04/15 18:00:00,2018/04/15 22:00:00,1.5302976982246768,1.5302976982246768,0.6677131071701307,0.0,0.0,0.0,0.20615620498723053,0.042161706238573175,0.0,0.004512756419466611,0.6097539234092758,0.0,0.0,0.0,0.0,0.0,0.0,0.0,0.0,0.0,0.0,0.0,0.0,0.0,0.0,0.0,0.0,0.0,0.0,0.0,0.0,0.0,0.0,0.0,0.0,0.0,0.005221588309921631,0.005221588309921631
2018/04/15 18:00:00,2018/04/15 19:00:00,2018/04/15 23:00:00,2.553703596070732,2.553703596070732,0.8535464316616809,0.0,0.0,0.0,0.2269852351728252,0.04642152200290495,0.0,0.004968703596448881,0.6320623621790874,0.0,0.0,0.0,0.0,0.0,0.0,0.7897193414577849,0.0,0.0,0.0,0.0,0.0,0.0,0.0,0.0,0.0,0.0,0.0,0.0,0.0,0.0,0.0,0.0,0.0,0.0,0.008713591387948375,0.008713591387948375
2018/04/15 19:00:00,2018/04/15 20:00:00,2018/04/16 00:00:00,2.888090892740654,2.888090892740654,1.600718663769139,0.0,0.0,0.0,0.2768619428797716,0.05662197703464995,0.0,0.006060504024674282,0.5779161635029116,0.0,0.0,0.0,0.0,0.0,0.0,0.3699116415295071,0.0,0.0,0.0,0.0,0.0,0.0,0.0,0.0,0.0,0.0,0.0,0.0,0.0,0.0,0.0,0.0,0.0,0.0,0.009854567291724197,0.009854567291724197
2018/04/15 20:00:00,2018/04/15 21:00:00,2018/04/16 01:00:00,3.363202064920143,3.363202064920143,2.317864406522372,0.0,0.0,0.0,0.35770190088743575,0.07315483163424277,0.0,0.007830089565265189,0.6066508363108268,0.0,0.0,0.0,0.0,0.0,0.0,0.0,0.0,0.0,0.0,0.0,0.0,0.0,0.0,0.0,0.0,0.0,0.0,0.0,0.0,0.0,0.0,0.0,0.0,0.0,0.011475712605765798,0.011475712605765798
2018/04/15 21:00:00,2018/04/15 22:00:00,2018/04/16 02:00:00,4.921446445540515,4.921446445540515,2.9812367849785284,0.0,0.0,0.0,0.43733330911324797,0.08944052160990244,0.0,0.009573219968177187,1.403862609870659,0.0,0.0,0.0,0.0,0.0,0.0,0.0,0.0,0.0,0.0,0.0,0.0,0.0,0.0,0.0,0.0,0.0,0.0,0.0,0.0,0.0,0.0,0.0,0.0,0.0,0.016792658877911214,0.016792658877911214
2018/04/15 22:00:00,2018/04/15 23:00:00,2018/04/16 03:00:00,5.4639534250031705,5.4639534250031705,3.748941278816002,0.0,0.0,0.0,0.3195641841693384,0.06535515755226234,0.0,0.0069952554842145935,0.4616883462206141,0.0,0.0,0.0,0.0,0.0,0.0,0.8614092027607385,0.0,0.0,0.0,0.0,0.0,0.0,0.0,0.0,0.0,0.0,0.0,0.0,0.0,0.0,0.0,0.0,0.0,0.0,0.01864376804791089,0.01864376804791089
2018/04/15 23:00:00,2018/04/16 00:00:00,2018/04/16 04:00:00,5.428892025794644,5.428892025794644,4.437801134671901,0.0,0.0,0.0,0.13094360677997474,0.026779722120023,0.0,0.002866353705536267,0.39309467475708215,0.0,0.0,0.0,0.0,0.0,0.0,0.4374065337601273,0.0,0.0,0.0,0.0,0.0,0.0,0.0,0.0,0.0,0.0,0.0,0.0,0.0,0.0,0.0,0.0,0.0,0.0,0.01852413368366325,0.01852413368366325
2018/04/16 00:00:00,2018/04/16 01:00:00,2018/04/16 05:00:00,5.979540125675646,5.979540125675646,5.350332041908752,0.0,0.0,0.0,0.06501908921459039,0.013297274945155983,0.0,0.0014232669458539432,0.3473032470112933,0.0,0.0,0.0,0.0,0.0,0.0,0.20216520565000007,0.0,0.0,0.0,0.0,0.0,0.0,0.0,0.0,0.0,0.0,0.0,0.0,0.0,0.0,0.0,0.0,0.0,0.0,0.020403021487359767,0.020403021487359767
2018/04/16 01:00:00,2018/04/16 02:00:00,2018/04/16 06:00:00,6.127856834400697,6.127856834400697,5.748325616530603,0.0,0.0,0.0,0.03901145352875434,0.00797836496709361,0.0,0.0008539601675123682,0.3316874392067341,0.0,0.0,0.0,0.0,0.0,0.0,0.0,0.0,0.0,0.0,0.0,0.0,0.0,0.0,0.0,0.0,0.0,0.0,0.0,0.0,0.0,0.0,0.0,0.0,0.0,0.020909098699227257,0.020909098699227257
2018/04/16 02:00:00,2018/04/16 03:00:00,2018/04/16 07:00:00,5.997651992610028,5.997651992610028,5.66454223698691,0.0,0.0,0.0,0.026007635685836212,0.005318909978062404,0.0,0.0005693067783415784,0.30121390318087937,0.0,0.0,0.0,0.0,0.0,0.0,0.0,0.0,0.0,0.0,0.0,0.0,0.0,0.0,0.0,0.0,0.0,0.0,0.0,0.0,0.0,0.0,0.0,0.0,0.0,0.02046482169314008,0.02046482169314008
2018/04/16 03:00:00,2018/04/16 04:00:00,2018/04/16 08:00:00,6.2991493296505245,6.2991493296505245,5.978861586112988,0.0,0.0,0.0,0.026007635685836212,0.005318909978062404,0.0,0.0005693067783415784,0.2883918910952979,0.0,0.0,0.0,0.0,0.0,0.0,0.0,0.0,0.0,0.0,0.0,0.0,0.0,0.0,0.0,0.0,0.0,0.0,0.0,0.0,0.0,0.0,0.0,0.0,0.0,0.021493572486132533,0.021493572486132533
2018/04/16 04:00:00,2018/04/16 05:00:00,2018/04/16 09:00:00,6.640843026485909,6.640843026485909,6.334921132321434,0.0,0.0,0.0,0.0278045810395689,0.005686409380447792,0.0,0.0006086418867900008,0.27182226185766784,0.0,0.0,0.0,0.0,0.0,0.0,0.0,0.0,0.0,0.0,0.0,0.0,0.0,0.0,0.0,0.0,0.0,0.0,0.0,0.0,0.0,0.0,0.0,0.0,0.0,0.02265947884215686,0.02265947884215686
2018/04/16 05:00:00,2018/04/16 06:00:00,2018/04/16 10:00:00,6.886769759697648,6.886769759697648,6.49984704882374,0.0,0.0,0.0,0.07380313982851767,0.015093730994548724,0.0,0.001615549689899291,0.2964102903609423,0.0,0.0,0.0,0.0,0.0,0.0,0.0,0.0,0.0,0.0,0.0,0.0,0.0,0.0,0.0,0.0,0.0,0.0,0.0,0.0,0.0,0.0,0.0,0.0,0.0,0.02349861501593884,0.02349861501593884
2018/04/16 06:00:00,2018/04/16 07:00:00,2018/04/16 11:00:00,6.997888983754599,6.997888983754599,6.422465536061467,0.0,0.0,0.0,0.17326939918692633,0.03543591379704412,0.0,0.003792864704345704,0.36292527000481567,0.0,0.0,0.0,0.0,0.0,0.0,0.0,0.0,0.0,0.0,0.0,0.0,0.0,0.0,0.0,0.0,0.0,0.0,0.0,0.0,0.0,0.0,0.0,0.0,0.0,0.023877769243261057,0.023877769243261057
2018/04/16 07:00:00,2018/04/16 08:00:00,2018/04/16 12:00:00,6.8393220661915235,6.8393220661915235,5.618975681867668,0.0,0.0,0.0,0.21926795797587528,0.044843235411145085,0.0,0.004799772507454998,0.4142946130207353,0.0,0.0,0.0,0.0,0.0,0.0,0.5371408054086453,0.0,0.0,0.0,0.0,0.0,0.0,0.0,0.0,0.0,0.0,0.0,0.0,0.0,0.0,0.0,0.0,0.0,0.0,0.0233367168950492,0.0233367168950492
2018/04/16 08:00:00,2018/04/16 09:00:00,2018/04/16 13:00:00,5.934365088674046,5.934365088674046,4.151409220115903,0.0,0.0,0.0,0.22459555084839308,0.04593279953881092,0.0,0.00491639344029206,0.41110751807627777,0.0,0.0,0.0,0.0,0.0,0.0,1.0964036066543694,0.0,0.0,0.0,0.0,0.0,0.0,0.0,0.0,0.0,0.0,0.0,0.0,0.0,0.0,0.0,0.0,0.0,0.0,0.020248877986143315,0.020248877986143315
2018/04/16 09:00:00,2018/04/16 10:00:00,2018/04/16 14:00:00,6.857529038397683,6.857529038397683,3.329798587581056,0.0,0.0,0.0,0.22267911815523408,0.04554086337448363,0.0,0.00487444275566889,1.9358151557003878,0.0,0.0,0.0,0.0,0.0,0.0,1.3188208708308526,0.0,0.0,0.0,0.0,0.0,0.0,0.0,0.0,0.0,0.0,0.0,0.0,0.0,0.0,0.0,0.0,0.0,0.0,0.023398841613227264,0.023398841613227264
2018/04/16 10:00:00,2018/04/16 11:00:00,2018/04/16 15:00:00,4.607213160956766,4.607213160956766,2.386014396159158,0.0,0.0,0.0,0.21616650243897678,0.04420894619696981,0.0,0.004731881689496374,0.6372705636413124,0.0,0.0,0.0,0.0,0.0,0.0,1.3188208708308526,0.0,0.0,0.0,0.0,0.0,0.0,0.0,0.0,0.0,0.0,0.0,0.0,0.0,0.0,0.0,0.0,0.0,0.0,0.015720451262834556,0.015720451262834556
2018/04/16 11:00:00,2018/04/16 12:00:00,2018/04/16 16:00:00,3.632249225295234,3.632249225295234,1.670841937144725,0.0,0.0,0.0,0.20714344994933365,0.04236361106157028,0.0,0.004534367197762577,0.3885449891109894,0.0,0.0,0.0,0.0,0.0,0.0,1.3188208708308526,0.0,0.0,0.0,0.0,0.0,0.0,0.0,0.0,0.0,0.0,0.0,0.0,0.0,0.0,0.0,0.0,0.0,0.0,0.01239373888853547,0.01239373888853547
2018/04/16 12:00:00,2018/04/16 13:00:00,2018/04/16 17:00:00,3.6428101674412825,3.6428101674412825,0.9793845700899776,0.0,0.0,0.0,0.20063083423307632,0.041031693884056454,0.0,0.00439180613159006,1.1266063300271993,0.0,0.0,0.0,0.0,0.0,0.0,1.2907649330753828,0.0,0.0,0.0,0.0,0.0,0.0,0.0,0.0,0.0,0.0,0.0,0.0,0.0,0.0,0.0,0.0,0.0,0.0,0.012429774290088737,0.012429774290088737
2018/04/16 13:00:00,2018/04/16 14:00:00,2018/04/16 18:00:00,0.9879071107338978,0.9879071107338978,0.44321655997325776,0.0,0.0,0.0,0.19871440153991735,0.04063975771972915,0.0,0.004349855446966891,0.30098653605402664,0.0,0.0,0.0,0.0,0.0,0.0,0.0,0.0,0.0,0.0,0.0,0.0,0.0,0.0,0.0,0.0,0.0,0.0,0.0,0.0,0.0,0.0,0.0,0.0,0.0,0.00337087628549724,0.00337087628549724
2018/04/16 14:00:00,2018/04/16 15:00:00,2018/04/16 19:00:00,0.8634891026960367,0.8634891026960367,0.05518946397546497,0.0,0.0,0.0,0.19854294757167282,0.04060469308588505,0.0,0.004346102322020269,0.33501695643262186,0.0,0.0,0.0,0.0,0.0,0.0,0.22978893930837183,0.0,0.0,0.0,0.0,0.0,0.0,0.0,0.0,0.0,0.0,0.0,0.0,0.0,0.0,0.0,0.0,0.0,0.0,0.002946344759985628,0.002946344759985628
2018/04/16 15:00:00,2018/04/16 16:00:00,2018/04/16 20:00:00,0.7406394508299472,0.7406394508299472,0.0,0.0,0.0,0.0,0.19874504032772614,0.040646023762369886,0.0,0.004350526129599885,0.3224545518650471,0.0,0.0,0.0,0.0,0.0,0.0,0.17444330874520425,0.0,0.0,0.0,0.0,0.0,0.0,0.0,0.0,0.0,0.0,0.0,0.0,0.0,0.0,0.0,0.0,0.0,0.0,0.002527164683582131,0.002527164683582131
2018/04/16 16:00:00,2018/04/16 17:00:00,2018/04/16 21:00:00,0.6815796874290696,0.6815796874290696,0.0,0.0,0.0,0.0,0.2000346052934617,0.040909757076942034,0.0,0.0043787546885113325,0.4362565703701545,0.0,0.0,0.0,0.0,0.0,0.0,0.0,0.0,0.0,0.0,0.0,0.0,0.0,0.0,0.0,0.0,0.0,0.0,0.0,0.0,0.0,0.0,0.0,0.0,0.0,0.0023256445672554036,0.0023256445672554036
2018/04/16 17:00:00,2018/04/16 18:00:00,2018/04/16 22:00:00,1.2930809327771846,1.2930809327771846,0.0,0.0,0.018776059513197857,0.0,0.20615620498723053,0.042161706238573175,0.0,0.004512756419466611,0.6097539234092758,0.0,0.00759374407921763,0.0,0.0,0.0,0.0,0.40412653813022287,0.0,0.0,0.0,0.0,0.0,0.0,0.0,0.0,0.0,0.0,0.0,0.0,0.0,0.0,0.0,0.0,0.0,0.0,0.00441217175599554,0.00441217175599554
2018/04/16 18:00:00,2018/04/16 19:00:00,2018/04/16 23:00:00,1.0888464328813205,1.0888464328813205,0.0,0.0,0.009448325074349393,0.0,0.2269852351728252,0.04642152200290495,0.0,0.004968703596448881,0.6320623621790874,0.0,0.003838977802628158,0.0,0.0,0.0,0.0,0.16512130705307637,0.0,0.0,0.0,0.0,0.0,0.0,0.0,0.0,0.0,0.0,0.0,0.0,0.0,0.0,0.0,0.0,0.0,0.0,0.003715295273480984,0.003715295273480984
2018/04/16 19:00:00,2018/04/16 20:00:00,2018/04/17 00:00:00,2.23628145827286,2.23628145827286,0.0,0.0,0.0,0.0,0.2768619428797716,0.05662197703464995,0.0,0.006060504024674282,0.5779161635029116,0.0,0.0,0.0,0.0,0.0,0.0,1.3188208708308526,0.0,0.0,0.0,0.0,0.0,0.0,0.0,0.0,0.0,0.0,0.0,0.0,0.0,0.0,0.0,0.0,0.0,0.0,0.0076305029627625216,0.0076305029627625216
2018/04/16 20:00:00,2018/04/16 21:00:00,2018/04/17 01:00:00,1.6442883186227755,1.6442883186227755,0.021922354158115213,0.0,0.0,0.0,0.35770190088743575,0.07315483163424277,0.0,0.007830089565265189,0.5683591774378781,0.0,0.0,0.0,0.0,0.0,0.0,0.6153199649398382,0.0,0.0,0.0,0.0,0.0,0.0,0.0,0.0,0.0,0.0,0.0,0.0,0.0,0.0,0.0,0.0,0.0,0.0,0.005610540140406602,0.005610540140406602
2018/04/16 21:00:00,2018/04/16 22:00:00,2018/04/17 02:00:00,1.9279545125942106,1.9279545125942106,0.5641066014458651,0.0,0.0,0.0,0.43733330911324797,0.08944052160990244,0.0,0.009573219968177187,0.5406511362423495,0.0,0.0,0.0,0.0,0.0,0.0,0.28684972421466837,0.0,0.0,0.0,0.0,0.0,0.0,0.0,0.0,0.0,0.0,0.0,0.0,0.0,0.0,0.0,0.0,0.0,0.0,0.006578448596440718,0.006578448596440718
2018/04/16 22:00:00,2018/04/16 23:00:00,2018/04/17 03:00:00,2.4872559283674254,2.4872559283674254,1.3693685445798651,0.0,0.0,0.0,0.3195641841693384,0.06535515755226234,0.0,0.0069952554842145935,0.4616883462206141,0.0,0.0,0.0,0.0,0.0,0.0,0.2642844403611305,0.0,0.0,0.0,0.0,0.0,0.0,0.0,0.0,0.0,0.0,0.0,0.0,0.0,0.0,0.0,0.0,0.0,0.0,0.00848686271593661,0.00848686271593661
2018/04/16 23:00:00,2018/04/17 00:00:00,2018/04/17 04:00:00,2.604783835899852,2.604783835899852,2.0510994785372354,0.0,0.0,0.0,0.13094360677997474,0.026779722120023,0.0,0.002866353705536267,0.39309467475708215,0.0,0.0,0.0,0.0,0.0,0.0,0.0,0.0,0.0,0.0,0.0,0.0,0.0,0.0,0.0,0.0,0.0,0.0,0.0,0.0,0.0,0.0,0.0,0.0,0.0,0.008887884261465176,0.008887884261465176
2018/04/17 00:00:00,2018/04/17 01:00:00,2018/04/17 05:00:00,3.0810823470703066,3.0810823470703066,2.6540394689534126,0.0,0.0,0.0,0.06501908921459039,0.013297274945155983,0.0,0.0014232669458539432,0.3473032470112933,0.0,0.0,0.0,0.0,0.0,0.0,0.0,0.0,0.0,0.0,0.0,0.0,0.0,0.0,0.0,0.0,0.0,0.0,0.0,0.0,0.0,0.0,0.0,0.0,0.0,0.010513080941069394,0.010513080941069394
2018/04/17 01:00:00,2018/04/17 02:00:00,2018/04/17 06:00:00,3.386229066377257,3.386229066377257,3.0066978485071627,0.0,0.0,0.0,0.03901145352875434,0.00797836496709361,0.0,0.0008539601675123682,0.3316874392067341,0.0,0.0,0.0,0.0,0.0,0.0,0.0,0.0,0.0,0.0,0.0,0.0,0.0,0.0,0.0,0.0,0.0,0.0,0.0,0.0,0.0,0.0,0.0,0.0,0.0,0.011554283933266653,0.011554283933266653
2018/04/17 02:00:00,2018/04/17 03:00:00,2018/04/17 07:00:00,3.405783632660112,3.405783632660112,3.0726738770369924,0.0,0.0,0.0,0.026007635685836212,0.005318909978062404,0.0,0.0005693067783415784,0.30121390318087937,0.0,0.0,0.0,0.0,0.0,0.0,0.0,0.0,0.0,0.0,0.0,0.0,0.0,0.0,0.0,0.0,0.0,0.0,0.0,0.0,0.0,0.0,0.0,0.0,0.0,0.011621006829619826,0.011621006829619826
2018/04/17 03:00:00,2018/04/17 04:00:00,2018/04/17 08:00:00,3.804239833741276,3.804239833741276,3.273587055227023,0.0,0.0,0.0,0.026007635685836212,0.005318909978062404,0.0,0.0005693067783415784,0.2883918910952979,0.0,0.0,0.0,0.0,0.0,0.0,0.2103650349767143,0.0,0.0,0.0,0.0,0.0,0.0,0.0,0.0,0.0,0.0,0.0,0.0,0.0,0.0,0.0,0.0,0.0,0.0,0.012980594734636539,0.012980594734636539
2018/04/17 04:00:00,2018/04/17 05:00:00,2018/04/17 09:00:00,3.9894059153466643,3.9894059153466643,3.373283689582572,0.0,0.0,0.0,0.0278045810395689,0.005686409380447792,0.0,0.0006086418867900008,0.27182226185766784,0.0,0.0,0.0,0.0,0.0,0.0,0.3102003315996173,0.0,0.0,0.0,0.0,0.0,0.0,0.0,0.0,0.0,0.0,0.0,0.0,0.0,0.0,0.0,0.0,0.0,0.0,0.013612407125275538,0.013612407125275538
2018/04/17 05:00:00,2018/04/17 06:00:00,2018/04/17 10:00:00,3.7300097458055634,3.7300097458055634,3.343087034931655,0.0,0.0,0.0,0.07380313982851767,0.015093730994548724,0.0,0.001615549689899291,0.2964102903609423,0.0,0.0,0.0,0.0,0.0,0.0,0.0,0.0,0.0,0.0,0.0,0.0,0.0,0.0,0.0,0.0,0.0,0.0,0.0,0.0,0.0,0.0,0.0,0.0,0.0,0.012727311363787042,0.012727311363787042
2018/04/17 06:00:00,2018/04/17 07:00:00,2018/04/17 11:00:00,3.9012502166652503,3.9012502166652503,3.3258267689721186,0.0,0.0,0.0,0.17326939918692633,0.03543591379704412,0.0,0.003792864704345704,0.36292527000481567,0.0,0.0,0.0,0.0,0.0,0.0,0.0,0.0,0.0,0.0,0.0,0.0,0.0,0.0,0.0,0.0,0.0,0.0,0.0,0.0,0.0,0.0,0.0,0.0,0.0,0.013311607636246794,0.013311607636246794
2018/04/17 07:00:00,2018/04/17 08:00:00,2018/04/17 12:00:00,4.416106856824556,4.416106856824556,2.9757358452754303,0.0,0.0,0.0,0.21926795797587528,0.044843235411145085,0.0,0.004799772507454998,0.5123519768364941,0.0,0.0,0.0,0.0,0.0,0.0,0.6591080688181564,0.0,0.0,0.0,0.0,0.0,0.0,0.0,0.0,0.0,0.0,0.0,0.0,0.0,0.0,0.0,0.0,0.0,0.0,0.015068370007816837,0.015068370007816837
2018/04/17 08:00:00,2018/04/17 09:00:00,2018/04/17 13:00:00,7.085099753559827,7.085099753559827,2.9423730132625705,0.0,0.0,0.0,0.22459555084839308,0.04593279953881092,0.0,0.00491639344029206,2.5484611256389074,0.0,0.0,0.0,0.0,0.0,0.0,1.3188208708308526,0.0,0.0,0.0,0.0,0.0,0.0,0.0,0.0,0.0,0.0,0.0,0.0,0.0,0.0,0.0,0.0,0.0,0.0,0.0241753445037104,0.0241753445037104
2018/04/17 09:00:00,2018/04/17 10:00:00,2018/04/17 14:00:00,5.318107322863009,5.318107322863009,3.4559189513908133,0.0,0.0,0.0,0.22267911815523408,0.04554086337448363,0.0,0.00487444275566889,0.2702730763559569,0.0,0.0,0.0,0.0,0.0,0.0,1.3188208708308526,0.0,0.0,0.0,0.0,0.0,0.0,0.0,0.0,0.0,0.0,0.0,0.0,0.0,0.0,0.0,0.0,0.0,0.0,0.018146120888886744,0.018146120888886744
2018/04/17 10:00:00,2018/04/17 11:00:00,2018/04/17 15:00:00,4.733497587877986,4.733497587877986,2.8824163230579876,0.0,0.0,0.0,0.21616650243897678,0.04420894619696981,0.0,0.004731881689496374,0.2671530636637028,0.0,0.0,0.0,0.0,0.0,0.0,1.3188208708308526,0.0,0.0,0.0,0.0,0.0,0.0,0.0,0.0,0.0,0.0,0.0,0.0,0.0,0.0,0.0,0.0,0.0,0.0,0.01615135126882815,0.01615135126882815
2018/04/17 11:00:00,2018/04/17 12:00:00,2018/04/17 16:00:00,4.2023063771044535,4.2023063771044535,2.3636861144298034,0.0,0.0,0.0,0.20714344994933365,0.04236361106157028,0.0,0.004534367197762577,0.2843418273317665,0.0,0.0,0.0,0.0,0.0,0.0,1.3002370071342173,0.0,0.0,0.0,0.0,0.0,0.0,0.0,0.0,0.0,0.0,0.0,0.0,0.0,0.0,0.0,0.0,0.0,0.0,0.014338853073394695,0.014338853073394695
2018/04/17 12:00:00,2018/04/17 13:00:00,2018/04/17 17:00:00,3.1082372504267073,3.1082372504267073,1.7649183904383985,0.0,0.0,0.0,0.20063083423307632,0.041031693884056454,0.0,0.00439180613159006,0.2902347457587424,0.0,0.0,0.0,0.0,0.0,0.0,0.8070297799808434,0.0,0.0,0.0,0.0,0.0,0.0,0.0,0.0,0.0,0.0,0.0,0.0,0.0,0.0,0.0,0.0,0.0,0.0,0.010605737243230294,0.010605737243230294
2018/04/17 13:00:00,2018/04/17 14:00:00,2018/04/17 18:00:00,1.9485767882535965,1.9485767882535965,1.4038862374929564,0.0,0.0,0.0,0.19871440153991735,0.04063975771972915,0.0,0.004349855446966891,0.30098653605402664,0.0,0.0,0.0,0.0,0.0,0.0,0.0,0.0,0.0,0.0,0.0,0.0,0.0,0.0,0.0,0.0,0.0,0.0,0.0,0.0,0.0,0.0,0.0,0.0,0.0,0.006648814665495094,0.006648814665495094
2018/04/17 14:00:00,2018/04/17 15:00:00,2018/04/17 19:00:00,1.851354190125075,1.851354190125075,1.272843490712875,0.0,0.0,0.0,0.19854294757167282,0.04060469308588505,0.0,0.004346102322020269,0.33501695643262186,0.0,0.0,0.0,0.0,0.0,0.0,0.0,0.0,0.0,0.0,0.0,0.0,0.0,0.0,0.0,0.0,0.0,0.0,0.0,0.0,0.0,0.0,0.0,0.0,0.0,0.006317077656129506,0.006317077656129506
2018/04/17 15:00:00,2018/04/17 16:00:00,2018/04/17 20:00:00,1.8654017714312963,1.8654017714312963,1.299205629346553,0.0,0.0,0.0,0.19874504032772614,0.040646023762369886,0.0,0.004350526129599885,0.3224545518650471,0.0,0.0,0.0,0.0,0.0,0.0,0.0,0.0,0.0,0.0,0.0,0.0,0.0,0.0,0.0,0.0,0.0,0.0,0.0,0.0,0.0,0.0,0.0,0.0,0.0,0.006365009954803375,0.006365009954803375
2018/04/17 16:00:00,2018/04/17 17:00:00,2018/04/17 21:00:00,2.292177320162014,2.292177320162014,1.610597632732944,0.0,0.0,0.0,0.2000346052934617,0.040909757076942034,0.0,0.0043787546885113325,0.4362565703701545,0.0,0.0,0.0,0.0,0.0,0.0,0.0,0.0,0.0,0.0,0.0,0.0,0.0,0.0,0.0,0.0,0.0,0.0,0.0,0.0,0.0,0.0,0.0,0.0,0.0,0.007821227407654516,0.007821227407654516
2018/04/17 17:00:00,2018/04/17 18:00:00,2018/04/17 22:00:00,2.976679879060251,2.976679879060251,2.114095288005705,0.0,0.0,0.0,0.20615620498723053,0.042161706238573175,0.0,0.004512756419466611,0.6097539234092758,0.0,0.0,0.0,0.0,0.0,0.0,0.0,0.0,0.0,0.0,0.0,0.0,0.0,0.0,0.0,0.0,0.0,0.0,0.0,0.0,0.0,0.0,0.0,0.0,0.0,0.010156845218359554,0.010156845218359554
2018/04/17 18:00:00,2018/04/17 19:00:00,2018/04/17 23:00:00,3.5290174518678485,3.5290174518678485,2.6185796289165824,0.0,0.0,0.0,0.2269852351728252,0.04642152200290495,0.0,0.004968703596448881,0.6320623621790874,0.0,0.0,0.0,0.0,0.0,0.0,0.0,0.0,0.0,0.0,0.0,0.0,0.0,0.0,0.0,0.0,0.0,0.0,0.0,0.0,0.0,0.0,0.0,0.0,0.0,0.012041497738355177,0.012041497738355177
2018/04/17 19:00:00,2018/04/17 20:00:00,2018/04/18 00:00:00,5.161596838217372,5.161596838217372,2.666387539554863,0.0,0.0,0.0,0.2768619428797716,0.05662197703464995,0.0,0.006060504024674282,0.9123782177910595,0.0,0.0,0.0,0.0,0.0,0.0,1.2432866569323542,0.0,0.0,0.0,0.0,0.0,0.0,0.0,0.0,0.0,0.0,0.0,0.0,0.0,0.0,0.0,0.0,0.0,0.0,0.017612085375434745,0.017612085375434745
2018/04/17 20:00:00,2018/04/17 21:00:00,2018/04/18 01:00:00,12.772349236988942,12.772349236988942,2.7534085604980683,0.0,0.0,0.0,0.35770190088743575,0.07315483163424277,0.0,0.007830089565265189,8.261432983573076,0.0,0.0,0.0,0.0,0.0,0.0,1.3188208708308526,0.0,0.0,0.0,0.0,0.0,0.0,0.0,0.0,0.0,0.0,0.0,0.0,0.0,0.0,0.0,0.0,0.0,0.0,0.043581029719556096,0.043581029719556096
2018/04/17 21:00:00,2018/04/17 22:00:00,2018/04/18 02:00:00,8.940827620198922,8.940827620198922,3.0098661403791866,0.0,0.0,0.0,0.43733330911324797,0.08944052160990244,0.0,0.009573219968177187,4.075793558297555,0.0,0.0,0.0,0.0,0.0,0.0,1.3188208708308526,0.0,0.0,0.0,0.0,0.0,0.0,0.0,0.0,0.0,0.0,0.0,0.0,0.0,0.0,0.0,0.0,0.0,0.0,0.030507345751624358,0.030507345751624358
2018/04/17 22:00:00,2018/04/17 23:00:00,2018/04/18 03:00:00,7.524643650923948,7.524643650923948,3.551026241697102,0.0,0.0,0.0,0.3195641841693384,0.06535515755226234,0.0,0.0069952554842145935,2.262881941190178,0.0,0.0,0.0,0.0,0.0,0.0,1.3188208708308526,0.0,0.0,0.0,0.0,0.0,0.0,0.0,0.0,0.0,0.0,0.0,0.0,0.0,0.0,0.0,0.0,0.0,0.0,0.02567512933566597,0.02567512933566597
2018/04/17 23:00:00,2018/04/18 00:00:00,2018/04/18 04:00:00,6.723877491505456,6.723877491505456,4.805511546883638,0.0,0.0,0.0,0.13094360677997474,0.026779722120023,0.0,0.002866353705536267,0.4389553911854312,0.0,0.0,0.0,0.0,0.0,0.0,1.3188208708308526,0.0,0.0,0.0,0.0,0.0,0.0,0.0,0.0,0.0,0.0,0.0,0.0,0.0,0.0,0.0,0.0,0.0,0.0,0.022942803970574455,0.022942803970574455
2018/04/18 00:00:00,2018/04/18 01:00:00,2018/04/18 05:00:00,7.492769123977191,7.492769123977191,5.746905375029445,0.0,0.0,0.0,0.06501908921459039,0.013297274945155983,0.0,0.0014232669458539432,0.3473032470112933,0.0,0.0,0.0,0.0,0.0,0.0,1.3188208708308526,0.0,0.0,0.0,0.0,0.0,0.0,0.0,0.0,0.0,0.0,0.0,0.0,0.0,0.0,0.0,0.0,0.0,0.0,0.025566369022242935,0.025566369022242935
2018/04/18 01:00:00,2018/04/18 02:00:00,2018/04/18 06:00:00,8.748838163132195,8.748838163132195,6.9674391551308394,0.0,0.0,0.0,0.03901145352875434,0.00797836496709361,0.0,0.0008539601675123682,0.4147343585071445,0.0,0.0,0.0,0.0,0.0,0.0,1.3188208708308526,0.0,0.0,0.0,0.0,0.0,0.0,0.0,0.0,0.0,0.0,0.0,0.0,0.0,0.0,0.0,0.0,0.0,0.0,0.029852251056121108,0.029852251056121108
2018/04/18 02:00:00,2018/04/18 03:00:00,2018/04/18 07:00:00,10.061277749402818,10.061277749402818,6.466754665082849,0.0,0.0,0.0,0.026007635685836212,0.005318909978062404,0.0,0.0005693067783415784,2.243806361046877,0.0,0.0,0.0,0.0,0.0,0.0,1.3188208708308526,0.0,0.0,0.0,0.0,0.0,0.0,0.0,0.0,0.0,0.0,0.0,0.0,0.0,0.0,0.0,0.0,0.0,0.0,0.034330477226819374,0.034330477226819374
2018/04/18 03:00:00,2018/04/18 04:00:00,2018/04/18 08:00:00,9.72336636826164,9.72336636826164,6.716783217703965,0.0,0.0,0.0,0.026007635685836212,0.005318909978062404,0.0,0.0005693067783415784,1.951958841870368,0.0,0.0,0.0,0.0,0.0,0.0,1.0227284562450698,0.0,0.0,0.0,0.0,0.0,0.0,0.0,0.0,0.0,0.0,0.0,0.0,0.0,0.0,0.0,0.0,0.0,0.0,0.03317747665732025,0.03317747665732025
2018/04/18 04:00:00,2018/04/18 05:00:00,2018/04/18 09:00:00,8.90213798174226,8.90213798174226,6.901425867066707,0.0,0.0,0.0,0.0278045810395689,0.005686409380447792,0.0,0.0006086418867900008,1.9666124823687468,0.0,0.0,0.0,0.0,0.0,0.0,0.0,0.0,0.0,0.0,0.0,0.0,0.0,0.0,0.0,0.0,0.0,0.0,0.0,0.0,0.0,0.0,0.0,0.0,0.0,0.030375331331087253,0.030375331331087253
2018/04/18 05:00:00,2018/04/18 06:00:00,2018/04/18 10:00:00,7.476577866056849,7.476577866056849,7.089655155182942,0.0,0.0,0.0,0.07380313982851767,0.015093730994548724,0.0,0.001615549689899291,0.2964102903609423,0.0,0.0,0.0,0.0,0.0,0.0,0.0,0.0,0.0,0.0,0.0,0.0,0.0,0.0,0.0,0.0,0.0,0.0,0.0,0.0,0.0,0.0,0.0,0.0,0.0,0.025511122201197677,0.025511122201197677
2018/04/18 06:00:00,2018/04/18 07:00:00,2018/04/18 11:00:00,7.752282424613727,7.752282424613727,7.176858976920595,0.0,0.0,0.0,0.17326939918692633,0.03543591379704412,0.0,0.003792864704345704,0.36292527000481567,0.0,0.0,0.0,0.0,0.0,0.0,0.0,0.0,0.0,0.0,0.0,0.0,0.0,0.0,0.0,0.0,0.0,0.0,0.0,0.0,0.0,0.0,0.0,0.0,0.0,0.026451864451298962,0.026451864451298962
2018/04/18 07:00:00,2018/04/18 08:00:00,2018/04/18 12:00:00,7.783655752029584,7.783655752029584,7.100450173114373,0.0,0.0,0.0,0.21926795797587528,0.044843235411145085,0.0,0.004799772507454998,0.4142946130207353,0.0,0.0,0.0,0.0,0.0,0.0,0.0,0.0,0.0,0.0,0.0,0.0,0.0,0.0,0.0,0.0,0.0,0.0,0.0,0.0,0.0,0.0,0.0,0.0,0.0,0.02655891460230424,0.02655891460230424
2018/04/18 08:00:00,2018/04/18 09:00:00,2018/04/18 13:00:00,7.371756962357003,7.371756962357003,6.758364923078974,0.0,0.0,0.0,0.22459555084839308,0.04593279953881092,0.0,0.00491639344029206,0.337947295450533,0.0,0.0,0.0,0.0,0.0,0.0,0.0,0.0,0.0,0.0,0.0,0.0,0.0,0.0,0.0,0.0,0.0,0.0,0.0,0.0,0.0,0.0,0.0,0.0,0.0,0.025153458717792128,0.025153458717792128
2018/04/18 09:00:00,2018/04/18 10:00:00,2018/04/18 14:00:00,6.48720129060473,6.48720129060473,5.943833789963388,0.0,0.0,0.0,0.22267911815523408,0.04554086337448363,0.0,0.00487444275566889,0.2702730763559569,0.0,0.0,0.0,0.0,0.0,0.0,0.0,0.0,0.0,0.0,0.0,0.0,0.0,0.0,0.0,0.0,0.0,0.0,0.0,0.0,0.0,0.0,0.0,0.0,0.0,0.022135231897968198,0.022135231897968198
2018/04/18 10:00:00,2018/04/18 11:00:00,2018/04/18 15:00:00,5.939227983144394,5.939227983144394,5.406967589155249,0.0,0.0,0.0,0.21616650243897678,0.04420894619696981,0.0,0.004731881689496374,0.2671530636637028,0.0,0.0,0.0,0.0,0.0,0.0,0.0,0.0,0.0,0.0,0.0,0.0,0.0,0.0,0.0,0.0,0.0,0.0,0.0,0.0,0.0,0.0,0.0,0.0,0.0,0.020265470857548797,0.020265470857548797
2018/04/18 11:00:00,2018/04/18 12:00:00,2018/04/18 16:00:00,6.023884893704881,6.023884893704881,4.6811829400523735,0.0,0.0,0.0,0.20714344994933365,0.04236361106157028,0.0,0.004534367197762577,0.2843418273317665,0.0,0.0,0.0,0.0,0.0,0.0,0.8043186981120747,0.0,0.0,0.0,0.0,0.0,0.0,0.0,0.0,0.0,0.0,0.0,0.0,0.0,0.0,0.0,0.0,0.0,0.0,0.02055433199551531,0.02055433199551531
2018/04/18 12:00:00,2018/04/18 13:00:00,2018/04/18 17:00:00,6.273560465418765,6.273560465418765,4.418450514580447,0.0,0.0,0.0,0.20063083423307632,0.041031693884056454,0.0,0.00439180613159006,0.2902347457587424,0.0,0.0,0.0,0.0,0.0,0.0,1.3188208708308526,0.0,0.0,0.0,0.0,0.0,0.0,0.0,0.0,0.0,0.0,0.0,0.0,0.0,0.0,0.0,0.0,0.0,0.0,0.021406259726993095,0.021406259726993095
2018/04/18 13:00:00,2018/04/18 14:00:00,2018/04/18 18:00:00,5.178217888266829,5.178217888266829,3.995037498770992,0.0,0.0,0.0,0.19871440153991735,0.04063975771972915,0.0,0.004349855446966891,0.30098653605402664,0.0,0.0,0.0,0.0,0.0,0.0,0.6384898387351972,0.0,0.0,0.0,0.0,0.0,0.0,0.0,0.0,0.0,0.0,0.0,0.0,0.0,0.0,0.0,0.0,0.0,0.0,0.017668798706924133,0.017668798706924133
2018/04/18 14:00:00,2018/04/18 15:00:00,2018/04/18 19:00:00,4.56718085578927,4.56718085578927,3.9886701563770703,0.0,0.0,0.0,0.19854294757167282,0.04060469308588505,0.0,0.004346102322020269,0.33501695643262186,0.0,0.0,0.0,0.0,0.0,0.0,0.0,0.0,0.0,0.0,0.0,0.0,0.0,0.0,0.0,0.0,0.0,0.0,0.0,0.0,0.0,0.0,0.0,0.0,0.0,0.015583855476979087,0.015583855476979087
2018/04/18 15:00:00,2018/04/18 16:00:00,2018/04/18 20:00:00,4.667900311715897,4.667900311715897,4.014936715513482,0.0,0.0,0.0,0.19874504032772614,0.040646023762369886,0.0,0.004350526129599885,0.4092220059827198,0.0,0.0,0.0,0.0,0.0,0.0,0.0,0.0,0.0,0.0,0.0,0.0,0.0,0.0,0.0,0.0,0.0,0.0,0.0,0.0,0.0,0.0,0.0,0.0,0.0,0.01592752425087731,0.01592752425087731
2018/04/18 16:00:00,2018/04/18 17:00:00,2018/04/18 21:00:00,7.2587415866549465,7.2587415866549465,3.847385412158078,0.0,0.0,0.0,0.2000346052934617,0.040909757076942034,0.0,0.0043787546885113325,2.541707192293042,0.0,0.0,0.0,0.0,0.0,0.0,0.6243258651449123,0.0,0.0,0.0,0.0,0.0,0.0,0.0,0.0,0.0,0.0,0.0,0.0,0.0,0.0,0.0,0.0,0.0,0.0,0.02476783455767487,0.02476783455767487
2018/04/18 17:00:00,2018/04/18 18:00:00,2018/04/18 22:00:00,7.793473245076067,7.793473245076067,3.4270644435203956,0.0,0.0,0.0,0.20615620498723053,0.042161706238573175,0.0,0.004512756419466611,3.9787251636729737,0.0,0.0,0.0,0.0,0.0,0.0,0.13485297023742693,0.0,0.0,0.0,0.0,0.0,0.0,0.0,0.0,0.0,0.0,0.0,0.0,0.0,0.0,0.0,0.0,0.0,0.0,0.026592413252262168,0.026592413252262168
2018/04/18 18:00:00,2018/04/18 19:00:00,2018/04/18 23:00:00,4.74806614298731,4.74806614298731,3.837628320036043,0.0,0.0,0.0,0.2269852351728252,0.04642152200290495,0.0,0.004968703596448881,0.6320623621790874,0.0,0.0,0.0,0.0,0.0,0.0,0.0,0.0,0.0,0.0,0.0,0.0,0.0,0.0,0.0,0.0,0.0,0.0,0.0,0.0,0.0,0.0,0.0,0.0,0.0,0.016201061202483245,0.016201061202483245
2018/04/18 19:00:00,2018/04/18 20:00:00,2018/04/19 00:00:00,4.885182353897735,4.885182353897735,3.9624489814410655,0.0,0.0,0.0,0.2768619428797716,0.05662197703464995,0.0,0.006060504024674282,0.5831889485175733,0.0,0.0,0.0,0.0,0.0,0.0,0.0,0.0,0.0,0.0,0.0,0.0,0.0,0.0,0.0,0.0,0.0,0.0,0.0,0.0,0.0,0.0,0.0,0.0,0.0,0.01666892076001981,0.01666892076001981
2018/04/18 20:00:00,2018/04/18 21:00:00,2018/04/19 01:00:00,5.670247822405725,5.670247822405725,4.54433707121963,0.0,0.0,0.0,0.35770190088743575,0.07315483163424277,0.0,0.007830089565265189,0.6872239290991515,0.0,0.0,0.0,0.0,0.0,0.0,0.0,0.0,0.0,0.0,0.0,0.0,0.0,0.0,0.0,0.0,0.0,0.0,0.0,0.0,0.0,0.0,0.0,0.0,0.0,0.019347673186845077,0.019347673186845077
2018/04/18 21:00:00,2018/04/18 22:00:00,2018/04/19 02:00:00,6.32156599824347,6.32156599824347,5.244567811309793,0.0,0.0,0.0,0.43733330911324797,0.08944052160990244,0.0,0.009573219968177187,0.5406511362423495,0.0,0.0,0.0,0.0,0.0,0.0,0.0,0.0,0.0,0.0,0.0,0.0,0.0,0.0,0.0,0.0,0.0,0.0,0.0,0.0,0.0,0.0,0.0,0.0,0.0,0.021570061273123522,0.021570061273123522
2018/04/18 22:00:00,2018/04/18 23:00:00,2018/04/19 03:00:00,6.679865824918945,6.679865824918945,5.826262881492515,0.0,0.0,0.0,0.3195641841693384,0.06535515755226234,0.0,0.0069952554842145935,0.4616883462206141,0.0,0.0,0.0,0.0,0.0,0.0,0.0,0.0,0.0,0.0,0.0,0.0,0.0,0.0,0.0,0.0,0.0,0.0,0.0,0.0,0.0,0.0,0.0,0.0,0.0,0.022792630050810416,0.022792630050810416
2018/04/18 23:00:00,2018/04/19 00:00:00,2018/04/19 04:00:00,6.84697715887597,6.84697715887597,6.2932928015133545,0.0,0.0,0.0,0.13094360677997474,0.026779722120023,0.0,0.002866353705536267,0.39309467475708215,0.0,0.0,0.0,0.0,0.0,0.0,0.0,0.0,0.0,0.0,0.0,0.0,0.0,0.0,0.0,0.0,0.0,0.0,0.0,0.0,0.0,0.0,0.0,0.0,0.0,0.02336283713460706,0.02336283713460706
2018/04/19 00:00:00,2018/04/19 01:00:00,2018/04/19 05:00:00,8.996973916547166,8.996973916547166,7.536089784879047,0.0,0.0,0.0,0.06501908921459039,0.013297274945155983,0.0,0.0014232669458539432,1.381144500562518,0.0,0.0,0.0,0.0,0.0,0.0,0.0,0.0,0.0,0.0,0.0,0.0,0.0,0.0,0.0,0.0,0.0,0.0,0.0,0.0,0.0,0.0,0.0,0.0,0.0,0.030698924713676967,0.030698924713676967
2018/04/19 01:00:00,2018/04/19 02:00:00,2018/04/19 06:00:00,7.923252587296083,7.923252587296083,7.139330192893213,0.0,0.0,0.0,0.03901145352875434,0.00797836496709361,0.0,0.0008539601675123682,0.3316874392067341,0.0,0.0,0.0,0.0,0.0,0.0,0.4043911765327757,0.0,0.0,0.0,0.0,0.0,0.0,0.0,0.0,0.0,0.0,0.0,0.0,0.0,0.0,0.0,0.0,0.0,0.0,0.02703523839471093,0.02703523839471093
2018/04/19 02:00:00,2018/04/19 03:00:00,2018/04/19 07:00:00,7.34695736413138,7.34695736413138,7.013847608508262,0.0,0.0,0.0,0.026007635685836212,0.005318909978062404,0.0,0.0005693067783415784,0.30121390318087937,0.0,0.0,0.0,0.0,0.0,0.0,0.0,0.0,0.0,0.0,0.0,0.0,0.0,0.0,0.0,0.0,0.0,0.0,0.0,0.0,0.0,0.0,0.0,0.0,0.0,0.025068839043897367,0.025068839043897367
2018/04/19 03:00:00,2018/04/19 04:00:00,2018/04/19 08:00:00,7.638077866638054,7.638077866638054,7.317790123100518,0.0,0.0,0.0,0.026007635685836212,0.005318909978062404,0.0,0.0005693067783415784,0.2883918910952979,0.0,0.0,0.0,0.0,0.0,0.0,0.0,0.0,0.0,0.0,0.0,0.0,0.0,0.0,0.0,0.0,0.0,0.0,0.0,0.0,0.0,0.0,0.0,0.0,0.0,0.026062182636082648,0.026062182636082648
2018/04/19 04:00:00,2018/04/19 05:00:00,2018/04/19 09:00:00,7.897490725011109,7.897490725011109,7.591568830846636,0.0,0.0,0.0,0.0278045810395689,0.005686409380447792,0.0,0.0006086418867900008,0.27182226185766784,0.0,0.0,0.0,0.0,0.0,0.0,0.0,0.0,0.0,0.0,0.0,0.0,0.0,0.0,0.0,0.0,0.0,0.0,0.0,0.0,0.0,0.0,0.0,0.0,0.0,0.026947335342183906,0.026947335342183906
2018/04/19 05:00:00,2018/04/19 06:00:00,2018/04/19 10:00:00,8.250073696515198,8.250073696515198,7.86315098564129,0.0,0.0,0.0,0.07380313982851767,0.015093730994548724,0.0,0.001615549689899291,0.2964102903609423,0.0,0.0,0.0,0.0,0.0,0.0,0.0,0.0,0.0,0.0,0.0,0.0,0.0,0.0,0.0,0.0,0.0,0.0,0.0,0.0,0.0,0.0,0.0,0.0,0.0,0.028150397415935308,0.028150397415935308
2018/04/19 06:00:00,2018/04/19 07:00:00,2018/04/19 11:00:00,8.527403597609668,8.527403597609668,7.951980149916537,0.0,0.0,0.0,0.17326939918692633,0.03543591379704412,0.0,0.003792864704345704,0.36292527000481567,0.0,0.0,0.0,0.0,0.0,0.0,0.0,0.0,0.0,0.0,0.0,0.0,0.0,0.0,0.0,0.0,0.0,0.0,0.0,0.0,0.0,0.0,0.0,0.0,0.0,0.02909668556054049,0.02909668556054049
2018/04/19 07:00:00,2018/04/19 08:00:00,2018/04/19 12:00:00,7.786169876132621,7.786169876132621,6.691599043568694,0.0,0.0,0.0,0.21926795797587528,0.044843235411145085,0.0,0.004799772507454998,0.4142946130207353,0.0,0.0,0.0,0.0,0.0,0.0,0.4113652536487174,0.0,0.0,0.0,0.0,0.0,0.0,0.0,0.0,0.0,0.0,0.0,0.0,0.0,0.0,0.0,0.0,0.0,0.0,0.026567493142964232,0.026567493142964232
2018/04/19 08:00:00,2018/04/19 09:00:00,2018/04/19 13:00:00,7.813663101883795,7.813663101883795,5.8814501917749125,0.0,0.0,0.0,0.22459555084839308,0.04593279953881092,0.0,0.00491639344029206,0.337947295450533,0.0,0.0,0.0,0.0,0.0,0.0,1.3188208708308526,0.0,0.0,0.0,0.0,0.0,0.0,0.0,0.0,0.0,0.0,0.0,0.0,0.0,0.0,0.0,0.0,0.0,0.0,0.026661303848130233,0.026661303848130233
2018/04/19 09:00:00,2018/04/19 10:00:00,2018/04/19 14:00:00,6.502008556506125,6.502008556506125,4.639820185033929,0.0,0.0,0.0,0.22267911815523408,0.04554086337448363,0.0,0.00487444275566889,0.2702730763559569,0.0,0.0,0.0,0.0,0.0,0.0,1.3188208708308526,0.0,0.0,0.0,0.0,0.0,0.0,0.0,0.0,0.0,0.0,0.0,0.0,0.0,0.0,0.0,0.0,0.0,0.0,0.02218575634600358,0.02218575634600358
2018/04/19 10:00:00,2018/04/19 11:00:00,2018/04/19 15:00:00,5.419488908568192,5.419488908568192,3.568407643748193,0.0,0.0,0.0,0.21616650243897678,0.04420894619696981,0.0,0.004731881689496374,0.2671530636637028,0.0,0.0,0.0,0.0,0.0,0.0,1.3188208708308526,0.0,0.0,0.0,0.0,0.0,0.0,0.0,0.0,0.0,0.0,0.0,0.0,0.0,0.0,0.0,0.0,0.0,0.0,0.018492048941561482,0.018492048941561482
2018/04/19 11:00:00,2018/04/19 12:00:00,2018/04/19 16:00:00,3.2746785553397633,3.2746785553397633,2.733829558379275,0.0,0.0,0.0,0.20714344994933365,0.04236361106157028,0.0,0.004534367197762577,0.2843418273317665,0.0,0.0,0.0,0.0,0.0,0.0,0.0024657414200550884,0.0,0.0,0.0,0.0,0.0,0.0,0.0,0.0,0.0,0.0,0.0,0.0,0.0,0.0,0.0,0.0,0.0,0.0,0.011173658094859592,0.011173658094859592
2018/04/19 12:00:00,2018/04/19 13:00:00,2018/04/19 17:00:00,2.625349638929417,2.625349638929417,2.0890605589219504,0.0,0.0,0.0,0.20063083423307632,0.041031693884056454,0.0,0.00439180613159006,0.2902347457587424,0.0,0.0,0.0,0.0,0.0,0.0,0.0,0.0,0.0,0.0,0.0,0.0,0.0,0.0,0.0,0.0,0.0,0.0,0.0,0.0,0.0,0.0,0.0,0.0,0.0,0.008958057638062362,0.008958057638062362
2018/04/19 13:00:00,2018/04/19 14:00:00,2018/04/19 18:00:00,2.2360394611700585,2.2360394611700585,1.6913489104094184,0.0,0.0,0.0,0.19871440153991735,0.04063975771972915,0.0,0.004349855446966891,0.30098653605402664,0.0,0.0,0.0,0.0,0.0,0.0,0.0,0.0,0.0,0.0,0.0,0.0,0.0,0.0,0.0,0.0,0.0,0.0,0.0,0.0,0.0,0.0,0.0,0.0,0.0,0.007629677235033537,0.007629677235033537
2018/04/19 14:00:00,2018/04/19 15:00:00,2018/04/19 19:00:00,1.80208562212264,1.80208562212264,1.1761834284383594,0.0,0.0,0.0,0.19854294757167282,0.04060469308588505,0.0,0.004346102322020269,0.3824084507047026,0.0,0.0,0.0,0.0,0.0,0.0,0.0,0.0,0.0,0.0,0.0,0.0,0.0,0.0,0.0,0.0,0.0,0.0,0.0,0.0,0.0,0.0,0.0,0.0,0.0,0.006148966458532761,0.006148966458532761
2018/04/19 15:00:00,2018/04/19 16:00:00,2018/04/19 20:00:00,2.4123147721689175,2.4123147721689175,0.6027495763428106,0.0,0.0,0.0,0.19874504032772614,0.040646023762369886,0.0,0.004350526129599885,1.4063888265751139,0.0,0.0,0.0,0.0,0.0,0.0,0.15943477903129719,0.0,0.0,0.0,0.0,0.0,0.0,0.0,0.0,0.0,0.0,0.0,0.0,0.0,0.0,0.0,0.0,0.0,0.0,0.008231153081404643,0.008231153081404643
2018/04/19 16:00:00,2018/04/19 17:00:00,2018/04/19 21:00:00,1.7086653902990236,1.7086653902990236,0.4309959997170475,0.0,0.0,0.0,0.2000346052934617,0.040909757076942034,0.0,0.0043787546885113325,0.78758108872593,0.0,0.0,0.0,0.0,0.0,0.0,0.24476518479713122,0.0,0.0,0.0,0.0,0.0,0.0,0.0,0.0,0.0,0.0,0.0,0.0,0.0,0.0,0.0,0.0,0.0,0.0,0.005830203651161181,0.005830203651161181
2018/04/19 17:00:00,2018/04/19 18:00:00,2018/04/19 22:00:00,1.0914265930869647,1.0914265930869647,0.22884200203241864,0.0,0.0,0.0,0.20615620498723053,0.042161706238573175,0.0,0.004512756419466611,0.6097539234092758,0.0,0.0,0.0,0.0,0.0,0.0,0.0,0.0,0.0,0.0,0.0,0.0,0.0,0.0,0.0,0.0,0.0,0.0,0.0,0.0,0.0,0.0,0.0,0.0,0.0,0.003724099138495711,0.003724099138495711
2018/04/19 18:00:00,2018/04/19 19:00:00,2018/04/19 23:00:00,1.4660453226733994,1.4660453226733994,0.08473070674934893,0.0,0.0,0.0,0.2269852351728252,0.04642152200290495,0.0,0.004968703596448881,0.6320623621790874,0.0,0.0,0.0,0.0,0.0,0.0,0.4708767929727841,0.0,0.0,0.0,0.0,0.0,0.0,0.0,0.0,0.0,0.0,0.0,0.0,0.0,0.0,0.0,0.0,0.0,0.0,0.00500235027966617,0.00500235027966617
2018/04/19 19:00:00,2018/04/19 20:00:00,2018/04/20 00:00:00,2.5760913531819107,2.5760913531819107,0.33980989490905034,0.0,0.0,0.0,0.2768619428797716,0.05662197703464995,0.0,0.006060504024674282,0.5779161635029116,0.0,0.0,0.0,0.0,0.0,0.0,1.3188208708308526,0.0,0.0,0.0,0.0,0.0,0.0,0.0,0.0,0.0,0.0,0.0,0.0,0.0,0.0,0.0,0.0,0.0,0.0,0.008789981524947674,0.008789981524947674
2018/04/19 20:00:00,2018/04/19 21:00:00,2018/04/20 01:00:00,3.5094269990206195,3.5094269990206195,1.1835601286649453,0.0,0.0,0.0,0.35770190088743575,0.07315483163424277,0.0,0.007830089565265189,0.5683591774378781,0.0,0.0,0.0,0.0,0.0,0.0,1.3188208708308526,0.0,0.0,0.0,0.0,0.0,0.0,0.0,0.0,0.0,0.0,0.0,0.0,0.0,0.0,0.0,0.0,0.0,0.0,0.011974652392059595,0.011974652392059595
2018/04/19 21:00:00,2018/04/19 22:00:00,2018/04/20 02:00:00,4.354791880606705,4.354791880606705,1.9589728228421752,0.0,0.0,0.0,0.43733330911324797,0.08944052160990244,0.0,0.009573219968177187,0.5406511362423495,0.0,0.0,0.0,0.0,0.0,0.0,1.3188208708308526,0.0,0.0,0.0,0.0,0.0,0.0,0.0,0.0,0.0,0.0,0.0,0.0,0.0,0.0,0.0,0.0,0.0,0.0,0.014859154792101831,0.014859154792101831
2018/04/19 22:00:00,2018/04/19 23:00:00,2018/04/20 03:00:00,4.369546313179544,4.369546313179544,2.8309038834451865,0.0,0.0,0.0,0.3195641841693384,0.06535515755226234,0.0,0.0069952554842145935,0.4616883462206141,0.0,0.0,0.0,0.0,0.0,0.0,0.6850394863079291,0.0,0.0,0.0,0.0,0.0,0.0,0.0,0.0,0.0,0.0,0.0,0.0,0.0,0.0,0.0,0.0,0.0,0.0,0.014909498965481454,0.014909498965481454
2018/04/19 23:00:00,2018/04/20 00:00:00,2018/04/20 04:00:00,4.215395880227788,4.215395880227788,3.661711522865172,0.0,0.0,0.0,0.13094360677997474,0.026779722120023,0.0,0.002866353705536267,0.39309467475708215,0.0,0.0,0.0,0.0,0.0,0.0,0.0,0.0,0.0,0.0,0.0,0.0,0.0,0.0,0.0,0.0,0.0,0.0,0.0,0.0,0.0,0.0,0.0,0.0,0.0,0.014383516276228222,0.014383516276228222
2018/04/20 00:00:00,2018/04/20 01:00:00,2018/04/20 05:00:00,5.360004345582437,5.360004345582437,4.932961467465543,0.0,0.0,0.0,0.06501908921459039,0.013297274945155983,0.0,0.0014232669458539432,0.3473032470112933,0.0,0.0,0.0,0.0,0.0,0.0,0.0,0.0,0.0,0.0,0.0,0.0,0.0,0.0,0.0,0.0,0.0,0.0,0.0,0.0,0.0,0.0,0.0,0.0,0.0,0.01828907935004504,0.01828907935004504
2018/04/20 01:00:00,2018/04/20 02:00:00,2018/04/20 06:00:00,5.987459387530804,5.987459387530804,5.60792816966071,0.0,0.0,0.0,0.03901145352875434,0.00797836496709361,0.0,0.0008539601675123682,0.3316874392067341,0.0,0.0,0.0,0.0,0.0,0.0,0.0,0.0,0.0,0.0,0.0,0.0,0.0,0.0,0.0,0.0,0.0,0.0,0.0,0.0,0.0,0.0,0.0,0.0,0.0,0.0204300431088221,0.0204300431088221
2018/04/20 02:00:00,2018/04/20 03:00:00,2018/04/20 07:00:00,5.996569070180939,5.996569070180939,5.663459314557821,0.0,0.0,0.0,0.026007635685836212,0.005318909978062404,0.0,0.0005693067783415784,0.30121390318087937,0.0,0.0,0.0,0.0,0.0,0.0,0.0,0.0,0.0,0.0,0.0,0.0,0.0,0.0,0.0,0.0,0.0,0.0,0.0,0.0,0.0,0.0,0.0,0.0,0.0,0.020461126611390407,0.020461126611390407
2018/04/20 03:00:00,2018/04/20 04:00:00,2018/04/20 08:00:00,6.517009810066618,6.517009810066618,6.196722066529081,0.0,0.0,0.0,0.026007635685836212,0.005318909978062404,0.0,0.0005693067783415784,0.2883918910952979,0.0,0.0,0.0,0.0,0.0,0.0,0.0,0.0,0.0,0.0,0.0,0.0,0.0,0.0,0.0,0.0,0.0,0.0,0.0,0.0,0.0,0.0,0.0,0.0,0.0,0.02223694270687736,0.02223694270687736
2018/04/20 04:00:00,2018/04/20 05:00:00,2018/04/20 09:00:00,7.144443967507237,7.144443967507237,6.838522073342763,0.0,0.0,0.0,0.0278045810395689,0.005686409380447792,0.0,0.0006086418867900008,0.27182226185766784,0.0,0.0,0.0,0.0,0.0,0.0,0.0,0.0,0.0,0.0,0.0,0.0,0.0,0.0,0.0,0.0,0.0,0.0,0.0,0.0,0.0,0.0,0.0,0.0,0.0,0.024377835204813052,0.024377835204813052
2018/04/20 05:00:00,2018/04/20 06:00:00,2018/04/20 10:00:00,7.73967977959098,7.73967977959098,7.3527570687170725,0.0,0.0,0.0,0.07380313982851767,0.015093730994548724,0.0,0.001615549689899291,0.2964102903609423,0.0,0.0,0.0,0.0,0.0,0.0,0.0,0.0,0.0,0.0,0.0,0.0,0.0,0.0,0.0,0.0,0.0,0.0,0.0,0.0,0.0,0.0,0.0,0.0,0.0,0.026408862475930894,0.026408862475930894
2018/04/20 06:00:00,2018/04/20 07:00:00,2018/04/20 11:00:00,8.613678790069917,8.613678790069917,6.7395338165349585,0.0,0.0,0.0,0.17326939918692633,0.03543591379704412,0.0,0.003792864704345704,0.36292527000481567,0.0,0.0,0.0,0.0,0.0,0.0,1.2987215258418279,0.0,0.0,0.0,0.0,0.0,0.0,0.0,0.0,0.0,0.0,0.0,0.0,0.0,0.0,0.0,0.0,0.0,0.0,0.02939106850113388,0.02939106850113388
2018/04/20 07:00:00,2018/04/20 08:00:00,2018/04/20 12:00:00,9.011710735544574,9.011710735544574,7.009684285798509,0.0,0.0,0.0,0.21926795797587528,0.044843235411145085,0.0,0.004799772507454998,0.4142946130207353,0.0,0.0,0.0,0.0,0.0,0.0,1.3188208708308526,0.0,0.0,0.0,0.0,0.0,0.0,0.0,0.0,0.0,0.0,0.0,0.0,0.0,0.0,0.0,0.0,0.0,0.0,0.030749208787090636,0.030749208787090636
2018/04/20 08:00:00,2018/04/20 09:00:00,2018/04/20 13:00:00,8.085340305436864,8.085340305436864,6.153127395327981,0.0,0.0,0.0,0.22459555084839308,0.04593279953881092,0.0,0.00491639344029206,0.337947295450533,0.0,0.0,0.0,0.0,0.0,0.0,1.3188208708308526,0.0,0.0,0.0,0.0,0.0,0.0,0.0,0.0,0.0,0.0,0.0,0.0,0.0,0.0,0.0,0.0,0.0,0.0,0.027588304203545147,0.027588304203545147
2018/04/20 09:00:00,2018/04/20 10:00:00,2018/04/20 14:00:00,7.223086920009085,7.223086920009085,5.360898548536889,0.0,0.0,0.0,0.22267911815523408,0.04554086337448363,0.0,0.00487444275566889,0.2702730763559569,0.0,0.0,0.0,0.0,0.0,0.0,1.3188208708308526,0.0,0.0,0.0,0.0,0.0,0.0,0.0,0.0,0.0,0.0,0.0,0.0,0.0,0.0,0.0,0.0,0.0,0.0,0.024646175882524168,0.024646175882524168
2018/04/20 10:00:00,2018/04/20 11:00:00,2018/04/20 15:00:00,5.934761524624058,5.934761524624058,4.363394235315804,0.0,0.0,0.0,0.21616650243897678,0.04420894619696981,0.0,0.004731881689496374,0.2671530636637028,0.0,0.0,0.0,0.0,0.0,0.0,1.0391068953191087,0.0,0.0,0.0,0.0,0.0,0.0,0.0,0.0,0.0,0.0,0.0,0.0,0.0,0.0,0.0,0.0,0.0,0.0,0.020250230680671062,0.020250230680671062
2018/04/20 11:00:00,2018/04/20 12:00:00,2018/04/20 16:00:00,3.9694087691695215,3.9694087691695215,3.0611896929058786,0.0,0.0,0.0,0.20714344994933365,0.04236361106157028,0.0,0.004534367197762577,0.2843418273317665,0.0,0.0,0.0,0.0,0.0,0.0,0.3698358207232096,0.0,0.0,0.0,0.0,0.0,0.0,0.0,0.0,0.0,0.0,0.0,0.0,0.0,0.0,0.0,0.0,0.0,0.0,0.013544174084847196,0.013544174084847196
2018/04/20 12:00:00,2018/04/20 13:00:00,2018/04/20 17:00:00,3.9523465132968094,3.9523465132968094,2.185412601047446,0.0,0.0,0.0,0.20063083423307632,0.041031693884056454,0.0,0.00439180613159006,0.2902347457587424,0.0,0.0,0.0,0.0,0.0,0.0,1.2306448322418977,0.0,0.0,0.0,0.0,0.0,0.0,0.0,0.0,0.0,0.0,0.0,0.0,0.0,0.0,0.0,0.0,0.0,0.0,0.013485955297803862,0.013485955297803862
2018/04/20 13:00:00,2018/04/20 14:00:00,2018/04/20 18:00:00,1.7782934646913855,1.7782934646913855,1.2336029139307452,0.0,0.0,0.0,0.19871440153991735,0.04063975771972915,0.0,0.004349855446966891,0.30098653605402664,0.0,0.0,0.0,0.0,0.0,0.0,0.0,0.0,0.0,0.0,0.0,0.0,0.0,0.0,0.0,0.0,0.0,0.0,0.0,0.0,0.0,0.0,0.0,0.0,0.0,0.0060677843125653596,0.0060677843125653596
2018/04/20 14:00:00,2018/04/20 15:00:00,2018/04/20 19:00:00,1.7834585880704876,1.7834585880704876,0.287375038054666,0.0,0.0,0.0,0.19854294757167282,0.04060469308588505,0.0,0.004346102322020269,0.6941793238227018,0.0,0.0,0.0,0.0,0.0,0.0,0.5584104832135417,0.0,0.0,0.0,0.0,0.0,0.0,0.0,0.0,0.0,0.0,0.0,0.0,0.0,0.0,0.0,0.0,0.0,0.0,0.006085408430988142,0.006085408430988142
2018/04/20 15:00:00,2018/04/20 16:00:00,2018/04/20 20:00:00,0.566196142084743,0.566196142084743,0.0,0.0,0.0,0.0,0.19874504032772614,0.040646023762369886,0.0,0.004350526129599885,0.3224545518650471,0.0,0.0,0.0,0.0,0.0,0.0,0.0,0.0,0.0,0.0,0.0,0.0,0.0,0.0,0.0,0.0,0.0,0.0,0.0,0.0,0.0,0.0,0.0,0.0,0.0,0.0019319398833718684,0.0019319398833718684
2018/04/20 16:00:00,2018/04/20 17:00:00,2018/04/20 21:00:00,0.6815796874290696,0.6815796874290696,0.0,0.0,0.0,0.0,0.2000346052934617,0.040909757076942034,0.0,0.0043787546885113325,0.4362565703701545,0.0,0.0,0.0,0.0,0.0,0.0,0.0,0.0,0.0,0.0,0.0,0.0,0.0,0.0,0.0,0.0,0.0,0.0,0.0,0.0,0.0,0.0,0.0,0.0,0.0,0.0023256445672554036,0.0023256445672554036
2018/04/20 17:00:00,2018/04/20 18:00:00,2018/04/20 22:00:00,0.8752311082319045,0.8752311082319045,0.0,0.0,0.009011084886029395,0.0,0.20615620498723053,0.042161706238573175,0.0,0.004512756419466611,0.6097539234092758,0.0,0.0036354322913290382,0.0,0.0,0.0,0.0,0.0,0.0,0.0,0.0,0.0,0.0,0.0,0.0,0.0,0.0,0.0,0.0,0.0,0.0,0.0,0.0,0.0,0.0,0.0,0.0029864101138786982,0.0029864101138786982
2018/04/20 18:00:00,2018/04/20 19:00:00,2018/04/20 23:00:00,0.9114027834083355,0.9114027834083355,0.0,0.0,0.0006870796328198871,0.0,0.2269852351728252,0.04642152200290495,0.0,0.004968703596448881,0.6320623621790874,0.0,0.00027788082424907144,0.0,0.0,0.0,0.0,0.0,0.0,0.0,0.0,0.0,0.0,0.0,0.0,0.0,0.0,0.0,0.0,0.0,0.0,0.0,0.0,0.0,0.0,0.0,0.0031098328939499543,0.0031098328939499543
2018/04/20 19:00:00,2018/04/20 20:00:00,2018/04/21 00:00:00,1.8062172175079085,1.8062172175079085,0.0,0.0,0.025199425422977026,0.0,0.2768619428797716,0.05662197703464995,0.0,0.006060504024674282,0.5779161635029116,0.0,0.010272217571262761,0.0,0.0,0.0,0.0,0.8532849870716614,0.0,0.0,0.0,0.0,0.0,0.0,0.0,0.0,0.0,0.0,0.0,0.0,0.0,0.0,0.0,0.0,0.0,0.0,0.006163064035880014,0.006163064035880014
2018/04/20 20:00:00,2018/04/20 21:00:00,2018/04/21 01:00:00,2.3258668703556746,2.3258668703556746,0.0,0.0,0.0,0.0,0.35770190088743575,0.07315483163424277,0.0,0.007830089565265189,0.5683591774378781,0.0,0.0,0.0,0.0,0.0,0.0,1.3188208708308526,0.0,0.0,0.0,0.0,0.0,0.0,0.0,0.0,0.0,0.0,0.0,0.0,0.0,0.0,0.0,0.0,0.0,0.0,0.00793618083250892,0.00793618083250892
2018/04/20 21:00:00,2018/04/20 22:00:00,2018/04/21 02:00:00,2.8226537628389803,2.8226537628389803,0.4268347050744506,0.0,0.0,0.0,0.43733330911324797,0.08944052160990244,0.0,0.009573219968177187,0.5406511362423495,0.0,0.0,0.0,0.0,0.0,0.0,1.3188208708308526,0.0,0.0,0.0,0.0,0.0,0.0,0.0,0.0,0.0,0.0,0.0,0.0,0.0,0.0,0.0,0.0,0.0,0.0,0.009631286715058756,0.009631286715058756
2018/04/20 22:00:00,2018/04/20 23:00:00,2018/04/21 03:00:00,2.3743933116574016,2.3743933116574016,1.1143783881146896,0.0,0.0,0.0,0.3195641841693384,0.06535515755226234,0.0,0.0069952554842145935,0.4616883462206141,0.0,0.0,0.0,0.0,0.0,0.0,0.406411980116283,0.0,0.0,0.0,0.0,0.0,0.0,0.0,0.0,0.0,0.0,0.0,0.0,0.0,0.0,0.0,0.0,0.0,0.0,0.008101759790718916,0.008101759790718916
2018/04/20 23:00:00,2018/04/21 00:00:00,2018/04/21 04:00:00,2.3664201462214596,2.3664201462214596,1.8127357888588438,0.0,0.0,0.0,0.13094360677997474,0.026779722120023,0.0,0.002866353705536267,0.39309467475708215,0.0,0.0,0.0,0.0,0.0,0.0,0.0,0.0,0.0,0.0,0.0,0.0,0.0,0.0,0.0,0.0,0.0,0.0,0.0,0.0,0.0,0.0,0.0,0.0,0.0,0.00807455424275156,0.00807455424275156
2018/04/21 00:00:00,2018/04/21 01:00:00,2018/04/21 05:00:00,3.3638456609909095,3.3638456609909095,2.936802782874016,0.0,0.0,0.0,0.06501908921459039,0.013297274945155983,0.0,0.0014232669458539432,0.3473032470112933,0.0,0.0,0.0,0.0,0.0,0.0,0.0,0.0,0.0,0.0,0.0,0.0,0.0,0.0,0.0,0.0,0.0,0.0,0.0,0.0,0.0,0.0,0.0,0.0,0.0,0.011477908644956947,0.011477908644956947
2018/04/21 01:00:00,2018/04/21 02:00:00,2018/04/21 06:00:00,4.057431881180673,4.057431881180673,3.6779006633105777,0.0,0.0,0.0,0.03901145352875434,0.00797836496709361,0.0,0.0008539601675123682,0.3316874392067341,0.0,0.0,0.0,0.0,0.0,0.0,0.0,0.0,0.0,0.0,0.0,0.0,0.0,0.0,0.0,0.0,0.0,0.0,0.0,0.0,0.0,0.0,0.0,0.0,0.0,0.01384452116974026,0.01384452116974026
2018/04/21 02:00:00,2018/04/21 03:00:00,2018/04/21 07:00:00,4.3375237347691336,4.3375237347691336,4.004413979146014,0.0,0.0,0.0,0.026007635685836212,0.005318909978062404,0.0,0.0005693067783415784,0.30121390318087937,0.0,0.0,0.0,0.0,0.0,0.0,0.0,0.0,0.0,0.0,0.0,0.0,0.0,0.0,0.0,0.0,0.0,0.0,0.0,0.0,0.0,0.0,0.0,0.0,0.0,0.014800233479899578,0.014800233479899578
2018/04/21 03:00:00,2018/04/21 04:00:00,2018/04/21 08:00:00,4.788142682436705,4.788142682436705,4.467854938899168,0.0,0.0,0.0,0.026007635685836212,0.005318909978062404,0.0,0.0005693067783415784,0.2883918910952979,0.0,0.0,0.0,0.0,0.0,0.0,0.0,0.0,0.0,0.0,0.0,0.0,0.0,0.0,0.0,0.0,0.0,0.0,0.0,0.0,0.0,0.0,0.0,0.0,0.0,0.016337807921852843,0.016337807921852843
2018/04/21 04:00:00,2018/04/21 05:00:00,2018/04/21 09:00:00,5.114335885356711,5.114335885356711,4.8084139911922374,0.0,0.0,0.0,0.0278045810395689,0.005686409380447792,0.0,0.0006086418867900008,0.27182226185766784,0.0,0.0,0.0,0.0,0.0,0.0,0.0,0.0,0.0,0.0,0.0,0.0,0.0,0.0,0.0,0.0,0.0,0.0,0.0,0.0,0.0,0.0,0.0,0.0,0.0,0.017450824439566335,0.017450824439566335
2018/04/21 05:00:00,2018/04/21 06:00:00,2018/04/21 10:00:00,5.386438449928308,5.386438449928308,4.9995157390544,0.0,0.0,0.0,0.07380313982851767,0.015093730994548724,0.0,0.001615549689899291,0.2964102903609423,0.0,0.0,0.0,0.0,0.0,0.0,0.0,0.0,0.0,0.0,0.0,0.0,0.0,0.0,0.0,0.0,0.0,0.0,0.0,0.0,0.0,0.0,0.0,0.0,0.0,0.018379276185860566,0.018379276185860566
2018/04/21 06:00:00,2018/04/21 07:00:00,2018/04/21 11:00:00,5.59397173790848,5.59397173790848,5.018548290215348,0.0,0.0,0.0,0.17326939918692633,0.03543591379704412,0.0,0.003792864704345704,0.36292527000481567,0.0,0.0,0.0,0.0,0.0,0.0,0.0,0.0,0.0,0.0,0.0,0.0,0.0,0.0,0.0,0.0,0.0,0.0,0.0,0.0,0.0,0.0,0.0,0.0,0.0,0.019087408591531716,0.019087408591531716
2018/04/21 07:00:00,2018/04/21 08:00:00,2018/04/21 12:00:00,6.239167019970947,6.239167019970947,4.676796945585116,0.0,0.0,0.0,0.21926795797587528,0.044843235411145085,0.0,0.004799772507454998,0.4142946130207353,0.0,0.0,0.0,0.0,0.0,0.0,0.8791644954706205,0.0,0.0,0.0,0.0,0.0,0.0,0.0,0.0,0.0,0.0,0.0,0.0,0.0,0.0,0.0,0.0,0.0,0.0,0.021288904513758047,0.021288904513758047
2018/04/21 08:00:00,2018/04/21 09:00:00,2018/04/21 13:00:00,6.798789395409349,6.798789395409349,4.866576485300467,0.0,0.0,0.0,0.22459555084839308,0.04593279953881092,0.0,0.00491639344029206,0.337947295450533,0.0,0.0,0.0,0.0,0.0,0.0,1.3188208708308526,0.0,0.0,0.0,0.0,0.0,0.0,0.0,0.0,0.0,0.0,0.0,0.0,0.0,0.0,0.0,0.0,0.0,0.0,0.023198413792213955,0.023198413792213955
2018/04/21 09:00:00,2018/04/21 10:00:00,2018/04/21 14:00:00,5.973816206654794,5.973816206654794,4.385955208725308,0.0,0.0,0.0,0.22267911815523408,0.04554086337448363,0.0,0.00487444275566889,0.2702730763559569,0.0,0.0,0.0,0.0,0.0,0.0,1.0444934972881423,0.0,0.0,0.0,0.0,0.0,0.0,0.0,0.0,0.0,0.0,0.0,0.0,0.0,0.0,0.0,0.0,0.0,0.0,0.02038349068058871,0.02038349068058871
2018/04/21 10:00:00,2018/04/21 11:00:00,2018/04/21 15:00:00,3.9715033054978752,3.9715033054978752,3.4392429115087295,0.0,0.0,0.0,0.21616650243897678,0.04420894619696981,0.0,0.004731881689496374,0.2671530636637028,0.0,0.0,0.0,0.0,0.0,0.0,0.0,0.0,0.0,0.0,0.0,0.0,0.0,0.0,0.0,0.0,0.0,0.0,0.0,0.0,0.0,0.0,0.0,0.0,0.0,0.013551320933737792,0.013551320933737792
2018/04/21 11:00:00,2018/04/21 12:00:00,2018/04/21 16:00:00,3.138190362493197,3.138190362493197,2.599807106952764,0.0,0.0,0.0,0.20714344994933365,0.04236361106157028,0.0,0.004534367197762577,0.2843418273317665,0.0,0.0,0.0,0.0,0.0,0.0,0.0,0.0,0.0,0.0,0.0,0.0,0.0,0.0,0.0,0.0,0.0,0.0,0.0,0.0,0.0,0.0,0.0,0.0,0.0,0.010707941422190767,0.010707941422190767
2018/04/21 12:00:00,2018/04/21 13:00:00,2018/04/21 17:00:00,2.320345814411417,2.320345814411417,1.784056734403952,0.0,0.0,0.0,0.20063083423307632,0.041031693884056454,0.0,0.00439180613159006,0.2902347457587424,0.0,0.0,0.0,0.0,0.0,0.0,0.0,0.0,0.0,0.0,0.0,0.0,0.0,0.0,0.0,0.0,0.0,0.0,0.0,0.0,0.0,0.0,0.0,0.0,0.0,0.007917342222733579,0.007917342222733579
2018/04/21 13:00:00,2018/04/21 14:00:00,2018/04/21 18:00:00,2.6485231092073556,2.6485231092073556,1.0415919180492692,0.0,0.0,0.0,0.19871440153991735,0.04063975771972915,0.0,0.004349855446966891,0.30098653605402664,0.0,0.0,0.0,0.0,0.0,0.0,1.0622406403974463,0.0,0.0,0.0,0.0,0.0,0.0,0.0,0.0,0.0,0.0,0.0,0.0,0.0,0.0,0.0,0.0,0.0,0.0,0.00903712873752489,0.00903712873752489
2018/04/21 14:00:00,2018/04/21 15:00:00,2018/04/21 19:00:00,1.7621762258696216,1.7621762258696216,0.6733389614908558,0.0,0.0,0.0,0.19854294757167282,0.04060469308588505,0.0,0.004346102322020269,0.33501695643262186,0.0,0.0,0.0,0.0,0.0,0.0,0.5103265649665657,0.0,0.0,0.0,0.0,0.0,0.0,0.0,0.0,0.0,0.0,0.0,0.0,0.0,0.0,0.0,0.0,0.0,0.0,0.006012790054965959,0.006012790054965959
2018/04/21 15:00:00,2018/04/21 16:00:00,2018/04/21 20:00:00,0.7324629611848664,0.7324629611848664,0.1662668191001234,0.0,0.0,0.0,0.19874504032772614,0.040646023762369886,0.0,0.004350526129599885,0.3224545518650471,0.0,0.0,0.0,0.0,0.0,0.0,0.0,0.0,0.0,0.0,0.0,0.0,0.0,0.0,0.0,0.0,0.0,0.0,0.0,0.0,0.0,0.0,0.0,0.0,0.0,0.002499265365170766,0.002499265365170766
2018/04/21 16:00:00,2018/04/21 17:00:00,2018/04/21 21:00:00,0.6815796874290696,0.6815796874290696,0.0,0.0,0.0,0.0,0.2000346052934617,0.040909757076942034,0.0,0.0043787546885113325,0.4362565703701545,0.0,0.0,0.0,0.0,0.0,0.0,0.0,0.0,0.0,0.0,0.0,0.0,0.0,0.0,0.0,0.0,0.0,0.0,0.0,0.0,0.0,0.0,0.0,0.0,0.0,0.0023256445672554036,0.0023256445672554036
2018/04/21 17:00:00,2018/04/21 18:00:00,2018/04/21 22:00:00,0.8625845910545461,0.8625845910545461,0.0,0.0,0.0,0.0,0.20615620498723053,0.042161706238573175,0.0,0.004512756419466611,0.6097539234092758,0.0,0.0,0.0,0.0,0.0,0.0,0.0,0.0,0.0,0.0,0.0,0.0,0.0,0.0,0.0,0.0,0.0,0.0,0.0,0.0,0.0,0.0,0.0,0.0,0.0,0.0029432584406251044,0.0029432584406251044
2018/04/21 18:00:00,2018/04/21 19:00:00,2018/04/21 23:00:00,2.268727667022888,2.268727667022888,0.018626574909443763,0.0,0.0257353598915067,0.0,0.2269852351728252,0.04642152200290495,0.0,0.004968703596448881,0.6320623621790874,0.0,0.01049205683297263,0.0,0.0,0.0,0.0,1.3034358524376988,0.0,0.0,0.0,0.0,0.0,0.0,0.0,0.0,0.0,0.0,0.0,0.0,0.0,0.0,0.0,0.0,0.0,0.0,0.007741213933906877,0.007741213933906877
2018/04/21 19:00:00,2018/04/21 20:00:00,2018/04/22 00:00:00,3.0009336663079638,3.0009336663079638,0.3504275218561016,0.0,0.0,0.0,0.2768619428797716,0.05662197703464995,0.0,0.006060504024674282,0.9921408496819136,0.0,0.0,0.0,0.0,0.0,0.0,1.3188208708308526,0.0,0.0,0.0,0.0,0.0,0.0,0.0,0.0,0.0,0.0,0.0,0.0,0.0,0.0,0.0,0.0,0.0,0.0,0.01023960250938267,0.01023960250938267
2018/04/21 20:00:00,2018/04/21 21:00:00,2018/04/22 01:00:00,3.4743977823501386,3.4743977823501386,1.3602925373041885,0.0,0.0,0.0,0.35770190088743575,0.07315483163424277,0.0,0.007830089565265189,0.5683591774378781,0.0,0.0,0.0,0.0,0.0,0.0,1.1070592455211286,0.0,0.0,0.0,0.0,0.0,0.0,0.0,0.0,0.0,0.0,0.0,0.0,0.0,0.0,0.0,0.0,0.0,0.0,0.011855127839102031,0.011855127839102031
2018/04/21 21:00:00,2018/04/21 22:00:00,2018/04/22 02:00:00,3.4451337766284205,3.4451337766284205,2.3681355896947434,0.0,0.0,0.0,0.43733330911324797,0.08944052160990244,0.0,0.009573219968177187,0.5406511362423495,0.0,0.0,0.0,0.0,0.0,0.0,0.0,0.0,0.0,0.0,0.0,0.0,0.0,0.0,0.0,0.0,0.0,0.0,0.0,0.0,0.0,0.0,0.0,0.0,0.0,0.011755274986709143,0.011755274986709143
2018/04/21 22:00:00,2018/04/21 23:00:00,2018/04/22 03:00:00,4.219174710934137,4.219174710934137,3.3655717675077077,0.0,0.0,0.0,0.3195641841693384,0.06535515755226234,0.0,0.0069952554842145935,0.4616883462206141,0.0,0.0,0.0,0.0,0.0,0.0,0.0,0.0,0.0,0.0,0.0,0.0,0.0,0.0,0.0,0.0,0.0,0.0,0.0,0.0,0.0,0.0,0.0,0.0,0.0,0.014396410171490782,0.014396410171490782
2018/04/21 23:00:00,2018/04/22 00:00:00,2018/04/22 04:00:00,4.79003872572548,4.79003872572548,4.236354368362863,0.0,0.0,0.0,0.13094360677997474,0.026779722120023,0.0,0.002866353705536267,0.39309467475708215,0.0,0.0,0.0,0.0,0.0,0.0,0.0,0.0,0.0,0.0,0.0,0.0,0.0,0.0,0.0,0.0,0.0,0.0,0.0,0.0,0.0,0.0,0.0,0.0,0.0,0.016344277484921035,0.016344277484921035
2018/04/22 00:00:00,2018/04/22 01:00:00,2018/04/22 05:00:00,5.76605925743437,5.76605925743437,5.339016379317476,0.0,0.0,0.0,0.06501908921459039,0.013297274945155983,0.0,0.0014232669458539432,0.3473032470112933,0.0,0.0,0.0,0.0,0.0,0.0,0.0,0.0,0.0,0.0,0.0,0.0,0.0,0.0,0.0,0.0,0.0,0.0,0.0,0.0,0.0,0.0,0.0,0.0,0.0,0.01967459511169851,0.01967459511169851
2018/04/22 01:00:00,2018/04/22 02:00:00,2018/04/22 06:00:00,6.3154278395377705,6.3154278395377705,5.935896621667675,0.0,0.0,0.0,0.03901145352875434,0.00797836496709361,0.0,0.0008539601675123682,0.3316874392067341,0.0,0.0,0.0,0.0,0.0,0.0,0.0,0.0,0.0,0.0,0.0,0.0,0.0,0.0,0.0,0.0,0.0,0.0,0.0,0.0,0.0,0.0,0.0,0.0,0.0,0.02154911702300846,0.02154911702300846
2018/04/22 02:00:00,2018/04/22 03:00:00,2018/04/22 07:00:00,6.284946724169425,6.284946724169425,5.9518369685463055,0.0,0.0,0.0,0.026007635685836212,0.005318909978062404,0.0,0.0005693067783415784,0.30121390318087937,0.0,0.0,0.0,0.0,0.0,0.0,0.0,0.0,0.0,0.0,0.0,0.0,0.0,0.0,0.0,0.0,0.0,0.0,0.0,0.0,0.0,0.0,0.0,0.0,0.0,0.02144511122344059,0.02144511122344059
2018/04/22 03:00:00,2018/04/22 04:00:00,2018/04/22 08:00:00,6.747662586433306,6.747662586433306,6.4273748428957695,0.0,0.0,0.0,0.026007635685836212,0.005318909978062404,0.0,0.0005693067783415784,0.2883918910952979,0.0,0.0,0.0,0.0,0.0,0.0,0.0,0.0,0.0,0.0,0.0,0.0,0.0,0.0,0.0,0.0,0.0,0.0,0.0,0.0,0.0,0.0,0.0,0.0,0.0,0.02302396201829924,0.02302396201829924
2018/04/22 04:00:00,2018/04/22 05:00:00,2018/04/22 09:00:00,7.125137818737696,7.125137818737696,6.819215924573222,0.0,0.0,0.0,0.0278045810395689,0.005686409380447792,0.0,0.0006086418867900008,0.27182226185766784,0.0,0.0,0.0,0.0,0.0,0.0,0.0,0.0,0.0,0.0,0.0,0.0,0.0,0.0,0.0,0.0,0.0,0.0,0.0,0.0,0.0,0.0,0.0,0.0,0.0,0.02431195994352135,0.02431195994352135
2018/04/22 05:00:00,2018/04/22 06:00:00,2018/04/22 10:00:00,7.479025504702477,7.479025504702477,6.938466563422403,0.0,0.0,0.0,0.07380313982851767,0.015093730994548724,0.0,0.001615549689899291,0.2964102903609423,0.0,0.0,0.0,0.0,0.0,0.0,0.1536362304061674,0.0,0.0,0.0,0.0,0.0,0.0,0.0,0.0,0.0,0.0,0.0,0.0,0.0,0.0,0.0,0.0,0.0,0.0,0.025519473884241934,0.025519473884241934
2018/04/22 06:00:00,2018/04/22 07:00:00,2018/04/22 11:00:00,7.871715978661926,7.871715978661926,6.892617587669799,0.0,0.0,0.0,0.17326939918692633,0.03543591379704412,0.0,0.003792864704345704,0.36292527000481567,0.0,0.0,0.0,0.0,0.0,0.0,0.40367494329899556,0.0,0.0,0.0,0.0,0.0,0.0,0.0,0.0,0.0,0.0,0.0,0.0,0.0,0.0,0.0,0.0,0.0,0.0,0.026859388327440156,0.026859388327440156
2018/04/22 07:00:00,2018/04/22 08:00:00,2018/04/22 12:00:00,7.8015086756602425,7.8015086756602425,5.823009208612145,0.0,0.0,0.0,0.21926795797587528,0.044843235411145085,0.0,0.004799772507454998,0.4142946130207353,0.0,0.0,0.0,0.0,0.0,0.0,1.2952938881328873,0.0,0.0,0.0,0.0,0.0,0.0,0.0,0.0,0.0,0.0,0.0,0.0,0.0,0.0,0.0,0.0,0.0,0.0,0.02661983125756414,0.02661983125756414
2018/04/22 08:00:00,2018/04/22 09:00:00,2018/04/22 13:00:00,7.081387909659464,7.081387909659464,5.149174999550581,0.0,0.0,0.0,0.22459555084839308,0.04593279953881092,0.0,0.00491639344029206,0.337947295450533,0.0,0.0,0.0,0.0,0.0,0.0,1.3188208708308526,0.0,0.0,0.0,0.0,0.0,0.0,0.0,0.0,0.0,0.0,0.0,0.0,0.0,0.0,0.0,0.0,0.0,0.0,0.024162679176734564,0.024162679176734564
2018/04/22 09:00:00,2018/04/22 10:00:00,2018/04/22 14:00:00,5.598890210319133,5.598890210319133,3.736701838846937,0.0,0.0,0.0,0.22267911815523408,0.04554086337448363,0.0,0.00487444275566889,0.2702730763559569,0.0,0.0,0.0,0.0,0.0,0.0,1.3188208708308526,0.0,0.0,0.0,0.0,0.0,0.0,0.0,0.0,0.0,0.0,0.0,0.0,0.0,0.0,0.0,0.0,0.0,0.0,0.01910419110258949,0.01910419110258949
2018/04/22 10:00:00,2018/04/22 11:00:00,2018/04/22 15:00:00,4.43300205042177,4.43300205042177,2.5475837419336043,0.0,0.0,0.0,0.21616650243897678,0.04420894619696981,0.0,0.004731881689496374,0.30149010733187,0.0,0.0,0.0,0.0,0.0,0.0,1.3188208708308526,0.0,0.0,0.0,0.0,0.0,0.0,0.0,0.0,0.0,0.0,0.0,0.0,0.0,0.0,0.0,0.0,0.0,0.0,0.015126018755170648,0.015126018755170648
2018/04/22 11:00:00,2018/04/22 12:00:00,2018/04/22 16:00:00,3.1573986223695014,3.1573986223695014,1.7282174073590302,0.0,0.0,0.0,0.20714344994933365,0.04236361106157028,0.0,0.004534367197762577,1.058404141090068,0.0,0.0,0.0,0.0,0.0,0.0,0.11673564571173668,0.0,0.0,0.0,0.0,0.0,0.0,0.0,0.0,0.0,0.0,0.0,0.0,0.0,0.0,0.0,0.0,0.0,0.0,0.010773482672981645,0.010773482672981645
2018/04/22 12:00:00,2018/04/22 13:00:00,2018/04/22 17:00:00,2.005783818141016,2.005783818141016,1.4694947381335508,0.0,0.0,0.0,0.20063083423307632,0.041031693884056454,0.0,0.00439180613159006,0.2902347457587424,0.0,0.0,0.0,0.0,0.0,0.0,0.0,0.0,0.0,0.0,0.0,0.0,0.0,0.0,0.0,0.0,0.0,0.0,0.0,0.0,0.0,0.0,0.0,0.0,0.0,0.006844012997722886,0.006844012997722886
2018/04/22 13:00:00,2018/04/22 14:00:00,2018/04/22 18:00:00,2.1117938278724946,2.1117938278724946,1.140520619796412,0.0,0.0,0.0,0.19871440153991735,0.04063975771972915,0.0,0.004349855446966891,0.30098653605402664,0.0,0.0,0.0,0.0,0.0,0.0,0.42658265731544226,0.0,0.0,0.0,0.0,0.0,0.0,0.0,0.0,0.0,0.0,0.0,0.0,0.0,0.0,0.0,0.0,0.0,0.0,0.00720573387607926,0.00720573387607926
2018/04/22 14:00:00,2018/04/22 15:00:00,2018/04/22 19:00:00,1.4494165734335311,1.4494165734335311,0.8709058740213312,0.0,0.0,0.0,0.19854294757167282,0.04060469308588505,0.0,0.004346102322020269,0.33501695643262186,0.0,0.0,0.0,0.0,0.0,0.0,0.0,0.0,0.0,0.0,0.0,0.0,0.0,0.0,0.0,0.0,0.0,0.0,0.0,0.0,0.0,0.0,0.0,0.0,0.0,0.004945610677469652,0.004945610677469652
2018/04/22 15:00:00,2018/04/22 16:00:00,2018/04/22 20:00:00,1.1158474004445533,1.1158474004445533,0.5192050474862688,0.0,0.0,0.0,0.19874504032772614,0.040646023762369886,0.0,0.004350526129599885,0.35290076273858845,0.0,0.0,0.0,0.0,0.0,0.0,0.0,0.0,0.0,0.0,0.0,0.0,0.0,0.0,0.0,0.0,0.0,0.0,0.0,0.0,0.0,0.0,0.0,0.0,0.0,0.0038074263253333866,0.0038074263253333866
2018/04/22 16:00:00,2018/04/22 17:00:00,2018/04/22 21:00:00,1.8203134194556763,1.8203134194556763,0.45238272692260617,0.0,0.0,0.0,0.2000346052934617,0.040909757076942034,0.0,0.0043787546885113325,1.122607575474155,0.0,0.0,0.0,0.0,0.0,0.0,0.0,0.0,0.0,0.0,0.0,0.0,0.0,0.0,0.0,0.0,0.0,0.0,0.0,0.0,0.0,0.0,0.0,0.0,0.0,0.006211162234936412,0.006211162234936412
2018/04/22 17:00:00,2018/04/22 18:00:00,2018/04/22 22:00:00,1.4840604231475005,1.4840604231475005,0.6214758320929544,0.0,0.0,0.0,0.20615620498723053,0.042161706238573175,0.0,0.004512756419466611,0.6097539234092758,0.0,0.0,0.0,0.0,0.0,0.0,0.0,0.0,0.0,0.0,0.0,0.0,0.0,0.0,0.0,0.0,0.0,0.0,0.0,0.0,0.0,0.0,0.0,0.0,0.0,0.005063820304842813,0.005063820304842813
2018/04/22 18:00:00,2018/04/22 19:00:00,2018/04/22 23:00:00,2.6706517596031323,2.6706517596031323,0.9812827291937049,0.0,0.0,0.0,0.2269852351728252,0.04642152200290495,0.0,0.004968703596448881,0.6320623621790874,0.0,0.0,0.0,0.0,0.0,0.0,0.7789312074581611,0.0,0.0,0.0,0.0,0.0,0.0,0.0,0.0,0.0,0.0,0.0,0.0,0.0,0.0,0.0,0.0,0.0,0.0,0.00911263476642043,0.00911263476642043
2018/04/22 19:00:00,2018/04/22 20:00:00,2018/04/23 00:00:00,3.0793895687477573,3.0793895687477573,1.8085293475089825,0.0,0.0,0.0,0.2768619428797716,0.05662197703464995,0.0,0.006060504024674282,0.5779161635029116,0.0,0.0,0.0,0.0,0.0,0.0,0.35339963379676714,0.0,0.0,0.0,0.0,0.0,0.0,0.0,0.0,0.0,0.0,0.0,0.0,0.0,0.0,0.0,0.0,0.0,0.0,0.010507304946300164,0.010507304946300164
2018/04/22 20:00:00,2018/04/22 21:00:00,2018/04/23 01:00:00,3.7630577512954324,3.7630577512954324,2.7177200928976615,0.0,0.0,0.0,0.35770190088743575,0.07315483163424277,0.0,0.007830089565265189,0.6066508363108268,0.0,0.0,0.0,0.0,0.0,0.0,0.0,0.0,0.0,0.0,0.0,0.0,0.0,0.0,0.0,0.0,0.0,0.0,0.0,0.0,0.0,0.0,0.0,0.0,0.0,0.012840075748999357,0.012840075748999357
2018/04/22 21:00:00,2018/04/22 22:00:00,2018/04/23 02:00:00,5.592773055637927,5.592773055637927,3.652563395075941,0.0,0.0,0.0,0.43733330911324797,0.08944052160990244,0.0,0.009573219968177187,1.403862609870659,0.0,0.0,0.0,0.0,0.0,0.0,0.0,0.0,0.0,0.0,0.0,0.0,0.0,0.0,0.0,0.0,0.0,0.0,0.0,0.0,0.0,0.0,0.0,0.0,0.0,0.01908331852112353,0.01908331852112353
2018/04/22 22:00:00,2018/04/22 23:00:00,2018/04/23 03:00:00,6.431410955764926,6.431410955764926,4.735580202780078,0.0,0.0,0.0,0.3195641841693384,0.06535515755226234,0.0,0.0069952554842145935,0.4616883462206141,0.0,0.0,0.0,0.0,0.0,0.0,0.8422278095584185,0.0,0.0,0.0,0.0,0.0,0.0,0.0,0.0,0.0,0.0,0.0,0.0,0.0,0.0,0.0,0.0,0.0,0.0,0.02194486752602665,0.02194486752602665
2018/04/22 23:00:00,2018/04/23 00:00:00,2018/04/23 04:00:00,6.745853560683032,6.745853560683032,5.762558437999352,0.0,0.0,0.0,0.13094360677997474,0.026779722120023,0.0,0.002866353705536267,0.39309467475708215,0.0,0.0,0.0,0.0,0.0,0.0,0.42961076532106407,0.0,0.0,0.0,0.0,0.0,0.0,0.0,0.0,0.0,0.0,0.0,0.0,0.0,0.0,0.0,0.0,0.0,0.0,0.023017789371159444,0.023017789371159444
2018/04/23 00:00:00,2018/04/23 01:00:00,2018/04/23 05:00:00,7.574837379023848,7.574837379023848,6.950788172226265,0.0,0.0,0.0,0.06501908921459039,0.013297274945155983,0.0,0.0014232669458539432,0.3473032470112933,0.0,0.0,0.0,0.0,0.0,0.0,0.19700632868068907,0.0,0.0,0.0,0.0,0.0,0.0,0.0,0.0,0.0,0.0,0.0,0.0,0.0,0.0,0.0,0.0,0.0,0.0,0.025846397308023166,0.025846397308023166
2018/04/23 01:00:00,2018/04/23 02:00:00,2018/04/23 06:00:00,7.940758865969158,7.940758865969158,7.561227648099064,0.0,0.0,0.0,0.03901145352875434,0.00797836496709361,0.0,0.0008539601675123682,0.3316874392067341,0.0,0.0,0.0,0.0,0.0,0.0,0.0,0.0,0.0,0.0,0.0,0.0,0.0,0.0,0.0,0.0,0.0,0.0,0.0,0.0,0.0,0.0,0.0,0.0,0.0,0.02709497224922539,0.02709497224922539
2018/04/23 02:00:00,2018/04/23 03:00:00,2018/04/23 07:00:00,8.015327221889008,8.015327221889008,7.682217466265889,0.0,0.0,0.0,0.026007635685836212,0.005318909978062404,0.0,0.0005693067783415784,0.30121390318087937,0.0,0.0,0.0,0.0,0.0,0.0,0.0,0.0,0.0,0.0,0.0,0.0,0.0,0.0,0.0,0.0,0.0,0.0,0.0,0.0,0.0,0.0,0.0,0.0,0.0,0.027349409837423334,0.027349409837423334
2018/04/23 03:00:00,2018/04/23 04:00:00,2018/04/23 08:00:00,8.429446739970734,8.429446739970734,8.109158996433196,0.0,0.0,0.0,0.026007635685836212,0.005318909978062404,0.0,0.0005693067783415784,0.2883918910952979,0.0,0.0,0.0,0.0,0.0,0.0,0.0,0.0,0.0,0.0,0.0,0.0,0.0,0.0,0.0,0.0,0.0,0.0,0.0,0.0,0.0,0.0,0.0,0.0,0.0,0.02876244315573422,0.02876244315573422
2018/04/23 04:00:00,2018/04/23 05:00:00,2018/04/23 09:00:00,8.73860821768419,8.73860821768419,8.432686323519716,0.0,0.0,0.0,0.0278045810395689,0.005686409380447792,0.0,0.0006086418867900008,0.27182226185766784,0.0,0.0,0.0,0.0,0.0,0.0,0.0,0.0,0.0,0.0,0.0,0.0,0.0,0.0,0.0,0.0,0.0,0.0,0.0,0.0,0.0,0.0,0.0,0.0,0.0,0.029817345061278134,0.029817345061278134
2018/04/23 05:00:00,2018/04/23 06:00:00,2018/04/23 10:00:00,9.009460990949444,9.009460990949444,8.622538280075538,0.0,0.0,0.0,0.07380313982851767,0.015093730994548724,0.0,0.001615549689899291,0.2964102903609423,0.0,0.0,0.0,0.0,0.0,0.0,0.0,0.0,0.0,0.0,0.0,0.0,0.0,0.0,0.0,0.0,0.0,0.0,0.0,0.0,0.0,0.0,0.0,0.0,0.0,0.030741532346034845,0.030741532346034845
2018/04/23 06:00:00,2018/04/23 07:00:00,2018/04/23 11:00:00,9.239242501751193,9.239242501751193,8.663819054058061,0.0,0.0,0.0,0.17326939918692633,0.03543591379704412,0.0,0.003792864704345704,0.36292527000481567,0.0,0.0,0.0,0.0,0.0,0.0,0.0,0.0,0.0,0.0,0.0,0.0,0.0,0.0,0.0,0.0,0.0,0.0,0.0,0.0,0.0,0.0,0.0,0.0,0.0,0.03152557877832738,0.03152557877832738
2018/04/23 07:00:00,2018/04/23 08:00:00,2018/04/23 12:00:00,8.906811059215697,8.906811059215697,7.698026470440908,0.0,0.0,0.0,0.21926795797587528,0.044843235411145085,0.0,0.004799772507454998,0.4142946130207353,0.0,0.0,0.0,0.0,0.0,0.0,0.525579009859579,0.0,0.0,0.0,0.0,0.0,0.0,0.0,0.0,0.0,0.0,0.0,0.0,0.0,0.0,0.0,0.0,0.0,0.0,0.030391276520533046,0.030391276520533046
2018/04/23 08:00:00,2018/04/23 09:00:00,2018/04/23 13:00:00,7.669847233865408,7.669847233865408,5.887387596749165,0.0,0.0,0.0,0.22459555084839308,0.04593279953881092,0.0,0.00491639344029206,0.41110751807627777,0.0,0.0,0.0,0.0,0.0,0.0,1.095907375212469,0.0,0.0,0.0,0.0,0.0,0.0,0.0,0.0,0.0,0.0,0.0,0.0,0.0,0.0,0.0,0.0,0.0,0.0,0.026170584129936034,0.026170584129936034
2018/04/23 09:00:00,2018/04/23 10:00:00,2018/04/23 14:00:00,8.417970606181362,8.417970606181362,4.890240155364736,0.0,0.0,0.0,0.22267911815523408,0.04554086337448363,0.0,0.00487444275566889,1.9358151557003878,0.0,0.0,0.0,0.0,0.0,0.0,1.3188208708308526,0.0,0.0,0.0,0.0,0.0,0.0,0.0,0.0,0.0,0.0,0.0,0.0,0.0,0.0,0.0,0.0,0.0,0.0,0.02872328499317069,0.02872328499317069
2018/04/23 10:00:00,2018/04/23 11:00:00,2018/04/23 15:00:00,6.05882623973658,6.05882623973658,3.837627474938972,0.0,0.0,0.0,0.21616650243897678,0.04420894619696981,0.0,0.004731881689496374,0.6372705636413124,0.0,0.0,0.0,0.0,0.0,0.0,1.3188208708308526,0.0,0.0,0.0,0.0,0.0,0.0,0.0,0.0,0.0,0.0,0.0,0.0,0.0,0.0,0.0,0.0,0.0,0.0,0.020673556721647824,0.020673556721647824
2018/04/23 11:00:00,2018/04/23 12:00:00,2018/04/23 16:00:00,5.026897320651598,5.026897320651598,3.0654900325010894,0.0,0.0,0.0,0.20714344994933365,0.04236361106157028,0.0,0.004534367197762577,0.3885449891109894,0.0,0.0,0.0,0.0,0.0,0.0,1.3188208708308526,0.0,0.0,0.0,0.0,0.0,0.0,0.0,0.0,0.0,0.0,0.0,0.0,0.0,0.0,0.0,0.0,0.0,0.0,0.017152471911277088,0.017152471911277088
2018/04/23 12:00:00,2018/04/23 13:00:00,2018/04/23 17:00:00,5.118114199391713,5.118114199391713,2.5510233347097238,0.0,0.0,0.0,0.20063083423307632,0.041031693884056454,0.0,0.00439180613159006,1.1266063300271993,0.0,0.0,0.0,0.0,0.0,0.0,1.1944302004060663,0.0,0.0,0.0,0.0,0.0,0.0,0.0,0.0,0.0,0.0,0.0,0.0,0.0,0.0,0.0,0.0,0.0,0.0,0.01746371657187449,0.01746371657187449
2018/04/23 13:00:00,2018/04/23 14:00:00,2018/04/23 18:00:00,2.648025171453787,2.648025171453787,2.1033346206931474,0.0,0.0,0.0,0.19871440153991735,0.04063975771972915,0.0,0.004349855446966891,0.30098653605402664,0.0,0.0,0.0,0.0,0.0,0.0,0.0,0.0,0.0,0.0,0.0,0.0,0.0,0.0,0.0,0.0,0.0,0.0,0.0,0.0,0.0,0.0,0.0,0.0,0.0,0.009035429704744458,0.009035429704744458
2018/04/23 14:00:00,2018/04/23 15:00:00,2018/04/23 19:00:00,2.303820450305978,2.303820450305978,1.6351827374190941,0.0,0.0,0.0,0.19854294757167282,0.04060469308588505,0.0,0.004346102322020269,0.33501695643262186,0.0,0.0,0.0,0.0,0.0,0.0,0.09012701347468371,0.0,0.0,0.0,0.0,0.0,0.0,0.0,0.0,0.0,0.0,0.0,0.0,0.0,0.0,0.0,0.0,0.0,0.0,0.007860955384976281,0.007860955384976281
2018/04/23 15:00:00,2018/04/23 16:00:00,2018/04/23 20:00:00,1.9574894660245752,1.9574894660245752,1.0773959249690521,0.0,0.0,0.0,0.19874504032772614,0.040646023762369886,0.0,0.004350526129599885,0.3224545518650471,0.0,0.0,0.0,0.0,0.0,0.0,0.31389739897078,0.0,0.0,0.0,0.0,0.0,0.0,0.0,0.0,0.0,0.0,0.0,0.0,0.0,0.0,0.0,0.0,0.0,0.0,0.006679225960051069,0.006679225960051069
2018/04/23 16:00:00,2018/04/23 17:00:00,2018/04/23 21:00:00,1.202782336970732,1.202782336970732,0.5212026495416625,0.0,0.0,0.0,0.2000346052934617,0.040909757076942034,0.0,0.0043787546885113325,0.4362565703701545,0.0,0.0,0.0,0.0,0.0,0.0,0.0,0.0,0.0,0.0,0.0,0.0,0.0,0.0,0.0,0.0,0.0,0.0,0.0,0.0,0.0,0.0,0.0,0.0,0.0,0.004104060404320433,0.004104060404320433
2018/04/23 17:00:00,2018/04/23 18:00:00,2018/04/23 22:00:00,1.5049888241815599,1.5049888241815599,0.23577809984446618,0.0,0.0,0.0,0.20615620498723053,0.042161706238573175,0.0,0.004512756419466611,0.6097539234092758,0.0,0.0,0.0,0.0,0.0,0.0,0.40662613328254765,0.0,0.0,0.0,0.0,0.0,0.0,0.0,0.0,0.0,0.0,0.0,0.0,0.0,0.0,0.0,0.0,0.0,0.0,0.005135230916197436,0.005135230916197436
2018/04/23 18:00:00,2018/04/23 19:00:00,2018/04/23 23:00:00,1.3637558673061372,1.3637558673061372,0.3440883857040318,0.0,0.0,0.0,0.2269852351728252,0.04642152200290495,0.0,0.004968703596448881,0.6320623621790874,0.0,0.0,0.0,0.0,0.0,0.0,0.10922965865083904,0.0,0.0,0.0,0.0,0.0,0.0,0.0,0.0,0.0,0.0,0.0,0.0,0.0,0.0,0.0,0.0,0.0,0.0,0.004653324449598216,0.004653324449598216
2018/04/23 19:00:00,2018/04/23 20:00:00,2018/04/24 00:00:00,2.958601559336055,2.958601559336055,0.7223201010631952,0.0,0.0,0.0,0.2768619428797716,0.05662197703464995,0.0,0.006060504024674282,0.5779161635029116,0.0,0.0,0.0,0.0,0.0,0.0,1.3188208708308526,0.0,0.0,0.0,0.0,0.0,0.0,0.0,0.0,0.0,0.0,0.0,0.0,0.0,0.0,0.0,0.0,0.0,0.0,0.010095159480320219,0.010095159480320219
2018/04/23 20:00:00,2018/04/23 21:00:00,2018/04/24 01:00:00,3.4017546050687626,3.4017546050687626,1.778497454215953,0.0,0.0,0.0,0.35770190088743575,0.07315483163424277,0.0,0.007830089565265189,0.5683591774378781,0.0,0.0,0.0,0.0,0.0,0.0,0.6162111513279872,0.0,0.0,0.0,0.0,0.0,0.0,0.0,0.0,0.0,0.0,0.0,0.0,0.0,0.0,0.0,0.0,0.0,0.0,0.01160725922783244,0.01160725922783244
2018/04/23 21:00:00,2018/04/23 22:00:00,2018/04/24 02:00:00,4.11538742026726,4.11538742026726,2.7548079392815996,0.0,0.0,0.0,0.43733330911324797,0.08944052160990244,0.0,0.009573219968177187,0.5406511362423495,0.0,0.0,0.0,0.0,0.0,0.0,0.2835812940519831,0.0,0.0,0.0,0.0,0.0,0.0,0.0,0.0,0.0,0.0,0.0,0.0,0.0,0.0,0.0,0.0,0.0,0.0,0.0140422735193261,0.0140422735193261
2018/04/23 22:00:00,2018/04/23 23:00:00,2018/04/24 03:00:00,4.873668853782127,4.873668853782127,3.7626730275454654,0.0,0.0,0.0,0.3195641841693384,0.06535515755226234,0.0,0.0069952554842145935,0.4616883462206141,0.0,0.0,0.0,0.0,0.0,0.0,0.2573928828102326,0.0,0.0,0.0,0.0,0.0,0.0,0.0,0.0,0.0,0.0,0.0,0.0,0.0,0.0,0.0,0.0,0.0,0.0,0.016629635098360854,0.016629635098360854
2018/04/23 23:00:00,2018/04/24 00:00:00,2018/04/24 04:00:00,5.251191769847001,5.251191769847001,4.697507412484384,0.0,0.0,0.0,0.13094360677997474,0.026779722120023,0.0,0.002866353705536267,0.39309467475708215,0.0,0.0,0.0,0.0,0.0,0.0,0.0,0.0,0.0,0.0,0.0,0.0,0.0,0.0,0.0,0.0,0.0,0.0,0.0,0.0,0.0,0.0,0.0,0.0,0.0,0.01791779572719717,0.01791779572719717
2018/04/24 00:00:00,2018/04/24 01:00:00,2018/04/24 05:00:00,6.257925696465825,6.257925696465825,5.830882818348931,0.0,0.0,0.0,0.06501908921459039,0.013297274945155983,0.0,0.0014232669458539432,0.3473032470112933,0.0,0.0,0.0,0.0,0.0,0.0,0.0,0.0,0.0,0.0,0.0,0.0,0.0,0.0,0.0,0.0,0.0,0.0,0.0,0.0,0.0,0.0,0.0,0.0,0.0,0.021352911723602833,0.021352911723602833
2018/04/24 01:00:00,2018/04/24 02:00:00,2018/04/24 06:00:00,6.7216715776998255,6.7216715776998255,6.34214035982973,0.0,0.0,0.0,0.03901145352875434,0.00797836496709361,0.0,0.0008539601675123682,0.3316874392067341,0.0,0.0,0.0,0.0,0.0,0.0,0.0,0.0,0.0,0.0,0.0,0.0,0.0,0.0,0.0,0.0,0.0,0.0,0.0,0.0,0.0,0.0,0.0,0.0,0.0,0.02293527708626068,0.02293527708626068
2018/04/24 02:00:00,2018/04/24 03:00:00,2018/04/24 07:00:00,6.615890730729007,6.615890730729007,6.282780975105889,0.0,0.0,0.0,0.026007635685836212,0.005318909978062404,0.0,0.0005693067783415784,0.30121390318087937,0.0,0.0,0.0,0.0,0.0,0.0,0.0,0.0,0.0,0.0,0.0,0.0,0.0,0.0,0.0,0.0,0.0,0.0,0.0,0.0,0.0,0.0,0.0,0.0,0.0,0.022574338143075173,0.022574338143075173
2018/04/24 03:00:00,2018/04/24 04:00:00,2018/04/24 08:00:00,6.940609713224161,6.940609713224161,6.53764715103561,0.0,0.0,0.0,0.026007635685836212,0.005318909978062404,0.0,0.0005693067783415784,0.2883918910952979,0.0,0.0,0.0,0.0,0.0,0.0,0.08267481865101427,0.0,0.0,0.0,0.0,0.0,0.0,0.0,0.0,0.0,0.0,0.0,0.0,0.0,0.0,0.0,0.0,0.0,0.0,0.02368232441592481,0.02368232441592481
2018/04/24 04:00:00,2018/04/24 05:00:00,2018/04/24 09:00:00,7.514048050154445,7.514048050154445,6.773535320765515,0.0,0.0,0.0,0.0278045810395689,0.005686409380447792,0.0,0.0006086418867900008,0.27182226185766784,0.0,0.0,0.0,0.0,0.0,0.0,0.4345908352244564,0.0,0.0,0.0,0.0,0.0,0.0,0.0,0.0,0.0,0.0,0.0,0.0,0.0,0.0,0.0,0.0,0.0,0.0,0.025638975674075276,0.025638975674075276
2018/04/24 05:00:00,2018/04/24 06:00:00,2018/04/24 10:00:00,7.329596295262564,7.329596295262564,6.942673584388657,0.0,0.0,0.0,0.07380313982851767,0.015093730994548724,0.0,0.001615549689899291,0.2964102903609423,0.0,0.0,0.0,0.0,0.0,0.0,0.0,0.0,0.0,0.0,0.0,0.0,0.0,0.0,0.0,0.0,0.0,0.0,0.0,0.0,0.0,0.0,0.0,0.0,0.0,0.025009600665405186,0.025009600665405186
2018/04/24 06:00:00,2018/04/24 07:00:00,2018/04/24 11:00:00,7.776550930336507,7.776550930336507,7.201127482643375,0.0,0.0,0.0,0.17326939918692633,0.03543591379704412,0.0,0.003792864704345704,0.36292527000481567,0.0,0.0,0.0,0.0,0.0,0.0,0.0,0.0,0.0,0.0,0.0,0.0,0.0,0.0,0.0,0.0,0.0,0.0,0.0,0.0,0.0,0.0,0.0,0.0,0.0,0.026534671963803453,0.026534671963803453
2018/04/24 07:00:00,2018/04/24 08:00:00,2018/04/24 12:00:00,7.699206693192728,7.699206693192728,6.259816113018284,0.0,0.0,0.0,0.21926795797587528,0.044843235411145085,0.0,0.004799772507454998,0.5123519768364941,0.0,0.0,0.0,0.0,0.0,0.0,0.6581276374434748,0.0,0.0,0.0,0.0,0.0,0.0,0.0,0.0,0.0,0.0,0.0,0.0,0.0,0.0,0.0,0.0,0.0,0.0,0.02627076268329007,0.02627076268329007
2018/04/24 08:00:00,2018/04/24 09:00:00,2018/04/24 13:00:00,8.911687579248808,8.911687579248808,4.768960838951551,0.0,0.0,0.0,0.22459555084839308,0.04593279953881092,0.0,0.00491639344029206,2.5484611256389074,0.0,0.0,0.0,0.0,0.0,0.0,1.3188208708308526,0.0,0.0,0.0,0.0,0.0,0.0,0.0,0.0,0.0,0.0,0.0,0.0,0.0,0.0,0.0,0.0,0.0,0.0,0.03040791588425131,0.03040791588425131
2018/04/24 09:00:00,2018/04/24 10:00:00,2018/04/24 14:00:00,5.735357566312472,5.735357566312472,3.8731691948402758,0.0,0.0,0.0,0.22267911815523408,0.04554086337448363,0.0,0.00487444275566889,0.2702730763559569,0.0,0.0,0.0,0.0,0.0,0.0,1.3188208708308526,0.0,0.0,0.0,0.0,0.0,0.0,0.0,0.0,0.0,0.0,0.0,0.0,0.0,0.0,0.0,0.0,0.0,0.0,0.019569836677020794,0.019569836677020794
2018/04/24 10:00:00,2018/04/24 11:00:00,2018/04/24 15:00:00,4.47560720894185,4.47560720894185,2.624525944121851,0.0,0.0,0.0,0.21616650243897678,0.04420894619696981,0.0,0.004731881689496374,0.2671530636637028,0.0,0.0,0.0,0.0,0.0,0.0,1.3188208708308526,0.0,0.0,0.0,0.0,0.0,0.0,0.0,0.0,0.0,0.0,0.0,0.0,0.0,0.0,0.0,0.0,0.0,0.0,0.015271393474043252,0.015271393474043252
2018/04/24 11:00:00,2018/04/24 12:00:00,2018/04/24 16:00:00,3.5284592191261432,3.5284592191261432,1.7853480851207693,0.0,0.0,0.0,0.20714344994933365,0.04236361106157028,0.0,0.004534367197762577,0.2843418273317665,0.0,0.0,0.0,0.0,0.0,0.0,1.204727878464941,0.0,0.0,0.0,0.0,0.0,0.0,0.0,0.0,0.0,0.0,0.0,0.0,0.0,0.0,0.0,0.0,0.0,0.0,0.012039592970700045,0.012039592970700045
2018/04/24 12:00:00,2018/04/24 13:00:00,2018/04/24 17:00:00,2.502827585368846,2.502827585368846,1.174600912464834,0.0,0.0,0.0,0.20063083423307632,0.041031693884056454,0.0,0.00439180613159006,0.2902347457587424,0.0,0.0,0.0,0.0,0.0,0.0,0.7919375928965474,0.0,0.0,0.0,0.0,0.0,0.0,0.0,0.0,0.0,0.0,0.0,0.0,0.0,0.0,0.0,0.0,0.0,0.0,0.00853999537258182,0.00853999537258182
2018/04/24 13:00:00,2018/04/24 14:00:00,2018/04/24 18:00:00,1.1441775441269888,1.1441775441269888,0.5994869933663487,0.0,0.0,0.0,0.19871440153991735,0.04063975771972915,0.0,0.004349855446966891,0.30098653605402664,0.0,0.0,0.0,0.0,0.0,0.0,0.0,0.0,0.0,0.0,0.0,0.0,0.0,0.0,0.0,0.0,0.0,0.0,0.0,0.0,0.0,0.0,0.0,0.0,0.0,0.0039040927107316125,0.0039040927107316125
2018/04/24 14:00:00,2018/04/24 15:00:00,2018/04/24 19:00:00,0.677347359375587,0.677347359375587,0.09883665996338697,0.0,0.0,0.0,0.19854294757167282,0.04060469308588505,0.0,0.004346102322020269,0.33501695643262186,0.0,0.0,0.0,0.0,0.0,0.0,0.0,0.0,0.0,0.0,0.0,0.0,0.0,0.0,0.0,0.0,0.0,0.0,0.0,0.0,0.0,0.0,0.0,0.0,0.0,0.0023112032760520935,0.0023112032760520935
2018/04/24 15:00:00,2018/04/24 16:00:00,2018/04/24 20:00:00,0.566196142084743,0.566196142084743,0.0,0.0,0.0,0.0,0.19874504032772614,0.040646023762369886,0.0,0.004350526129599885,0.3224545518650471,0.0,0.0,0.0,0.0,0.0,0.0,0.0,0.0,0.0,0.0,0.0,0.0,0.0,0.0,0.0,0.0,0.0,0.0,0.0,0.0,0.0,0.0,0.0,0.0,0.0,0.0019319398833718684,0.0019319398833718684
2018/04/24 16:00:00,2018/04/24 17:00:00,2018/04/24 21:00:00,0.6815796874290696,0.6815796874290696,0.0,0.0,0.0,0.0,0.2000346052934617,0.040909757076942034,0.0,0.0043787546885113325,0.4362565703701545,0.0,0.0,0.0,0.0,0.0,0.0,0.0,0.0,0.0,0.0,0.0,0.0,0.0,0.0,0.0,0.0,0.0,0.0,0.0,0.0,0.0,0.0,0.0,0.0,0.0,0.0023256445672554036,0.0023256445672554036
2018/04/24 17:00:00,2018/04/24 18:00:00,2018/04/24 22:00:00,0.9112689163322171,0.9112689163322171,0.0,0.0,0.034584542464752406,0.0,0.20615620498723053,0.042161706238573175,0.0,0.004512756419466611,0.6097539234092758,0.0,0.014099782812918477,0.0,0.0,0.0,0.0,0.0,0.0,0.0,0.0,0.0,0.0,0.0,0.0,0.0,0.0,0.0,0.0,0.0,0.0,0.0,0.0,0.0,0.0,0.0,0.003109376120891644,0.003109376120891644
2018/04/24 18:00:00,2018/04/24 19:00:00,2018/04/24 23:00:00,0.9345703322835635,0.9345703322835635,0.0,0.0,0.017143336978044838,0.0,0.2269852351728252,0.04642152200290495,0.0,0.004968703596448881,0.6320623621790874,0.0,0.0069891723542521295,0.0,0.0,0.0,0.0,0.0,0.0,0.0,0.0,0.0,0.0,0.0,0.0,0.0,0.0,0.0,0.0,0.0,0.0,0.0,0.0,0.0,0.0,0.0,0.00318888378876393,0.00318888378876393
2018/04/24 19:00:00,2018/04/24 20:00:00,2018/04/25 00:00:00,2.5323926488965385,2.5323926488965385,0.0,0.0,0.029492441109362243,0.0,0.2768619428797716,0.05662197703464995,0.0,0.006060504024674282,0.9123782177910595,0.0,0.01202378243657858,0.0,0.0,0.0,0.0,1.2389537836204425,0.0,0.0,0.0,0.0,0.0,0.0,0.0,0.0,0.0,0.0,0.0,0.0,0.0,0.0,0.0,0.0,0.0,0.0,0.00864087547602665,0.00864087547602665
2018/04/24 20:00:00,2018/04/24 21:00:00,2018/04/25 01:00:00,10.146551815923376,10.146551815923376,0.12761113943250366,0.0,0.0,0.0,0.35770190088743575,0.07315483163424277,0.0,0.007830089565265189,8.261432983573076,0.0,0.0,0.0,0.0,0.0,0.0,1.3188208708308526,0.0,0.0,0.0,0.0,0.0,0.0,0.0,0.0,0.0,0.0,0.0,0.0,0.0,0.0,0.0,0.0,0.0,0.0,0.03462144418664672,0.03462144418664672
2018/04/24 21:00:00,2018/04/24 22:00:00,2018/04/25 02:00:00,6.629955552077689,6.629955552077689,0.6989940722579537,0.0,0.0,0.0,0.43733330911324797,0.08944052160990244,0.0,0.009573219968177187,4.075793558297555,0.0,0.0,0.0,0.0,0.0,0.0,1.3188208708308526,0.0,0.0,0.0,0.0,0.0,0.0,0.0,0.0,0.0,0.0,0.0,0.0,0.0,0.0,0.0,0.0,0.0,0.0,0.022622329267168617,0.022622329267168617
2018/04/24 22:00:00,2018/04/24 23:00:00,2018/04/25 03:00:00,5.58930293935512,5.58930293935512,1.6156855301282746,0.0,0.0,0.0,0.3195641841693384,0.06535515755226234,0.0,0.0069952554842145935,2.262881941190178,0.0,0.0,0.0,0.0,0.0,0.0,1.3188208708308526,0.0,0.0,0.0,0.0,0.0,0.0,0.0,0.0,0.0,0.0,0.0,0.0,0.0,0.0,0.0,0.0,0.0,0.0,0.019071478002355584,0.019071478002355584
2018/04/24 23:00:00,2018/04/25 00:00:00,2018/04/25 04:00:00,4.94809381427443,4.94809381427443,3.029727869652612,0.0,0.0,0.0,0.13094360677997474,0.026779722120023,0.0,0.002866353705536267,0.4389553911854312,0.0,0.0,0.0,0.0,0.0,0.0,1.3188208708308526,0.0,0.0,0.0,0.0,0.0,0.0,0.0,0.0,0.0,0.0,0.0,0.0,0.0,0.0,0.0,0.0,0.0,0.0,0.016883583401441898,0.016883583401441898
2018/04/25 00:00:00,2018/04/25 01:00:00,2018/04/25 05:00:00,5.773201163426309,5.773201163426309,4.027337414478564,0.0,0.0,0.0,0.06501908921459039,0.013297274945155983,0.0,0.0014232669458539432,0.3473032470112933,0.0,0.0,0.0,0.0,0.0,0.0,1.3188208708308526,0.0,0.0,0.0,0.0,0.0,0.0,0.0,0.0,0.0,0.0,0.0,0.0,0.0,0.0,0.0,0.0,0.0,0.0,0.019698964286978152,0.019698964286978152
2018/04/25 01:00:00,2018/04/25 02:00:00,2018/04/25 06:00:00,6.821877502659479,6.821877502659479,5.040478494658122,0.0,0.0,0.0,0.03901145352875434,0.00797836496709361,0.0,0.0008539601675123682,0.4147343585071445,0.0,0.0,0.0,0.0,0.0,0.0,1.3188208708308526,0.0,0.0,0.0,0.0,0.0,0.0,0.0,0.0,0.0,0.0,0.0,0.0,0.0,0.0,0.0,0.0,0.0,0.0,0.023277193621168382,0.023277193621168382
2018/04/25 02:00:00,2018/04/25 03:00:00,2018/04/25 07:00:00,8.155997054844745,8.155997054844745,4.561473970524775,0.0,0.0,0.0,0.026007635685836212,0.005318909978062404,0.0,0.0005693067783415784,2.243806361046877,0.0,0.0,0.0,0.0,0.0,0.0,1.3188208708308526,0.0,0.0,0.0,0.0,0.0,0.0,0.0,0.0,0.0,0.0,0.0,0.0,0.0,0.0,0.0,0.0,0.0,0.0,0.02782939484698875,0.02782939484698875
2018/04/25 03:00:00,2018/04/25 04:00:00,2018/04/25 08:00:00,7.517146274806818,7.517146274806818,4.800945490099074,0.0,0.0,0.0,0.026007635685836212,0.005318909978062404,0.0,0.0005693067783415784,1.951958841870368,0.0,0.0,0.0,0.0,0.0,0.0,0.732346090395136,0.0,0.0,0.0,0.0,0.0,0.0,0.0,0.0,0.0,0.0,0.0,0.0,0.0,0.0,0.0,0.0,0.0,0.0,0.025649547246943162,0.025649547246943162
2018/04/25 04:00:00,2018/04/25 05:00:00,2018/04/25 09:00:00,7.054018521275169,7.054018521275169,5.053306406599616,0.0,0.0,0.0,0.0278045810395689,0.005686409380447792,0.0,0.0006086418867900008,1.9666124823687468,0.0,0.0,0.0,0.0,0.0,0.0,0.0,0.0,0.0,0.0,0.0,0.0,0.0,0.0,0.0,0.0,0.0,0.0,0.0,0.0,0.0,0.0,0.0,0.0,0.0,0.024069291021865787,0.024069291021865787
2018/04/25 05:00:00,2018/04/25 06:00:00,2018/04/25 10:00:00,5.6138011250782505,5.6138011250782505,5.226878414204343,0.0,0.0,0.0,0.07380313982851767,0.015093730994548724,0.0,0.001615549689899291,0.2964102903609423,0.0,0.0,0.0,0.0,0.0,0.0,0.0,0.0,0.0,0.0,0.0,0.0,0.0,0.0,0.0,0.0,0.0,0.0,0.0,0.0,0.0,0.0,0.0,0.0,0.0,0.019155069214924606,0.019155069214924606
2018/04/25 06:00:00,2018/04/25 07:00:00,2018/04/25 11:00:00,5.55670412855465,5.55670412855465,4.981280680861518,0.0,0.0,0.0,0.17326939918692633,0.03543591379704412,0.0,0.003792864704345704,0.36292527000481567,0.0,0.0,0.0,0.0,0.0,0.0,0.0,0.0,0.0,0.0,0.0,0.0,0.0,0.0,0.0,0.0,0.0,0.0,0.0,0.0,0.0,0.0,0.0,0.0,0.0,0.018960246331818174,0.018960246331818174
2018/04/25 07:00:00,2018/04/25 08:00:00,2018/04/25 12:00:00,5.39143813332257,5.39143813332257,4.708232554407359,0.0,0.0,0.0,0.21926795797587528,0.044843235411145085,0.0,0.004799772507454998,0.4142946130207353,0.0,0.0,0.0,0.0,0.0,0.0,0.0,0.0,0.0,0.0,0.0,0.0,0.0,0.0,0.0,0.0,0.0,0.0,0.0,0.0,0.0,0.0,0.0,0.0,0.0,0.018396335800074895,0.018396335800074895
2018/04/25 08:00:00,2018/04/25 09:00:00,2018/04/25 13:00:00,5.707603031625215,5.707603031625215,4.690333056439195,0.0,0.0,0.0,0.22459555084839308,0.04593279953881092,0.0,0.00491639344029206,0.337947295450533,0.0,0.0,0.0,0.0,0.0,0.0,0.4038779359079903,0.0,0.0,0.0,0.0,0.0,0.0,0.0,0.0,0.0,0.0,0.0,0.0,0.0,0.0,0.0,0.0,0.0,0.0,0.019475134349468175,0.019475134349468175
2018/04/25 09:00:00,2018/04/25 10:00:00,2018/04/25 14:00:00,5.414759632027088,5.414759632027088,4.871392131385745,0.0,0.0,0.0,0.22267911815523408,0.04554086337448363,0.0,0.00487444275566889,0.2702730763559569,0.0,0.0,0.0,0.0,0.0,0.0,0.0,0.0,0.0,0.0,0.0,0.0,0.0,0.0,0.0,0.0,0.0,0.0,0.0,0.0,0.0,0.0,0.0,0.0,0.0,0.018475911993090566,0.018475911993090566
2018/04/25 10:00:00,2018/04/25 11:00:00,2018/04/25 15:00:00,4.799845286177033,4.799845286177033,4.267584892187887,0.0,0.0,0.0,0.21616650243897678,0.04420894619696981,0.0,0.004731881689496374,0.2671530636637028,0.0,0.0,0.0,0.0,0.0,0.0,0.0,0.0,0.0,0.0,0.0,0.0,0.0,0.0,0.0,0.0,0.0,0.0,0.0,0.0,0.0,0.0,0.0,0.0,0.0,0.01637773883134649,0.01637773883134649
2018/04/25 11:00:00,2018/04/25 12:00:00,2018/04/25 16:00:00,3.78904517947262,3.78904517947262,2.840435449980315,0.0,0.0,0.0,0.20714344994933365,0.04236361106157028,0.0,0.004534367197762577,0.2843418273317665,0.0,0.0,0.0,0.0,0.0,0.0,0.41022647395187206,0.0,0.0,0.0,0.0,0.0,0.0,0.0,0.0,0.0,0.0,0.0,0.0,0.0,0.0,0.0,0.0,0.0,0.0,0.01292874846368249,0.01292874846368249
2018/04/25 12:00:00,2018/04/25 13:00:00,2018/04/25 17:00:00,3.961435025943086,3.961435025943086,2.1063250751047673,0.0,0.0,0.0,0.20063083423307632,0.041031693884056454,0.0,0.00439180613159006,0.2902347457587424,0.0,0.0,0.0,0.0,0.0,0.0,1.3188208708308526,0.0,0.0,0.0,0.0,0.0,0.0,0.0,0.0,0.0,0.0,0.0,0.0,0.0,0.0,0.0,0.0,0.0,0.0,0.01351696656537842,0.01351696656537842
2018/04/25 13:00:00,2018/04/25 14:00:00,2018/04/25 18:00:00,2.3940619412089594,2.3940619412089594,1.15146302591762,0.0,0.0,0.0,0.19871440153991735,0.04063975771972915,0.0,0.004349855446966891,0.30098653605402664,0.0,0.0,0.0,0.0,0.0,0.0,0.6979083645306995,0.0,0.0,0.0,0.0,0.0,0.0,0.0,0.0,0.0,0.0,0.0,0.0,0.0,0.0,0.0,0.0,0.0,0.0,0.00816887188678868,0.00816887188678868
2018/04/25 14:00:00,2018/04/25 15:00:00,2018/04/25 19:00:00,0.979486025946096,0.979486025946096,0.40097532653389595,0.0,0.0,0.0,0.19854294757167282,0.04060469308588505,0.0,0.004346102322020269,0.33501695643262186,0.0,0.0,0.0,0.0,0.0,0.0,0.0,0.0,0.0,0.0,0.0,0.0,0.0,0.0,0.0,0.0,0.0,0.0,0.0,0.0,0.0,0.0,0.0,0.0,0.0,0.00334214237448381,0.00334214237448381
2018/04/25 15:00:00,2018/04/25 16:00:00,2018/04/25 20:00:00,0.6585183319905732,0.6585183319905732,0.005554735788157537,0.0,0.0,0.0,0.19874504032772614,0.040646023762369886,0.0,0.004350526129599885,0.4092220059827198,0.0,0.0,0.0,0.0,0.0,0.0,0.0,0.0,0.0,0.0,0.0,0.0,0.0,0.0,0.0,0.0,0.0,0.0,0.0,0.0,0.0,0.0,0.0,0.0,0.0,0.0022469560191981874,0.0022469560191981874
2018/04/25 16:00:00,2018/04/25 17:00:00,2018/04/25 21:00:00,3.440903191494908,3.440903191494908,0.0,0.0,0.033558173036351883,0.0,0.2000346052934617,0.040909757076942034,0.0,0.0043787546885113325,2.541707192293042,0.0,0.013681341943243367,0.0,0.0,0.0,0.0,0.6066333671633557,0.0,0.0,0.0,0.0,0.0,0.0,0.0,0.0,0.0,0.0,0.0,0.0,0.0,0.0,0.0,0.0,0.0,0.0,0.011740839642590867,0.011740839642590867
2018/04/25 17:00:00,2018/04/25 18:00:00,2018/04/25 22:00:00,4.528629215797369,4.528629215797369,0.0,0.0,0.1200658787337414,0.0,0.20615620498723053,0.042161706238573175,0.0,0.004512756419466611,3.9787251636729737,0.0,0.04894969523200487,0.0,0.0,0.0,0.0,0.12805781051337847,0.0,0.0,0.0,0.0,0.0,0.0,0.0,0.0,0.0,0.0,0.0,0.0,0.0,0.0,0.0,0.0,0.0,0.0,0.015452311926372204,0.015452311926372204
2018/04/25 18:00:00,2018/04/25 19:00:00,2018/04/25 23:00:00,1.0201763900096825,1.0201763900096825,0.0,0.0,0.07795646978378834,0.0,0.2269852351728252,0.04642152200290495,0.0,0.004968703596448881,0.6320623621790874,0.0,0.031782097274627816,0.0,0.0,0.0,0.0,0.0,0.0,0.0,0.0,0.0,0.0,0.0,0.0,0.0,0.0,0.0,0.0,0.0,0.0,0.0,0.0,0.0,0.0,0.0,0.003480983548699367,0.003480983548699367
2018/04/25 19:00:00,2018/04/25 20:00:00,2018/04/26 00:00:00,0.9372945646591563,0.9372945646591563,0.0,0.0,0.010344031003656681,0.0,0.2768619428797716,0.05662197703464995,0.0,0.006060504024674282,0.5831889485175733,0.0,0.004217161198830347,0.0,0.0,0.0,0.0,0.0,0.0,0.0,0.0,0.0,0.0,0.0,0.0,0.0,0.0,0.0,0.0,0.0,0.0,0.0,0.0,0.0,0.0,0.0,0.003198179248034638,0.003198179248034638
2018/04/25 20:00:00,2018/04/25 21:00:00,2018/04/26 01:00:00,1.125910751186095,1.125910751186095,0.0,0.0,0.0,0.0,0.35770190088743575,0.07315483163424277,0.0,0.007830089565265189,0.6872239290991515,0.0,0.0,0.0,0.0,0.0,0.0,0.0,0.0,0.0,0.0,0.0,0.0,0.0,0.0,0.0,0.0,0.0,0.0,0.0,0.0,0.0,0.0,0.0,0.0,0.0,0.0038417638758973297,0.0038417638758973297
2018/04/25 21:00:00,2018/04/25 22:00:00,2018/04/26 02:00:00,1.5243413729513822,1.5243413729513822,0.4473431860177051,0.0,0.0,0.0,0.43733330911324797,0.08944052160990244,0.0,0.009573219968177187,0.5406511362423495,0.0,0.0,0.0,0.0,0.0,0.0,0.0,0.0,0.0,0.0,0.0,0.0,0.0,0.0,0.0,0.0,0.0,0.0,0.0,0.0,0.0,0.0,0.0,0.0,0.0,0.005201264500735218,0.005201264500735218
2018/04/25 22:00:00,2018/04/25 23:00:00,2018/04/26 03:00:00,2.1853918479693526,2.1853918479693526,1.3317889045429232,0.0,0.0,0.0,0.3195641841693384,0.06535515755226234,0.0,0.0069952554842145935,0.4616883462206141,0.0,0.0,0.0,0.0,0.0,0.0,0.0,0.0,0.0,0.0,0.0,0.0,0.0,0.0,0.0,0.0,0.0,0.0,0.0,0.0,0.0,0.0,0.0,0.0,0.0,0.007456860543666202,0.007456860543666202
2018/04/25 23:00:00,2018/04/26 00:00:00,2018/04/26 04:00:00,2.6485288171404147,2.6485288171404147,2.094844459777798,0.0,0.0,0.0,0.13094360677997474,0.026779722120023,0.0,0.002866353705536267,0.39309467475708215,0.0,0.0,0.0,0.0,0.0,0.0,0.0,0.0,0.0,0.0,0.0,0.0,0.0,0.0,0.0,0.0,0.0,0.0,0.0,0.0,0.0,0.0,0.0,0.0,0.0,0.00903714821378534,0.00903714821378534
2018/04/26 00:00:00,2018/04/26 01:00:00,2018/04/26 05:00:00,4.881101461202788,4.881101461202788,3.4202173295346703,0.0,0.0,0.0,0.06501908921459039,0.013297274945155983,0.0,0.0014232669458539432,1.381144500562518,0.0,0.0,0.0,0.0,0.0,0.0,0.0,0.0,0.0,0.0,0.0,0.0,0.0,0.0,0.0,0.0,0.0,0.0,0.0,0.0,0.0,0.0,0.0,0.0,0.0,0.016654996187294716,0.016654996187294716
2018/04/26 01:00:00,2018/04/26 02:00:00,2018/04/26 06:00:00,3.9484270703665496,3.9484270703665496,3.568895852496455,0.0,0.0,0.0,0.03901145352875434,0.00797836496709361,0.0,0.0008539601675123682,0.3316874392067341,0.0,0.0,0.0,0.0,0.0,0.0,0.0,0.0,0.0,0.0,0.0,0.0,0.0,0.0,0.0,0.0,0.0,0.0,0.0,0.0,0.0,0.0,0.0,0.0,0.0,0.013472581614101801,0.013472581614101801
2018/04/26 02:00:00,2018/04/26 03:00:00,2018/04/26 07:00:00,4.293425991222818,4.293425991222818,3.5566827405301296,0.0,0.0,0.0,0.026007635685836212,0.005318909978062404,0.0,0.0005693067783415784,0.30121390318087937,0.0,0.0,0.0,0.0,0.0,0.0,0.4036334950695684,0.0,0.0,0.0,0.0,0.0,0.0,0.0,0.0,0.0,0.0,0.0,0.0,0.0,0.0,0.0,0.0,0.0,0.0,0.014649765853592294,0.014649765853592294
2018/04/26 03:00:00,2018/04/26 04:00:00,2018/04/26 08:00:00,4.113475823763515,4.113475823763515,3.793188080225977,0.0,0.0,0.0,0.026007635685836212,0.005318909978062404,0.0,0.0005693067783415784,0.2883918910952979,0.0,0.0,0.0,0.0,0.0,0.0,0.0,0.0,0.0,0.0,0.0,0.0,0.0,0.0,0.0,0.0,0.0,0.0,0.0,0.0,0.0,0.0,0.0,0.0,0.0,0.014035750886528038,0.014035750886528038
2018/04/26 04:00:00,2018/04/26 05:00:00,2018/04/26 09:00:00,4.148428610576891,4.148428610576891,3.8425067164124167,0.0,0.0,0.0,0.0278045810395689,0.005686409380447792,0.0,0.0006086418867900008,0.27182226185766784,0.0,0.0,0.0,0.0,0.0,0.0,0.0,0.0,0.0,0.0,0.0,0.0,0.0,0.0,0.0,0.0,0.0,0.0,0.0,0.0,0.0,0.0,0.0,0.0,0.0,0.014155014650196793,0.014155014650196793
2018/04/26 05:00:00,2018/04/26 06:00:00,2018/04/26 10:00:00,4.074560762491374,4.074560762491374,3.687638051617465,0.0,0.0,0.0,0.07380313982851767,0.015093730994548724,0.0,0.001615549689899291,0.2964102903609423,0.0,0.0,0.0,0.0,0.0,0.0,0.0,0.0,0.0,0.0,0.0,0.0,0.0,0.0,0.0,0.0,0.0,0.0,0.0,0.0,0.0,0.0,0.0,0.0,0.0,0.013902967292032515,0.013902967292032515
2018/04/26 06:00:00,2018/04/26 07:00:00,2018/04/26 11:00:00,4.126847333052733,4.126847333052733,3.551423885359601,0.0,0.0,0.0,0.17326939918692633,0.03543591379704412,0.0,0.003792864704345704,0.36292527000481567,0.0,0.0,0.0,0.0,0.0,0.0,0.0,0.0,0.0,0.0,0.0,0.0,0.0,0.0,0.0,0.0,0.0,0.0,0.0,0.0,0.0,0.0,0.0,0.0,0.0,0.014081376333571174,0.014081376333571174
2018/04/26 07:00:00,2018/04/26 08:00:00,2018/04/26 12:00:00,4.072080857566681,4.072080857566681,2.9858332014355256,0.0,0.0,0.0,0.21926795797587528,0.044843235411145085,0.0,0.004799772507454998,0.4142946130207353,0.0,0.0,0.0,0.0,0.0,0.0,0.40304207721594504,0.0,0.0,0.0,0.0,0.0,0.0,0.0,0.0,0.0,0.0,0.0,0.0,0.0,0.0,0.0,0.0,0.0,0.0,0.013894505511962195,0.013894505511962195
2018/04/26 08:00:00,2018/04/26 09:00:00,2018/04/26 13:00:00,5.24009448784494,5.24009448784494,3.3078815777360586,0.0,0.0,0.0,0.22459555084839308,0.04593279953881092,0.0,0.00491639344029206,0.337947295450533,0.0,0.0,0.0,0.0,0.0,0.0,1.3188208708308526,0.0,0.0,0.0,0.0,0.0,0.0,0.0,0.0,0.0,0.0,0.0,0.0,0.0,0.0,0.0,0.0,0.0,0.0,0.01787993025955575,0.01787993025955575
2018/04/26 09:00:00,2018/04/26 10:00:00,2018/04/26 14:00:00,4.269102082823831,4.269102082823831,2.4069137113516352,0.0,0.0,0.0,0.22267911815523408,0.04554086337448363,0.0,0.00487444275566889,0.2702730763559569,0.0,0.0,0.0,0.0,0.0,0.0,1.3188208708308526,0.0,0.0,0.0,0.0,0.0,0.0,0.0,0.0,0.0,0.0,0.0,0.0,0.0,0.0,0.0,0.0,0.0,0.0,0.014566769299460965,0.014566769299460965
2018/04/26 10:00:00,2018/04/26 11:00:00,2018/04/26 15:00:00,3.154526123563825,3.154526123563825,1.3912187418736577,0.0,0.0,0.0,0.21616650243897678,0.04420894619696981,0.0,0.004731881689496374,0.2671530636637028,0.0,0.0,0.0,0.0,0.0,0.0,1.2310469877010215,0.0,0.0,0.0,0.0,0.0,0.0,0.0,0.0,0.0,0.0,0.0,0.0,0.0,0.0,0.0,0.0,0.0,0.0,0.010763681308056779,0.010763681308056779
2018/04/26 11:00:00,2018/04/26 12:00:00,2018/04/26 16:00:00,1.203201212701996,1.203201212701996,0.6648179571615632,0.0,0.0,0.0,0.20714344994933365,0.04236361106157028,0.0,0.004534367197762577,0.2843418273317665,0.0,0.0,0.0,0.0,0.0,0.0,0.0,0.0,0.0,0.0,0.0,0.0,0.0,0.0,0.0,0.0,0.0,0.0,0.0,0.0,0.0,0.0,0.0,0.0,0.0,0.004105489666498776,0.004105489666498776
2018/04/26 12:00:00,2018/04/26 13:00:00,2018/04/26 17:00:00,0.6949338851471264,0.6949338851471264,0.15864480513966114,0.0,0.0,0.0,0.20063083423307632,0.041031693884056454,0.0,0.00439180613159006,0.2902347457587424,0.0,0.0,0.0,0.0,0.0,0.0,0.0,0.0,0.0,0.0,0.0,0.0,0.0,0.0,0.0,0.0,0.0,0.0,0.0,0.0,0.0,0.0,0.0,0.0,0.0,0.0023712109448131053,0.0023712109448131053
2018/04/26 13:00:00,2018/04/26 14:00:00,2018/04/26 18:00:00,0.54469055076064,0.54469055076064,0.0,0.0,0.0,0.0,0.19871440153991735,0.04063975771972915,0.0,0.004349855446966891,0.30098653605402664,0.0,0.0,0.0,0.0,0.0,0.0,0.0,0.0,0.0,0.0,0.0,0.0,0.0,0.0,0.0,0.0,0.0,0.0,0.0,0.0,0.0,0.0,0.0,0.0,0.0,0.0018585598185739134,0.0018585598185739134
2018/04/26 14:00:00,2018/04/26 15:00:00,2018/04/26 19:00:00,0.6934631439045406,0.6934631439045406,0.0,0.0,0.04831759173667366,0.0,0.19854294757167282,0.04060469308588505,0.0,0.004346102322020269,0.3824084507047026,0.0,0.01924335848358623,0.0,0.0,0.0,0.0,0.0,0.0,0.0,0.0,0.0,0.0,0.0,0.0,0.0,0.0,0.0,0.0,0.0,0.0,0.0,0.0,0.0,0.0,0.0,0.002366192571402419,0.002366192571402419
2018/04/26 15:00:00,2018/04/26 16:00:00,2018/04/26 20:00:00,1.9573909726570533,1.9573909726570533,0.0,0.0,0.21947980019540958,0.0,0.19874504032772614,0.040646023762369886,0.0,0.004350526129599885,1.4063888265751139,0.0,0.08778075566683394,0.0,0.0,0.0,0.0,0.0,0.0,0.0,0.0,0.0,0.0,0.0,0.0,0.0,0.0,0.0,0.0,0.0,0.0,0.0,0.0,0.0,0.0,0.0,0.006678889887000019,0.006678889887000019
2018/04/26 16:00:00,2018/04/26 17:00:00,2018/04/26 21:00:00,1.8864823601176484,1.8864823601176484,0.0,0.0,0.3211559285153028,0.0,0.2000346052934617,0.040909757076942034,0.0,0.0043787546885113325,0.78758108872593,0.0,0.12892547936324247,0.0,0.0,0.0,0.0,0.40349674645425804,0.0,0.0,0.0,0.0,0.0,0.0,0.0,0.0,0.0,0.0,0.0,0.0,0.0,0.0,0.0,0.0,0.0,0.0,0.006436939851567005,0.006436939851567005
2018/04/26 17:00:00,2018/04/26 18:00:00,2018/04/26 22:00:00,1.3903811823060468,1.3903811823060468,0.0,0.0,0.3761393590009233,0.0,0.20615620498723053,0.042161706238573175,0.0,0.004512756419466611,0.6097539234092758,0.0,0.1516572322505774,0.0,0.0,0.0,0.0,0.0,0.0,0.0,0.0,0.0,0.0,0.0,0.0,0.0,0.0,0.0,0.0,0.0,0.0,0.0,0.0,0.0,0.0,0.0,0.004744173722725135,0.004744173722725135
2018/04/26 18:00:00,2018/04/26 19:00:00,2018/04/26 23:00:00,1.889079622520831,1.889079622520831,0.0,0.0,0.3729468182127549,0.0,0.2269852351728252,0.04642152200290495,0.0,0.004968703596448881,0.6320623621790874,0.0,0.15194814846133858,0.0,0.0,0.0,0.0,0.45374683289547096,0.0,0.0,0.0,0.0,0.0,0.0,0.0,0.0,0.0,0.0,0.0,0.0,0.0,0.0,0.0,0.0,0.0,0.0,0.006445802071655287,0.006445802071655287
2018/04/26 19:00:00,2018/04/26 20:00:00,2018/04/27 00:00:00,2.538795578979915,2.538795578979915,0.0,0.0,0.21490104657112133,0.0,0.2768619428797716,0.05662197703464995,0.0,0.006060504024674282,0.5779161635029116,0.0,0.0876130741359334,0.0,0.0,0.0,0.0,1.3188208708308526,0.0,0.0,0.0,0.0,0.0,0.0,0.0,0.0,0.0,0.0,0.0,0.0,0.0,0.0,0.0,0.0,0.0,0.0,0.008662723162859995,0.008662723162859995
2018/04/26 20:00:00,2018/04/26 21:00:00,2018/04/27 01:00:00,2.3373924477344143,2.3373924477344143,0.0,0.0,0.0081875802532407,0.0,0.35770190088743575,0.07315483163424277,0.0,0.007830089565265189,0.5683591774378781,0.0,0.003337997125498777,0.0,0.0,0.0,0.0,1.3188208708308526,0.0,0.0,0.0,0.0,0.0,0.0,0.0,0.0,0.0,0.0,0.0,0.0,0.0,0.0,0.0,0.0,0.0,0.0,0.007975507703467258,0.007975507703467258
2018/04/26 21:00:00,2018/04/26 22:00:00,2018/04/27 02:00:00,2.4576599741209972,2.4576599741209972,0.06184091635646755,0.0,0.0,0.0,0.43733330911324797,0.08944052160990244,0.0,0.009573219968177187,0.5406511362423495,0.0,0.0,0.0,0.0,0.0,0.0,1.3188208708308526,0.0,0.0,0.0,0.0,0.0,0.0,0.0,0.0,0.0,0.0,0.0,0.0,0.0,0.0,0.0,0.0,0.0,0.0,0.008385877209068629,0.008385877209068629
2018/04/26 22:00:00,2018/04/26 23:00:00,2018/04/27 03:00:00,2.2464613220863447,2.2464613220863447,0.7952933500806112,0.0,0.0,0.0,0.3195641841693384,0.06535515755226234,0.0,0.0069952554842145935,0.4616883462206141,0.0,0.0,0.0,0.0,0.0,0.0,0.5975650285793044,0.0,0.0,0.0,0.0,0.0,0.0,0.0,0.0,0.0,0.0,0.0,0.0,0.0,0.0,0.0,0.0,0.0,0.0,0.007665238072111998,0.007665238072111998
2018/04/26 23:00:00,2018/04/27 00:00:00,2018/04/27 04:00:00,2.2105611730607975,2.2105611730607975,1.6568768156981815,0.0,0.0,0.0,0.13094360677997474,0.026779722120023,0.0,0.002866353705536267,0.39309467475708215,0.0,0.0,0.0,0.0,0.0,0.0,0.0,0.0,0.0,0.0,0.0,0.0,0.0,0.0,0.0,0.0,0.0,0.0,0.0,0.0,0.0,0.0,0.0,0.0,0.0,0.007542741776983466,0.007542741776983466
2018/04/27 00:00:00,2018/04/27 01:00:00,2018/04/27 05:00:00,3.13560068524729,3.13560068524729,2.7085578071303966,0.0,0.0,0.0,0.06501908921459039,0.013297274945155983,0.0,0.0014232669458539432,0.3473032470112933,0.0,0.0,0.0,0.0,0.0,0.0,0.0,0.0,0.0,0.0,0.0,0.0,0.0,0.0,0.0,0.0,0.0,0.0,0.0,0.0,0.0,0.0,0.0,0.0,0.0,0.010699105083712714,0.010699105083712714
2018/04/27 01:00:00,2018/04/27 02:00:00,2018/04/27 06:00:00,3.6542209707998525,3.6542209707998525,3.274689752929758,0.0,0.0,0.0,0.03901145352875434,0.00797836496709361,0.0,0.0008539601675123682,0.3316874392067341,0.0,0.0,0.0,0.0,0.0,0.0,0.0,0.0,0.0,0.0,0.0,0.0,0.0,0.0,0.0,0.0,0.0,0.0,0.0,0.0,0.0,0.0,0.0,0.0,0.0,0.012468709536147753,0.012468709536147753
2018/04/27 02:00:00,2018/04/27 03:00:00,2018/04/27 07:00:00,3.71769637884112,3.71769637884112,3.3845866232180004,0.0,0.0,0.0,0.026007635685836212,0.005318909978062404,0.0,0.0005693067783415784,0.30121390318087937,0.0,0.0,0.0,0.0,0.0,0.0,0.0,0.0,0.0,0.0,0.0,0.0,0.0,0.0,0.0,0.0,0.0,0.0,0.0,0.0,0.0,0.0,0.0,0.0,0.0,0.012685296445335618,0.012685296445335618
2018/04/27 03:00:00,2018/04/27 04:00:00,2018/04/27 08:00:00,4.091358404074063,4.091358404074063,3.771070660536524,0.0,0.0,0.0,0.026007635685836212,0.005318909978062404,0.0,0.0005693067783415784,0.2883918910952979,0.0,0.0,0.0,0.0,0.0,0.0,0.0,0.0,0.0,0.0,0.0,0.0,0.0,0.0,0.0,0.0,0.0,0.0,0.0,0.0,0.0,0.0,0.0,0.0,0.0,0.013960283178362457,0.013960283178362457
2018/04/27 04:00:00,2018/04/27 05:00:00,2018/04/27 09:00:00,4.382791383814261,4.382791383814261,4.076869489649787,0.0,0.0,0.0,0.0278045810395689,0.005686409380447792,0.0,0.0006086418867900008,0.27182226185766784,0.0,0.0,0.0,0.0,0.0,0.0,0.0,0.0,0.0,0.0,0.0,0.0,0.0,0.0,0.0,0.0,0.0,0.0,0.0,0.0,0.0,0.0,0.0,0.0,0.0,0.014954692986272677,0.014954692986272677
2018/04/27 05:00:00,2018/04/27 06:00:00,2018/04/27 10:00:00,4.60936858105325,4.60936858105325,4.222445870179342,0.0,0.0,0.0,0.07380313982851767,0.015093730994548724,0.0,0.001615549689899291,0.2964102903609423,0.0,0.0,0.0,0.0,0.0,0.0,0.0,0.0,0.0,0.0,0.0,0.0,0.0,0.0,0.0,0.0,0.0,0.0,0.0,0.0,0.0,0.0,0.0,0.0,0.0,0.015727805855598975,0.015727805855598975
2018/04/27 06:00:00,2018/04/27 07:00:00,2018/04/27 11:00:00,5.280500120747563,5.280500120747563,3.4118024398385245,0.0,0.0,0.0,0.17326939918692633,0.03543591379704412,0.0,0.003792864704345704,0.36292527000481567,0.0,0.0,0.0,0.0,0.0,0.0,1.2932742332159064,0.0,0.0,0.0,0.0,0.0,0.0,0.0,0.0,0.0,0.0,0.0,0.0,0.0,0.0,0.0,0.0,0.0,0.0,0.01801779989149997,0.01801779989149997
2018/04/27 07:00:00,2018/04/27 08:00:00,2018/04/27 12:00:00,6.088667319919425,6.088667319919425,4.086640870173363,0.0,0.0,0.0,0.21926795797587528,0.044843235411145085,0.0,0.004799772507454998,0.4142946130207353,0.0,0.0,0.0,0.0,0.0,0.0,1.3188208708308526,0.0,0.0,0.0,0.0,0.0,0.0,0.0,0.0,0.0,0.0,0.0,0.0,0.0,0.0,0.0,0.0,0.0,0.0,0.02077537863225969,0.02077537863225969
2018/04/27 08:00:00,2018/04/27 09:00:00,2018/04/27 13:00:00,5.758875072050596,5.758875072050596,3.826662161941715,0.0,0.0,0.0,0.22459555084839308,0.04593279953881092,0.0,0.00491639344029206,0.337947295450533,0.0,0.0,0.0,0.0,0.0,0.0,1.3188208708308526,0.0,0.0,0.0,0.0,0.0,0.0,0.0,0.0,0.0,0.0,0.0,0.0,0.0,0.0,0.0,0.0,0.0,0.0,0.019650081673261176,0.019650081673261176
2018/04/27 09:00:00,2018/04/27 10:00:00,2018/04/27 14:00:00,4.84629887208098,4.84629887208098,2.984110500608784,0.0,0.0,0.0,0.22267911815523408,0.04554086337448363,0.0,0.00487444275566889,0.2702730763559569,0.0,0.0,0.0,0.0,0.0,0.0,1.3188208708308526,0.0,0.0,0.0,0.0,0.0,0.0,0.0,0.0,0.0,0.0,0.0,0.0,0.0,0.0,0.0,0.0,0.0,0.0,0.016536244919012563,0.016536244919012563
2018/04/27 10:00:00,2018/04/27 11:00:00,2018/04/27 15:00:00,3.2252749789344826,3.2252749789344826,1.7587768822722714,0.0,0.0,0.0,0.21616650243897678,0.04420894619696981,0.0,0.004731881689496374,0.2671530636637028,0.0,0.0,0.0,0.0,0.0,0.0,0.9342377026730654,0.0,0.0,0.0,0.0,0.0,0.0,0.0,0.0,0.0,0.0,0.0,0.0,0.0,0.0,0.0,0.0,0.0,0.0,0.01100508622983921,0.01100508622983921
2018/04/27 11:00:00,2018/04/27 12:00:00,2018/04/27 16:00:00,1.6211166464154776,1.6211166464154776,0.7141132887512319,0.0,0.0,0.0,0.20714344994933365,0.04236361106157028,0.0,0.004534367197762577,0.2843418273317665,0.0,0.0,0.0,0.0,0.0,0.0,0.36862010212381296,0.0,0.0,0.0,0.0,0.0,0.0,0.0,0.0,0.0,0.0,0.0,0.0,0.0,0.0,0.0,0.0,0.0,0.0,0.005531475176210859,0.005531475176210859
2018/04/27 12:00:00,2018/04/27 13:00:00,2018/04/27 17:00:00,1.9961259141800394,1.9961259141800394,0.26096706814676696,0.0,0.0,0.0,0.20063083423307632,0.041031693884056454,0.0,0.00439180613159006,0.2902347457587424,0.0,0.0,0.0,0.0,0.0,0.0,1.1988697660258072,0.0,0.0,0.0,0.0,0.0,0.0,0.0,0.0,0.0,0.0,0.0,0.0,0.0,0.0,0.0,0.0,0.0,0.0,0.006811058887892175,0.006811058887892175
2018/04/27 13:00:00,2018/04/27 14:00:00,2018/04/27 18:00:00,0.5494076560039112,0.5494076560039112,0.004717105243271059,0.0,0.0,0.0,0.19871440153991735,0.04063975771972915,0.0,0.004349855446966891,0.30098653605402664,0.0,0.0,0.0,0.0,0.0,0.0,0.0,0.0,0.0,0.0,0.0,0.0,0.0,0.0,0.0,0.0,0.0,0.0,0.0,0.0,0.0,0.0,0.0,0.0,0.0,0.0018746552368859902,0.0018746552368859902
2018/04/27 14:00:00,2018/04/27 15:00:00,2018/04/27 19:00:00,1.485423693490074,1.485423693490074,0.0,0.0,0.0,0.0,0.19854294757167282,0.04060469308588505,0.0,0.004346102322020269,0.6941793238227018,0.0,0.0,0.0,0.0,0.0,0.0,0.547750626687794,0.0,0.0,0.0,0.0,0.0,0.0,0.0,0.0,0.0,0.0,0.0,0.0,0.0,0.0,0.0,0.0,0.0,0.0,0.005068471972614582,0.005068471972614582
2018/04/27 15:00:00,2018/04/27 16:00:00,2018/04/27 20:00:00,0.566196142084743,0.566196142084743,0.0,0.0,0.0,0.0,0.19874504032772614,0.040646023762369886,0.0,0.004350526129599885,0.3224545518650471,0.0,0.0,0.0,0.0,0.0,0.0,0.0,0.0,0.0,0.0,0.0,0.0,0.0,0.0,0.0,0.0,0.0,0.0,0.0,0.0,0.0,0.0,0.0,0.0,0.0,0.0019319398833718684,0.0019319398833718684
2018/04/27 16:00:00,2018/04/27 17:00:00,2018/04/27 21:00:00,0.6978552240800219,0.6978552240800219,0.016275536650952428,0.0,0.0,0.0,0.2000346052934617,0.040909757076942034,0.0,0.0043787546885113325,0.4362565703701545,0.0,0.0,0.0,0.0,0.0,0.0,0.0,0.0,0.0,0.0,0.0,0.0,0.0,0.0,0.0,0.0,0.0,0.0,0.0,0.0,0.0,0.0,0.0,0.0,0.0,0.0023811789590361043,0.0023811789590361043
2018/04/27 17:00:00,2018/04/27 18:00:00,2018/04/27 22:00:00,1.0129241792798729,1.0129241792798729,0.15033958822532667,0.0,0.0,0.0,0.20615620498723053,0.042161706238573175,0.0,0.004512756419466611,0.6097539234092758,0.0,0.0,0.0,0.0,0.0,0.0,0.0,0.0,0.0,0.0,0.0,0.0,0.0,0.0,0.0,0.0,0.0,0.0,0.0,0.0,0.0,0.0,0.0,0.0,0.0,0.003456237998332407,0.003456237998332407
2018/04/27 18:00:00,2018/04/27 19:00:00,2018/04/27 23:00:00,1.4211334672535092,1.4211334672535092,0.5106956443022427,0.0,0.0,0.0,0.2269852351728252,0.04642152200290495,0.0,0.004968703596448881,0.6320623621790874,0.0,0.0,0.0,0.0,0.0,0.0,0.0,0.0,0.0,0.0,0.0,0.0,0.0,0.0,0.0,0.0,0.0,0.0,0.0,0.0,0.0,0.0,0.0,0.0,0.0,0.004849104790563331,0.004849104790563331
2018/04/27 19:00:00,2018/04/27 20:00:00,2018/04/28 00:00:00,2.3923105490324543,2.3923105490324543,0.6220273905960748,0.0,0.0,0.0,0.2768619428797716,0.05662197703464995,0.0,0.006060504024674282,0.5779161635029116,0.0,0.0,0.0,0.0,0.0,0.0,0.8528225709943722,0.0,0.0,0.0,0.0,0.0,0.0,0.0,0.0,0.0,0.0,0.0,0.0,0.0,0.0,0.0,0.0,0.0,0.0,0.008162895893408087,0.008162895893408087
2018/04/27 20:00:00,2018/04/27 21:00:00,2018/04/28 01:00:00,3.66967780684589,3.66967780684589,1.3438109364902158,0.0,0.0,0.0,0.35770190088743575,0.07315483163424277,0.0,0.007830089565265189,0.5683591774378781,0.0,0.0,0.0,0.0,0.0,0.0,1.3188208708308526,0.0,0.0,0.0,0.0,0.0,0.0,0.0,0.0,0.0,0.0,0.0,0.0,0.0,0.0,0.0,0.0,0.0,0.0,0.012521450407744173,0.012521450407744173
2018/04/27 21:00:00,2018/04/27 22:00:00,2018/04/28 02:00:00,4.095147322691903,4.095147322691903,1.6993282649273738,0.0,0.0,0.0,0.43733330911324797,0.08944052160990244,0.0,0.009573219968177187,0.5406511362423495,0.0,0.0,0.0,0.0,0.0,0.0,1.3188208708308526,0.0,0.0,0.0,0.0,0.0,0.0,0.0,0.0,0.0,0.0,0.0,0.0,0.0,0.0,0.0,0.0,0.0,0.0,0.013973211494980275,0.013973211494980275
2018/04/27 22:00:00,2018/04/27 23:00:00,2018/04/28 03:00:00,3.391086540139344,3.391086540139344,2.1728143094399655,0.0,0.0,0.0,0.3195641841693384,0.06535515755226234,0.0,0.0069952554842145935,0.4616883462206141,0.0,0.0,0.0,0.0,0.0,0.0,0.3646692872729493,0.0,0.0,0.0,0.0,0.0,0.0,0.0,0.0,0.0,0.0,0.0,0.0,0.0,0.0,0.0,0.0,0.0,0.0,0.011570858308462596,0.011570858308462596
2018/04/27 23:00:00,2018/04/28 00:00:00,2018/04/28 04:00:00,3.343490410358865,3.343490410358865,2.7898060529962487,0.0,0.0,0.0,0.13094360677997474,0.026779722120023,0.0,0.002866353705536267,0.39309467475708215,0.0,0.0,0.0,0.0,0.0,0.0,0.0,0.0,0.0,0.0,0.0,0.0,0.0,0.0,0.0,0.0,0.0,0.0,0.0,0.0,0.0,0.0,0.0,0.0,0.0,0.011408453702386549,0.011408453702386549
2018/04/28 00:00:00,2018/04/28 01:00:00,2018/04/28 05:00:00,3.9928550002435736,3.9928550002435736,3.56581212212668,0.0,0.0,0.0,0.06501908921459039,0.013297274945155983,0.0,0.0014232669458539432,0.3473032470112933,0.0,0.0,0.0,0.0,0.0,0.0,0.0,0.0,0.0,0.0,0.0,0.0,0.0,0.0,0.0,0.0,0.0,0.0,0.0,0.0,0.0,0.0,0.0,0.0,0.0,0.01362417588203347,0.01362417588203347
2018/04/28 01:00:00,2018/04/28 02:00:00,2018/04/28 06:00:00,4.345169151546284,4.345169151546284,3.9656379336761898,0.0,0.0,0.0,0.03901145352875434,0.00797836496709361,0.0,0.0008539601675123682,0.3316874392067341,0.0,0.0,0.0,0.0,0.0,0.0,0.0,0.0,0.0,0.0,0.0,0.0,0.0,0.0,0.0,0.0,0.0,0.0,0.0,0.0,0.0,0.0,0.0,0.0,0.0,0.014826320703917728,0.014826320703917728
2018/04/28 02:00:00,2018/04/28 03:00:00,2018/04/28 07:00:00,4.283559287469734,4.283559287469734,3.9504495318466146,0.0,0.0,0.0,0.026007635685836212,0.005318909978062404,0.0,0.0005693067783415784,0.30121390318087937,0.0,0.0,0.0,0.0,0.0,0.0,0.0,0.0,0.0,0.0,0.0,0.0,0.0,0.0,0.0,0.0,0.0,0.0,0.0,0.0,0.0,0.0,0.0,0.0,0.0,0.01461609928986791,0.01461609928986791
2018/04/28 03:00:00,2018/04/28 04:00:00,2018/04/28 08:00:00,4.485032240317647,4.485032240317647,4.164744496780109,0.0,0.0,0.0,0.026007635685836212,0.005318909978062404,0.0,0.0005693067783415784,0.2883918910952979,0.0,0.0,0.0,0.0,0.0,0.0,0.0,0.0,0.0,0.0,0.0,0.0,0.0,0.0,0.0,0.0,0.0,0.0,0.0,0.0,0.0,0.0,0.0,0.0,0.0,0.015303552990266535,0.015303552990266535
2018/04/28 04:00:00,2018/04/28 05:00:00,2018/04/28 09:00:00,4.750904530254767,4.750904530254767,4.444982636090294,0.0,0.0,0.0,0.0278045810395689,0.005686409380447792,0.0,0.0006086418867900008,0.27182226185766784,0.0,0.0,0.0,0.0,0.0,0.0,0.0,0.0,0.0,0.0,0.0,0.0,0.0,0.0,0.0,0.0,0.0,0.0,0.0,0.0,0.0,0.0,0.0,0.0,0.0,0.0162107461741015,0.0162107461741015
2018/04/28 05:00:00,2018/04/28 06:00:00,2018/04/28 10:00:00,4.969349333517822,4.969349333517822,4.582426622643913,0.0,0.0,0.0,0.07380313982851767,0.015093730994548724,0.0,0.001615549689899291,0.2964102903609423,0.0,0.0,0.0,0.0,0.0,0.0,0.0,0.0,0.0,0.0,0.0,0.0,0.0,0.0,0.0,0.0,0.0,0.0,0.0,0.0,0.0,0.0,0.0,0.0,0.0,0.0169561101855646,0.0169561101855646
2018/04/28 06:00:00,2018/04/28 07:00:00,2018/04/28 11:00:00,4.996106441851518,4.996106441851518,4.420682994158387,0.0,0.0,0.0,0.17326939918692633,0.03543591379704412,0.0,0.003792864704345704,0.36292527000481567,0.0,0.0,0.0,0.0,0.0,0.0,0.0,0.0,0.0,0.0,0.0,0.0,0.0,0.0,0.0,0.0,0.0,0.0,0.0,0.0,0.0,0.0,0.0,0.0,0.0,0.017047409155852945,0.017047409155852945
2018/04/28 07:00:00,2018/04/28 08:00:00,2018/04/28 12:00:00,5.500696227981434,5.500696227981434,3.9393024277934505,0.0,0.0,0.0,0.21926795797587528,0.044843235411145085,0.0,0.004799772507454998,0.4142946130207353,0.0,0.0,0.0,0.0,0.0,0.0,0.8781882212727737,0.0,0.0,0.0,0.0,0.0,0.0,0.0,0.0,0.0,0.0,0.0,0.0,0.0,0.0,0.0,0.0,0.0,0.0,0.018769139595373605,0.018769139595373605
2018/04/28 08:00:00,2018/04/28 09:00:00,2018/04/28 13:00:00,6.094330415749919,6.094330415749919,4.162117505641037,0.0,0.0,0.0,0.22459555084839308,0.04593279953881092,0.0,0.00491639344029206,0.337947295450533,0.0,0.0,0.0,0.0,0.0,0.0,1.3188208708308526,0.0,0.0,0.0,0.0,0.0,0.0,0.0,0.0,0.0,0.0,0.0,0.0,0.0,0.0,0.0,0.0,0.0,0.0,0.020794701901856696,0.020794701901856696
2018/04/28 09:00:00,2018/04/28 10:00:00,2018/04/28 14:00:00,5.67169293478353,5.67169293478353,4.159753134164719,0.0,0.0,0.0,0.22267911815523408,0.04554086337448363,0.0,0.00487444275566889,0.2702730763559569,0.0,0.0,0.0,0.0,0.0,0.0,0.9685722999774679,0.0,0.0,0.0,0.0,0.0,0.0,0.0,0.0,0.0,0.0,0.0,0.0,0.0,0.0,0.0,0.0,0.0,0.0,0.019352604111009194,0.019352604111009194
2018/04/28 10:00:00,2018/04/28 11:00:00,2018/04/28 15:00:00,4.460420976407838,4.460420976407838,3.928160582418692,0.0,0.0,0.0,0.21616650243897678,0.04420894619696981,0.0,0.004731881689496374,0.2671530636637028,0.0,0.0,0.0,0.0,0.0,0.0,0.0,0.0,0.0,0.0,0.0,0.0,0.0,0.0,0.0,0.0,0.0,0.0,0.0,0.0,0.0,0.0,0.0,0.0,0.0,0.01521957593921762,0.01521957593921762
2018/04/28 11:00:00,2018/04/28 12:00:00,2018/04/28 16:00:00,4.213178074771466,4.213178074771466,3.6747948192310336,0.0,0.0,0.0,0.20714344994933365,0.04236361106157028,0.0,0.004534367197762577,0.2843418273317665,0.0,0.0,0.0,0.0,0.0,0.0,0.0,0.0,0.0,0.0,0.0,0.0,0.0,0.0,0.0,0.0,0.0,0.0,0.0,0.0,0.0,0.0,0.0,0.0,0.0,0.014375948815950496,0.014375948815950496
2018/04/28 12:00:00,2018/04/28 13:00:00,2018/04/28 17:00:00,3.971314321968295,3.971314321968295,3.4350252419608296,0.0,0.0,0.0,0.20063083423307632,0.041031693884056454,0.0,0.00439180613159006,0.2902347457587424,0.0,0.0,0.0,0.0,0.0,0.0,0.0,0.0,0.0,0.0,0.0,0.0,0.0,0.0,0.0,0.0,0.0,0.0,0.0,0.0,0.0,0.0,0.0,0.0,0.0,0.013550676095684408,0.013550676095684408
2018/04/28 13:00:00,2018/04/28 14:00:00,2018/04/28 18:00:00,4.442572735259122,4.442572735259122,2.835985616870851,0.0,0.0,0.0,0.19871440153991735,0.04063975771972915,0.0,0.004349855446966891,0.30098653605402664,0.0,0.0,0.0,0.0,0.0,0.0,1.061896567627632,0.0,0.0,0.0,0.0,0.0,0.0,0.0,0.0,0.0,0.0,0.0,0.0,0.0,0.0,0.0,0.0,0.0,0.0,0.01515867526123652,0.01515867526123652
2018/04/28 14:00:00,2018/04/28 15:00:00,2018/04/28 19:00:00,3.574845674817049,3.574845674817049,2.5157151931495134,0.0,0.0,0.0,0.19854294757167282,0.04060469308588505,0.0,0.004346102322020269,0.33501695643262186,0.0,0.0,0.0,0.0,0.0,0.0,0.4806197822553356,0.0,0.0,0.0,0.0,0.0,0.0,0.0,0.0,0.0,0.0,0.0,0.0,0.0,0.0,0.0,0.0,0.0,0.0,0.012197870000754604,0.012197870000754604
2018/04/28 15:00:00,2018/04/28 16:00:00,2018/04/28 20:00:00,3.1805338525772164,3.1805338525772164,2.6143377104924737,0.0,0.0,0.0,0.19874504032772614,0.040646023762369886,0.0,0.004350526129599885,0.3224545518650471,0.0,0.0,0.0,0.0,0.0,0.0,0.0,0.0,0.0,0.0,0.0,0.0,0.0,0.0,0.0,0.0,0.0,0.0,0.0,0.0,0.0,0.0,0.0,0.0,0.0,0.010852423292012895,0.010852423292012895
2018/04/28 16:00:00,2018/04/28 17:00:00,2018/04/28 21:00:00,3.294528425232376,3.294528425232376,2.6129487378033067,0.0,0.0,0.0,0.2000346052934617,0.040909757076942034,0.0,0.0043787546885113325,0.4362565703701545,0.0,0.0,0.0,0.0,0.0,0.0,0.0,0.0,0.0,0.0,0.0,0.0,0.0,0.0,0.0,0.0,0.0,0.0,0.0,0.0,0.0,0.0,0.0,0.0,0.0,0.01124138860814794,0.01124138860814794
2018/04/28 17:00:00,2018/04/28 18:00:00,2018/04/28 22:00:00,3.5209956654474897,3.5209956654474897,2.6584110743929434,0.0,0.0,0.0,0.20615620498723053,0.042161706238573175,0.0,0.004512756419466611,0.6097539234092758,0.0,0.0,0.0,0.0,0.0,0.0,0.0,0.0,0.0,0.0,0.0,0.0,0.0,0.0,0.0,0.0,0.0,0.0,0.0,0.0,0.0,0.0,0.0,0.0,0.0,0.01201412628883537,0.01201412628883537
2018/04/28 18:00:00,2018/04/28 19:00:00,2018/04/28 23:00:00,4.579433808216594,4.579433808216594,2.3639597467477387,0.0,0.0,0.0,0.2269852351728252,0.04642152200290495,0.0,0.004968703596448881,0.6320623621790874,0.0,0.0,0.0,0.0,0.0,0.0,1.305036238517589,0.0,0.0,0.0,0.0,0.0,0.0,0.0,0.0,0.0,0.0,0.0,0.0,0.0,0.0,0.0,0.0,0.0,0.0,0.015625664252638078,0.015625664252638078
2018/04/28 19:00:00,2018/04/28 20:00:00,2018/04/29 00:00:00,5.464117835895346,5.464117835895346,2.813611691443483,0.0,0.0,0.0,0.2768619428797716,0.05662197703464995,0.0,0.006060504024674282,0.9921408496819136,0.0,0.0,0.0,0.0,0.0,0.0,1.3188208708308526,0.0,0.0,0.0,0.0,0.0,0.0,0.0,0.0,0.0,0.0,0.0,0.0,0.0,0.0,0.0,0.0,0.0,0.0,0.018644329040712226,0.018644329040712226
2018/04/28 20:00:00,2018/04/28 21:00:00,2018/04/29 01:00:00,5.411683383863725,5.411683383863725,3.259561972099757,0.0,0.0,0.0,0.35770190088743575,0.07315483163424277,0.0,0.007830089565265189,0.5683591774378781,0.0,0.0,0.0,0.0,0.0,0.0,1.1450754122391467,0.0,0.0,0.0,0.0,0.0,0.0,0.0,0.0,0.0,0.0,0.0,0.0,0.0,0.0,0.0,0.0,0.0,0.0,0.01846541540705579,0.01846541540705579
2018/04/28 21:00:00,2018/04/28 22:00:00,2018/04/29 02:00:00,4.675440455471255,4.675440455471255,3.5984422685375788,0.0,0.0,0.0,0.43733330911324797,0.08944052160990244,0.0,0.009573219968177187,0.5406511362423495,0.0,0.0,0.0,0.0,0.0,0.0,0.0,0.0,0.0,0.0,0.0,0.0,0.0,0.0,0.0,0.0,0.0,0.0,0.0,0.0,0.0,0.0,0.0,0.0,0.0,0.015953252268722323,0.015953252268722323
2018/04/28 22:00:00,2018/04/28 23:00:00,2018/04/29 03:00:00,4.9924630841778,4.9924630841778,4.138860140751369,0.0,0.0,0.0,0.3195641841693384,0.06535515755226234,0.0,0.0069952554842145935,0.4616883462206141,0.0,0.0,0.0,0.0,0.0,0.0,0.0,0.0,0.0,0.0,0.0,0.0,0.0,0.0,0.0,0.0,0.0,0.0,0.0,0.0,0.0,0.0,0.0,0.0,0.0,0.01703497751339539,0.01703497751339539
2018/04/28 23:00:00,2018/04/29 00:00:00,2018/04/29 04:00:00,5.074587384665857,5.074587384665857,4.520903027303241,0.0,0.0,0.0,0.13094360677997474,0.026779722120023,0.0,0.002866353705536267,0.39309467475708215,0.0,0.0,0.0,0.0,0.0,0.0,0.0,0.0,0.0,0.0,0.0,0.0,0.0,0.0,0.0,0.0,0.0,0.0,0.0,0.0,0.0,0.0,0.0,0.0,0.0,0.01731519703400658,0.01731519703400658
2018/04/29 00:00:00,2018/04/29 01:00:00,2018/04/29 05:00:00,5.534619951581169,5.534619951581169,5.106503828278823,0.0,0.0,0.0,0.06501908921459039,0.013297274945155983,0.0,0.0014232669458539432,0.34837649219674405,0.0,0.0,0.0,0.0,0.0,0.0,0.0,0.0,0.0,0.0,0.0,0.0,0.0,0.0,0.0,0.0,0.0,0.0,0.0,0.0,0.0,0.0,0.0,0.0,0.0,0.018884892052417016,0.018884892052417016
2018/04/29 01:00:00,2018/04/29 02:00:00,2018/04/29 06:00:00,5.732961892024977,5.732961892024977,5.3534306741548825,0.0,0.0,0.0,0.03901145352875434,0.00797836496709361,0.0,0.0008539601675123682,0.3316874392067341,0.0,0.0,0.0,0.0,0.0,0.0,0.0,0.0,0.0,0.0,0.0,0.0,0.0,0.0,0.0,0.0,0.0,0.0,0.0,0.0,0.0,0.0,0.0,0.0,0.0,0.01956166230358452,0.01956166230358452
2018/04/29 02:00:00,2018/04/29 03:00:00,2018/04/29 07:00:00,5.382225481278937,5.382225481278937,5.049115725655818,0.0,0.0,0.0,0.026007635685836212,0.005318909978062404,0.0,0.0005693067783415784,0.30121390318087937,0.0,0.0,0.0,0.0,0.0,0.0,0.0,0.0,0.0,0.0,0.0,0.0,0.0,0.0,0.0,0.0,0.0,0.0,0.0,0.0,0.0,0.0,0.0,0.0,0.0,0.01836490095163317,0.01836490095163317
2018/04/29 03:00:00,2018/04/29 04:00:00,2018/04/29 08:00:00,5.393803373174752,5.393803373174752,5.073515629637215,0.0,0.0,0.0,0.026007635685836212,0.005318909978062404,0.0,0.0005693067783415784,0.2883918910952979,0.0,0.0,0.0,0.0,0.0,0.0,0.0,0.0,0.0,0.0,0.0,0.0,0.0,0.0,0.0,0.0,0.0,0.0,0.0,0.0,0.0,0.0,0.0,0.0,0.0,0.018404406326990436,0.018404406326990436
2018/04/29 04:00:00,2018/04/29 05:00:00,2018/04/29 09:00:00,5.405680416646199,5.405680416646199,5.099758522481724,0.0,0.0,0.0,0.0278045810395689,0.005686409380447792,0.0,0.0006086418867900008,0.27182226185766784,0.0,0.0,0.0,0.0,0.0,0.0,0.0,0.0,0.0,0.0,0.0,0.0,0.0,0.0,0.0,0.0,0.0,0.0,0.0,0.0,0.0,0.0,0.0,0.0,0.0,0.018444932449076933,0.018444932449076933
2018/04/29 05:00:00,2018/04/29 06:00:00,2018/04/29 10:00:00,5.451440533377543,5.451440533377543,5.064517822503635,0.0,0.0,0.0,0.07380313982851767,0.015093730994548724,0.0,0.001615549689899291,0.2964102903609423,0.0,0.0,0.0,0.0,0.0,0.0,0.0,0.0,0.0,0.0,0.0,0.0,0.0,0.0,0.0,0.0,0.0,0.0,0.0,0.0,0.0,0.0,0.0,0.0,0.0,0.018601072323600847,0.018601072323600847
2018/04/29 06:00:00,2018/04/29 07:00:00,2018/04/29 11:00:00,5.985064437203609,5.985064437203609,4.828910244219405,0.0,0.0,0.0,0.17326939918692633,0.03543591379704412,0.0,0.003792864704345704,0.36292527000481567,0.0,0.0,0.0,0.0,0.0,0.0,0.5807307452910723,0.0,0.0,0.0,0.0,0.0,0.0,0.0,0.0,0.0,0.0,0.0,0.0,0.0,0.0,0.0,0.0,0.0,0.0,0.020421871205638924,0.020421871205638924
2018/04/29 07:00:00,2018/04/29 08:00:00,2018/04/29 12:00:00,6.079029253399436,6.079029253399436,4.10894490918744,0.0,0.0,0.0,0.21926795797587528,0.044843235411145085,0.0,0.004799772507454998,0.4142946130207353,0.0,0.0,0.0,0.0,0.0,0.0,1.2868787652967866,0.0,0.0,0.0,0.0,0.0,0.0,0.0,0.0,0.0,0.0,0.0,0.0,0.0,0.0,0.0,0.0,0.0,0.0,0.020742492210533117,0.020742492210533117
2018/04/29 08:00:00,2018/04/29 09:00:00,2018/04/29 13:00:00,6.431460358455739,6.431460358455739,4.499247448346857,0.0,0.0,0.0,0.22459555084839308,0.04593279953881092,0.0,0.00491639344029206,0.337947295450533,0.0,0.0,0.0,0.0,0.0,0.0,1.3188208708308526,0.0,0.0,0.0,0.0,0.0,0.0,0.0,0.0,0.0,0.0,0.0,0.0,0.0,0.0,0.0,0.0,0.0,0.0,0.021945036094869908,0.021945036094869908
2018/04/29 09:00:00,2018/04/29 10:00:00,2018/04/29 14:00:00,6.1166227000200735,6.1166227000200735,4.254434328547878,0.0,0.0,0.0,0.22267911815523408,0.04554086337448363,0.0,0.00487444275566889,0.2702730763559569,0.0,0.0,0.0,0.0,0.0,0.0,1.3188208708308526,0.0,0.0,0.0,0.0,0.0,0.0,0.0,0.0,0.0,0.0,0.0,0.0,0.0,0.0,0.0,0.0,0.0,0.0,0.020870766272260914,0.020870766272260914
2018/04/29 10:00:00,2018/04/29 11:00:00,2018/04/29 15:00:00,5.558040170619272,5.558040170619272,3.6726218621311055,0.0,0.0,0.0,0.21616650243897678,0.04420894619696981,0.0,0.004731881689496374,0.30149010733187,0.0,0.0,0.0,0.0,0.0,0.0,1.3188208708308526,0.0,0.0,0.0,0.0,0.0,0.0,0.0,0.0,0.0,0.0,0.0,0.0,0.0,0.0,0.0,0.0,0.0,0.0,0.018964805092923472,0.018964805092923472
2018/04/29 11:00:00,2018/04/29 12:00:00,2018/04/29 16:00:00,4.256321919244247,4.256321919244247,2.930426225866605,0.0,0.0,0.0,0.20714344994933365,0.04236361106157028,0.0,0.004534367197762577,1.058404141090068,0.0,0.0,0.0,0.0,0.0,0.0,0.013450124078907213,0.0,0.0,0.0,0.0,0.0,0.0,0.0,0.0,0.0,0.0,0.0,0.0,0.0,0.0,0.0,0.0,0.0,0.0,0.014523161606119035,0.014523161606119035
2018/04/29 12:00:00,2018/04/29 13:00:00,2018/04/29 17:00:00,2.957450141452665,2.957450141452665,2.421161061445199,0.0,0.0,0.0,0.20063083423307632,0.041031693884056454,0.0,0.00439180613159006,0.2902347457587424,0.0,0.0,0.0,0.0,0.0,0.0,0.0,0.0,0.0,0.0,0.0,0.0,0.0,0.0,0.0,0.0,0.0,0.0,0.0,0.0,0.0,0.0,0.0,0.0,0.0,0.010091230682566212,0.010091230682566212
2018/04/29 13:00:00,2018/04/29 14:00:00,2018/04/29 18:00:00,2.93550777975606,2.93550777975606,1.9702964209610936,0.0,0.0,0.0,0.19871440153991735,0.04063975771972915,0.0,0.004349855446966891,0.30098653605402664,0.0,0.0,0.0,0.0,0.0,0.0,0.4205208080343267,0.0,0.0,0.0,0.0,0.0,0.0,0.0,0.0,0.0,0.0,0.0,0.0,0.0,0.0,0.0,0.0,0.0,0.0,0.010016360296588384,0.010016360296588384
2018/04/29 14:00:00,2018/04/29 15:00:00,2018/04/29 19:00:00,2.250919038473498,2.250919038473498,1.6724083390612983,0.0,0.0,0.0,0.19854294757167282,0.04060469308588505,0.0,0.004346102322020269,0.33501695643262186,0.0,0.0,0.0,0.0,0.0,0.0,0.0,0.0,0.0,0.0,0.0,0.0,0.0,0.0,0.0,0.0,0.0,0.0,0.0,0.0,0.0,0.0,0.0,0.0,0.0,0.007680448419617002,0.007680448419617002
2018/04/29 15:00:00,2018/04/29 16:00:00,2018/04/29 20:00:00,1.8902822214912174,1.8902822214912174,1.293639868532933,0.0,0.0,0.0,0.19874504032772614,0.040646023762369886,0.0,0.004350526129599885,0.35290076273858845,0.0,0.0,0.0,0.0,0.0,0.0,0.0,0.0,0.0,0.0,0.0,0.0,0.0,0.0,0.0,0.0,0.0,0.0,0.0,0.0,0.0,0.0,0.0,0.0,0.0,0.006449905506387351,0.006449905506387351
2018/04/29 16:00:00,2018/04/29 17:00:00,2018/04/29 21:00:00,2.4712325359673146,2.4712325359673146,1.103301843434245,0.0,0.0,0.0,0.2000346052934617,0.040909757076942034,0.0,0.0043787546885113325,1.122607575474155,0.0,0.0,0.0,0.0,0.0,0.0,0.0,0.0,0.0,0.0,0.0,0.0,0.0,0.0,0.0,0.0,0.0,0.0,0.0,0.0,0.0,0.0,0.0,0.0,0.0,0.008432188675363477,0.008432188675363477
2018/04/29 17:00:00,2018/04/29 18:00:00,2018/04/29 22:00:00,1.721353741404563,1.721353741404563,0.8587691503500168,0.0,0.0,0.0,0.20615620498723053,0.042161706238573175,0.0,0.004512756419466611,0.6097539234092758,0.0,0.0,0.0,0.0,0.0,0.0,0.0,0.0,0.0,0.0,0.0,0.0,0.0,0.0,0.0,0.0,0.0,0.0,0.0,0.0,0.0,0.0,0.0,0.0,0.0,0.005873498067588604,0.005873498067588604
2018/04/29 18:00:00,2018/04/29 19:00:00,2018/04/29 23:00:00,2.5269571007716998,2.5269571007716998,0.8447938225595932,0.0,0.0,0.0,0.2269852351728252,0.04642152200290495,0.0,0.004968703596448881,0.6320623621790874,0.0,0.0,0.0,0.0,0.0,0.0,0.7717254552608402,0.0,0.0,0.0,0.0,0.0,0.0,0.0,0.0,0.0,0.0,0.0,0.0,0.0,0.0,0.0,0.0,0.0,0.0,0.008622328630808493,0.008622328630808493
2018/04/29 19:00:00,2018/04/29 20:00:00,2018/04/30 00:00:00,2.5164131487902432,2.5164131487902432,1.2626968940222565,0.0,0.0,0.0,0.2768619428797716,0.05662197703464995,0.0,0.006060504024674282,0.5779161635029116,0.0,0.0,0.0,0.0,0.0,0.0,0.33625566732597945,0.0,0.0,0.0,0.0,0.0,0.0,0.0,0.0,0.0,0.0,0.0,0.0,0.0,0.0,0.0,0.0,0.0,0.0,0.008586351202056806,0.008586351202056806
2018/04/29 20:00:00,2018/04/29 21:00:00,2018/04/30 01:00:00,2.692257799159037,2.692257799159037,1.6469201407612668,0.0,0.0,0.0,0.35770190088743575,0.07315483163424277,0.0,0.007830089565265189,0.6066508363108268,0.0,0.0,0.0,0.0,0.0,0.0,0.0,0.0,0.0,0.0,0.0,0.0,0.0,0.0,0.0,0.0,0.0,0.0,0.0,0.0,0.0,0.0,0.0,0.0,0.0,0.009186357574537896,0.009186357574537896
2018/04/29 21:00:00,2018/04/29 22:00:00,2018/04/30 02:00:00,4.070558166893891,4.070558166893891,2.1303485063319045,0.0,0.0,0.0,0.43733330911324797,0.08944052160990244,0.0,0.009573219968177187,1.403862609870659,0.0,0.0,0.0,0.0,0.0,0.0,0.0,0.0,0.0,0.0,0.0,0.0,0.0,0.0,0.0,0.0,0.0,0.0,0.0,0.0,0.0,0.0,0.0,0.0,0.0,0.0138893098798797,0.0138893098798797
2018/04/29 22:00:00,2018/04/29 23:00:00,2018/04/30 03:00:00,4.408908630642725,4.408908630642725,2.731181387346619,0.0,0.0,0.0,0.3195641841693384,0.06535515755226234,0.0,0.0069952554842145935,0.4616883462206141,0.0,0.0,0.0,0.0,0.0,0.0,0.824124299869677,0.0,0.0,0.0,0.0,0.0,0.0,0.0,0.0,0.0,0.0,0.0,0.0,0.0,0.0,0.0,0.0,0.0,0.0,0.015043808660226216,0.015043808660226216
2018/04/29 23:00:00,2018/04/30 00:00:00,2018/04/30 04:00:00,4.1948870231932425,4.1948870231932425,3.2189067270138176,0.0,0.0,0.0,0.13094360677997474,0.026779722120023,0.0,0.002866353705536267,0.39309467475708215,0.0,0.0,0.0,0.0,0.0,0.0,0.4222959388168084,0.0,0.0,0.0,0.0,0.0,0.0,0.0,0.0,0.0,0.0,0.0,0.0,0.0,0.0,0.0,0.0,0.0,0.0,0.014313537207276036,0.014313537207276036
2018/04/30 00:00:00,2018/04/30 01:00:00,2018/04/30 05:00:00,4.6840868516658345,4.6840868516658345,4.066079259542266,0.0,0.0,0.0,0.06501908921459039,0.013297274945155983,0.0,0.0014232669458539432,0.3473032470112933,0.0,0.0,0.0,0.0,0.0,0.0,0.1909647140066745,0.0,0.0,0.0,0.0,0.0,0.0,0.0,0.0,0.0,0.0,0.0,0.0,0.0,0.0,0.0,0.0,0.0,0.0,0.0159827549735522,0.0159827549735522
2018/04/30 01:00:00,2018/04/30 02:00:00,2018/04/30 06:00:00,4.896077798621638,4.896077798621638,4.516546580751543,0.0,0.0,0.0,0.03901145352875434,0.00797836496709361,0.0,0.0008539601675123682,0.3316874392067341,0.0,0.0,0.0,0.0,0.0,0.0,0.0,0.0,0.0,0.0,0.0,0.0,0.0,0.0,0.0,0.0,0.0,0.0,0.0,0.0,0.0,0.0,0.0,0.0,0.0,0.01670609753083227,0.01670609753083227
2018/04/30 02:00:00,2018/04/30 03:00:00,2018/04/30 07:00:00,4.820542052693666,4.820542052693666,4.487432297070547,0.0,0.0,0.0,0.026007635685836212,0.005318909978062404,0.0,0.0005693067783415784,0.30121390318087937,0.0,0.0,0.0,0.0,0.0,0.0,0.0,0.0,0.0,0.0,0.0,0.0,0.0,0.0,0.0,0.0,0.0,0.0,0.0,0.0,0.0,0.0,0.0,0.0,0.0,0.016448359073552826,0.016448359073552826
2018/04/30 03:00:00,2018/04/30 04:00:00,2018/04/30 08:00:00,5.131632302941009,5.131632302941009,4.811344559403472,0.0,0.0,0.0,0.026007635685836212,0.005318909978062404,0.0,0.0005693067783415784,0.2883918910952979,0.0,0.0,0.0,0.0,0.0,0.0,0.0,0.0,0.0,0.0,0.0,0.0,0.0,0.0,0.0,0.0,0.0,0.0,0.0,0.0,0.0,0.0,0.0,0.0,0.0,0.01750984221889546,0.01750984221889546
2018/04/30 04:00:00,2018/04/30 05:00:00,2018/04/30 09:00:00,5.298949856203623,5.298949856203623,4.993027962039149,0.0,0.0,0.0,0.0278045810395689,0.005686409380447792,0.0,0.0006086418867900008,0.27182226185766784,0.0,0.0,0.0,0.0,0.0,0.0,0.0,0.0,0.0,0.0,0.0,0.0,0.0,0.0,0.0,0.0,0.0,0.0,0.0,0.0,0.0,0.0,0.0,0.0,0.0,0.01808075295160734,0.01808075295160734
2018/04/30 05:00:00,2018/04/30 06:00:00,2018/04/30 10:00:00,5.479797126396944,5.479797126396944,5.0928744155230365,0.0,0.0,0.0,0.07380313982851767,0.015093730994548724,0.0,0.001615549689899291,0.2964102903609423,0.0,0.0,0.0,0.0,0.0,0.0,0.0,0.0,0.0,0.0,0.0,0.0,0.0,0.0,0.0,0.0,0.0,0.0,0.0,0.0,0.0,0.0,0.0,0.0,0.0,0.018697828957810705,0.018697828957810705
2018/04/30 06:00:00,2018/04/30 07:00:00,2018/04/30 11:00:00,5.734551006113511,5.734551006113511,5.159127558420379,0.0,0.0,0.0,0.17326939918692633,0.03543591379704412,0.0,0.003792864704345704,0.36292527000481567,0.0,0.0,0.0,0.0,0.0,0.0,0.0,0.0,0.0,0.0,0.0,0.0,0.0,0.0,0.0,0.0,0.0,0.0,0.0,0.0,0.0,0.0,0.0,0.0,0.0,0.01956708458158797,0.01956708458158797
2018/04/30 07:00:00,2018/04/30 08:00:00,2018/04/30 12:00:00,6.129988115582959,6.129988115582959,4.935410145011029,0.0,0.0,0.0,0.21926795797587528,0.044843235411145085,0.0,0.004799772507454998,0.4142946130207353,0.0,0.0,0.0,0.0,0.0,0.0,0.5113723916567199,0.0,0.0,0.0,0.0,0.0,0.0,0.0,0.0,0.0,0.0,0.0,0.0,0.0,0.0,0.0,0.0,0.0,0.0,0.02091637092666337,0.02091637092666337
2018/04/30 08:00:00,2018/04/30 09:00:00,2018/04/30 13:00:00,6.046616704481131,6.046616704481131,4.264324061656665,0.0,0.0,0.0,0.22459555084839308,0.04593279953881092,0.0,0.00491639344029206,0.41110751807627777,0.0,0.0,0.0,0.0,0.0,0.0,1.0957403809206923,0.0,0.0,0.0,0.0,0.0,0.0,0.0,0.0,0.0,0.0,0.0,0.0,0.0,0.0,0.0,0.0,0.0,0.0,0.020631896091410067,0.020631896091410067
2018/04/30 09:00:00,2018/04/30 10:00:00,2018/04/30 14:00:00,7.434586416887424,7.434586416887424,3.9068559660707964,0.0,0.0,0.0,0.22267911815523408,0.04554086337448363,0.0,0.00487444275566889,1.9358151557003878,0.0,0.0,0.0,0.0,0.0,0.0,1.3188208708308526,0.0,0.0,0.0,0.0,0.0,0.0,0.0,0.0,0.0,0.0,0.0,0.0,0.0,0.0,0.0,0.0,0.0,0.0,0.025367841543875832,0.025367841543875832
2018/04/30 10:00:00,2018/04/30 11:00:00,2018/04/30 15:00:00,5.2403833483725855,5.2403833483725855,3.019184583574977,0.0,0.0,0.0,0.21616650243897678,0.04420894619696981,0.0,0.004731881689496374,0.6372705636413124,0.0,0.0,0.0,0.0,0.0,0.0,1.3188208708308526,0.0,0.0,0.0,0.0,0.0,0.0,0.0,0.0,0.0,0.0,0.0,0.0,0.0,0.0,0.0,0.0,0.0,0.0,0.01788091589179979,0.01788091589179979
2018/04/30 11:00:00,2018/04/30 12:00:00,2018/04/30 16:00:00,4.0246174300047075,4.0246174300047075,2.0632101418541993,0.0,0.0,0.0,0.20714344994933365,0.04236361106157028,0.0,0.004534367197762577,0.3885449891109894,0.0,0.0,0.0,0.0,0.0,0.0,1.3188208708308526,0.0,0.0,0.0,0.0,0.0,0.0,0.0,0.0,0.0,0.0,0.0,0.0,0.0,0.0,0.0,0.0,0.0,0.0,0.01373255370428848,0.01373255370428848
2018/04/30 12:00:00,2018/04/30 13:00:00,2018/04/30 17:00:00,3.824562196216918,3.824562196216918,1.2850272651999064,0.0,0.0,0.0,0.20063083423307632,0.041031693884056454,0.0,0.00439180613159006,1.1266063300271993,0.0,0.0,0.0,0.0,0.0,0.0,1.1668742667410898,0.0,0.0,0.0,0.0,0.0,0.0,0.0,0.0,0.0,0.0,0.0,0.0,0.0,0.0,0.0,0.0,0.0,0.0,0.013049937458249016,0.013049937458249016
2018/04/30 13:00:00,2018/04/30 14:00:00,2018/04/30 18:00:00,1.2215140029192166,1.2215140029192166,0.6768234521585768,0.0,0.0,0.0,0.19871440153991735,0.04063975771972915,0.0,0.004349855446966891,0.30098653605402664,0.0,0.0,0.0,0.0,0.0,0.0,0.0,0.0,0.0,0.0,0.0,0.0,0.0,0.0,0.0,0.0,0.0,0.0,0.0,0.0,0.0,0.0,0.0,0.0,0.0,0.004167975450429065,0.004167975450429065
2018/04/30 14:00:00,2018/04/30 15:00:00,2018/04/30 19:00:00,0.7762895821295638,0.7762895821295638,0.19777888271736374,0.0,0.0,0.0,0.19854294757167282,0.04060469308588505,0.0,0.004346102322020269,0.33501695643262186,0.0,0.0,0.0,0.0,0.0,0.0,0.0,0.0,0.0,0.0,0.0,0.0,0.0,0.0,0.0,0.0,0.0,0.0,0.0,0.0,0.0,0.0,0.0,0.0,0.0,0.0026488078835014703,0.0026488078835014703
2018/04/30 15:00:00,2018/04/30 16:00:00,2018/04/30 20:00:00,1.2767372265400405,1.2767372265400405,0.0,0.0,0.0,0.0,0.19874504032772614,0.040646023762369886,0.0,0.004350526129599885,0.3224545518650471,0.0,0.0,0.0,0.0,0.0,0.0,0.7105410844552977,0.0,0.0,0.0,0.0,0.0,0.0,0.0,0.0,0.0,0.0,0.0,0.0,0.0,0.0,0.0,0.0,0.0,0.0,0.004356404760117765,0.004356404760117765
2018/04/30 16:00:00,2018/04/30 17:00:00,2018/04/30 21:00:00,0.6815796874290696,0.6815796874290696,0.0,0.0,0.0,0.0,0.2000346052934617,0.040909757076942034,0.0,0.0043787546885113325,0.4362565703701545,0.0,0.0,0.0,0.0,0.0,0.0,0.0,0.0,0.0,0.0,0.0,0.0,0.0,0.0,0.0,0.0,0.0,0.0,0.0,0.0,0.0,0.0,0.0,0.0,0.0,0.0023256445672554036,0.0023256445672554036
2018/04/30 17:00:00,2018/04/30 18:00:00,2018/04/30 22:00:00,0.8625845910545461,0.8625845910545461,0.0,0.0,0.0,0.0,0.20615620498723053,0.042161706238573175,0.0,0.004512756419466611,0.6097539234092758,0.0,0.0,0.0,0.0,0.0,0.0,0.0,0.0,0.0,0.0,0.0,0.0,0.0,0.0,0.0,0.0,0.0,0.0,0.0,0.0,0.0,0.0,0.0,0.0,0.0,0.0029432584406251044,0.0029432584406251044
2018/04/30 18:00:00,2018/04/30 19:00:00,2018/04/30 23:00:00,1.3138060014714619,1.3138060014714619,0.0,0.0,0.0,0.0,0.2269852351728252,0.04642152200290495,0.0,0.004968703596448881,0.6320623621790874,0.0,0.0,0.0,0.0,0.0,0.0,0.40336817852019546,0.0,0.0,0.0,0.0,0.0,0.0,0.0,0.0,0.0,0.0,0.0,0.0,0.0,0.0,0.0,0.0,0.0,0.0,0.0044828885691632694,0.0044828885691632694
2018/04/30 19:00:00,2018/04/30 20:00:00,2018/05/01 00:00:00,2.131542081817446,2.131542081817446,0.0,0.0,0.0,0.0,0.2768619428797716,0.05662197703464995,0.0,0.006060504024674282,0.5779161635029116,0.0,0.0,0.0,0.0,0.0,0.0,1.2140814943754388,0.0,0.0,0.0,0.0,0.0,0.0,0.0,0.0,0.0,0.0,0.0,0.0,0.0,0.0,0.0,0.0,0.0,0.0,0.007273117661639385,0.007273117661639385
2018/04/30 20:00:00,2018/04/30 21:00:00,2018/05/01 01:00:00,1.5748375804007533,1.5748375804007533,0.10287536372539262,0.0,0.0,0.0,0.35770190088743575,0.07315483163424277,0.0,0.007830089565265189,0.5683591774378781,0.0,0.0,0.0,0.0,0.0,0.0,0.46491621715053877,0.0,0.0,0.0,0.0,0.0,0.0,0.0,0.0,0.0,0.0,0.0,0.0,0.0,0.0,0.0,0.0,0.0,0.0,0.005373564574648222,0.005373564574648222
2018/04/30 21:00:00,2018/04/30 22:00:00,2018/05/01 02:00:00,2.0872642055747868,2.0872642055747868,0.729266820489564,0.0,0.0,0.0,0.43733330911324797,0.08944052160990244,0.0,0.009573219968177187,0.5406511362423495,0.0,0.0,0.0,0.0,0.0,0.0,0.28099919815154567,0.0,0.0,0.0,0.0,0.0,0.0,0.0,0.0,0.0,0.0,0.0,0.0,0.0,0.0,0.0,0.0,0.0,0.0,0.007122035397551131,0.007122035397551131
2018/04/30 22:00:00,2018/04/30 23:00:00,2018/05/01 03:00:00,2.5674068903098917,2.5674068903098917,1.4628441847797664,0.0,0.0,0.0,0.3195641841693384,0.06535515755226234,0.0,0.0069952554842145935,0.4616883462206141,0.0,0.0,0.0,0.0,0.0,0.0,0.25095976210369575,0.0,0.0,0.0,0.0,0.0,0.0,0.0,0.0,0.0,0.0,0.0,0.0,0.0,0.0,0.0,0.0,0.0,0.0,0.008760348931326779,0.008760348931326779
2018/04/30 23:00:00,2018/05/01 00:00:00,2018/05/01 04:00:00,2.5637229010894886,2.5637229010894886,2.0100385437268726,0.0,0.0,0.0,0.13094360677997474,0.026779722120023,0.0,0.002866353705536267,0.39309467475708215,0.0,0.0,0.0,0.0,0.0,0.0,0.0,0.0,0.0,0.0,0.0,0.0,0.0,0.0,0.0,0.0,0.0,0.0,0.0,0.0,0.0,0.0,0.0,0.0,0.0,0.008747778648388074,0.008747778648388074
2018/05/01 00:00:00,2018/05/01 01:00:00,2018/05/01 05:00:00,3.0448410193696738,3.0448410193696738,2.61779814125278,0.0,0.0,0.0,0.06501908921459039,0.013297274945155983,0.0,0.0014232669458539432,0.3473032470112933,0.0,0.0,0.0,0.0,0.0,0.0,0.0,0.0,0.0,0.0,0.0,0.0,0.0,0.0,0.0,0.0,0.0,0.0,0.0,0.0,0.0,0.0,0.0,0.0,0.0,0.010389420496910589,0.010389420496910589
2018/05/01 01:00:00,2018/05/01 02:00:00,2018/05/01 06:00:00,3.1938558839030176,3.1938558839030176,2.813329044208455,0.0,0.0,0.0,0.03901145352875434,0.00797836496709361,0.0,0.0008539601675123682,0.3326830610312019,0.0,0.0,0.0,0.0,0.0,0.0,0.0,0.0,0.0,0.0,0.0,0.0,0.0,0.0,0.0,0.0,0.0,0.0,0.0,0.0,0.0,0.0,0.0,0.0,0.0,0.010897879913372197,0.010897879913372197
2018/05/01 02:00:00,2018/05/01 03:00:00,2018/05/01 07:00:00,3.056847058753614,3.056847058753614,2.7227580814656016,0.0,0.0,0.0,0.026007635685836212,0.005318909978062404,0.0,0.0005693067783415784,0.302193124845772,0.0,0.0,0.0,0.0,0.0,0.0,0.0,0.0,0.0,0.0,0.0,0.0,0.0,0.0,0.0,0.0,0.0,0.0,0.0,0.0,0.0,0.0,0.0,0.0,0.0,0.010430386770968485,0.010430386770968485
2018/05/01 03:00:00,2018/05/01 04:00:00,2018/05/01 08:00:00,3.167370375375758,3.167370375375758,2.846129284626989,0.0,0.0,0.0,0.026007635685836212,0.005318909978062404,0.0,0.0005693067783415784,0.28934523830652903,0.0,0.0,0.0,0.0,0.0,0.0,0.0,0.0,0.0,0.0,0.0,0.0,0.0,0.0,0.0,0.0,0.0,0.0,0.0,0.0,0.0,0.0,0.0,0.0,0.0,0.010807507679349557,0.010807507679349557
2018/05/01 04:00:00,2018/05/01 05:00:00,2018/05/01 09:00:00,3.714074383971903,3.714074383971903,2.904410154652481,0.0,0.0,0.0,0.027249552419694536,0.005572898590769679,0.0,0.0005964923181292811,0.27271438586749136,0.0,0.0,0.0,0.0,0.0,0.0,0.5035309001233371,0.0,0.0,0.0,0.0,0.0,0.0,0.0,0.0,0.0,0.0,0.0,0.0,0.0,0.0,0.0,0.0,0.0,0.0,0.012672937695734387,0.012672937695734387
2018/05/01 05:00:00,2018/05/01 06:00:00,2018/05/01 10:00:00,3.3220775191698437,3.3220775191698437,2.937557409814932,0.0,0.0,0.0,0.07103552208494862,0.014527716082253228,0.0,0.0015549665765280758,0.29740190461118204,0.0,0.0,0.0,0.0,0.0,0.0,0.0,0.0,0.0,0.0,0.0,0.0,0.0,0.0,0.0,0.0,0.0,0.0,0.0,0.0,0.0,0.0,0.0,0.0,0.0,0.011335389943325858,0.011335389943325858
2018/05/01 06:00:00,2018/05/01 07:00:00,2018/05/01 11:00:00,3.5850714958903307,3.5850714958903307,3.016367460356627,0.0,0.0,0.0,0.1667717967174164,0.03410706702965493,0.0,0.0036506322779327363,0.3641745395086999,0.0,0.0,0.0,0.0,0.0,0.0,0.0,0.0,0.0,0.0,0.0,0.0,0.0,0.0,0.0,0.0,0.0,0.0,0.0,0.0,0.0,0.0,0.0,0.0,0.0,0.012232761922658127,0.012232761922658127
2018/05/01 07:00:00,2018/05/01 08:00:00,2018/05/01 12:00:00,4.165915321576692,4.165915321576692,2.736733239135273,0.0,0.0,0.0,0.21104540955177992,0.043161614083227134,0.0,0.004619781038425436,0.5137976783926146,0.0,0.0,0.0,0.0,0.0,0.0,0.6565575993753725,0.0,0.0,0.0,0.0,0.0,0.0,0.0,0.0,0.0,0.0,0.0,0.0,0.0,0.0,0.0,0.0,0.0,0.0,0.014214681737092021,0.014214681737092021
2018/05/01 08:00:00,2018/05/01 09:00:00,2018/05/01 13:00:00,6.595862963822033,6.595862963822033,2.467306517487204,0.0,0.0,0.0,0.21211882851794048,0.043381142644712725,0.0,0.004643278164454789,2.549592326176868,0.0,0.0,0.0,0.0,0.0,0.0,1.3188208708308526,0.0,0.0,0.0,0.0,0.0,0.0,0.0,0.0,0.0,0.0,0.0,0.0,0.0,0.0,0.0,0.0,0.0,0.0,0.02250600062046332,0.02250600062046332
2018/05/01 09:00:00,2018/05/01 10:00:00,2018/05/01 14:00:00,4.57888453117281,4.57888453117281,2.7360243188376243,0.0,0.0,0.0,0.2062198728771374,0.04217472717515497,0.0,0.004514150108678676,0.2711305913433615,0.0,0.0,0.0,0.0,0.0,0.0,1.3188208708308526,0.0,0.0,0.0,0.0,0.0,0.0,0.0,0.0,0.0,0.0,0.0,0.0,0.0,0.0,0.0,0.0,0.0,0.0,0.015623790043068226,0.015623790043068226
2018/05/01 10:00:00,2018/05/01 11:00:00,2018/05/01 15:00:00,4.147639321168324,4.147639321168324,2.315593625327327,0.0,0.0,0.0,0.19995148025023965,0.040892756891797895,0.0,0.004376935082487628,0.2680036527856186,0.0,0.0,0.0,0.0,0.0,0.0,1.3188208708308526,0.0,0.0,0.0,0.0,0.0,0.0,0.0,0.0,0.0,0.0,0.0,0.0,0.0,0.0,0.0,0.0,0.0,0.0,0.014152321485099763,0.014152321485099763
2018/05/01 11:00:00,2018/05/01 12:00:00,2018/05/01 16:00:00,3.6292143002783748,3.6292143002783748,2.0076236164232237,0.0,0.0,0.0,0.19126679222895843,0.03911662182397593,0.0,0.004186827384193855,0.2852620246662099,0.0,0.0,0.0,0.0,0.0,0.0,1.1017584177518125,0.0,0.0,0.0,0.0,0.0,0.0,0.0,0.0,0.0,0.0,0.0,0.0,0.0,0.0,0.0,0.0,0.0,0.0,0.012383383302816492,0.012383383302816492
2018/05/01 12:00:00,2018/05/01 13:00:00,2018/05/01 17:00:00,3.0355723375564567,3.0355723375564567,1.7427613931041648,0.0,0.0,0.0,0.1849983996020602,0.03783465154061874,0.0,0.004049612358002795,0.2911673356785335,0.0,0.0,0.0,0.0,0.0,0.0,0.7747609452730765,0.0,0.0,0.0,0.0,0.0,0.0,0.0,0.0,0.0,0.0,0.0,0.0,0.0,0.0,0.0,0.0,0.0,0.0,0.010357794467112318,0.010357794467112318
2018/05/01 13:00:00,2018/05/01 14:00:00,2018/05/01 18:00:00,1.9096979443201874,1.9096979443201874,1.3831149735087658,0.0,0.0,0.0,0.1831538331348946,0.037457412982453704,0.0,0.004009234824052993,0.30196248987002017,0.0,0.0,0.0,0.0,0.0,0.0,0.0,0.0,0.0,0.0,0.0,0.0,0.0,0.0,0.0,0.0,0.0,0.0,0.0,0.0,0.0,0.0,0.0,0.0,0.0,0.006516154649590038,0.006516154649590038
2018/05/01 14:00:00,2018/05/01 15:00:00,2018/05/01 19:00:00,1.4262322179793245,1.4262322179793245,0.8656914135427364,0.0,0.0,0.0,0.1829823202090357,0.0374223362909875,0.0,0.004005480408525023,0.3361306675280402,0.0,0.0,0.0,0.0,0.0,0.0,0.0,0.0,0.0,0.0,0.0,0.0,0.0,0.0,0.0,0.0,0.0,0.0,0.0,0.0,0.0,0.0,0.0,0.0,0.0,0.00486650243627371,0.00486650243627371
2018/05/01 15:00:00,2018/05/01 16:00:00,2018/05/01 20:00:00,1.0081787589210855,1.0081787589210855,0.4600999880054602,0.0,0.0,0.0,0.18310101194854259,0.037446610342085525,0.0,0.004008078569028756,0.3235230700559683,0.0,0.0,0.0,0.0,0.0,0.0,0.0,0.0,0.0,0.0,0.0,0.0,0.0,0.0,0.0,0.0,0.0,0.0,0.0,0.0,0.0,0.0,0.0,0.0,0.0,0.003440045964913122,0.003440045964913122
2018/05/01 16:00:00,2018/05/01 17:00:00,2018/05/01 21:00:00,0.8514691519247092,0.8514691519247092,0.18822537273474302,0.0,0.0,0.0,0.18385073757031967,0.0375999392774278,0.0,0.0040244900523150485,0.43776861228990366,0.0,0.0,0.0,0.0,0.0,0.0,0.0,0.0,0.0,0.0,0.0,0.0,0.0,0.0,0.0,0.0,0.0,0.0,0.0,0.0,0.0,0.0,0.0,0.0,0.0,0.002905331018341626,0.002905331018341626
2018/05/01 17:00:00,2018/05/01 18:00:00,2018/05/01 22:00:00,1.1821368304984416,1.1821368304984416,0.3402610988176059,0.0,0.0,0.0,0.18748354501607697,0.03834289707663064,0.0,0.004104012156064207,0.611945277432064,0.0,0.0,0.0,0.0,0.0,0.0,0.0,0.0,0.0,0.0,0.0,0.0,0.0,0.0,0.0,0.0,0.0,0.0,0.0,0.0,0.0,0.0,0.0,0.0,0.0,0.0040336150685055866,0.0040336150685055866
2018/05/01 18:00:00,2018/05/01 19:00:00,2018/05/01 23:00:00,1.646739152791119,1.646739152791119,0.7665098425096091,0.0,0.0,0.0,0.20050274998910886,0.041005498939944623,0.0,0.004389002369296161,0.6343320589831604,0.0,0.0,0.0,0.0,0.0,0.0,0.0,0.0,0.0,0.0,0.0,0.0,0.0,0.0,0.0,0.0,0.0,0.0,0.0,0.0,0.0,0.0,0.0,0.0,0.0,0.005618902727018231,0.005618902727018231
2018/05/01 19:00:00,2018/05/01 20:00:00,2018/05/02 00:00:00,3.452620267208468,3.452620267208468,1.01803157660865,0.0,0.0,0.0,0.23456450068467974,0.047971583355822994,0.0,0.0051346136116025955,0.9144398093778505,0.0,0.0,0.0,0.0,0.0,0.0,1.2324781835698626,0.0,0.0,0.0,0.0,0.0,0.0,0.0,0.0,0.0,0.0,0.0,0.0,0.0,0.0,0.0,0.0,0.0,0.0,0.011780819932467386,0.011780819932467386
2018/05/01 20:00:00,2018/05/01 21:00:00,2018/05/02 01:00:00,11.31537324104574,11.31537324104574,1.3676261634819566,0.0,0.0,0.0,0.2979972219663822,0.0609444248027156,0.0,0.006523154985780348,8.263461404978052,0.0,0.0,0.0,0.0,0.0,0.0,1.3188208708308526,0.0,0.0,0.0,0.0,0.0,0.0,0.0,0.0,0.0,0.0,0.0,0.0,0.0,0.0,0.0,0.0,0.0,0.0,0.03860962524245383,0.03860962524245383
2018/05/01 21:00:00,2018/05/01 22:00:00,2018/05/02 02:00:00,7.614720518859434,7.614720518859434,1.7554895021241153,0.0,0.0,0.0,0.3772776461222946,0.0771583338331913,0.0,0.008258602352352653,4.077715563596627,0.0,0.0,0.0,0.0,0.0,0.0,1.3188208708308526,0.0,0.0,0.0,0.0,0.0,0.0,0.0,0.0,0.0,0.0,0.0,0.0,0.0,0.0,0.0,0.0,0.0,0.0,0.02598248412104658,0.02598248412104658
2018/05/01 22:00:00,2018/05/01 23:00:00,2018/05/02 03:00:00,6.195941662579465,6.195941662579465,2.246193649834857,0.0,0.0,0.0,0.2987851671863192,0.061105570157991854,0.0,0.006540403095531294,2.2644960014739133,0.0,0.0,0.0,0.0,0.0,0.0,1.3188208708308526,0.0,0.0,0.0,0.0,0.0,0.0,0.0,0.0,0.0,0.0,0.0,0.0,0.0,0.0,0.0,0.0,0.0,0.0,0.02114141359018848,0.02114141359018848
2018/05/01 23:00:00,2018/05/02 00:00:00,2018/05/02 04:00:00,5.228378296666215,5.228378296666215,3.3086584954429026,0.0,0.0,0.0,0.13094360677997474,0.026779722120023,0.0,0.002866353705536267,0.44030924778692615,0.0,0.0,0.0,0.0,0.0,0.0,1.3188208708308526,0.0,0.0,0.0,0.0,0.0,0.0,0.0,0.0,0.0,0.0,0.0,0.0,0.0,0.0,0.0,0.0,0.0,0.0,0.01783995298783496,0.01783995298783496
2018/05/02 00:00:00,2018/05/02 01:00:00,2018/05/02 05:00:00,5.694603391347519,5.694603391347519,3.9476663972143213,0.0,0.0,0.0,0.06501908921459039,0.013297274945155983,0.0,0.0014232669458539432,0.34837649219674405,0.0,0.0,0.0,0.0,0.0,0.0,1.3188208708308526,0.0,0.0,0.0,0.0,0.0,0.0,0.0,0.0,0.0,0.0,0.0,0.0,0.0,0.0,0.0,0.0,0.0,0.0,0.01943077777114622,0.01943077777114622
2018/05/02 01:00:00,2018/05/02 02:00:00,2018/05/02 06:00:00,6.592106074981501,6.592106074981501,4.809711445155676,0.0,0.0,0.0,0.03901145352875434,0.00797836496709361,0.0,0.0008539601675123682,0.41572998033161224,0.0,0.0,0.0,0.0,0.0,0.0,1.3188208708308526,0.0,0.0,0.0,0.0,0.0,0.0,0.0,0.0,0.0,0.0,0.0,0.0,0.0,0.0,0.0,0.0,0.0,0.0,0.02249318159389473,0.02249318159389473
2018/05/02 02:00:00,2018/05/02 03:00:00,2018/05/02 07:00:00,7.947241135946617,7.947241135946617,4.351738829961754,0.0,0.0,0.0,0.026007635685836212,0.005318909978062404,0.0,0.0005693067783415784,2.24478558271177,0.0,0.0,0.0,0.0,0.0,0.0,1.3188208708308526,0.0,0.0,0.0,0.0,0.0,0.0,0.0,0.0,0.0,0.0,0.0,0.0,0.0,0.0,0.0,0.0,0.0,0.0,0.027117090654797924,0.027117090654797924
2018/05/02 03:00:00,2018/05/02 04:00:00,2018/05/02 08:00:00,7.128566446414651,7.128566446414651,4.555452059868243,0.0,0.0,0.0,0.026007635685836212,0.005318909978062404,0.0,0.0005693067783415784,1.952912189081599,0.0,0.0,0.0,0.0,0.0,0.0,0.5883063450225702,0.0,0.0,0.0,0.0,0.0,0.0,0.0,0.0,0.0,0.0,0.0,0.0,0.0,0.0,0.0,0.0,0.0,0.0,0.02432365889740322,0.02432365889740322
2018/05/02 04:00:00,2018/05/02 05:00:00,2018/05/02 09:00:00,6.771976257505315,6.771976257505315,4.771052707798152,0.0,0.0,0.0,0.027249552419694536,0.005572898590769679,0.0,0.0005964923181292811,1.9675046063785704,0.0,0.0,0.0,0.0,0.0,0.0,0.0,0.0,0.0,0.0,0.0,0.0,0.0,0.0,0.0,0.0,0.0,0.0,0.0,0.0,0.0,0.0,0.0,0.0,0.0,0.02310692364124892,0.02310692364124892
2018/05/02 05:00:00,2018/05/02 06:00:00,2018/05/02 10:00:00,5.256433037282153,5.256433037282153,4.87191292792724,0.0,0.0,0.0,0.07103552208494862,0.014527716082253228,0.0,0.0015549665765280758,0.29740190461118204,0.0,0.0,0.0,0.0,0.0,0.0,0.0,0.0,0.0,0.0,0.0,0.0,0.0,0.0,0.0,0.0,0.0,0.0,0.0,0.0,0.0,0.0,0.0,0.0,0.0,0.017935679659715865,0.017935679659715865
2018/05/02 06:00:00,2018/05/02 07:00:00,2018/05/02 11:00:00,5.3294195155885085,5.3294195155885085,4.760715480054806,0.0,0.0,0.0,0.1667717967174164,0.03410706702965493,0.0,0.0036506322779327363,0.3641745395086999,0.0,0.0,0.0,0.0,0.0,0.0,0.0,0.0,0.0,0.0,0.0,0.0,0.0,0.0,0.0,0.0,0.0,0.0,0.0,0.0,0.0,0.0,0.0,0.0,0.0,0.018184719661768368,0.018184719661768368
2018/05/02 07:00:00,2018/05/02 08:00:00,2018/05/02 12:00:00,5.160485171109532,5.160485171109532,4.485918051859244,0.0,0.0,0.0,0.21104540955177992,0.043161614083227134,0.0,0.004619781038425436,0.41574031457685573,0.0,0.0,0.0,0.0,0.0,0.0,0.0,0.0,0.0,0.0,0.0,0.0,0.0,0.0,0.0,0.0,0.0,0.0,0.0,0.0,0.0,0.0,0.0,0.0,0.0,0.017608292212848434,0.017608292212848434
2018/05/02 08:00:00,2018/05/02 09:00:00,2018/05/02 13:00:00,5.120193058100412,5.120193058100412,4.117398437701774,0.0,0.0,0.0,0.21211882851794048,0.043381142644712725,0.0,0.004643278164454789,0.33907849598849293,0.0,0.0,0.0,0.0,0.0,0.0,0.40357287508303763,0.0,0.0,0.0,0.0,0.0,0.0,0.0,0.0,0.0,0.0,0.0,0.0,0.0,0.0,0.0,0.0,0.0,0.0,0.017470809926549147,0.017470809926549147
2018/05/02 09:00:00,2018/05/02 10:00:00,2018/05/02 14:00:00,4.183706669363396,4.183706669363396,3.6596673278590632,0.0,0.0,0.0,0.2062198728771374,0.04217472717515497,0.0,0.004514150108678676,0.2711305913433615,0.0,0.0,0.0,0.0,0.0,0.0,0.0,0.0,0.0,0.0,0.0,0.0,0.0,0.0,0.0,0.0,0.0,0.0,0.0,0.0,0.0,0.0,0.0,0.0,0.0,0.014275388287019249,0.014275388287019249
2018/05/02 10:00:00,2018/05/02 11:00:00,2018/05/02 15:00:00,3.515980958293541,3.515980958293541,3.002756133283397,0.0,0.0,0.0,0.19995148025023965,0.040892756891797895,0.0,0.004376935082487628,0.2680036527856186,0.0,0.0,0.0,0.0,0.0,0.0,0.0,0.0,0.0,0.0,0.0,0.0,0.0,0.0,0.0,0.0,0.0,0.0,0.0,0.0,0.0,0.0,0.0,0.0,0.0,0.011997015411466139,0.011997015411466139
2018/05/02 11:00:00,2018/05/02 12:00:00,2018/05/02 16:00:00,3.0720635082367105,3.0720635082367105,2.143296774742366,0.0,0.0,0.0,0.19126679222895843,0.03911662182397593,0.0,0.004186827384193855,0.2852620246662099,0.0,0.0,0.0,0.0,0.0,0.0,0.40893446739100603,0.0,0.0,0.0,0.0,0.0,0.0,0.0,0.0,0.0,0.0,0.0,0.0,0.0,0.0,0.0,0.0,0.0,0.0,0.010482307410221634,0.010482307410221634
2018/05/02 12:00:00,2018/05/02 13:00:00,2018/05/02 17:00:00,3.5764497899307806,3.5764497899307806,1.7395789199207126,0.0,0.0,0.0,0.1849983996020602,0.03783465154061874,0.0,0.004049612358002795,0.2911673356785335,0.0,0.0,0.0,0.0,0.0,0.0,1.3188208708308526,0.0,0.0,0.0,0.0,0.0,0.0,0.0,0.0,0.0,0.0,0.0,0.0,0.0,0.0,0.0,0.0,0.0,0.0,0.012203343464339727,0.012203343464339727
2018/05/02 13:00:00,2018/05/02 14:00:00,2018/05/02 18:00:00,2.2698569193743565,2.2698569193743565,1.1024316554303653,0.0,0.0,0.0,0.1831538331348946,0.037457412982453704,0.0,0.004009234824052993,0.30196248987002017,0.0,0.0,0.0,0.0,0.0,0.0,0.6408422931325695,0.0,0.0,0.0,0.0,0.0,0.0,0.0,0.0,0.0,0.0,0.0,0.0,0.0,0.0,0.0,0.0,0.0,0.0,0.0077450670997870966,0.0077450670997870966
2018/05/02 14:00:00,2018/05/02 15:00:00,2018/05/02 19:00:00,1.2314277131531899,1.2314277131531899,0.6708869087166012,0.0,0.0,0.0,0.1829823202090357,0.0374223362909875,0.0,0.004005480408525023,0.3361306675280402,0.0,0.0,0.0,0.0,0.0,0.0,0.0,0.0,0.0,0.0,0.0,0.0,0.0,0.0,0.0,0.0,0.0,0.0,0.0,0.0,0.0,0.0,0.0,0.0,0.0,0.004201802406795606,0.004201802406795606
2018/05/02 15:00:00,2018/05/02 16:00:00,2018/05/02 20:00:00,0.9030979522287038,0.9030979522287038,0.2682517271954061,0.0,0.0,0.0,0.18310101194854259,0.037446610342085525,0.0,0.004008078569028756,0.4102905241736408,0.0,0.0,0.0,0.0,0.0,0.0,0.0,0.0,0.0,0.0,0.0,0.0,0.0,0.0,0.0,0.0,0.0,0.0,0.0,0.0,0.0,0.0,0.0,0.0,0.0,0.003081495656395624,0.003081495656395624
2018/05/02 16:00:00,2018/05/02 17:00:00,2018/05/02 21:00:00,3.3821377916518314,3.3821377916518314,0.019207502621382867,0.0,0.0,0.0,0.18385073757031967,0.0375999392774278,0.0,0.0040244900523150485,2.543219234212791,0.0,0.0,0.0,0.0,0.0,0.0,0.5942358879175947,0.0,0.0,0.0,0.0,0.0,0.0,0.0,0.0,0.0,0.0,0.0,0.0,0.0,0.0,0.0,0.0,0.0,0.0,0.011540323935611461,0.011540323935611461
2018/05/02 17:00:00,2018/05/02 18:00:00,2018/05/02 22:00:00,4.345192574886567,4.345192574886567,0.0,0.0,0.00959873805748206,0.0,0.18748354501607697,0.03834289707663064,0.0,0.004104012156064207,3.9809165176957624,0.0,0.0039133124871183955,0.0,0.0,0.0,0.0,0.12083355239743142,0.0,0.0,0.0,0.0,0.0,0.0,0.0,0.0,0.0,0.0,0.0,0.0,0.0,0.0,0.0,0.0,0.0,0.0,0.014826400627608352,0.014826400627608352
2018/05/02 18:00:00,2018/05/02 19:00:00,2018/05/02 23:00:00,0.88022931028151,0.88022931028151,0.0,0.0,0.0,0.0,0.20050274998910886,0.041005498939944623,0.0,0.004389002369296161,0.6343320589831604,0.0,0.0,0.0,0.0,0.0,0.0,0.0,0.0,0.0,0.0,0.0,0.0,0.0,0.0,0.0,0.0,0.0,0.0,0.0,0.0,0.0,0.0,0.0,0.0,0.0,0.0030034646735392946,0.0030034646735392946
2018/05/02 19:00:00,2018/05/02 20:00:00,2018/05/03 00:00:00,0.8829680384053253,0.8829680384053253,0.010046800648855641,0.0,0.0,0.0,0.23456450068467974,0.047971583355822994,0.0,0.0051346136116025955,0.5852505401043644,0.0,0.0,0.0,0.0,0.0,0.0,0.0,0.0,0.0,0.0,0.0,0.0,0.0,0.0,0.0,0.0,0.0,0.0,0.0,0.0,0.0,0.0,0.0,0.0,0.0,0.0030128095943164467,0.0030128095943164467
2018/05/02 20:00:00,2018/05/02 21:00:00,2018/05/03 01:00:00,1.4895930516935671,1.4895930516935671,0.43487589943456056,0.0,0.0,0.0,0.2979972219663822,0.0609444248027156,0.0,0.006523154985780348,0.6892523505041285,0.0,0.0,0.0,0.0,0.0,0.0,0.0,0.0,0.0,0.0,0.0,0.0,0.0,0.0,0.0,0.0,0.0,0.0,0.0,0.0,0.0,0.0,0.0,0.0,0.0,0.0050826984019430015,0.0050826984019430015
2018/05/02 21:00:00,2018/05/02 22:00:00,2018/05/03 02:00:00,2.16365418280046,2.16365418280046,1.1583864589512005,0.0,0.0,0.0,0.3772776461222946,0.0771583338331913,0.0,0.008258602352352653,0.542573141541421,0.0,0.0,0.0,0.0,0.0,0.0,0.0,0.0,0.0,0.0,0.0,0.0,0.0,0.0,0.0,0.0,0.0,0.0,0.0,0.0,0.0,0.0,0.0,0.0,0.0,0.007382688610673975,0.007382688610673975
2018/05/02 22:00:00,2018/05/02 23:00:00,2018/05/03 03:00:00,2.798472942039716,2.798472942039716,1.9687393950955232,0.0,0.0,0.0,0.2987851671863192,0.061105570157991854,0.0,0.006540403095531294,0.46330240650435034,0.0,0.0,0.0,0.0,0.0,0.0,0.0,0.0,0.0,0.0,0.0,0.0,0.0,0.0,0.0,0.0,0.0,0.0,0.0,0.0,0.0,0.0,0.0,0.0,0.0,0.009548778395693035,0.009548778395693035
2018/05/02 23:00:00,2018/05/03 00:00:00,2018/05/03 04:00:00,3.28248071085263,3.28248071085263,2.727442496888519,0.0,0.0,0.0,0.13094360677997474,0.026779722120023,0.0,0.002866353705536267,0.3944485313585772,0.0,0.0,0.0,0.0,0.0,0.0,0.0,0.0,0.0,0.0,0.0,0.0,0.0,0.0,0.0,0.0,0.0,0.0,0.0,0.0,0.0,0.0,0.0,0.0,0.0,0.011200280133215555,0.011200280133215555
2018/05/03 00:00:00,2018/05/03 01:00:00,2018/05/03 05:00:00,5.4919319600181415,5.4919319600181415,4.029974583164574,0.0,0.0,0.0,0.06501908921459039,0.013297274945155983,0.0,0.0014232669458539432,1.3822177457479687,0.0,0.0,0.0,0.0,0.0,0.0,0.0,0.0,0.0,0.0,0.0,0.0,0.0,0.0,0.0,0.0,0.0,0.0,0.0,0.0,0.0,0.0,0.0,0.0,0.0,0.018739234695696085,0.018739234695696085
2018/05/03 01:00:00,2018/05/03 02:00:00,2018/05/03 06:00:00,4.529374486103844,4.529374486103844,4.1488476464092825,0.0,0.0,0.0,0.03901145352875434,0.00797836496709361,0.0,0.0008539601675123682,0.3326830610312019,0.0,0.0,0.0,0.0,0.0,0.0,0.0,0.0,0.0,0.0,0.0,0.0,0.0,0.0,0.0,0.0,0.0,0.0,0.0,0.0,0.0,0.0,0.0,0.0,0.0,0.01545485489217849,0.01545485489217849
2018/05/03 02:00:00,2018/05/03 03:00:00,2018/05/03 07:00:00,5.035170164678847,5.035170164678847,4.2976540322209855,0.0,0.0,0.0,0.026007635685836212,0.005318909978062404,0.0,0.0005693067783415784,0.302193124845772,0.0,0.0,0.0,0.0,0.0,0.0,0.4034271551698501,0.0,0.0,0.0,0.0,0.0,0.0,0.0,0.0,0.0,0.0,0.0,0.0,0.0,0.0,0.0,0.0,0.0,0.0,0.017180700004224368,0.017180700004224368
2018/05/03 03:00:00,2018/05/03 04:00:00,2018/05/03 08:00:00,5.0593446984975925,5.0593446984975925,4.738103607748824,0.0,0.0,0.0,0.026007635685836212,0.005318909978062404,0.0,0.0005693067783415784,0.28934523830652903,0.0,0.0,0.0,0.0,0.0,0.0,0.0,0.0,0.0,0.0,0.0,0.0,0.0,0.0,0.0,0.0,0.0,0.0,0.0,0.0,0.0,0.0,0.0,0.0,0.0,0.01726318687153927,0.01726318687153927
2018/05/03 04:00:00,2018/05/03 05:00:00,2018/05/03 09:00:00,5.427779321360722,5.427779321360722,5.121645992164637,0.0,0.0,0.0,0.027249552419694536,0.005572898590769679,0.0,0.0005964923181292811,0.27271438586749136,0.0,0.0,0.0,0.0,0.0,0.0,0.0,0.0,0.0,0.0,0.0,0.0,0.0,0.0,0.0,0.0,0.0,0.0,0.0,0.0,0.0,0.0,0.0,0.0,0.0,0.01852033698157626,0.01852033698157626
2018/05/03 05:00:00,2018/05/03 06:00:00,2018/05/03 10:00:00,5.771274329202772,5.771274329202772,5.386754219847859,0.0,0.0,0.0,0.07103552208494862,0.014527716082253228,0.0,0.0015549665765280758,0.29740190461118204,0.0,0.0,0.0,0.0,0.0,0.0,0.0,0.0,0.0,0.0,0.0,0.0,0.0,0.0,0.0,0.0,0.0,0.0,0.0,0.0,0.0,0.0,0.0,0.0,0.0,0.019692389660963584,0.019692389660963584
2018/05/03 06:00:00,2018/05/03 07:00:00,2018/05/03 11:00:00,5.936107384352349,5.936107384352349,5.367403348818646,0.0,0.0,0.0,0.1667717967174164,0.03410706702965493,0.0,0.0036506322779327363,0.3641745395086999,0.0,0.0,0.0,0.0,0.0,0.0,0.0,0.0,0.0,0.0,0.0,0.0,0.0,0.0,0.0,0.0,0.0,0.0,0.0,0.0,0.0,0.0,0.0,0.0,0.0,0.020254822941008506,0.020254822941008506
2018/05/03 07:00:00,2018/05/03 08:00:00,2018/05/03 12:00:00,5.082602155767284,5.082602155767284,4.009086255854712,0.0,0.0,0.0,0.21104540955177992,0.043161614083227134,0.0,0.004619781038425436,0.41574031457685573,0.0,0.0,0.0,0.0,0.0,0.0,0.39894878066228534,0.0,0.0,0.0,0.0,0.0,0.0,0.0,0.0,0.0,0.0,0.0,0.0,0.0,0.0,0.0,0.0,0.0,0.0,0.017342544546283742,0.017342544546283742
2018/05/03 08:00:00,2018/05/03 09:00:00,2018/05/03 13:00:00,5.204120477562722,5.204120477562722,3.2860778614162687,0.0,0.0,0.0,0.21211882851794048,0.043381142644712725,0.0,0.004643278164454789,0.33907849598849293,0.0,0.0,0.0,0.0,0.0,0.0,1.3188208708308526,0.0,0.0,0.0,0.0,0.0,0.0,0.0,0.0,0.0,0.0,0.0,0.0,0.0,0.0,0.0,0.0,0.0,0.0,0.01775718193955988,0.01775718193955988
2018/05/03 09:00:00,2018/05/03 10:00:00,2018/05/03 14:00:00,4.15665627400088,4.15665627400088,2.3137960616656943,0.0,0.0,0.0,0.2062198728771374,0.04217472717515497,0.0,0.004514150108678676,0.2711305913433615,0.0,0.0,0.0,0.0,0.0,0.0,1.3188208708308526,0.0,0.0,0.0,0.0,0.0,0.0,0.0,0.0,0.0,0.0,0.0,0.0,0.0,0.0,0.0,0.0,0.0,0.0,0.014183088580650002,0.014183088580650002
2018/05/03 10:00:00,2018/05/03 11:00:00,2018/05/03 15:00:00,3.061572565726819,3.061572565726819,1.4144687622856371,0.0,0.0,0.0,0.19995148025023965,0.040892756891797895,0.0,0.004376935082487628,0.2680036527856186,0.0,0.0,0.0,0.0,0.0,0.0,1.1338789784310381,0.0,0.0,0.0,0.0,0.0,0.0,0.0,0.0,0.0,0.0,0.0,0.0,0.0,0.0,0.0,0.0,0.0,0.0,0.010446510857150126,0.010446510857150126
2018/05/03 11:00:00,2018/05/03 12:00:00,2018/05/03 16:00:00,1.279217366959233,1.279217366959233,0.759385100855895,0.0,0.0,0.0,0.19126679222895843,0.03911662182397593,0.0,0.004186827384193855,0.2852620246662099,0.0,0.0,0.0,0.0,0.0,0.0,0.0,0.0,0.0,0.0,0.0,0.0,0.0,0.0,0.0,0.0,0.0,0.0,0.0,0.0,0.0,0.0,0.0,0.0,0.0,0.004364867343728028,0.004364867343728028
2018/05/03 12:00:00,2018/05/03 13:00:00,2018/05/03 17:00:00,0.7841360377176134,0.7841360377176134,0.26608603853839824,0.0,0.0,0.0,0.1849983996020602,0.03783465154061874,0.0,0.004049612358002795,0.2911673356785335,0.0,0.0,0.0,0.0,0.0,0.0,0.0,0.0,0.0,0.0,0.0,0.0,0.0,0.0,0.0,0.0,0.0,0.0,0.0,0.0,0.0,0.0,0.0,0.0,0.0,0.0026755810798673872,0.0026755810798673872
2018/05/03 13:00:00,2018/05/03 14:00:00,2018/05/03 18:00:00,0.5530664609951931,0.5530664609951931,0.02648349018377153,0.0,0.0,0.0,0.1831538331348946,0.037457412982453704,0.0,0.004009234824052993,0.30196248987002017,0.0,0.0,0.0,0.0,0.0,0.0,0.0,0.0,0.0,0.0,0.0,0.0,0.0,0.0,0.0,0.0,0.0,0.0,0.0,0.0,0.0,0.0,0.0,0.0,0.0,0.001887139587736759,0.001887139587736759
2018/05/03 14:00:00,2018/05/03 15:00:00,2018/05/03 19:00:00,0.6094117987964776,0.6094117987964776,0.0,0.0,0.0010510124834139198,0.0,0.1829823202090357,0.0374223362909875,0.0,0.004005480408525023,0.3835221618001209,0.0,0.0004284876043945212,0.0,0.0,0.0,0.0,0.0,0.0,0.0,0.0,0.0,0.0,0.0,0.0,0.0,0.0,0.0,0.0,0.0,0.0,0.0,0.0,0.0,0.0,0.0,0.0020793977068746844,0.0020793977068746844
2018/05/03 15:00:00,2018/05/03 16:00:00,2018/05/03 20:00:00,1.8259361183677294,1.8259361183677294,0.0,0.0,0.13775975544264726,0.0,0.18310101194854259,0.037446610342085525,0.0,0.004008078569028756,1.407457344766036,0.0,0.05616331729938922,0.0,0.0,0.0,0.0,0.0,0.0,0.0,0.0,0.0,0.0,0.0,0.0,0.0,0.0,0.0,0.0,0.0,0.0,0.0,0.0,0.0,0.0,0.0,0.006230347664636427,0.006230347664636427
2018/05/03 16:00:00,2018/05/03 17:00:00,2018/05/03 21:00:00,1.763756890575385,1.763756890575385,0.0,0.0,0.2456788635754606,0.0,0.18385073757031967,0.0375999392774278,0.0,0.0040244900523150485,0.789093130645679,0.0,0.10016089186864484,0.0,0.0,0.0,0.0,0.4033488375855382,0.0,0.0,0.0,0.0,0.0,0.0,0.0,0.0,0.0,0.0,0.0,0.0,0.0,0.0,0.0,0.0,0.0,0.0,0.006018183502501753,0.006018183502501753
2018/05/03 17:00:00,2018/05/03 18:00:00,2018/05/03 22:00:00,1.2442046496401236,1.2442046496401236,0.0,0.0,0.2858078338068847,0.0,0.18748354501607697,0.03834289707663064,0.0,0.004104012156064207,0.611945277432064,0.0,0.11652108415240306,0.0,0.0,0.0,0.0,0.0,0.0,0.0,0.0,0.0,0.0,0.0,0.0,0.0,0.0,0.0,0.0,0.0,0.0,0.0,0.0,0.0,0.0,0.0,0.0042453990888491585,0.0042453990888491585
2018/05/03 18:00:00,2018/05/03 19:00:00,2018/05/03 23:00:00,1.746036465230955,1.746036465230955,0.0,0.0,0.29579107042716235,0.0,0.20050274998910886,0.041005498939944623,0.0,0.004389002369296161,0.6343320589831604,0.0,0.12059115297749591,0.0,0.0,0.0,0.0,0.44942493154478685,0.0,0.0,0.0,0.0,0.0,0.0,0.0,0.0,0.0,0.0,0.0,0.0,0.0,0.0,0.0,0.0,0.0,0.0,0.0059577189497989295,0.0059577189497989295
2018/05/03 19:00:00,2018/05/03 20:00:00,2018/05/04 00:00:00,2.4741633384240096,2.4741633384240096,0.0,0.0,0.20437308757455547,0.0,0.23456450068467974,0.047971583355822994,0.0,0.0051346136116025955,0.579977755089703,0.0,0.08332092727679315,0.0,0.0,0.0,0.0,1.3188208708308526,0.0,0.0,0.0,0.0,0.0,0.0,0.0,0.0,0.0,0.0,0.0,0.0,0.0,0.0,0.0,0.0,0.0,0.0,0.008442188980444196,0.008442188980444196
2018/05/03 20:00:00,2018/05/03 21:00:00,2018/05/04 01:00:00,2.2707522134864813,2.2707522134864813,0.0,0.0,0.0114222154916999,0.0,0.2979972219663822,0.0609444248027156,0.0,0.006523154985780348,0.5703875988428551,0.0,0.004656726566195282,0.0,0.0,0.0,0.0,1.3188208708308526,0.0,0.0,0.0,0.0,0.0,0.0,0.0,0.0,0.0,0.0,0.0,0.0,0.0,0.0,0.0,0.0,0.0,0.0,0.007748121967657076,0.007748121967657076
2018/05/03 21:00:00,2018/05/03 22:00:00,2018/05/04 02:00:00,2.517927461784996,2.517927461784996,0.19383886710488354,0.0,0.0,0.0,0.3772776461222946,0.0771583338331913,0.0,0.008258602352352653,0.542573141541421,0.0,0.0,0.0,0.0,0.0,0.0,1.3188208708308526,0.0,0.0,0.0,0.0,0.0,0.0,0.0,0.0,0.0,0.0,0.0,0.0,0.0,0.0,0.0,0.0,0.0,0.0,0.00859151824833815,0.00859151824833815
2018/05/03 22:00:00,2018/05/03 23:00:00,2018/05/04 03:00:00,2.517934565268749,2.517934565268749,1.1708147945501788,0.0,0.0,0.0,0.2987851671863192,0.061105570157991854,0.0,0.006540403095531294,0.46330240650435034,0.0,0.0,0.0,0.0,0.0,0.0,0.5173862237743777,0.0,0.0,0.0,0.0,0.0,0.0,0.0,0.0,0.0,0.0,0.0,0.0,0.0,0.0,0.0,0.0,0.0,0.0,0.008591542486411414,0.008591542486411414
2018/05/03 23:00:00,2018/05/04 00:00:00,2018/05/04 04:00:00,2.833133651813971,2.833133651813971,2.278095437849859,0.0,0.0,0.0,0.13094360677997474,0.026779722120023,0.0,0.002866353705536267,0.3944485313585772,0.0,0.0,0.0,0.0,0.0,0.0,0.0,0.0,0.0,0.0,0.0,0.0,0.0,0.0,0.0,0.0,0.0,0.0,0.0,0.0,0.0,0.0,0.0,0.0,0.0,0.00966704555193381,0.00966704555193381
2018/05/04 00:00:00,2018/05/04 01:00:00,2018/05/04 05:00:00,3.8961137710158504,3.8961137710158504,3.4679976477135064,0.0,0.0,0.0,0.06501908921459039,0.013297274945155983,0.0,0.0014232669458539432,0.34837649219674405,0.0,0.0,0.0,0.0,0.0,0.0,0.0,0.0,0.0,0.0,0.0,0.0,0.0,0.0,0.0,0.0,0.0,0.0,0.0,0.0,0.0,0.0,0.0,0.0,0.0,0.013294081370221192,0.013294081370221192
2018/05/04 01:00:00,2018/05/04 02:00:00,2018/05/04 06:00:00,4.412377985915176,4.412377985915176,4.031851146220615,0.0,0.0,0.0,0.03901145352875434,0.00797836496709361,0.0,0.0008539601675123682,0.3326830610312019,0.0,0.0,0.0,0.0,0.0,0.0,0.0,0.0,0.0,0.0,0.0,0.0,0.0,0.0,0.0,0.0,0.0,0.0,0.0,0.0,0.0,0.0,0.0,0.0,0.0,0.015055646582321123,0.015055646582321123
2018/05/04 02:00:00,2018/05/04 03:00:00,2018/05/04 07:00:00,4.39749280436199,4.39749280436199,4.063403827073977,0.0,0.0,0.0,0.026007635685836212,0.005318909978062404,0.0,0.0005693067783415784,0.302193124845772,0.0,0.0,0.0,0.0,0.0,0.0,0.0,0.0,0.0,0.0,0.0,0.0,0.0,0.0,0.0,0.0,0.0,0.0,0.0,0.0,0.0,0.0,0.0,0.0,0.0,0.015004856275259073,0.015004856275259073
2018/05/04 03:00:00,2018/05/04 04:00:00,2018/05/04 08:00:00,4.718518219747448,4.718518219747448,4.39727712899868,0.0,0.0,0.0,0.026007635685836212,0.005318909978062404,0.0,0.0005693067783415784,0.28934523830652903,0.0,0.0,0.0,0.0,0.0,0.0,0.0,0.0,0.0,0.0,0.0,0.0,0.0,0.0,0.0,0.0,0.0,0.0,0.0,0.0,0.0,0.0,0.0,0.0,0.0,0.016100239584081338,0.016100239584081338
2018/05/04 04:00:00,2018/05/04 05:00:00,2018/05/04 09:00:00,5.06795443456716,5.06795443456716,4.761821105371075,0.0,0.0,0.0,0.027249552419694536,0.005572898590769679,0.0,0.0005964923181292811,0.27271438586749136,0.0,0.0,0.0,0.0,0.0,0.0,0.0,0.0,0.0,0.0,0.0,0.0,0.0,0.0,0.0,0.0,0.0,0.0,0.0,0.0,0.0,0.0,0.0,0.0,0.0,0.017292564486930395,0.017292564486930395
2018/05/04 05:00:00,2018/05/04 06:00:00,2018/05/04 10:00:00,5.386358619866714,5.386358619866714,5.001838510511801,0.0,0.0,0.0,0.07103552208494862,0.014527716082253228,0.0,0.0015549665765280758,0.29740190461118204,0.0,0.0,0.0,0.0,0.0,0.0,0.0,0.0,0.0,0.0,0.0,0.0,0.0,0.0,0.0,0.0,0.0,0.0,0.0,0.0,0.0,0.0,0.0,0.0,0.0,0.01837900379460174,0.01837900379460174
2018/05/04 06:00:00,2018/05/04 07:00:00,2018/05/04 11:00:00,6.1090016847553015,6.1090016847553015,4.247864923332461,0.0,0.0,0.0,0.1667717967174164,0.03410706702965493,0.0,0.0036506322779327363,0.3641745395086999,0.0,0.0,0.0,0.0,0.0,0.0,1.292432725889137,0.0,0.0,0.0,0.0,0.0,0.0,0.0,0.0,0.0,0.0,0.0,0.0,0.0,0.0,0.0,0.0,0.0,0.0,0.020844762309592455,0.020844762309592455
2018/05/04 07:00:00,2018/05/04 08:00:00,2018/05/04 12:00:00,6.275647599191482,6.275647599191482,4.282259609110342,0.0,0.0,0.0,0.21104540955177992,0.043161614083227134,0.0,0.004619781038425436,0.41574031457685573,0.0,0.0,0.0,0.0,0.0,0.0,1.3188208708308526,0.0,0.0,0.0,0.0,0.0,0.0,0.0,0.0,0.0,0.0,0.0,0.0,0.0,0.0,0.0,0.0,0.0,0.0,0.02141338131733562,0.02141338131733562
2018/05/04 08:00:00,2018/05/04 09:00:00,2018/05/04 13:00:00,5.210986014198776,5.210986014198776,3.2929433980523215,0.0,0.0,0.0,0.21211882851794048,0.043381142644712725,0.0,0.004643278164454789,0.33907849598849293,0.0,0.0,0.0,0.0,0.0,0.0,1.3188208708308526,0.0,0.0,0.0,0.0,0.0,0.0,0.0,0.0,0.0,0.0,0.0,0.0,0.0,0.0,0.0,0.0,0.0,0.0,0.01778060810420859,0.01778060810420859
2018/05/04 09:00:00,2018/05/04 10:00:00,2018/05/04 14:00:00,4.656358680230295,4.656358680230295,2.8134984678951107,0.0,0.0,0.0,0.2062198728771374,0.04217472717515497,0.0,0.004514150108678676,0.2711305913433615,0.0,0.0,0.0,0.0,0.0,0.0,1.3188208708308526,0.0,0.0,0.0,0.0,0.0,0.0,0.0,0.0,0.0,0.0,0.0,0.0,0.0,0.0,0.0,0.0,0.0,0.0,0.015888142601076388,0.015888142601076388
2018/05/04 10:00:00,2018/05/04 11:00:00,2018/05/04 15:00:00,3.4585353177924296,3.4585353177924296,2.107954147865391,0.0,0.0,0.0,0.19995148025023965,0.040892756891797895,0.0,0.004376935082487628,0.2680036527856186,0.0,0.0,0.0,0.0,0.0,0.0,0.8373563449168949,0.0,0.0,0.0,0.0,0.0,0.0,0.0,0.0,0.0,0.0,0.0,0.0,0.0,0.0,0.0,0.0,0.0,0.0,0.0118010029066806,0.0118010029066806
2018/05/04 11:00:00,2018/05/04 12:00:00,2018/05/04 16:00:00,2.117789178590119,2.117789178590119,1.2303723740754173,0.0,0.0,0.0,0.19126679222895843,0.03911662182397593,0.0,0.004186827384193855,0.2852620246662099,0.0,0.0,0.0,0.0,0.0,0.0,0.3675845384113636,0.0,0.0,0.0,0.0,0.0,0.0,0.0,0.0,0.0,0.0,0.0,0.0,0.0,0.0,0.0,0.0,0.0,0.0,0.007226190845502494,0.007226190845502494
2018/05/04 12:00:00,2018/05/04 13:00:00,2018/05/04 17:00:00,2.3519329107960174,2.3519329107960174,0.6647137967885692,0.0,0.0,0.0,0.1849983996020602,0.03783465154061874,0.0,0.004049612358002795,0.2911673356785335,0.0,0.0,0.0,0.0,0.0,0.0,1.169169114828233,0.0,0.0,0.0,0.0,0.0,0.0,0.0,0.0,0.0,0.0,0.0,0.0,0.0,0.0,0.0,0.0,0.0,0.0,0.00802512178315345,0.00802512178315345
2018/05/04 13:00:00,2018/05/04 14:00:00,2018/05/04 18:00:00,0.6606363729583011,0.6606363729583011,0.13405340214687977,0.0,0.0,0.0,0.1831538331348946,0.037457412982453704,0.0,0.004009234824052993,0.30196248987002017,0.0,0.0,0.0,0.0,0.0,0.0,0.0,0.0,0.0,0.0,0.0,0.0,0.0,0.0,0.0,0.0,0.0,0.0,0.0,0.0,0.0,0.0,0.0,0.0,0.0,0.0022541830691832025,0.0022541830691832025
2018/05/04 14:00:00,2018/05/04 15:00:00,2018/05/04 19:00:00,1.4593155594844003,1.4593155594844003,0.0,0.0,0.0,0.0,0.1829823202090357,0.0374223362909875,0.0,0.004005480408525023,0.6952930349181204,0.0,0.0,0.0,0.0,0.0,0.0,0.5396123876577316,0.0,0.0,0.0,0.0,0.0,0.0,0.0,0.0,0.0,0.0,0.0,0.0,0.0,0.0,0.0,0.0,0.0,0.0,0.004979387392878203,0.004979387392878203
2018/05/04 15:00:00,2018/05/04 16:00:00,2018/05/04 20:00:00,0.5480787709156252,0.5480787709156252,0.0,0.0,0.0,0.0,0.18310101194854259,0.037446610342085525,0.0,0.004008078569028756,0.3235230700559683,0.0,0.0,0.0,0.0,0.0,0.0,0.0,0.0,0.0,0.0,0.0,0.0,0.0,0.0,0.0,0.0,0.0,0.0,0.0,0.0,0.0,0.0,0.0,0.0,0.0,0.0018701208963780793,0.0018701208963780793
2018/05/04 16:00:00,2018/05/04 17:00:00,2018/05/04 21:00:00,0.7582949924403365,0.7582949924403365,0.0,0.0,0.06831524566019714,0.0,0.18385073757031967,0.0375999392774278,0.0,0.0040244900523150485,0.43776861228990366,0.0,0.026735967590173156,0.0,0.0,0.0,0.0,0.0,0.0,0.0,0.0,0.0,0.0,0.0,0.0,0.0,0.0,0.0,0.0,0.0,0.0,0.0,0.0,0.0,0.0,0.0,0.0025874078439718346,0.0025874078439718346
2018/05/04 17:00:00,2018/05/04 18:00:00,2018/05/04 22:00:00,1.0303008913360066,1.0303008913360066,0.0,0.0,0.13552043513683965,0.0,0.18748354501607697,0.03834289707663064,0.0,0.004104012156064207,0.611945277432064,0.0,0.052904724518331135,0.0,0.0,0.0,0.0,0.0,0.0,0.0,0.0,0.0,0.0,0.0,0.0,0.0,0.0,0.0,0.0,0.0,0.0,0.0,0.0,0.0,0.0,0.0,0.0035155297535526125,0.0035155297535526125
2018/05/04 18:00:00,2018/05/04 19:00:00,2018/05/04 23:00:00,1.1002661687513595,1.1002661687513595,0.0,0.0,0.15803208403180824,0.0,0.20050274998910886,0.041005498939944623,0.0,0.004389002369296161,0.6343320589831604,0.0,0.0620047744380414,0.0,0.0,0.0,0.0,0.0,0.0,0.0,0.0,0.0,0.0,0.0,0.0,0.0,0.0,0.0,0.0,0.0,0.0,0.0,0.0,0.0,0.0,0.0,0.003754260998509889,0.003754260998509889
2018/05/04 19:00:00,2018/05/04 20:00:00,2018/05/05 00:00:00,1.9257572252095259,1.9257572252095259,0.0,0.0,0.14845519886743563,0.0,0.23456450068467974,0.047971583355822994,0.0,0.0051346136116025955,0.579977755089703,0.0,0.059156423278030494,0.0,0.0,0.0,0.0,0.8504971503222517,0.0,0.0,0.0,0.0,0.0,0.0,0.0,0.0,0.0,0.0,0.0,0.0,0.0,0.0,0.0,0.0,0.0,0.0,0.006570951146673448,0.006570951146673448
2018/05/04 20:00:00,2018/05/04 21:00:00,2018/05/05 01:00:00,2.2626697641300955,2.2626697641300955,0.0,0.0,0.005699341202722882,0.0,0.2979972219663822,0.0609444248027156,0.0,0.006523154985780348,0.5703875988428551,0.0,0.002297151498786739,0.0,0.0,0.0,0.0,1.3188208708308526,0.0,0.0,0.0,0.0,0.0,0.0,0.0,0.0,0.0,0.0,0.0,0.0,0.0,0.0,0.0,0.0,0.0,0.0,0.007720543527773256,0.007720543527773256
2018/05/04 21:00:00,2018/05/04 22:00:00,2018/05/05 02:00:00,2.3240885946801124,2.3240885946801124,0.0,0.0,0.0,0.0,0.3772776461222946,0.0771583338331913,0.0,0.008258602352352653,0.542573141541421,0.0,0.0,0.0,0.0,0.0,0.0,1.3188208708308526,0.0,0.0,0.0,0.0,0.0,0.0,0.0,0.0,0.0,0.0,0.0,0.0,0.0,0.0,0.0,0.0,0.0,0.0,0.007930113108895335,0.007930113108895335
2018/05/04 22:00:00,2018/05/04 23:00:00,2018/05/05 03:00:00,1.2149438228536686,1.2149438228536686,0.13060107374908642,0.0,0.0,0.0,0.2987851671863192,0.061105570157991854,0.0,0.006540403095531294,0.46330240650435034,0.0,0.0,0.0,0.0,0.0,0.0,0.25460920216038957,0.0,0.0,0.0,0.0,0.0,0.0,0.0,0.0,0.0,0.0,0.0,0.0,0.0,0.0,0.0,0.0,0.0,0.0,0.0041455570834249555,0.0041455570834249555
2018/05/04 23:00:00,2018/05/05 00:00:00,2018/05/05 04:00:00,1.3551354477876818,1.3551354477876818,0.8000972338235708,0.0,0.0,0.0,0.13094360677997474,0.026779722120023,0.0,0.002866353705536267,0.3944485313585772,0.0,0.0,0.0,0.0,0.0,0.0,0.0,0.0,0.0,0.0,0.0,0.0,0.0,0.0,0.0,0.0,0.0,0.0,0.0,0.0,0.0,0.0,0.0,0.0,0.0,0.004623910380795521,0.004623910380795521
2018/05/05 00:00:00,2018/05/05 01:00:00,2018/05/05 05:00:00,2.041518020908263,2.041518020908263,1.613401897605919,0.0,0.0,0.0,0.06501908921459039,0.013297274945155983,0.0,0.0014232669458539432,0.34837649219674405,0.0,0.0,0.0,0.0,0.0,0.0,0.0,0.0,0.0,0.0,0.0,0.0,0.0,0.0,0.0,0.0,0.0,0.0,0.0,0.0,0.0,0.0,0.0,0.0,0.0,0.006965943061167596,0.006965943061167596
2018/05/05 01:00:00,2018/05/05 02:00:00,2018/05/05 06:00:00,2.563163861219503,2.563163861219503,2.1826370215249407,0.0,0.0,0.0,0.03901145352875434,0.00797836496709361,0.0,0.0008539601675123682,0.3326830610312019,0.0,0.0,0.0,0.0,0.0,0.0,0.0,0.0,0.0,0.0,0.0,0.0,0.0,0.0,0.0,0.0,0.0,0.0,0.0,0.0,0.0,0.0,0.0,0.0,0.0,0.008745871126699134,0.008745871126699134
2018/05/05 02:00:00,2018/05/05 03:00:00,2018/05/05 07:00:00,2.739374838031655,2.739374838031655,2.405285860743643,0.0,0.0,0.0,0.026007635685836212,0.005318909978062404,0.0,0.0005693067783415784,0.302193124845772,0.0,0.0,0.0,0.0,0.0,0.0,0.0,0.0,0.0,0.0,0.0,0.0,0.0,0.0,0.0,0.0,0.0,0.0,0.0,0.0,0.0,0.0,0.0,0.0,0.0,0.009347127455888957,0.009347127455888957
2018/05/05 03:00:00,2018/05/05 04:00:00,2018/05/05 08:00:00,3.0327499490000625,3.0327499490000625,2.7115088582512934,0.0,0.0,0.0,0.026007635685836212,0.005318909978062404,0.0,0.0005693067783415784,0.28934523830652903,0.0,0.0,0.0,0.0,0.0,0.0,0.0,0.0,0.0,0.0,0.0,0.0,0.0,0.0,0.0,0.0,0.0,0.0,0.0,0.0,0.0,0.0,0.0,0.0,0.0,0.010348164085318487,0.010348164085318487
2018/05/05 04:00:00,2018/05/05 05:00:00,2018/05/05 09:00:00,3.292156291777086,3.292156291777086,2.9860229625810013,0.0,0.0,0.0,0.027249552419694536,0.005572898590769679,0.0,0.0005964923181292811,0.27271438586749136,0.0,0.0,0.0,0.0,0.0,0.0,0.0,0.0,0.0,0.0,0.0,0.0,0.0,0.0,0.0,0.0,0.0,0.0,0.0,0.0,0.0,0.0,0.0,0.0,0.0,0.011233294559301048,0.011233294559301048
2018/05/05 05:00:00,2018/05/05 06:00:00,2018/05/05 10:00:00,3.5157172929768263,3.5157172929768263,3.1311971836219143,0.0,0.0,0.0,0.07103552208494862,0.014527716082253228,0.0,0.0015549665765280758,0.29740190461118204,0.0,0.0,0.0,0.0,0.0,0.0,0.0,0.0,0.0,0.0,0.0,0.0,0.0,0.0,0.0,0.0,0.0,0.0,0.0,0.0,0.0,0.0,0.0,0.0,0.0,0.011996115748781495,0.011996115748781495
2018/05/05 06:00:00,2018/05/05 07:00:00,2018/05/05 11:00:00,3.5921276321427955,3.5921276321427955,3.0234235966090917,0.0,0.0,0.0,0.1667717967174164,0.03410706702965493,0.0,0.0036506322779327363,0.3641745395086999,0.0,0.0,0.0,0.0,0.0,0.0,0.0,0.0,0.0,0.0,0.0,0.0,0.0,0.0,0.0,0.0,0.0,0.0,0.0,0.0,0.0,0.0,0.0,0.0,0.0,0.012256838439672974,0.012256838439672974
2018/05/05 07:00:00,2018/05/05 08:00:00,2018/05/05 12:00:00,3.9903082605525664,3.9903082605525664,2.4380440919025856,0.0,0.0,0.0,0.21104540955177992,0.043161614083227134,0.0,0.004619781038425436,0.41574031457685573,0.0,0.0,0.0,0.0,0.0,0.0,0.8776970493996918,0.0,0.0,0.0,0.0,0.0,0.0,0.0,0.0,0.0,0.0,0.0,0.0,0.0,0.0,0.0,0.0,0.0,0.0,0.013615486052456908,0.013615486052456908
2018/05/05 08:00:00,2018/05/05 09:00:00,2018/05/05 13:00:00,4.105374418499955,4.105374418499955,2.1873318023535018,0.0,0.0,0.0,0.21211882851794048,0.043381142644712725,0.0,0.004643278164454789,0.33907849598849293,0.0,0.0,0.0,0.0,0.0,0.0,1.3188208708308526,0.0,0.0,0.0,0.0,0.0,0.0,0.0,0.0,0.0,0.0,0.0,0.0,0.0,0.0,0.0,0.0,0.0,0.0,0.014008107766455898,0.014008107766455898
2018/05/05 09:00:00,2018/05/05 10:00:00,2018/05/05 14:00:00,2.7025776554903223,2.7025776554903223,1.274006277322494,0.0,0.0,0.0,0.2062198728771374,0.04217472717515497,0.0,0.004514150108678676,0.2711305913433615,0.0,0.0,0.0,0.0,0.0,0.0,0.9045320366634958,0.0,0.0,0.0,0.0,0.0,0.0,0.0,0.0,0.0,0.0,0.0,0.0,0.0,0.0,0.0,0.0,0.0,0.0,0.009221570357803546,0.009221570357803546
2018/05/05 10:00:00,2018/05/05 11:00:00,2018/05/05 15:00:00,0.9550506107564726,0.9550506107564726,0.4418257857463288,0.0,0.0,0.0,0.19995148025023965,0.040892756891797895,0.0,0.004376935082487628,0.2680036527856186,0.0,0.0,0.0,0.0,0.0,0.0,0.0,0.0,0.0,0.0,0.0,0.0,0.0,0.0,0.0,0.0,0.0,0.0,0.0,0.0,0.0,0.0,0.0,0.0,0.0,0.0032587653436941537,0.0032587653436941537
2018/05/05 11:00:00,2018/05/05 12:00:00,2018/05/05 16:00:00,0.5707557815294478,0.5707557815294478,0.05092351542610963,0.0,0.0,0.0,0.19126679222895843,0.03911662182397593,0.0,0.004186827384193855,0.2852620246662099,0.0,0.0,0.0,0.0,0.0,0.0,0.0,0.0,0.0,0.0,0.0,0.0,0.0,0.0,0.0,0.0,0.0,0.0,0.0,0.0,0.0,0.0,0.0,0.0,0.0,0.0019474980065066995,0.0019474980065066995
2018/05/05 12:00:00,2018/05/05 13:00:00,2018/05/05 17:00:00,0.5180499991792152,0.5180499991792152,0.0,0.0,0.0,0.0,0.1849983996020602,0.03783465154061874,0.0,0.004049612358002795,0.2911673356785335,0.0,0.0,0.0,0.0,0.0,0.0,0.0,0.0,0.0,0.0,0.0,0.0,0.0,0.0,0.0,0.0,0.0,0.0,0.0,0.0,0.0,0.0,0.0,0.0,0.0,0.0017676585561144514,0.0017676585561144514
2018/05/05 13:00:00,2018/05/05 14:00:00,2018/05/05 18:00:00,1.6862693381565677,1.6862693381565677,0.0,0.0,0.0726420513057608,0.0,0.1831538331348946,0.037457412982453704,0.0,0.004009234824052993,0.30196248987002017,0.0,0.02736615737090109,0.0,0.0,0.0,0.0,1.0596781586684842,0.0,0.0,0.0,0.0,0.0,0.0,0.0,0.0,0.0,0.0,0.0,0.0,0.0,0.0,0.0,0.0,0.0,0.0,0.005753785210362955,0.005753785210362955
2018/05/05 14:00:00,2018/05/05 15:00:00,2018/05/05 19:00:00,1.311659591072719,1.311659591072719,0.0,0.0,0.22454195052921744,0.0,0.1829823202090357,0.0374223362909875,0.0,0.004005480408525023,0.3361306675280402,0.0,0.08250039643332929,0.0,0.0,0.0,0.0,0.44407643967358346,0.0,0.0,0.0,0.0,0.0,0.0,0.0,0.0,0.0,0.0,0.0,0.0,0.0,0.0,0.0,0.0,0.0,0.0,0.00447556471873902,0.00447556471873902
2018/05/05 15:00:00,2018/05/05 16:00:00,2018/05/05 20:00:00,1.1415386092684208,1.1415386092684208,0.0,0.0,0.4370811503478919,0.0,0.18310101194854259,0.037446610342085525,0.0,0.004008078569028756,0.3235230700559683,0.0,0.15637868800490345,0.0,0.0,0.0,0.0,0.0,0.0,0.0,0.0,0.0,0.0,0.0,0.0,0.0,0.0,0.0,0.0,0.0,0.0,0.0,0.0,0.0,0.0,0.0,0.0038950882984371098,0.0038950882984371098
2018/05/05 16:00:00,2018/05/05 17:00:00,2018/05/05 21:00:00,1.333337528621692,1.333337528621692,0.0,0.0,0.49356021786820803,0.0,0.18385073757031967,0.0375999392774278,0.0,0.0040244900523150485,0.43776861228990366,0.0,0.17653353156351775,0.0,0.0,0.0,0.0,0.0,0.0,0.0,0.0,0.0,0.0,0.0,0.0,0.0,0.0,0.0,0.0,0.0,0.0,0.0,0.0,0.0,0.0,0.0,0.004549532852795711,0.004549532852795711
2018/05/05 17:00:00,2018/05/05 18:00:00,2018/05/05 22:00:00,1.4498851100971444,1.4498851100971444,0.0,0.0,0.44501540383467547,0.0,0.18748354501607697,0.03834289707663064,0.0,0.004104012156064207,0.611945277432064,0.0,0.16299397458163317,0.0,0.0,0.0,0.0,0.0,0.0,0.0,0.0,0.0,0.0,0.0,0.0,0.0,0.0,0.0,0.0,0.0,0.0,0.0,0.0,0.0,0.0,0.0,0.004947209389647244,0.004947209389647244
2018/05/05 18:00:00,2018/05/05 19:00:00,2018/05/05 23:00:00,2.7997753565012475,2.7997753565012475,0.0,0.0,0.4495236116875061,0.0,0.20050274998910886,0.041005498939944623,0.0,0.004389002369296161,0.6343320589831604,0.0,0.16731504173381975,0.0,0.0,0.0,0.0,1.3027073927984119,0.0,0.0,0.0,0.0,0.0,0.0,0.0,0.0,0.0,0.0,0.0,0.0,0.0,0.0,0.0,0.0,0.0,0.0,0.0095532224147456,0.0095532224147456
2018/05/05 19:00:00,2018/05/05 20:00:00,2018/05/06 00:00:00,2.974090818470485,2.974090818470485,0.0,0.0,0.2696296559997337,0.0,0.23456450068467974,0.047971583355822994,0.0,0.0051346136116025955,0.9942024412687047,0.0,0.10376715271908867,0.0,0.0,0.0,0.0,1.3188208708308526,0.0,0.0,0.0,0.0,0.0,0.0,0.0,0.0,0.0,0.0,0.0,0.0,0.0,0.0,0.0,0.0,0.0,0.0,0.010148010983997912,0.010148010983997912
2018/05/05 20:00:00,2018/05/05 21:00:00,2018/05/06 01:00:00,2.027204612017181,2.027204612017181,0.0,0.0,0.08414772373929978,0.0,0.2979972219663822,0.0609444248027156,0.0,0.006523154985780348,0.5703875988428551,0.0,0.03396765665861954,0.0,0.0,0.0,0.0,0.9732368310215286,0.0,0.0,0.0,0.0,0.0,0.0,0.0,0.0,0.0,0.0,0.0,0.0,0.0,0.0,0.0,0.0,0.0,0.0,0.006917103721849823,0.006917103721849823
2018/05/05 21:00:00,2018/05/05 22:00:00,2018/05/06 02:00:00,1.0092656380751153,1.0092656380751153,0.0,0.0,0.0028425261629427185,0.0,0.3772776461222946,0.0771583338331913,0.0,0.008258602352352653,0.542573141541421,0.0,0.0011553880629130867,0.0,0.0,0.0,0.0,0.0,0.0,0.0,0.0,0.0,0.0,0.0,0.0,0.0,0.0,0.0,0.0,0.0,0.0,0.0,0.0,0.0,0.0,0.0,0.0034437545475579,0.0034437545475579
2018/05/05 22:00:00,2018/05/05 23:00:00,2018/05/06 03:00:00,0.8297335469441927,0.8297335469441927,0.0,0.0,0.0,0.0,0.2987851671863192,0.061105570157991854,0.0,0.006540403095531294,0.46330240650435034,0.0,0.0,0.0,0.0,0.0,0.0,0.0,0.0,0.0,0.0,0.0,0.0,0.0,0.0,0.0,0.0,0.0,0.0,0.0,0.0,0.0,0.0,0.0,0.0,0.0,0.0028311661149983056,0.0028311661149983056
2018/05/05 23:00:00,2018/05/06 00:00:00,2018/05/06 04:00:00,0.8185994864162855,0.8185994864162855,0.2635612724521744,0.0,0.0,0.0,0.13094360677997474,0.026779722120023,0.0,0.002866353705536267,0.3944485313585772,0.0,0.0,0.0,0.0,0.0,0.0,0.0,0.0,0.0,0.0,0.0,0.0,0.0,0.0,0.0,0.0,0.0,0.0,0.0,0.0,0.0,0.0,0.0,0.0,0.0,0.002793175153918036,0.002793175153918036
2018/05/06 00:00:00,2018/05/06 01:00:00,2018/05/06 05:00:00,1.3784147699828708,1.3784147699828708,0.9502986466805264,0.0,0.0,0.0,0.06501908921459039,0.013297274945155983,0.0,0.0014232669458539432,0.34837649219674405,0.0,0.0,0.0,0.0,0.0,0.0,0.0,0.0,0.0,0.0,0.0,0.0,0.0,0.0,0.0,0.0,0.0,0.0,0.0,0.0,0.0,0.0,0.0,0.0,0.0,0.004703342661702899,0.004703342661702899
2018/05/06 01:00:00,2018/05/06 02:00:00,2018/05/06 06:00:00,1.699609561967067,1.699609561967067,1.319082722272505,0.0,0.0,0.0,0.03901145352875434,0.00797836496709361,0.0,0.0008539601675123682,0.3326830610312019,0.0,0.0,0.0,0.0,0.0,0.0,0.0,0.0,0.0,0.0,0.0,0.0,0.0,0.0,0.0,0.0,0.0,0.0,0.0,0.0,0.0,0.0,0.0,0.0,0.0,0.005799303907007048,0.005799303907007048
2018/05/06 02:00:00,2018/05/06 03:00:00,2018/05/06 07:00:00,1.7232127738401672,1.7232127738401672,1.389123796552155,0.0,0.0,0.0,0.026007635685836212,0.005318909978062404,0.0,0.0005693067783415784,0.302193124845772,0.0,0.0,0.0,0.0,0.0,0.0,0.0,0.0,0.0,0.0,0.0,0.0,0.0,0.0,0.0,0.0,0.0,0.0,0.0,0.0,0.0,0.0,0.0,0.0,0.0,0.005879841344484844,0.005879841344484844
2018/05/06 03:00:00,2018/05/06 04:00:00,2018/05/06 08:00:00,1.9169207447240766,1.9169207447240766,1.5956796539753075,0.0,0.0,0.0,0.026007635685836212,0.005318909978062404,0.0,0.0005693067783415784,0.28934523830652903,0.0,0.0,0.0,0.0,0.0,0.0,0.0,0.0,0.0,0.0,0.0,0.0,0.0,0.0,0.0,0.0,0.0,0.0,0.0,0.0,0.0,0.0,0.0,0.0,0.0,0.006540799847839763,0.006540799847839763
2018/05/06 04:00:00,2018/05/06 05:00:00,2018/05/06 09:00:00,2.057541191205454,2.057541191205454,1.7514078620093694,0.0,0.0,0.0,0.027249552419694536,0.005572898590769679,0.0,0.0005964923181292811,0.27271438586749136,0.0,0.0,0.0,0.0,0.0,0.0,0.0,0.0,0.0,0.0,0.0,0.0,0.0,0.0,0.0,0.0,0.0,0.0,0.0,0.0,0.0,0.0,0.0,0.0,0.0,0.007020616343894713,0.007020616343894713
2018/05/06 05:00:00,2018/05/06 06:00:00,2018/05/06 10:00:00,2.206979963738039,2.206979963738039,1.822459854383127,0.0,0.0,0.0,0.07103552208494862,0.014527716082253228,0.0,0.0015549665765280758,0.29740190461118204,0.0,0.0,0.0,0.0,0.0,0.0,0.0,0.0,0.0,0.0,0.0,0.0,0.0,0.0,0.0,0.0,0.0,0.0,0.0,0.0,0.0,0.0,0.0,0.0,0.0,0.007530522193332004,0.007530522193332004
2018/05/06 06:00:00,2018/05/06 07:00:00,2018/05/06 11:00:00,2.8309213857746913,2.8309213857746913,1.7018672687436196,0.0,0.0,0.0,0.1667717967174164,0.03410706702965493,0.0,0.0036506322779327363,0.3641745395086999,0.0,0.0,0.0,0.0,0.0,0.0,0.5603500814973674,0.0,0.0,0.0,0.0,0.0,0.0,0.0,0.0,0.0,0.0,0.0,0.0,0.0,0.0,0.0,0.0,0.0,0.0,0.009659496992916477,0.009659496992916477
2018/05/06 07:00:00,2018/05/06 08:00:00,2018/05/06 12:00:00,2.9170499545462953,2.9170499545462953,0.9575075641190003,0.0,0.0,0.0,0.21104540955177992,0.043161614083227134,0.0,0.004619781038425436,0.41574031457685573,0.0,0.0,0.0,0.0,0.0,0.0,1.284975271177007,0.0,0.0,0.0,0.0,0.0,0.0,0.0,0.0,0.0,0.0,0.0,0.0,0.0,0.0,0.0,0.0,0.0,0.0,0.009953379633117678,0.009953379633117678
2018/05/06 08:00:00,2018/05/06 09:00:00,2018/05/06 13:00:00,3.2496813336666435,3.2496813336666435,1.3316387175201896,0.0,0.0,0.0,0.21211882851794048,0.043381142644712725,0.0,0.004643278164454789,0.33907849598849293,0.0,0.0,0.0,0.0,0.0,0.0,1.3188208708308526,0.0,0.0,0.0,0.0,0.0,0.0,0.0,0.0,0.0,0.0,0.0,0.0,0.0,0.0,0.0,0.0,0.0,0.0,0.011088364102311406,0.011088364102311406
2018/05/06 09:00:00,2018/05/06 10:00:00,2018/05/06 14:00:00,2.9821294852123224,2.9821294852123224,1.1392692728771368,0.0,0.0,0.0,0.2062198728771374,0.04217472717515497,0.0,0.004514150108678676,0.2711305913433615,0.0,0.0,0.0,0.0,0.0,0.0,1.3188208708308526,0.0,0.0,0.0,0.0,0.0,0.0,0.0,0.0,0.0,0.0,0.0,0.0,0.0,0.0,0.0,0.0,0.0,0.0,0.010175440031519337,0.010175440031519337
2018/05/06 10:00:00,2018/05/06 11:00:00,2018/05/06 15:00:00,2.4895743042313176,2.4895743042313176,0.7046905483592517,0.0,0.0,0.0,0.19995148025023965,0.040892756891797895,0.0,0.004376935082487628,0.3023406964537858,0.0,0.0,0.0,0.0,0.0,0.0,1.2373218871937548,0.0,0.0,0.0,0.0,0.0,0.0,0.0,0.0,0.0,0.0,0.0,0.0,0.0,0.0,0.0,0.0,0.0,0.0,0.008494773336414537,0.008494773336414537
2018/05/06 11:00:00,2018/05/06 12:00:00,2018/05/06 16:00:00,1.5172476094330356,1.5172476094330356,0.22335302957139597,0.0,0.0,0.0,0.19126679222895843,0.03911662182397593,0.0,0.004186827384193855,1.0593243384245115,0.0,0.0,0.0,0.0,0.0,0.0,0.0,0.0,0.0,0.0,0.0,0.0,0.0,0.0,0.0,0.0,0.0,0.0,0.0,0.0,0.0,0.0,0.0,0.0,0.0,0.005177059594262628,0.005177059594262628
2018/05/06 12:00:00,2018/05/06 13:00:00,2018/05/06 17:00:00,0.5526951774070359,0.5526951774070359,0.0346451782278206,0.0,0.0,0.0,0.1849983996020602,0.03783465154061874,0.0,0.004049612358002795,0.2911673356785335,0.0,0.0,0.0,0.0,0.0,0.0,0.0,0.0,0.0,0.0,0.0,0.0,0.0,0.0,0.0,0.0,0.0,0.0,0.0,0.0,0.0,0.0,0.0,0.0,0.0,0.0018858727165614077,0.0018858727165614077
2018/05/06 13:00:00,2018/05/06 14:00:00,2018/05/06 18:00:00,0.9371777836150478,0.9371777836150478,0.0,0.0,0.0,0.0,0.1831538331348946,0.037457412982453704,0.0,0.004009234824052993,0.30196248987002017,0.0,0.0,0.0,0.0,0.0,0.0,0.4105948128036264,0.0,0.0,0.0,0.0,0.0,0.0,0.0,0.0,0.0,0.0,0.0,0.0,0.0,0.0,0.0,0.0,0.0,0.0,0.003197780774890854,0.003197780774890854
2018/05/06 14:00:00,2018/05/06 15:00:00,2018/05/06 19:00:00,0.5654649468532601,0.5654649468532601,0.0,0.0,0.0035435060704744905,0.0,0.1829823202090357,0.0374223362909875,0.0,0.004005480408525023,0.3361306675280402,0.0,0.0013806363461971623,0.0,0.0,0.0,0.0,0.0,0.0,0.0,0.0,0.0,0.0,0.0,0.0,0.0,0.0,0.0,0.0,0.0,0.0,0.0,0.0,0.0,0.0,0.0,0.0019294449436765327,0.0019294449436765327
2018/05/06 15:00:00,2018/05/06 16:00:00,2018/05/06 20:00:00,0.7626563624793833,0.7626563624793833,0.0,0.0,0.13357064170594896,0.0,0.18310101194854259,0.037446610342085525,0.0,0.004008078569028756,0.3539692809295095,0.0,0.05056073898426799,0.0,0.0,0.0,0.0,0.0,0.0,0.0,0.0,0.0,0.0,0.0,0.0,0.0,0.0,0.0,0.0,0.0,0.0,0.0,0.0,0.0,0.0,0.0,0.002602289444354263,0.002602289444354263
2018/05/06 16:00:00,2018/05/06 17:00:00,2018/05/06 21:00:00,1.7245178365742369,1.7245178365742369,0.0,0.0,0.2711685433167186,0.0,0.18385073757031967,0.0375999392774278,0.0,0.0040244900523150485,1.1241196173939034,0.0,0.10375450896355233,0.0,0.0,0.0,0.0,0.0,0.0,0.0,0.0,0.0,0.0,0.0,0.0,0.0,0.0,0.0,0.0,0.0,0.0,0.0,0.0,0.0,0.0,0.0,0.005884294399811162,0.005884294399811162
2018/05/06 17:00:00,2018/05/06 18:00:00,2018/05/06 22:00:00,1.2171242731800458,1.2171242731800458,0.0,0.0,0.26996630444553454,0.0,0.18748354501607697,0.03834289707663064,0.0,0.004104012156064207,0.611945277432064,0.0,0.10528223705367566,0.0,0.0,0.0,0.0,0.0,0.0,0.0,0.0,0.0,0.0,0.0,0.0,0.0,0.0,0.0,0.0,0.0,0.0,0.0,0.0,0.0,0.0,0.0,0.004152997082810555,0.004152997082810555
2018/05/06 18:00:00,2018/05/06 19:00:00,2018/05/06 23:00:00,1.8900747548650485,1.8900747548650485,0.0,0.0,0.18193159120100172,0.0,0.20050274998910886,0.041005498939944623,0.0,0.004389002369296161,0.6343320589831604,0.0,0.07195223418804979,0.0,0.0,0.0,0.0,0.7559616191944871,0.0,0.0,0.0,0.0,0.0,0.0,0.0,0.0,0.0,0.0,0.0,0.0,0.0,0.0,0.0,0.0,0.0,0.0,0.00644919760144104,0.00644919760144104
2018/05/06 19:00:00,2018/05/06 20:00:00,2018/05/07 00:00:00,1.1918905205657555,1.1918905205657555,0.0,0.0,0.004100496187027142,0.0,0.23456450068467974,0.047971583355822994,0.0,0.0051346136116025955,0.579977755089703,0.0,0.001623673399343704,0.0,0.0,0.0,0.0,0.3185178982375764,0.0,0.0,0.0,0.0,0.0,0.0,0.0,0.0,0.0,0.0,0.0,0.0,0.0,0.0,0.0,0.0,0.0,0.0,0.004066896013836138,0.004066896013836138
2018/05/06 20:00:00,2018/05/06 21:00:00,2018/05/07 01:00:00,1.1810275005891087,1.1810275005891087,0.2068834411184268,0.0,0.0,0.0,0.2979972219663822,0.0609444248027156,0.0,0.006523154985780348,0.6086792577158038,0.0,0.0,0.0,0.0,0.0,0.0,0.0,0.0,0.0,0.0,0.0,0.0,0.0,0.0,0.0,0.0,0.0,0.0,0.0,0.0,0.0,0.0,0.0,0.0,0.0,0.004029829880765228,0.004029829880765228
2018/05/06 21:00:00,2018/05/06 22:00:00,2018/05/07 02:00:00,2.88233524676829,2.88233524676829,1.0138560492907212,0.0,0.0,0.0,0.3772776461222946,0.0771583338331913,0.0,0.008258602352352653,1.4057846151697304,0.0,0.0,0.0,0.0,0.0,0.0,0.0,0.0,0.0,0.0,0.0,0.0,0.0,0.0,0.0,0.0,0.0,0.0,0.0,0.0,0.0,0.0,0.0,0.0,0.0,0.009834928228187599,0.009834928228187599
2018/05/06 22:00:00,2018/05/06 23:00:00,2018/05/07 03:00:00,3.358097559637943,3.358097559637943,1.7276298162279056,0.0,0.0,0.0,0.2987851671863192,0.061105570157991854,0.0,0.006540403095531294,0.46330240650435034,0.0,0.0,0.0,0.0,0.0,0.0,0.8007341964658446,0.0,0.0,0.0,0.0,0.0,0.0,0.0,0.0,0.0,0.0,0.0,0.0,0.0,0.0,0.0,0.0,0.0,0.0,0.011458295324709706,0.011458295324709706
2018/05/06 23:00:00,2018/05/07 00:00:00,2018/05/07 04:00:00,3.3100919228943266,3.3100919228943266,2.3423271803798307,0.0,0.0,0.0,0.13094360677997474,0.026779722120023,0.0,0.002866353705536267,0.3944485313585772,0.0,0.0,0.0,0.0,0.0,0.0,0.4127265285503845,0.0,0.0,0.0,0.0,0.0,0.0,0.0,0.0,0.0,0.0,0.0,0.0,0.0,0.0,0.0,0.0,0.0,0.0,0.011294493423993517,0.011294493423993517
2018/05/07 00:00:00,2018/05/07 01:00:00,2018/05/07 05:00:00,3.8048993069332573,3.8048993069332573,3.1916399648043865,0.0,0.0,0.0,0.06501908921459039,0.013297274945155983,0.0,0.0014232669458539432,0.34837649219674405,0.0,0.0,0.0,0.0,0.0,0.0,0.18514321882652693,0.0,0.0,0.0,0.0,0.0,0.0,0.0,0.0,0.0,0.0,0.0,0.0,0.0,0.0,0.0,0.0,0.0,0.0,0.01298284494877066,0.01298284494877066
2018/05/07 01:00:00,2018/05/07 02:00:00,2018/05/07 06:00:00,4.141635971720834,4.141635971720834,3.7611091320262715,0.0,0.0,0.0,0.03901145352875434,0.00797836496709361,0.0,0.0008539601675123682,0.3326830610312019,0.0,0.0,0.0,0.0,0.0,0.0,0.0,0.0,0.0,0.0,0.0,0.0,0.0,0.0,0.0,0.0,0.0,0.0,0.0,0.0,0.0,0.0,0.0,0.0,0.0,0.014131837222899178,0.014131837222899178
2018/05/07 02:00:00,2018/05/07 03:00:00,2018/05/07 07:00:00,4.1553939416391135,4.1553939416391135,3.8213049643511017,0.0,0.0,0.0,0.026007635685836212,0.005318909978062404,0.0,0.0005693067783415784,0.302193124845772,0.0,0.0,0.0,0.0,0.0,0.0,0.0,0.0,0.0,0.0,0.0,0.0,0.0,0.0,0.0,0.0,0.0,0.0,0.0,0.0,0.0,0.0,0.0,0.0,0.0,0.01417878132728938,0.01417878132728938
2018/05/07 03:00:00,2018/05/07 04:00:00,2018/05/07 08:00:00,4.3866377222694055,4.3866377222694055,4.0653966315206365,0.0,0.0,0.0,0.026007635685836212,0.005318909978062404,0.0,0.0005693067783415784,0.28934523830652903,0.0,0.0,0.0,0.0,0.0,0.0,0.0,0.0,0.0,0.0,0.0,0.0,0.0,0.0,0.0,0.0,0.0,0.0,0.0,0.0,0.0,0.0,0.0,0.0,0.0,0.01496781722735118,0.01496781722735118
2018/05/07 04:00:00,2018/05/07 05:00:00,2018/05/07 09:00:00,4.643630718428823,4.643630718428823,4.3374973892327375,0.0,0.0,0.0,0.027249552419694536,0.005572898590769679,0.0,0.0005964923181292811,0.27271438586749136,0.0,0.0,0.0,0.0,0.0,0.0,0.0,0.0,0.0,0.0,0.0,0.0,0.0,0.0,0.0,0.0,0.0,0.0,0.0,0.0,0.0,0.0,0.0,0.0,0.0,0.01584471302745238,0.01584471302745238
2018/05/07 05:00:00,2018/05/07 06:00:00,2018/05/07 10:00:00,4.793709666566607,4.793709666566607,4.409189557211694,0.0,0.0,0.0,0.07103552208494862,0.014527716082253228,0.0,0.0015549665765280758,0.29740190461118204,0.0,0.0,0.0,0.0,0.0,0.0,0.0,0.0,0.0,0.0,0.0,0.0,0.0,0.0,0.0,0.0,0.0,0.0,0.0,0.0,0.0,0.0,0.0,0.0,0.0,0.016356803244977187,0.016356803244977187
2018/05/07 06:00:00,2018/05/07 07:00:00,2018/05/07 11:00:00,4.78635107489497,4.78635107489497,4.217647039361267,0.0,0.0,0.0,0.1667717967174164,0.03410706702965493,0.0,0.0036506322779327363,0.3641745395086999,0.0,0.0,0.0,0.0,0.0,0.0,0.0,0.0,0.0,0.0,0.0,0.0,0.0,0.0,0.0,0.0,0.0,0.0,0.0,0.0,0.0,0.0,0.0,0.0,0.0,0.016331694708060035,0.016331694708060035
2018/05/07 07:00:00,2018/05/07 08:00:00,2018/05/07 12:00:00,4.5485984443339005,4.5485984443339005,3.3813748190429482,0.0,0.0,0.0,0.21104540955177992,0.043161614083227134,0.0,0.004619781038425436,0.41574031457685573,0.0,0.0,0.0,0.0,0.0,0.0,0.49265650604066347,0.0,0.0,0.0,0.0,0.0,0.0,0.0,0.0,0.0,0.0,0.0,0.0,0.0,0.0,0.0,0.0,0.0,0.0,0.015520449707932924,0.015520449707932924
2018/05/07 08:00:00,2018/05/07 09:00:00,2018/05/07 13:00:00,3.705483086100854,3.705483086100854,1.938406302831381,0.0,0.0,0.0,0.21211882851794048,0.043381142644712725,0.0,0.004643278164454789,0.41223871861423783,0.0,0.0,0.0,0.0,0.0,0.0,1.0946948153281275,0.0,0.0,0.0,0.0,0.0,0.0,0.0,0.0,0.0,0.0,0.0,0.0,0.0,0.0,0.0,0.0,0.0,0.0,0.01264362299403774,0.01264362299403774
2018/05/07 09:00:00,2018/05/07 10:00:00,2018/05/07 14:00:00,5.122074743560332,5.122074743560332,1.6136724518807157,0.0,0.0,0.0,0.2062198728771374,0.04217472717515497,0.0,0.004514150108678676,1.9366726706877924,0.0,0.0,0.0,0.0,0.0,0.0,1.3188208708308526,0.0,0.0,0.0,0.0,0.0,0.0,0.0,0.0,0.0,0.0,0.0,0.0,0.0,0.0,0.0,0.0,0.0,0.0,0.017477230498710937,0.017477230498710937
2018/05/07 10:00:00,2018/05/07 11:00:00,2018/05/07 15:00:00,3.157812453107059,3.157812453107059,0.9556492572884526,0.0,0.0,0.0,0.19995148025023965,0.040892756891797895,0.0,0.004376935082487628,0.6381211527632282,0.0,0.0,0.0,0.0,0.0,0.0,1.3188208708308526,0.0,0.0,0.0,0.0,0.0,0.0,0.0,0.0,0.0,0.0,0.0,0.0,0.0,0.0,0.0,0.0,0.0,0.0,0.010774894720940694,0.010774894720940694
2018/05/07 11:00:00,2018/05/07 12:00:00,2018/05/07 16:00:00,2.4174724236265517,2.4174724236265517,0.4746161249131382,0.0,0.0,0.0,0.19126679222895843,0.03911662182397593,0.0,0.004186827384193855,0.38946518644543276,0.0,0.0,0.0,0.0,0.0,0.0,1.3188208708308526,0.0,0.0,0.0,0.0,0.0,0.0,0.0,0.0,0.0,0.0,0.0,0.0,0.0,0.0,0.0,0.0,0.0,0.0,0.008248751704593502,0.008248751704593502
2018/05/07 12:00:00,2018/05/07 13:00:00,2018/05/07 17:00:00,2.4459921006727017,2.4459921006727017,0.10943475658107328,0.0,0.0,0.0,0.1849983996020602,0.03783465154061874,0.0,0.004049612358002795,1.1275389199469905,0.0,0.0,0.0,0.0,0.0,0.0,0.9821357606439564,0.0,0.0,0.0,0.0,0.0,0.0,0.0,0.0,0.0,0.0,0.0,0.0,0.0,0.0,0.0,0.0,0.0,0.0,0.008346064804155555,0.008346064804155555
2018/05/07 13:00:00,2018/05/07 14:00:00,2018/05/07 18:00:00,0.5265829708114215,0.5265829708114215,0.0,0.0,0.0,0.0,0.1831538331348946,0.037457412982453704,0.0,0.004009234824052993,0.30196248987002017,0.0,0.0,0.0,0.0,0.0,0.0,0.0,0.0,0.0,0.0,0.0,0.0,0.0,0.0,0.0,0.0,0.0,0.0,0.0,0.0,0.0,0.0,0.0,0.0,0.0,0.0017967742405824545,0.0017967742405824545
2018/05/07 14:00:00,2018/05/07 15:00:00,2018/05/07 19:00:00,0.5772285653747342,0.5772285653747342,0.0,0.0,0.011948560247624498,0.0,0.1829823202090357,0.0374223362909875,0.0,0.004005480408525023,0.3361306675280402,0.0,0.004739200690521215,0.0,0.0,0.0,0.0,0.0,0.0,0.0,0.0,0.0,0.0,0.0,0.0,0.0,0.0,0.0,0.0,0.0,0.0,0.0,0.0,0.0,0.0,0.0,0.001969584044078609,0.001969584044078609
2018/05/07 15:00:00,2018/05/07 16:00:00,2018/05/07 20:00:00,1.3789021810374218,1.3789021810374218,0.0,0.0,0.0930027454097717,0.0,0.18310101194854259,0.037446610342085525,0.0,0.004008078569028756,0.3235230700559683,0.0,0.03723210886758037,0.0,0.0,0.0,0.0,0.7005885558444446,0.0,0.0,0.0,0.0,0.0,0.0,0.0,0.0,0.0,0.0,0.0,0.0,0.0,0.0,0.0,0.0,0.0,0.0,0.004705005775924089,0.004705005775924089
2018/05/07 16:00:00,2018/05/07 17:00:00,2018/05/07 21:00:00,0.8710939225717758,0.8710939225717758,0.0,0.0,0.14839265528614157,0.0,0.18385073757031967,0.0375999392774278,0.0,0.0040244900523150485,0.43776861228990366,0.0,0.05945748809566801,0.0,0.0,0.0,0.0,0.0,0.0,0.0,0.0,0.0,0.0,0.0,0.0,0.0,0.0,0.0,0.0,0.0,0.0,0.0,0.0,0.0,0.0,0.0,0.0029722934617371142,0.0029722934617371142
2018/05/07 17:00:00,2018/05/07 18:00:00,2018/05/07 22:00:00,1.1227162094186727,1.1227162094186727,0.0,0.0,0.2006761624072604,0.0,0.18748354501607697,0.03834289707663064,0.0,0.004104012156064207,0.611945277432064,0.0,0.08016431533057657,0.0,0.0,0.0,0.0,0.0,0.0,0.0,0.0,0.0,0.0,0.0,0.0,0.0,0.0,0.0,0.0,0.0,0.0,0.0,0.0,0.0,0.0,0.0,0.0038308636556541173,0.0038308636556541173
2018/05/07 18:00:00,2018/05/07 19:00:00,2018/05/07 23:00:00,1.5231799831553208,1.5231799831553208,0.0,0.0,0.17167194975084582,0.0,0.20050274998910886,0.041005498939944623,0.0,0.004389002369296161,0.6343320589831604,0.0,0.06844414116230679,0.0,0.0,0.0,0.0,0.40283458196065797,0.0,0.0,0.0,0.0,0.0,0.0,0.0,0.0,0.0,0.0,0.0,0.0,0.0,0.0,0.0,0.0,0.0,0.0,0.005197301677430045,0.005197301677430045
2018/05/07 19:00:00,2018/05/07 20:00:00,2018/05/08 00:00:00,2.249251070711524,2.249251070711524,0.0,0.0,0.1262323495294537,0.0,0.23456450068467974,0.047971583355822994,0.0,0.0051346136116025955,0.579977755089703,0.0,0.05067273141482945,0.0,0.0,0.0,0.0,1.2046975370254325,0.0,0.0,0.0,0.0,0.0,0.0,0.0,0.0,0.0,0.0,0.0,0.0,0.0,0.0,0.0,0.0,0.0,0.0,0.007674757081926726,0.007674757081926726
2018/05/07 20:00:00,2018/05/07 21:00:00,2018/05/08 01:00:00,1.3790734469646229,1.3790734469646229,0.0,0.0,0.018174584614774756,0.0,0.2979972219663822,0.0609444248027156,0.0,0.006523154985780348,0.5703875988428551,0.0,0.00731202406911831,0.0,0.0,0.0,0.0,0.41773443768299645,0.0,0.0,0.0,0.0,0.0,0.0,0.0,0.0,0.0,0.0,0.0,0.0,0.0,0.0,0.0,0.0,0.0,0.0,0.004705590159057121,0.004705590159057121
2018/05/07 21:00:00,2018/05/07 22:00:00,2018/05/08 02:00:00,1.282583599599394,1.282583599599394,0.0,0.0,0.0,0.0,0.3772776461222946,0.0771583338331913,0.0,0.008258602352352653,0.542573141541421,0.0,0.0,0.0,0.0,0.0,0.0,0.27731587575013444,0.0,0.0,0.0,0.0,0.0,0.0,0.0,0.0,0.0,0.0,0.0,0.0,0.0,0.0,0.0,0.0,0.0,0.0,0.004376353397077472,0.004376353397077472
2018/05/07 22:00:00,2018/05/07 23:00:00,2018/05/08 03:00:00,1.2622338646102955,1.2622338646102955,0.18911602906972136,0.0,0.0,0.0,0.2987851671863192,0.061105570157991854,0.0,0.006540403095531294,0.46330240650435034,0.0,0.0,0.0,0.0,0.0,0.0,0.2433842885963816,0.0,0.0,0.0,0.0,0.0,0.0,0.0,0.0,0.0,0.0,0.0,0.0,0.0,0.0,0.0,0.0,0.0,0.0,0.004306917274646947,0.004306917274646947
2018/05/07 23:00:00,2018/05/08 00:00:00,2018/05/08 04:00:00,1.5397031231946583,1.5397031231946583,0.9846649092305473,0.0,0.0,0.0,0.13094360677997474,0.026779722120023,0.0,0.002866353705536267,0.3944485313585772,0.0,0.0,0.0,0.0,0.0,0.0,0.0,0.0,0.0,0.0,0.0,0.0,0.0,0.0,0.0,0.0,0.0,0.0,0.0,0.0,0.0,0.0,0.0,0.0,0.0,0.005253680926364873,0.005253680926364873
2018/05/08 00:00:00,2018/05/08 01:00:00,2018/05/08 05:00:00,2.4417687127507954,2.4417687127507954,2.0136525894484514,0.0,0.0,0.0,0.06501908921459039,0.013297274945155983,0.0,0.0014232669458539432,0.34837649219674405,0.0,0.0,0.0,0.0,0.0,0.0,0.0,0.0,0.0,0.0,0.0,0.0,0.0,0.0,0.0,0.0,0.0,0.0,0.0,0.0,0.0,0.0,0.0,0.0,0.0,0.008331654017922997,0.008331654017922997
2018/05/08 01:00:00,2018/05/08 02:00:00,2018/05/08 06:00:00,3.0079705037710696,3.0079705037710696,2.627443664076507,0.0,0.0,0.0,0.03901145352875434,0.00797836496709361,0.0,0.0008539601675123682,0.3326830610312019,0.0,0.0,0.0,0.0,0.0,0.0,0.0,0.0,0.0,0.0,0.0,0.0,0.0,0.0,0.0,0.0,0.0,0.0,0.0,0.0,0.0,0.0,0.0,0.0,0.0,0.010263613176247553,0.010263613176247553
2018/05/08 02:00:00,2018/05/08 03:00:00,2018/05/08 07:00:00,3.171881602098388,3.171881602098388,2.8377926248103758,0.0,0.0,0.0,0.026007635685836212,0.005318909978062404,0.0,0.0005693067783415784,0.302193124845772,0.0,0.0,0.0,0.0,0.0,0.0,0.0,0.0,0.0,0.0,0.0,0.0,0.0,0.0,0.0,0.0,0.0,0.0,0.0,0.0,0.0,0.0,0.0,0.0,0.0,0.010822900611551977,0.010822900611551977
2018/05/08 03:00:00,2018/05/08 04:00:00,2018/05/08 08:00:00,3.468066368709668,3.468066368709668,3.146825277960899,0.0,0.0,0.0,0.026007635685836212,0.005318909978062404,0.0,0.0005693067783415784,0.28934523830652903,0.0,0.0,0.0,0.0,0.0,0.0,0.0,0.0,0.0,0.0,0.0,0.0,0.0,0.0,0.0,0.0,0.0,0.0,0.0,0.0,0.0,0.0,0.0,0.0,0.0,0.011833524176305756,0.011833524176305756
2018/05/08 04:00:00,2018/05/08 05:00:00,2018/05/08 09:00:00,4.206330575044969,4.206330575044969,3.41227993576155,0.0,0.0,0.0,0.027249552419694536,0.005572898590769679,0.0,0.0005964923181292811,0.27271438586749136,0.0,0.0,0.0,0.0,0.0,0.0,0.4879173100873355,0.0,0.0,0.0,0.0,0.0,0.0,0.0,0.0,0.0,0.0,0.0,0.0,0.0,0.0,0.0,0.0,0.0,0.0,0.01435258419574258,0.01435258419574258
2018/05/08 05:00:00,2018/05/08 06:00:00,2018/05/08 10:00:00,4.139739281278834,4.139739281278834,3.755219171923922,0.0,0.0,0.0,0.07103552208494862,0.014527716082253228,0.0,0.0015549665765280758,0.29740190461118204,0.0,0.0,0.0,0.0,0.0,0.0,0.0,0.0,0.0,0.0,0.0,0.0,0.0,0.0,0.0,0.0,0.0,0.0,0.0,0.0,0.0,0.0,0.0,0.0,0.0,0.014125365451654291,0.014125365451654291
2018/05/08 06:00:00,2018/05/08 07:00:00,2018/05/08 11:00:00,4.532280941258684,4.532280941258684,3.9635769057249806,0.0,0.0,0.0,0.1667717967174164,0.03410706702965493,0.0,0.0036506322779327363,0.3641745395086999,0.0,0.0,0.0,0.0,0.0,0.0,0.0,0.0,0.0,0.0,0.0,0.0,0.0,0.0,0.0,0.0,0.0,0.0,0.0,0.0,0.0,0.0,0.0,0.0,0.0,0.015464772120883355,0.015464772120883355
2018/05/08 07:00:00,2018/05/08 08:00:00,2018/05/08 12:00:00,4.5742543349390425,4.5742543349390425,3.1463622956868886,0.0,0.0,0.0,0.21104540955177992,0.043161614083227134,0.0,0.004619781038425436,0.5137976783926146,0.0,0.0,0.0,0.0,0.0,0.0,0.6552675561861067,0.0,0.0,0.0,0.0,0.0,0.0,0.0,0.0,0.0,0.0,0.0,0.0,0.0,0.0,0.0,0.0,0.0,0.0,0.015607991170368535,0.015607991170368535
2018/05/08 08:00:00,2018/05/08 09:00:00,2018/05/08 13:00:00,6.245107104828558,6.245107104828558,2.1165506584937295,0.0,0.0,0.0,0.21211882851794048,0.043381142644712725,0.0,0.004643278164454789,2.549592326176868,0.0,0.0,0.0,0.0,0.0,0.0,1.3188208708308526,0.0,0.0,0.0,0.0,0.0,0.0,0.0,0.0,0.0,0.0,0.0,0.0,0.0,0.0,0.0,0.0,0.0,0.0,0.0213091729083903,0.0213091729083903
2018/05/08 09:00:00,2018/05/08 10:00:00,2018/05/08 14:00:00,3.70986666679013,3.70986666679013,1.8670064544549445,0.0,0.0,0.0,0.2062198728771374,0.04217472717515497,0.0,0.004514150108678676,0.2711305913433615,0.0,0.0,0.0,0.0,0.0,0.0,1.3188208708308526,0.0,0.0,0.0,0.0,0.0,0.0,0.0,0.0,0.0,0.0,0.0,0.0,0.0,0.0,0.0,0.0,0.0,0.0,0.012658580380243884,0.012658580380243884
2018/05/08 10:00:00,2018/05/08 11:00:00,2018/05/08 15:00:00,3.0898523838183825,3.0898523838183825,1.257806687977386,0.0,0.0,0.0,0.19995148025023965,0.040892756891797895,0.0,0.004376935082487628,0.2680036527856186,0.0,0.0,0.0,0.0,0.0,0.0,1.3188208708308526,0.0,0.0,0.0,0.0,0.0,0.0,0.0,0.0,0.0,0.0,0.0,0.0,0.0,0.0,0.0,0.0,0.0,0.0,0.010543005524641899,0.010543005524641899
2018/05/08 11:00:00,2018/05/08 12:00:00,2018/05/08 16:00:00,2.3117226911137165,2.3117226911137165,0.7964793425999696,0.0,0.0,0.0,0.19126679222895843,0.03911662182397593,0.0,0.004186827384193855,0.2852620246662099,0.0,0.0,0.0,0.0,0.0,0.0,0.9954110824104089,0.0,0.0,0.0,0.0,0.0,0.0,0.0,0.0,0.0,0.0,0.0,0.0,0.0,0.0,0.0,0.0,0.0,0.0,0.007887918928260535,0.007887918928260535
2018/05/08 12:00:00,2018/05/08 13:00:00,2018/05/08 17:00:00,1.6511670847278168,1.6511670847278168,0.37567793015856565,0.0,0.0,0.0,0.1849983996020602,0.03783465154061874,0.0,0.004049612358002795,0.2911673356785335,0.0,0.0,0.0,0.0,0.0,0.0,0.757439155390036,0.0,0.0,0.0,0.0,0.0,0.0,0.0,0.0,0.0,0.0,0.0,0.0,0.0,0.0,0.0,0.0,0.0,0.0,0.005634011445841119,0.005634011445841119
2018/05/08 13:00:00,2018/05/08 14:00:00,2018/05/08 18:00:00,0.5815703050279531,0.5815703050279531,0.05498733421653175,0.0,0.0,0.0,0.1831538331348946,0.037457412982453704,0.0,0.004009234824052993,0.30196248987002017,0.0,0.0,0.0,0.0,0.0,0.0,0.0,0.0,0.0,0.0,0.0,0.0,0.0,0.0,0.0,0.0,0.0,0.0,0.0,0.0,0.0,0.0,0.0,0.0,0.0,0.001984398662857865,0.001984398662857865
2018/05/08 14:00:00,2018/05/08 15:00:00,2018/05/08 19:00:00,0.5605408044365884,0.5605408044365884,0.0,0.0,0.0,0.0,0.1829823202090357,0.0374223362909875,0.0,0.004005480408525023,0.3361306675280402,0.0,0.0,0.0,0.0,0.0,0.0,0.0,0.0,0.0,0.0,0.0,0.0,0.0,0.0,0.0,0.0,0.0,0.0,0.0,0.0,0.0,0.0,0.0,0.0,0.0,0.0019126430857706424,0.0019126430857706424
2018/05/08 15:00:00,2018/05/08 16:00:00,2018/05/08 20:00:00,0.6287266715115409,0.6287266715115409,0.0,0.0,0.05743728999661699,0.0,0.18310101194854259,0.037446610342085525,0.0,0.004008078569028756,0.3235230700559683,0.0,0.02321061059929888,0.0,0.0,0.0,0.0,0.0,0.0,0.0,0.0,0.0,0.0,0.0,0.0,0.0,0.0,0.0,0.0,0.0,0.0,0.0,0.0,0.0,0.0,0.0,0.002145302735480296,0.002145302735480296
2018/05/08 16:00:00,2018/05/08 17:00:00,2018/05/08 21:00:00,0.9392865665177048,0.9392865665177048,0.0,0.0,0.19647627745226562,0.0,0.18385073757031967,0.0375999392774278,0.0,0.0040244900523150485,0.43776861228990366,0.0,0.07956650987547302,0.0,0.0,0.0,0.0,0.0,0.0,0.0,0.0,0.0,0.0,0.0,0.0,0.0,0.0,0.0,0.0,0.0,0.0,0.0,0.0,0.0,0.0,0.0,0.0032049762350718704,0.0032049762350718704
2018/05/08 17:00:00,2018/05/08 18:00:00,2018/05/08 22:00:00,1.2328680226313178,1.2328680226313178,0.0,0.0,0.2782151541277834,0.0,0.18748354501607697,0.03834289707663064,0.0,0.004104012156064207,0.611945277432064,0.0,0.11277713682269878,0.0,0.0,0.0,0.0,0.0,0.0,0.0,0.0,0.0,0.0,0.0,0.0,0.0,0.0,0.0,0.0,0.0,0.0,0.0,0.0,0.0,0.0,0.0,0.004206716942798887,0.004206716942798887
2018/05/08 18:00:00,2018/05/08 19:00:00,2018/05/08 23:00:00,1.217328848575114,1.217328848575114,0.0,0.0,0.23980267419436416,0.0,0.20050274998910886,0.041005498939944623,0.0,0.004389002369296161,0.6343320589831604,0.0,0.09729686409923971,0.0,0.0,0.0,0.0,0.0,0.0,0.0,0.0,0.0,0.0,0.0,0.0,0.0,0.0,0.0,0.0,0.0,0.0,0.0,0.0,0.0,0.0,0.0,0.004153695122474748,0.004153695122474748
2018/05/08 19:00:00,2018/05/08 20:00:00,2018/05/09 00:00:00,2.6507250944453298,2.6507250944453298,0.0,0.0,0.159696742052112,0.0,0.23456450068467974,0.047971583355822994,0.0,0.0051346136116025955,0.9144398093778505,0.0,0.06481062230255413,0.0,0.0,0.0,0.0,1.2241072230607082,0.0,0.0,0.0,0.0,0.0,0.0,0.0,0.0,0.0,0.0,0.0,0.0,0.0,0.0,0.0,0.0,0.0,0.0,0.009044642217020131,0.009044642217020131
2018/05/08 20:00:00,2018/05/08 21:00:00,2018/05/09 01:00:00,9.978799586883504,9.978799586883504,0.0,0.0,0.02208702199819313,0.0,0.2979972219663822,0.0609444248027156,0.0,0.006523154985780348,8.263461404978052,0.0,0.00896548732152645,0.0,0.0,0.0,0.0,1.3188208708308526,0.0,0.0,0.0,0.0,0.0,0.0,0.0,0.0,0.0,0.0,0.0,0.0,0.0,0.0,0.0,0.0,0.0,0.0,0.034049050279804885,0.034049050279804885
2018/05/08 21:00:00,2018/05/08 22:00:00,2018/05/09 02:00:00,6.046407496816863,6.046407496816863,0.18717648008154436,0.0,0.0,0.0,0.3772776461222946,0.0771583338331913,0.0,0.008258602352352653,4.077715563596627,0.0,0.0,0.0,0.0,0.0,0.0,1.3188208708308526,0.0,0.0,0.0,0.0,0.0,0.0,0.0,0.0,0.0,0.0,0.0,0.0,0.0,0.0,0.0,0.0,0.0,0.0,0.020631182245799923,0.020631182245799923
2018/05/08 22:00:00,2018/05/08 23:00:00,2018/05/09 03:00:00,4.933416676225141,4.933416676225141,0.9836686634805324,0.0,0.0,0.0,0.2987851671863192,0.061105570157991854,0.0,0.006540403095531294,2.2644960014739133,0.0,0.0,0.0,0.0,0.0,0.0,1.3188208708308526,0.0,0.0,0.0,0.0,0.0,0.0,0.0,0.0,0.0,0.0,0.0,0.0,0.0,0.0,0.0,0.0,0.0,0.0,0.0168335029677131,0.0168335029677131
2018/05/08 23:00:00,2018/05/09 00:00:00,2018/05/09 04:00:00,4.314289193364401,4.314289193364401,2.3945693921410887,0.0,0.0,0.0,0.13094360677997474,0.026779722120023,0.0,0.002866353705536267,0.44030924778692615,0.0,0.0,0.0,0.0,0.0,0.0,1.3188208708308526,0.0,0.0,0.0,0.0,0.0,0.0,0.0,0.0,0.0,0.0,0.0,0.0,0.0,0.0,0.0,0.0,0.0,0.0,0.014720953997269443,0.014720953997269443
2018/05/09 00:00:00,2018/05/09 01:00:00,2018/05/09 05:00:00,5.275327256334944,5.275327256334944,3.5283902622017473,0.0,0.0,0.0,0.06501908921459039,0.013297274945155983,0.0,0.0014232669458539432,0.34837649219674405,0.0,0.0,0.0,0.0,0.0,0.0,1.3188208708308526,0.0,0.0,0.0,0.0,0.0,0.0,0.0,0.0,0.0,0.0,0.0,0.0,0.0,0.0,0.0,0.0,0.0,0.0,0.018000149359595572,0.018000149359595572
2018/05/09 01:00:00,2018/05/09 02:00:00,2018/05/09 06:00:00,6.565562710452511,6.565562710452511,4.783168080626685,0.0,0.0,0.0,0.03901145352875434,0.00797836496709361,0.0,0.0008539601675123682,0.41572998033161224,0.0,0.0,0.0,0.0,0.0,0.0,1.3188208708308526,0.0,0.0,0.0,0.0,0.0,0.0,0.0,0.0,0.0,0.0,0.0,0.0,0.0,0.0,0.0,0.0,0.0,0.0,0.02240261194715779,0.02240261194715779
2018/05/09 02:00:00,2018/05/09 03:00:00,2018/05/09 07:00:00,7.842579151770754,7.842579151770754,4.247076845785891,0.0,0.0,0.0,0.026007635685836212,0.005318909978062404,0.0,0.0005693067783415784,2.24478558271177,0.0,0.0,0.0,0.0,0.0,0.0,1.3188208708308526,0.0,0.0,0.0,0.0,0.0,0.0,0.0,0.0,0.0,0.0,0.0,0.0,0.0,0.0,0.0,0.0,0.0,0.0,0.026759969426882666,0.026759969426882666
2018/05/09 03:00:00,2018/05/09 04:00:00,2018/05/09 08:00:00,6.828379039820208,6.828379039820208,4.413917115781882,0.0,0.0,0.0,0.026007635685836212,0.005318909978062404,0.0,0.0005693067783415784,1.952912189081599,0.0,0.0,0.0,0.0,0.0,0.0,0.42965388251448794,0.0,0.0,0.0,0.0,0.0,0.0,0.0,0.0,0.0,0.0,0.0,0.0,0.0,0.0,0.0,0.0,0.0,0.0,0.023299377769046517,0.023299377769046517
2018/05/09 04:00:00,2018/05/09 05:00:00,2018/05/09 09:00:00,6.63682606838547,6.63682606838547,4.635902518678306,0.0,0.0,0.0,0.027249552419694536,0.005572898590769679,0.0,0.0005964923181292811,1.9675046063785704,0.0,0.0,0.0,0.0,0.0,0.0,0.0,0.0,0.0,0.0,0.0,0.0,0.0,0.0,0.0,0.0,0.0,0.0,0.0,0.0,0.0,0.0,0.0,0.0,0.0,0.022645772423148955,0.022645772423148955
2018/05/09 05:00:00,2018/05/09 06:00:00,2018/05/09 10:00:00,5.366693902843682,5.366693902843682,4.982173793488769,0.0,0.0,0.0,0.07103552208494862,0.014527716082253228,0.0,0.0015549665765280758,0.29740190461118204,0.0,0.0,0.0,0.0,0.0,0.0,0.0,0.0,0.0,0.0,0.0,0.0,0.0,0.0,0.0,0.0,0.0,0.0,0.0,0.0,0.0,0.0,0.0,0.0,0.0,0.018311905048622772,0.018311905048622772
2018/05/09 06:00:00,2018/05/09 07:00:00,2018/05/09 11:00:00,5.5334254529400715,5.5334254529400715,4.964721417406369,0.0,0.0,0.0,0.1667717967174164,0.03410706702965493,0.0,0.0036506322779327363,0.3641745395086999,0.0,0.0,0.0,0.0,0.0,0.0,0.0,0.0,0.0,0.0,0.0,0.0,0.0,0.0,0.0,0.0,0.0,0.0,0.0,0.0,0.0,0.0,0.0,0.0,0.0,0.01888081625713365,0.01888081625713365
2018/05/09 07:00:00,2018/05/09 08:00:00,2018/05/09 12:00:00,5.259675199110532,5.259675199110532,4.585108079860245,0.0,0.0,0.0,0.21104540955177992,0.043161614083227134,0.0,0.004619781038425436,0.41574031457685573,0.0,0.0,0.0,0.0,0.0,0.0,0.0,0.0,0.0,0.0,0.0,0.0,0.0,0.0,0.0,0.0,0.0,0.0,0.0,0.0,0.0,0.0,0.0,0.0,0.0,0.017946742366221652,0.017946742366221652
2018/05/09 08:00:00,2018/05/09 09:00:00,2018/05/09 13:00:00,4.530889426852628,4.530889426852628,3.5286385575961696,0.0,0.0,0.0,0.21211882851794048,0.043381142644712725,0.0,0.004643278164454789,0.33907849598849293,0.0,0.0,0.0,0.0,0.0,0.0,0.40302912394085794,0.0,0.0,0.0,0.0,0.0,0.0,0.0,0.0,0.0,0.0,0.0,0.0,0.0,0.0,0.0,0.0,0.0,0.0,0.015460024080443786,0.015460024080443786
2018/05/09 09:00:00,2018/05/09 10:00:00,2018/05/09 14:00:00,2.8766323816658406,2.8766323816658406,2.352593040161508,0.0,0.0,0.0,0.2062198728771374,0.04217472717515497,0.0,0.004514150108678676,0.2711305913433615,0.0,0.0,0.0,0.0,0.0,0.0,0.0,0.0,0.0,0.0,0.0,0.0,0.0,0.0,0.0,0.0,0.0,0.0,0.0,0.0,0.0,0.0,0.0,0.0,0.0,0.009815469260310593,0.009815469260310593
2018/05/09 10:00:00,2018/05/09 11:00:00,2018/05/09 15:00:00,1.734091750885884,1.734091750885884,1.2208669258757403,0.0,0.0,0.0,0.19995148025023965,0.040892756891797895,0.0,0.004376935082487628,0.2680036527856186,0.0,0.0,0.0,0.0,0.0,0.0,0.0,0.0,0.0,0.0,0.0,0.0,0.0,0.0,0.0,0.0,0.0,0.0,0.0,0.0,0.0,0.0,0.0,0.0,0.0,0.005916961925291912,0.005916961925291912
2018/05/09 11:00:00,2018/05/09 12:00:00,2018/05/09 16:00:00,1.2279646529572001,1.2279646529572001,0.3023537794215527,0.0,0.0,0.0,0.19126679222895843,0.03911662182397593,0.0,0.004186827384193855,0.2852620246662099,0.0,0.0,0.0,0.0,0.0,0.0,0.4057786074323093,0.0,0.0,0.0,0.0,0.0,0.0,0.0,0.0,0.0,0.0,0.0,0.0,0.0,0.0,0.0,0.0,0.0,0.0,0.004189985964375996,0.004189985964375996
2018/05/09 12:00:00,2018/05/09 13:00:00,2018/05/09 17:00:00,1.8368708700100678,1.8368708700100678,0.0,0.0,0.0,0.0,0.1849983996020602,0.03783465154061874,0.0,0.004049612358002795,0.2911673356785335,0.0,0.0,0.0,0.0,0.0,0.0,1.3188208708308526,0.0,0.0,0.0,0.0,0.0,0.0,0.0,0.0,0.0,0.0,0.0,0.0,0.0,0.0,0.0,0.0,0.0,0.0,0.006267658556114451,0.006267658556114451
2018/05/09 13:00:00,2018/05/09 14:00:00,2018/05/09 18:00:00,1.173085206063185,1.173085206063185,0.0,0.0,0.05218461670017781,0.0,0.1831538331348946,0.037457412982453704,0.0,0.004009234824052993,0.30196248987002017,0.0,0.01956134724501024,0.0,0.0,0.0,0.0,0.5747562713065756,0.0,0.0,0.0,0.0,0.0,0.0,0.0,0.0,0.0,0.0,0.0,0.0,0.0,0.0,0.0,0.0,0.0,0.0,0.004002729668630929,0.004002729668630929
2018/05/09 14:00:00,2018/05/09 15:00:00,2018/05/09 19:00:00,0.9256107539287072,0.9256107539287072,0.0,0.0,0.26671933919423263,0.0,0.1829823202090357,0.0374223362909875,0.0,0.004005480408525023,0.3361306675280402,0.0,0.09835061029788611,0.0,0.0,0.0,0.0,0.0,0.0,0.0,0.0,0.0,0.0,0.0,0.0,0.0,0.0,0.0,0.0,0.0,0.0,0.0,0.0,0.0,0.0,0.0,0.003158312462901114,0.003158312462901114
2018/05/09 15:00:00,2018/05/09 16:00:00,2018/05/09 20:00:00,1.3570316470592663,1.3570316470592663,0.0,0.0,0.5309916757295028,0.0,0.18310101194854259,0.037446610342085525,0.0,0.004008078569028756,0.4102905241736408,0.0,0.19119374629646593,0.0,0.0,0.0,0.0,0.0,0.0,0.0,0.0,0.0,0.0,0.0,0.0,0.0,0.0,0.0,0.0,0.0,0.0,0.0,0.0,0.0,0.0,0.0,0.004630380476098725,0.004630380476098725
2018/05/09 16:00:00,2018/05/09 17:00:00,2018/05/09 21:00:00,4.410807961550122,4.410807961550122,0.0,0.0,0.7829615053018537,0.0,0.18385073757031967,0.0375999392774278,0.0,0.0040244900523150485,2.543219234212791,0.0,0.2814186539938358,0.0,0.0,0.0,0.0,0.57773340114158,0.0,0.0,0.0,0.0,0.0,0.0,0.0,0.0,0.0,0.0,0.0,0.0,0.0,0.0,0.0,0.0,0.0,0.0,0.01505028944110581,0.01505028944110581
2018/05/09 17:00:00,2018/05/09 18:00:00,2018/05/09 22:00:00,5.566906852116005,5.566906852116005,0.0,0.0,0.9135938538760043,0.0,0.18748354501607697,0.03834289707663064,0.0,0.004104012156064207,3.9809165176957624,0.0,0.3275570729043939,0.0,0.0,0.0,0.0,0.11490895339107306,0.0,0.0,0.0,0.0,0.0,0.0,0.0,0.0,0.0,0.0,0.0,0.0,0.0,0.0,0.0,0.0,0.0,0.0,0.018995059441802683,0.018995059441802683
2018/05/09 18:00:00,2018/05/09 19:00:00,2018/05/09 23:00:00,2.0727288935107024,2.0727288935107024,0.0,0.0,0.8772274850386468,0.0,0.20050274998910886,0.041005498939944623,0.0,0.004389002369296161,0.6343320589831604,0.0,0.3152720981905458,0.0,0.0,0.0,0.0,0.0,0.0,0.0,0.0,0.0,0.0,0.0,0.0,0.0,0.0,0.0,0.0,0.0,0.0,0.0,0.0,0.0,0.0,0.0,0.007072438893783966,0.007072438893783966
2018/05/09 19:00:00,2018/05/09 20:00:00,2018/05/10 00:00:00,1.8745842020746444,1.8745842020746444,0.0,0.0,0.73316664949906,0.0,0.23456450068467974,0.047971583355822994,0.0,0.0051346136116025955,0.5852505401043644,0.0,0.26849631481911507,0.0,0.0,0.0,0.0,0.0,0.0,0.0,0.0,0.0,0.0,0.0,0.0,0.0,0.0,0.0,0.0,0.0,0.0,0.0,0.0,0.0,0.0,0.0,0.00639634168362947,0.00639634168362947
2018/05/09 20:00:00,2018/05/09 21:00:00,2018/05/10 01:00:00,1.6417895766512451,1.6417895766512451,0.0,0.0,0.42340432058648947,0.0,0.2979972219663822,0.0609444248027156,0.0,0.006523154985780348,0.6892523505041285,0.0,0.16366810380574912,0.0,0.0,0.0,0.0,0.0,0.0,0.0,0.0,0.0,0.0,0.0,0.0,0.0,0.0,0.0,0.0,0.0,0.0,0.0,0.0,0.0,0.0,0.0,0.005602014085715944,0.005602014085715944
2018/05/09 21:00:00,2018/05/09 22:00:00,2018/05/10 02:00:00,1.2048749977871231,1.2048749977871231,0.0,0.0,0.14192011961731876,0.0,0.3772776461222946,0.0771583338331913,0.0,0.008258602352352653,0.542573141541421,0.0,0.05768715432054486,0.0,0.0,0.0,0.0,0.0,0.0,0.0,0.0,0.0,0.0,0.0,0.0,0.0,0.0,0.0,0.0,0.0,0.0,0.0,0.0,0.0,0.0,0.0,0.004111200853703697,0.004111200853703697
2018/05/09 22:00:00,2018/05/09 23:00:00,2018/05/10 03:00:00,0.8323225251883053,0.8323225251883053,0.0,0.0,0.0018391674838492598,0.0,0.2987851671863192,0.061105570157991854,0.0,0.006540403095531294,0.46330240650435034,0.0,0.0007498107602633555,0.0,0.0,0.0,0.0,0.0,0.0,0.0,0.0,0.0,0.0,0.0,0.0,0.0,0.0,0.0,0.0,0.0,0.0,0.0,0.0,0.0,0.0,0.0,0.002840000068385142,0.002840000068385142
2018/05/09 23:00:00,2018/05/10 00:00:00,2018/05/10 04:00:00,0.5550382139641111,0.5550382139641111,0.0,0.0,0.0,0.0,0.13094360677997474,0.026779722120023,0.0,0.002866353705536267,0.3944485313585772,0.0,0.0,0.0,0.0,0.0,0.0,0.0,0.0,0.0,0.0,0.0,0.0,0.0,0.0,0.0,0.0,0.0,0.0,0.0,0.0,0.0,0.0,0.0,0.0,0.0,0.001893867482749932,0.001893867482749932
2018/05/10 00:00:00,2018/05/10 01:00:00,2018/05/10 05:00:00,2.0611974792632513,2.0611974792632513,0.5992401024096823,0.0,0.0,0.0,0.06501908921459039,0.013297274945155983,0.0,0.0014232669458539432,1.3822177457479687,0.0,0.0,0.0,0.0,0.0,0.0,0.0,0.0,0.0,0.0,0.0,0.0,0.0,0.0,0.0,0.0,0.0,0.0,0.0,0.0,0.0,0.0,0.0,0.0,0.0,0.007033092106618822,0.007033092106618822
2018/05/10 01:00:00,2018/05/10 02:00:00,2018/05/10 06:00:00,1.4666377470172178,1.4666377470172178,1.0861109073226554,0.0,0.0,0.0,0.03901145352875434,0.00797836496709361,0.0,0.0008539601675123682,0.3326830610312019,0.0,0.0,0.0,0.0,0.0,0.0,0.0,0.0,0.0,0.0,0.0,0.0,0.0,0.0,0.0,0.0,0.0,0.0,0.0,0.0,0.0,0.0,0.0,0.0,0.0,0.005004371713817043,0.005004371713817043
2018/05/10 02:00:00,2018/05/10 03:00:00,2018/05/10 07:00:00,2.068463602916227,2.068463602916227,1.3508617316095952,0.0,0.0,0.0,0.026007635685836212,0.005318909978062404,0.0,0.0005693067783415784,0.302193124845772,0.0,0.0,0.0,0.0,0.0,0.0,0.3835128940186199,0.0,0.0,0.0,0.0,0.0,0.0,0.0,0.0,0.0,0.0,0.0,0.0,0.0,0.0,0.0,0.0,0.0,0.0,0.007057885129812178,0.007057885129812178
2018/05/10 03:00:00,2018/05/10 04:00:00,2018/05/10 08:00:00,1.9877897782735794,1.9877897782735794,1.6473599949989248,0.0,0.0,0.0,0.026007635685836212,0.005318909978062404,0.0,0.0005693067783415784,0.28934523830652903,0.0,0.0,0.0,0.0,0.0,0.0,0.019188692525885485,0.0,0.0,0.0,0.0,0.0,0.0,0.0,0.0,0.0,0.0,0.0,0.0,0.0,0.0,0.0,0.0,0.0,0.0,0.006782614834261573,0.006782614834261573
2018/05/10 04:00:00,2018/05/10 05:00:00,2018/05/10 09:00:00,2.1377834781895184,2.1377834781895184,1.8316501489934336,0.0,0.0,0.0,0.027249552419694536,0.005572898590769679,0.0,0.0005964923181292811,0.27271438586749136,0.0,0.0,0.0,0.0,0.0,0.0,0.0,0.0,0.0,0.0,0.0,0.0,0.0,0.0,0.0,0.0,0.0,0.0,0.0,0.0,0.0,0.0,0.0,0.0,0.0,0.007294414173012177,0.007294414173012177
2018/05/10 05:00:00,2018/05/10 06:00:00,2018/05/10 10:00:00,2.2581901027760725,2.2581901027760725,1.8736699934211607,0.0,0.0,0.0,0.07103552208494862,0.014527716082253228,0.0,0.0015549665765280758,0.29740190461118204,0.0,0.0,0.0,0.0,0.0,0.0,0.0,0.0,0.0,0.0,0.0,0.0,0.0,0.0,0.0,0.0,0.0,0.0,0.0,0.0,0.0,0.0,0.0,0.0,0.0,0.007705258300993062,0.007705258300993062
2018/05/10 06:00:00,2018/05/10 07:00:00,2018/05/10 11:00:00,2.4087855097036592,2.4087855097036592,1.8400814741699554,0.0,0.0,0.0,0.1667717967174164,0.03410706702965493,0.0,0.0036506322779327363,0.3641745395086999,0.0,0.0,0.0,0.0,0.0,0.0,0.0,0.0,0.0,0.0,0.0,0.0,0.0,0.0,0.0,0.0,0.0,0.0,0.0,0.0,0.0,0.0,0.0,0.0,0.0,0.008219110747646568,0.008219110747646568
2018/05/10 07:00:00,2018/05/10 08:00:00,2018/05/10 12:00:00,2.2849253226128345,2.2849253226128345,1.218136340604436,0.0,0.0,0.0,0.21104540955177992,0.043161614083227134,0.0,0.004619781038425436,0.41574031457685573,0.0,0.0,0.0,0.0,0.0,0.0,0.39222186275811066,0.0,0.0,0.0,0.0,0.0,0.0,0.0,0.0,0.0,0.0,0.0,0.0,0.0,0.0,0.0,0.0,0.0,0.0,0.0077964825846894795,0.0077964825846894795
2018/05/10 08:00:00,2018/05/10 09:00:00,2018/05/10 13:00:00,2.7752075947087294,2.7752075947087294,0.8571649785622759,0.0,0.0,0.0,0.21211882851794048,0.043381142644712725,0.0,0.004643278164454789,0.33907849598849293,0.0,0.0,0.0,0.0,0.0,0.0,1.3188208708308526,0.0,0.0,0.0,0.0,0.0,0.0,0.0,0.0,0.0,0.0,0.0,0.0,0.0,0.0,0.0,0.0,0.0,0.0,0.009469393798963473,0.009469393798963473
2018/05/10 09:00:00,2018/05/10 10:00:00,2018/05/10 14:00:00,1.9390449968711143,1.9390449968711143,0.09618478453592898,0.0,0.0,0.0,0.2062198728771374,0.04217472717515497,0.0,0.004514150108678676,0.2711305913433615,0.0,0.0,0.0,0.0,0.0,0.0,1.3188208708308526,0.0,0.0,0.0,0.0,0.0,0.0,0.0,0.0,0.0,0.0,0.0,0.0,0.0,0.0,0.0,0.0,0.0,0.0,0.006616290869299673,0.006616290869299673
2018/05/10 10:00:00,2018/05/10 11:00:00,2018/05/10 15:00:00,1.5855557953962929,1.5855557953962929,0.0,0.0,0.006343951258577474,0.0,0.19995148025023965,0.040892756891797895,0.0,0.004376935082487628,0.2680036527856186,0.0,0.002425703230604061,0.0,0.0,0.0,0.0,1.0635613158969675,0.0,0.0,0.0,0.0,0.0,0.0,0.0,0.0,0.0,0.0,0.0,0.0,0.0,0.0,0.0,0.0,0.0,0.0,0.0054101366130096884,0.0054101366130096884
2018/05/10 11:00:00,2018/05/10 12:00:00,2018/05/10 16:00:00,0.7039202520764138,0.7039202520764138,0.0,0.0,0.134089430232315,0.0,0.19126679222895843,0.03911662182397593,0.0,0.004186827384193855,0.2852620246662099,0.0,0.04999855574076057,0.0,0.0,0.0,0.0,0.0,0.0,0.0,0.0,0.0,0.0,0.0,0.0,0.0,0.0,0.0,0.0,0.0,0.0,0.0,0.0,0.0,0.0,0.0,0.0024018736770129055,0.0024018736770129055
2018/05/10 12:00:00,2018/05/10 13:00:00,2018/05/10 17:00:00,0.9151871150239731,0.9151871150239731,0.0,0.0,0.2912942120598442,0.0,0.1849983996020602,0.03783465154061874,0.0,0.004049612358002795,0.2911673356785335,0.0,0.10584290378491361,0.0,0.0,0.0,0.0,0.0,0.0,0.0,0.0,0.0,0.0,0.0,0.0,0.0,0.0,0.0,0.0,0.0,0.0,0.0,0.0,0.0,0.0,0.0,0.0031227455590791017,0.0031227455590791017
2018/05/10 13:00:00,2018/05/10 14:00:00,2018/05/10 18:00:00,1.1510573552759829,1.1510573552759829,0.0,0.0,0.4608485607955771,0.0,0.1831538331348946,0.037457412982453704,0.0,0.004009234824052993,0.30196248987002017,0.0,0.16362582366898426,0.0,0.0,0.0,0.0,0.0,0.0,0.0,0.0,0.0,0.0,0.0,0.0,0.0,0.0,0.0,0.0,0.0,0.0,0.0,0.0,0.0,0.0,0.0,0.003927567582001256,0.003927567582001256
2018/05/10 14:00:00,2018/05/10 15:00:00,2018/05/10 19:00:00,1.5185818777745006,1.5185818777745006,0.0,0.0,0.6750979509983925,0.0,0.1829823202090357,0.0374223362909875,0.0,0.004005480408525023,0.3835221618001209,0.0,0.23555162806743876,0.0,0.0,0.0,0.0,0.0,0.0,0.0,0.0,0.0,0.0,0.0,0.0,0.0,0.0,0.0,0.0,0.0,0.0,0.0,0.0,0.0,0.0,0.0,0.005181612303178138,0.005181612303178138
2018/05/10 15:00:00,2018/05/10 16:00:00,2018/05/10 20:00:00,2.8410368029766344,2.8410368029766344,0.0,0.0,0.8990237580466637,0.0,0.18310101194854259,0.037446610342085525,0.0,0.004008078569028756,1.407457344766036,0.0,0.30999999930427796,0.0,0.0,0.0,0.0,0.0,0.0,0.0,0.0,0.0,0.0,0.0,0.0,0.0,0.0,0.0,0.0,0.0,0.0,0.0,0.0,0.0,0.0,0.0,0.009694012201475519,0.009694012201475519
2018/05/10 16:00:00,2018/05/10 17:00:00,2018/05/10 21:00:00,2.8023236747899154,2.8023236747899154,0.0,0.0,1.0349163489033315,0.0,0.18385073757031967,0.0375999392774278,0.0,0.0040244900523150485,0.789093130645679,0.0,0.3552770099415979,0.0,0.0,0.0,0.0,0.3975620183992446,0.0,0.0,0.0,0.0,0.0,0.0,0.0,0.0,0.0,0.0,0.0,0.0,0.0,0.0,0.0,0.0,0.0,0.0,0.009561917630716652,0.009561917630716652
2018/05/10 17:00:00,2018/05/10 18:00:00,2018/05/10 22:00:00,2.361954199134245,2.361954199134245,0.0,0.0,1.1276318241017165,0.0,0.18748354501607697,0.03834289707663064,0.0,0.004104012156064207,0.611945277432064,0.0,0.387177843341694,0.0,0.0,0.0,0.0,0.005268800009999214,0.0,0.0,0.0,0.0,0.0,0.0,0.0,0.0,0.0,0.0,0.0,0.0,0.0,0.0,0.0,0.0,0.0,0.0,0.008059315810954674,0.008059315810954674
2018/05/10 18:00:00,2018/05/10 19:00:00,2018/05/10 23:00:00,2.8752192833522137,2.8752192833522137,0.0,0.0,1.1570320213419334,0.0,0.20050274998910886,0.041005498939944623,0.0,0.004389002369296161,0.6343320589831604,0.0,0.40000946278407384,0.0,0.0,0.0,0.0,0.43794848894469657,0.0,0.0,0.0,0.0,0.0,0.0,0.0,0.0,0.0,0.0,0.0,0.0,0.0,0.0,0.0,0.0,0.0,0.0,0.009810647572580315,0.009810647572580315
2018/05/10 19:00:00,2018/05/10 20:00:00,2018/05/11 00:00:00,3.525062206903907,3.525062206903907,0.0,0.0,0.9916457067514348,0.0,0.23456450068467974,0.047971583355822994,0.0,0.0051346136116025955,0.579977755089703,0.0,0.3469471765798118,0.0,0.0,0.0,0.0,1.3188208708308526,0.0,0.0,0.0,0.0,0.0,0.0,0.0,0.0,0.0,0.0,0.0,0.0,0.0,0.0,0.0,0.0,0.0,0.0,0.01202800189314117,0.01202800189314117
2018/05/10 20:00:00,2018/05/10 21:00:00,2018/05/11 01:00:00,3.1017823601231904,3.1017823601231904,0.0,0.0,0.6191817309843319,0.0,0.2979972219663822,0.0609444248027156,0.0,0.006523154985780348,0.5703875988428551,0.0,0.22792735771027214,0.0,0.0,0.0,0.0,1.3188208708308526,0.0,0.0,0.0,0.0,0.0,0.0,0.0,0.0,0.0,0.0,0.0,0.0,0.0,0.0,0.0,0.0,0.0,0.0,0.010583712260908375,0.010583712260908375
2018/05/10 21:00:00,2018/05/10 22:00:00,2018/05/11 02:00:00,2.8010697636587767,2.8010697636587767,0.0,0.0,0.3419620906609473,0.0,0.3772776461222946,0.0771583338331913,0.0,0.008258602352352653,0.542573141541421,0.0,0.13501907831771706,0.0,0.0,0.0,0.0,1.3188208708308526,0.0,0.0,0.0,0.0,0.0,0.0,0.0,0.0,0.0,0.0,0.0,0.0,0.0,0.0,0.0,0.0,0.0,0.0,0.009557639111764667,0.009557639111764667
2018/05/10 22:00:00,2018/05/10 23:00:00,2018/05/11 03:00:00,1.445628893390965,1.445628893390965,0.0,0.0,0.14205175916867827,0.0,0.2987851671863192,0.061105570157991854,0.0,0.006540403095531294,0.46330240650435034,0.0,0.057621808600078914,0.0,0.0,0.0,0.0,0.416221778678015,0.0,0.0,0.0,0.0,0.0,0.0,0.0,0.0,0.0,0.0,0.0,0.0,0.0,0.0,0.0,0.0,0.0,0.0,0.004932686587042716,0.004932686587042716
2018/05/10 23:00:00,2018/05/11 00:00:00,2018/05/11 04:00:00,0.5780258391909472,0.5780258391909472,0.0,0.0,0.016356091104533742,0.0,0.13094360677997474,0.026779722120023,0.0,0.002866353705536267,0.3944485313585772,0.0,0.006631534122302196,0.0,0.0,0.0,0.0,0.0,0.0,0.0,0.0,0.0,0.0,0.0,0.0,0.0,0.0,0.0,0.0,0.0,0.0,0.0,0.0,0.0,0.0,0.0,0.0019723044530835852,0.0019723044530835852
2018/05/11 00:00:00,2018/05/11 01:00:00,2018/05/11 05:00:00,0.42811612330234433,0.42811612330234433,0.0,0.0,0.0,0.0,0.06501908921459039,0.013297274945155983,0.0,0.0014232669458539432,0.34837649219674405,0.0,0.0,0.0,0.0,0.0,0.0,0.0,0.0,0.0,0.0,0.0,0.0,0.0,0.0,0.0,0.0,0.0,0.0,0.0,0.0,0.0,0.0,0.0,0.0,0.0,0.0014607916794999209,0.0014607916794999209
2018/05/11 01:00:00,2018/05/11 02:00:00,2018/05/11 06:00:00,0.714311233168636,0.714311233168636,0.3337843934740739,0.0,0.0,0.0,0.03901145352875434,0.00797836496709361,0.0,0.0008539601675123682,0.3326830610312019,0.0,0.0,0.0,0.0,0.0,0.0,0.0,0.0,0.0,0.0,0.0,0.0,0.0,0.0,0.0,0.0,0.0,0.0,0.0,0.0,0.0,0.0,0.0,0.0,0.0,0.0024373291478423454,0.0024373291478423454
2018/05/11 02:00:00,2018/05/11 03:00:00,2018/05/11 07:00:00,0.906985411841087,0.906985411841087,0.5728964345530748,0.0,0.0,0.0,0.026007635685836212,0.005318909978062404,0.0,0.0005693067783415784,0.302193124845772,0.0,0.0,0.0,0.0,0.0,0.0,0.0,0.0,0.0,0.0,0.0,0.0,0.0,0.0,0.0,0.0,0.0,0.0,0.0,0.0,0.0,0.0,0.0,0.0,0.0,0.003094760208574499,0.003094760208574499
2018/05/11 03:00:00,2018/05/11 04:00:00,2018/05/11 08:00:00,1.2715372115049262,1.2715372115049262,0.9502961207561569,0.0,0.0,0.0,0.026007635685836212,0.005318909978062404,0.0,0.0005693067783415784,0.28934523830652903,0.0,0.0,0.0,0.0,0.0,0.0,0.0,0.0,0.0,0.0,0.0,0.0,0.0,0.0,0.0,0.0,0.0,0.0,0.0,0.0,0.0,0.0,0.0,0.0,0.0,0.004338661586518099,0.004338661586518099
2018/05/11 04:00:00,2018/05/11 05:00:00,2018/05/11 09:00:00,1.5758184650741207,1.5758184650741207,1.2696851358780359,0.0,0.0,0.0,0.027249552419694536,0.005572898590769679,0.0,0.0005964923181292811,0.27271438586749136,0.0,0.0,0.0,0.0,0.0,0.0,0.0,0.0,0.0,0.0,0.0,0.0,0.0,0.0,0.0,0.0,0.0,0.0,0.0,0.0,0.0,0.0,0.0,0.0,0.0,0.005376911489401985,0.005376911489401985
2018/05/11 05:00:00,2018/05/11 06:00:00,2018/05/11 10:00:00,1.834264300422318,1.834264300422318,1.4497441910674063,0.0,0.0,0.0,0.07103552208494862,0.014527716082253228,0.0,0.0015549665765280758,0.29740190461118204,0.0,0.0,0.0,0.0,0.0,0.0,0.0,0.0,0.0,0.0,0.0,0.0,0.0,0.0,0.0,0.0,0.0,0.0,0.0,0.0,0.0,0.0,0.0,0.0,0.0,0.006258764578619627,0.006258764578619627
2018/05/11 06:00:00,2018/05/11 07:00:00,2018/05/11 11:00:00,2.472094994847074,2.472094994847074,0.6171483092623427,0.0,0.0,0.0,0.1667717967174164,0.03410706702965493,0.0,0.0036506322779327363,0.3641745395086999,0.0,0.0,0.0,0.0,0.0,0.0,1.2862426500510276,0.0,0.0,0.0,0.0,0.0,0.0,0.0,0.0,0.0,0.0,0.0,0.0,0.0,0.0,0.0,0.0,0.0,0.0,0.008435131504859703,0.008435131504859703
2018/05/11 07:00:00,2018/05/11 08:00:00,2018/05/11 12:00:00,2.9503500850016855,2.9503500850016855,0.9569620949205446,0.0,0.0,0.0,0.21104540955177992,0.043161614083227134,0.0,0.004619781038425436,0.41574031457685573,0.0,0.0,0.0,0.0,0.0,0.0,1.3188208708308526,0.0,0.0,0.0,0.0,0.0,0.0,0.0,0.0,0.0,0.0,0.0,0.0,0.0,0.0,0.0,0.0,0.0,0.0,0.010067004303733371,0.010067004303733371
2018/05/11 08:00:00,2018/05/11 09:00:00,2018/05/11 13:00:00,2.204250363081688,2.204250363081688,0.286207746935234,0.0,0.0,0.0,0.21211882851794048,0.043381142644712725,0.0,0.004643278164454789,0.33907849598849293,0.0,0.0,0.0,0.0,0.0,0.0,1.3188208708308526,0.0,0.0,0.0,0.0,0.0,0.0,0.0,0.0,0.0,0.0,0.0,0.0,0.0,0.0,0.0,0.0,0.0,0.0,0.007521208416741675,0.007521208416741675
2018/05/11 09:00:00,2018/05/11 10:00:00,2018/05/11 14:00:00,1.8428602123351854,1.8428602123351854,0.0,0.0,0.0,0.0,0.2062198728771374,0.04217472717515497,0.0,0.004514150108678676,0.2711305913433615,0.0,0.0,0.0,0.0,0.0,0.0,1.3188208708308526,0.0,0.0,0.0,0.0,0.0,0.0,0.0,0.0,0.0,0.0,0.0,0.0,0.0,0.0,0.0,0.0,0.0,0.0,0.006288095024067865,0.006288095024067865
2018/05/11 10:00:00,2018/05/11 11:00:00,2018/05/11 15:00:00,1.3110209265353066,1.3110209265353066,0.0,0.0,0.052914345390066946,0.0,0.19995148025023965,0.040892756891797895,0.0,0.004376935082487628,0.2680036527856186,0.0,0.020089235935507963,0.0,0.0,0.0,0.0,0.724792520199588,0.0,0.0,0.0,0.0,0.0,0.0,0.0,0.0,0.0,0.0,0.0,0.0,0.0,0.0,0.0,0.0,0.0,0.0,0.004473385506624682,0.004473385506624682
2018/05/11 11:00:00,2018/05/11 12:00:00,2018/05/11 16:00:00,1.234939153653692,1.234939153653692,0.0,0.0,0.25650285035204756,0.0,0.19126679222895843,0.03911662182397593,0.0,0.004186827384193855,0.2852620246662099,0.0,0.09449308829659611,0.0,0.0,0.0,0.0,0.36411094890171003,0.0,0.0,0.0,0.0,0.0,0.0,0.0,0.0,0.0,0.0,0.0,0.0,0.0,0.0,0.0,0.0,0.0,0.0,0.004213783929534403,0.004213783929534403
2018/05/11 12:00:00,2018/05/11 13:00:00,2018/05/11 17:00:00,2.1754366018702718,2.1754366018702718,0.0,0.0,0.38185765578389014,0.0,0.1849983996020602,0.03783465154061874,0.0,0.004049612358002795,0.2911673356785335,0.0,0.13829227033556435,0.0,0.0,0.0,0.0,1.1372366765716018,0.0,0.0,0.0,0.0,0.0,0.0,0.0,0.0,0.0,0.0,0.0,0.0,0.0,0.0,0.0,0.0,0.0,0.0,0.00742289186115844,0.00742289186115844
2018/05/11 13:00:00,2018/05/11 14:00:00,2018/05/11 18:00:00,1.2668254316425238,1.2668254316425238,0.0,0.0,0.5440550362245703,0.0,0.1831538331348946,0.037457412982453704,0.0,0.004009234824052993,0.30196248987002017,0.0,0.196187424606532,0.0,0.0,0.0,0.0,0.0,0.0,0.0,0.0,0.0,0.0,0.0,0.0,0.0,0.0,0.0,0.0,0.0,0.0,0.0,0.0,0.0,0.0,0.0,0.00432258433914526,0.00432258433914526
2018/05/11 14:00:00,2018/05/11 15:00:00,2018/05/11 19:00:00,2.469992496317563,2.469992496317563,0.0,0.0,0.7539591523340015,0.0,0.1829823202090357,0.0374223362909875,0.0,0.004005480408525023,0.6952930349181204,0.0,0.26788374979680163,0.0,0.0,0.0,0.0,0.5284464223600911,0.0,0.0,0.0,0.0,0.0,0.0,0.0,0.0,0.0,0.0,0.0,0.0,0.0,0.0,0.0,0.0,0.0,0.0,0.008427957487832781,0.008427957487832781
2018/05/11 15:00:00,2018/05/11 16:00:00,2018/05/11 20:00:00,1.7973852336060578,1.7973852336060578,0.0,0.0,0.9241672022688686,0.0,0.18310101194854259,0.037446610342085525,0.0,0.004008078569028756,0.3235230700559683,0.0,0.32513926042156405,0.0,0.0,0.0,0.0,0.0,0.0,0.0,0.0,0.0,0.0,0.0,0.0,0.0,0.0,0.0,0.0,0.0,0.0,0.0,0.0,0.0,0.0,0.0,0.006132928080014157,0.006132928080014157
2018/05/11 16:00:00,2018/05/11 17:00:00,2018/05/11 21:00:00,2.118389797843484,2.118389797843484,0.0,0.0,1.0781156998966792,0.0,0.18385073757031967,0.0375999392774278,0.0,0.0040244900523150485,0.43776861228990366,0.0,0.3770303187568387,0.0,0.0,0.0,0.0,0.0,0.0,0.0,0.0,0.0,0.0,0.0,0.0,0.0,0.0,0.0,0.0,0.0,0.0,0.0,0.0,0.0,0.0,0.0,0.007228240241823043,0.007228240241823043
2018/05/11 17:00:00,2018/05/11 18:00:00,2018/05/11 22:00:00,2.3859036806444536,2.3859036806444536,0.0,0.0,1.145156123391087,0.0,0.18748354501607697,0.03834289707663064,0.0,0.004104012156064207,0.611945277432064,0.0,0.3988718255725311,0.0,0.0,0.0,0.0,0.0,0.0,0.0,0.0,0.0,0.0,0.0,0.0,0.0,0.0,0.0,0.0,0.0,0.0,0.0,0.0,0.0,0.0,0.0,0.008141034768532318,0.008141034768532318
2018/05/11 18:00:00,2018/05/11 19:00:00,2018/05/11 23:00:00,2.3570895247695236,2.3570895247695236,0.0,0.0,1.095265177833379,0.0,0.20050274998910886,0.041005498939944623,0.0,0.004389002369296161,0.6343320589831604,0.0,0.3815950366546343,0.0,0.0,0.0,0.0,0.0,0.0,0.0,0.0,0.0,0.0,0.0,0.0,0.0,0.0,0.0,0.0,0.0,0.0,0.0,0.0,0.0,0.0,0.0,0.008042716866302353,0.008042716866302353
2018/05/11 19:00:00,2018/05/11 20:00:00,2018/05/12 00:00:00,3.054560804624195,3.054560804624195,0.0,0.0,0.9889012157422852,0.0,0.23456450068467974,0.047971583355822994,0.0,0.0051346136116025955,0.579977755089703,0.0,0.3492059476796617,0.0,0.0,0.0,0.0,0.8488051884604408,0.0,0.0,0.0,0.0,0.0,0.0,0.0,0.0,0.0,0.0,0.0,0.0,0.0,0.0,0.0,0.0,0.0,0.0,0.010422585754310399,0.010422585754310399
2018/05/11 20:00:00,2018/05/11 21:00:00,2018/05/12 01:00:00,3.141532122187736,3.141532122187736,0.0,0.0,0.6497708989183448,0.0,0.2979972219663822,0.0609444248027156,0.0,0.006523154985780348,0.5703875988428551,0.0,0.23708795184080522,0.0,0.0,0.0,0.0,1.3188208708308526,0.0,0.0,0.0,0.0,0.0,0.0,0.0,0.0,0.0,0.0,0.0,0.0,0.0,0.0,0.0,0.0,0.0,0.0,0.010719343970450374,0.010719343970450374
2018/05/11 21:00:00,2018/05/11 22:00:00,2018/05/12 02:00:00,2.898197824260932,2.898197824260932,0.0,0.0,0.4173127215016558,0.0,0.3772776461222946,0.0771583338331913,0.0,0.008258602352352653,0.542573141541421,0.0,0.15679650807916398,0.0,0.0,0.0,0.0,1.3188208708308526,0.0,0.0,0.0,0.0,0.0,0.0,0.0,0.0,0.0,0.0,0.0,0.0,0.0,0.0,0.0,0.0,0.0,0.0,0.009889053545958709,0.009889053545958709
2018/05/11 22:00:00,2018/05/11 23:00:00,2018/05/12 03:00:00,1.3172740186419227,1.3172740186419227,0.0,0.0,0.22750662799960766,0.0,0.2987851671863192,0.061105570157991854,0.0,0.006540403095531294,0.46330240650435034,0.0,0.08600833781618288,0.0,0.0,0.0,0.0,0.17402550588193944,0.0,0.0,0.0,0.0,0.0,0.0,0.0,0.0,0.0,0.0,0.0,0.0,0.0,0.0,0.0,0.0,0.0,0.0,0.004494721925468317,0.004494721925468317
2018/05/11 23:00:00,2018/05/12 00:00:00,2018/05/12 04:00:00,0.674879689967635,0.674879689967635,0.0,0.0,0.08673767214927126,0.0,0.13094360677997474,0.026779722120023,0.0,0.002866353705536267,0.3944485313585772,0.0,0.03310380385425253,0.0,0.0,0.0,0.0,0.0,0.0,0.0,0.0,0.0,0.0,0.0,0.0,0.0,0.0,0.0,0.0,0.0,0.0,0.0,0.0,0.0,0.0,0.0,0.002302783245264449,0.002302783245264449
2018/05/12 00:00:00,2018/05/12 01:00:00,2018/05/12 05:00:00,0.4294251682716318,0.4294251682716318,0.0,0.0,0.000944435116122371,0.0,0.06501908921459039,0.013297274945155983,0.0,0.0014232669458539432,0.34837649219674405,0.0,0.00036460985316510226,0.0,0.0,0.0,0.0,0.0,0.0,0.0,0.0,0.0,0.0,0.0,0.0,0.0,0.0,0.0,0.0,0.0,0.0,0.0,0.0,0.0,0.0,0.0,0.0014652583227659486,0.0014652583227659486
2018/05/12 01:00:00,2018/05/12 02:00:00,2018/05/12 06:00:00,0.3805268396945622,0.3805268396945622,0.0,0.0,0.0,0.0,0.03901145352875434,0.00797836496709361,0.0,0.0008539601675123682,0.3326830610312019,0.0,0.0,0.0,0.0,0.0,0.0,0.0,0.0,0.0,0.0,0.0,0.0,0.0,0.0,0.0,0.0,0.0,0.0,0.0,0.0,0.0,0.0,0.0,0.0,0.0,0.001298410433516071,0.001298410433516071
2018/05/12 02:00:00,2018/05/12 03:00:00,2018/05/12 07:00:00,0.3340889772880122,0.3340889772880122,0.0,0.0,0.0,0.0,0.026007635685836212,0.005318909978062404,0.0,0.0005693067783415784,0.302193124845772,0.0,0.0,0.0,0.0,0.0,0.0,0.0,0.0,0.0,0.0,0.0,0.0,0.0,0.0,0.0,0.0,0.0,0.0,0.0,0.0,0.0,0.0,0.0,0.0,0.0,0.0011399579966071645,0.0011399579966071645
2018/05/12 03:00:00,2018/05/12 04:00:00,2018/05/12 08:00:00,0.32176064389937564,0.32176064389937564,0.0005195531506064241,0.0,0.0,0.0,0.026007635685836212,0.005318909978062404,0.0,0.0005693067783415784,0.28934523830652903,0.0,0.0,0.0,0.0,0.0,0.0,0.0,0.0,0.0,0.0,0.0,0.0,0.0,0.0,0.0,0.0,0.0,0.0,0.0,0.0,0.0,0.0,0.0,0.0,0.0,0.0010978920106375053,0.0010978920106375053
2018/05/12 04:00:00,2018/05/12 05:00:00,2018/05/12 09:00:00,0.5838685732168178,0.5838685732168178,0.2777352440207331,0.0,0.0,0.0,0.027249552419694536,0.005572898590769679,0.0,0.0005964923181292811,0.27271438586749136,0.0,0.0,0.0,0.0,0.0,0.0,0.0,0.0,0.0,0.0,0.0,0.0,0.0,0.0,0.0,0.0,0.0,0.0,0.0,0.0,0.0,0.0,0.0,0.0,0.0,0.0019922406731555757,0.0019922406731555757
2018/05/12 05:00:00,2018/05/12 06:00:00,2018/05/12 10:00:00,0.933252022817648,0.933252022817648,0.5487319134627361,0.0,0.0,0.0,0.07103552208494862,0.014527716082253228,0.0,0.0015549665765280758,0.29740190461118204,0.0,0.0,0.0,0.0,0.0,0.0,0.0,0.0,0.0,0.0,0.0,0.0,0.0,0.0,0.0,0.0,0.0,0.0,0.0,0.0,0.0,0.0,0.0,0.0,0.0,0.003184385533748537,0.003184385533748537
2018/05/12 06:00:00,2018/05/12 07:00:00,2018/05/12 11:00:00,1.1570641957767551,1.1570641957767551,0.5883601602430512,0.0,0.0,0.0,0.1667717967174164,0.03410706702965493,0.0,0.0036506322779327363,0.3641745395086999,0.0,0.0,0.0,0.0,0.0,0.0,0.0,0.0,0.0,0.0,0.0,0.0,0.0,0.0,0.0,0.0,0.0,0.0,0.0,0.0,0.0,0.0,0.0,0.0,0.0,0.00394806375616056,0.00394806375616056
2018/05/12 07:00:00,2018/05/12 08:00:00,2018/05/12 12:00:00,1.7759761634023106,1.7759761634023106,0.22555844553335325,0.0,0.0,0.0,0.21104540955177992,0.043161614083227134,0.0,0.004619781038425436,0.41574031457685573,0.0,0.0,0.0,0.0,0.0,0.0,0.8758505986186691,0.0,0.0,0.0,0.0,0.0,0.0,0.0,0.0,0.0,0.0,0.0,0.0,0.0,0.0,0.0,0.0,0.0,0.0,0.00605987735868597,0.00605987735868597
2018/05/12 08:00:00,2018/05/12 09:00:00,2018/05/12 13:00:00,1.9809335132275347,1.9809335132275347,0.06289089708108124,0.0,0.0,0.0,0.21211882851794048,0.043381142644712725,0.0,0.004643278164454789,0.33907849598849293,0.0,0.0,0.0,0.0,0.0,0.0,1.3188208708308526,0.0,0.0,0.0,0.0,0.0,0.0,0.0,0.0,0.0,0.0,0.0,0.0,0.0,0.0,0.0,0.0,0.0,0.0,0.006759220305565828,0.006759220305565828
2018/05/12 09:00:00,2018/05/12 10:00:00,2018/05/12 14:00:00,1.3164569588299413,1.3164569588299413,0.0,0.0,0.0,0.0,0.2062198728771374,0.04217472717515497,0.0,0.004514150108678676,0.2711305913433615,0.0,0.0,0.0,0.0,0.0,0.0,0.7924176173256089,0.0,0.0,0.0,0.0,0.0,0.0,0.0,0.0,0.0,0.0,0.0,0.0,0.0,0.0,0.0,0.0,0.0,0.0,0.004491934003897437,0.004491934003897437
2018/05/12 10:00:00,2018/05/12 11:00:00,2018/05/12 15:00:00,0.6847146769884509,0.6847146769884509,0.0,0.0,0.12565701157956782,0.0,0.19995148025023965,0.040892756891797895,0.0,0.004376935082487628,0.2680036527856186,0.0,0.0458328403987393,0.0,0.0,0.0,0.0,0.0,0.0,0.0,0.0,0.0,0.0,0.0,0.0,0.0,0.0,0.0,0.0,0.0,0.0,0.0,0.0,0.0,0.0,0.0,0.002336341587092774,0.002336341587092774
2018/05/12 11:00:00,2018/05/12 12:00:00,2018/05/12 16:00:00,0.8807697172352964,0.8807697172352964,0.0,0.0,0.2656199990606604,0.0,0.19126679222895843,0.03911662182397593,0.0,0.004186827384193855,0.2852620246662099,0.0,0.09531745207129788,0.0,0.0,0.0,0.0,0.0,0.0,0.0,0.0,0.0,0.0,0.0,0.0,0.0,0.0,0.0,0.0,0.0,0.0,0.0,0.0,0.0,0.0,0.0,0.003005308617129986,0.003005308617129986
2018/05/12 12:00:00,2018/05/12 13:00:00,2018/05/12 17:00:00,1.1266871283559183,1.1266871283559183,0.0,0.0,0.4496554212837395,0.0,0.1849983996020602,0.03783465154061874,0.0,0.004049612358002795,0.2911673356785335,0.0,0.15898170789296365,0.0,0.0,0.0,0.0,0.0,0.0,0.0,0.0,0.0,0.0,0.0,0.0,0.0,0.0,0.0,0.0,0.0,0.0,0.0,0.0,0.0,0.0,0.0,0.003844412982642208,0.003844412982642208
2018/05/12 13:00:00,2018/05/12 14:00:00,2018/05/12 18:00:00,2.5038700247273766,2.5038700247273766,0.0,0.0,0.6822747116970341,0.0,0.1831538331348946,0.037457412982453704,0.0,0.004009234824052993,0.30196248987002017,0.0,0.23711540456147728,0.0,0.0,0.0,0.0,1.057896937657444,0.0,0.0,0.0,0.0,0.0,0.0,0.0,0.0,0.0,0.0,0.0,0.0,0.0,0.0,0.0,0.0,0.0,0.0,0.008543552320471515,0.008543552320471515
2018/05/12 14:00:00,2018/05/12 15:00:00,2018/05/12 19:00:00,2.1962464450379895,2.1962464450379895,0.0,0.0,0.918706896499331,0.0,0.1829823202090357,0.0374223362909875,0.0,0.004005480408525023,0.3361306675280402,0.0,0.30969929411970687,0.0,0.0,0.0,0.0,0.40729944998236334,0.0,0.0,0.0,0.0,0.0,0.0,0.0,0.0,0.0,0.0,0.0,0.0,0.0,0.0,0.0,0.0,0.0,0.0,0.0074938979366050125,0.0074938979366050125
2018/05/12 15:00:00,2018/05/12 16:00:00,2018/05/12 20:00:00,1.968596771095553,1.968596771095553,0.0,0.0,1.0623819358291904,0.0,0.18310101194854259,0.037446610342085525,0.0,0.004008078569028756,0.3235230700559683,0.0,0.3581360643507373,0.0,0.0,0.0,0.0,0.0,0.0,0.0,0.0,0.0,0.0,0.0,0.0,0.0,0.0,0.0,0.0,0.0,0.0,0.0,0.0,0.0,0.0,0.0,0.006717125627795871,0.006717125627795871
2018/05/12 16:00:00,2018/05/12 17:00:00,2018/05/12 21:00:00,2.2362533013041284,2.2362533013041284,0.0,0.0,1.1793626633226872,0.0,0.18385073757031967,0.0375999392774278,0.0,0.0040244900523150485,0.43776861228990366,0.0,0.393646858791475,0.0,0.0,0.0,0.0,0.0,0.0,0.0,0.0,0.0,0.0,0.0,0.0,0.0,0.0,0.0,0.0,0.0,0.0,0.0,0.0,0.0,0.0,0.0,0.00763040688727411,0.00763040688727411
2018/05/12 17:00:00,2018/05/12 18:00:00,2018/05/12 22:00:00,2.5670809531474874,2.5670809531474874,0.0,0.0,1.2977686571287308,0.0,0.18748354501607697,0.03834289707663064,0.0,0.004104012156064207,0.611945277432064,0.0,0.4274365643379211,0.0,0.0,0.0,0.0,0.0,0.0,0.0,0.0,0.0,0.0,0.0,0.0,0.0,0.0,0.0,0.0,0.0,0.0,0.0,0.0,0.0,0.0,0.0,0.008759236788454871,0.008759236788454871
2018/05/12 18:00:00,2018/05/12 19:00:00,2018/05/12 23:00:00,4.077833734497949,4.077833734497949,0.0,0.0,1.4223534671964282,0.0,0.20050274998910886,0.041005498939944623,0.0,0.004389002369296161,0.6343320589831604,0.0,0.4715381388621049,0.0,0.0,0.0,0.0,1.303712818157906,0.0,0.0,0.0,0.0,0.0,0.0,0.0,0.0,0.0,0.0,0.0,0.0,0.0,0.0,0.0,0.0,0.0,0.0,0.013914135127145942,0.013914135127145942
2018/05/12 19:00:00,2018/05/12 20:00:00,2018/05/13 00:00:00,4.08552815444262,4.08552815444262,0.0,0.0,1.1064498532571452,0.0,0.23456450068467974,0.047971583355822994,0.0,0.0051346136116025955,0.9942024412687047,0.0,0.37838429143381164,0.0,0.0,0.0,0.0,1.3188208708308526,0.0,0.0,0.0,0.0,0.0,0.0,0.0,0.0,0.0,0.0,0.0,0.0,0.0,0.0,0.0,0.0,0.0,0.0,0.01394038955677838,0.01394038955677838
2018/05/12 20:00:00,2018/05/12 21:00:00,2018/05/13 01:00:00,3.006441625446394,3.006441625446394,0.0,0.0,0.8076674438106549,0.0,0.2979972219663822,0.0609444248027156,0.0,0.006523154985780348,0.5703875988428551,0.0,0.2819466496992474,0.0,0.0,0.0,0.0,0.9809751313387585,0.0,0.0,0.0,0.0,0.0,0.0,0.0,0.0,0.0,0.0,0.0,0.0,0.0,0.0,0.0,0.0,0.0,0.0,0.010258396431037337,0.010258396431037337
2018/05/12 21:00:00,2018/05/12 22:00:00,2018/05/13 02:00:00,1.8077081472744607,1.8077081472744607,0.0,0.0,0.5901518748323448,0.0,0.3772776461222946,0.0771583338331913,0.0,0.008258602352352653,0.542573141541421,0.0,0.21228854859285626,0.0,0.0,0.0,0.0,0.0,0.0,0.0,0.0,0.0,0.0,0.0,0.0,0.0,0.0,0.0,0.0,0.0,0.0,0.0,0.0,0.0,0.0,0.0,0.006168151295338728,0.006168151295338728
2018/05/12 22:00:00,2018/05/12 23:00:00,2018/05/13 03:00:00,1.3791641430117747,1.3791641430117747,0.0,0.0,0.4016127773073783,0.0,0.2987851671863192,0.061105570157991854,0.0,0.006540403095531294,0.46330240650435034,0.0,0.14781781876020375,0.0,0.0,0.0,0.0,0.0,0.0,0.0,0.0,0.0,0.0,0.0,0.0,0.0,0.0,0.0,0.0,0.0,0.0,0.0,0.0,0.0,0.0,0.0,0.004705899626567994,0.004705899626567994
2018/05/12 23:00:00,2018/05/13 00:00:00,2018/05/13 04:00:00,0.9065108740034635,0.9065108740034635,0.0,0.0,0.25654789686836704,0.0,0.13094360677997474,0.026779722120023,0.0,0.002866353705536267,0.3944485313585772,0.0,0.0949247631709854,0.0,0.0,0.0,0.0,0.0,0.0,0.0,0.0,0.0,0.0,0.0,0.0,0.0,0.0,0.0,0.0,0.0,0.0,0.0,0.0,0.0,0.0,0.0,0.0030931410195576005,0.0030931410195576005
2018/05/13 00:00:00,2018/05/13 01:00:00,2018/05/13 05:00:00,0.5469200106983414,0.5469200106983414,0.0,0.0,0.08612392188482453,0.0,0.06501908921459039,0.013297274945155983,0.0,0.0014232669458539432,0.34837649219674405,0.0,0.03267996551117264,0.0,0.0,0.0,0.0,0.0,0.0,0.0,0.0,0.0,0.0,0.0,0.0,0.0,0.0,0.0,0.0,0.0,0.0,0.0,0.0,0.0,0.0,0.0,0.0018661670455609536,0.0018661670455609536
2018/05/13 01:00:00,2018/05/13 02:00:00,2018/05/13 06:00:00,0.3805268396945622,0.3805268396945622,0.0,0.0,0.0,0.0,0.03901145352875434,0.00797836496709361,0.0,0.0008539601675123682,0.3326830610312019,0.0,0.0,0.0,0.0,0.0,0.0,0.0,0.0,0.0,0.0,0.0,0.0,0.0,0.0,0.0,0.0,0.0,0.0,0.0,0.0,0.0,0.0,0.0,0.0,0.0,0.001298410433516071,0.001298410433516071
2018/05/13 02:00:00,2018/05/13 03:00:00,2018/05/13 07:00:00,0.3340889772880122,0.3340889772880122,0.0,0.0,0.0,0.0,0.026007635685836212,0.005318909978062404,0.0,0.0005693067783415784,0.302193124845772,0.0,0.0,0.0,0.0,0.0,0.0,0.0,0.0,0.0,0.0,0.0,0.0,0.0,0.0,0.0,0.0,0.0,0.0,0.0,0.0,0.0,0.0,0.0,0.0,0.0,0.0011399579966071645,0.0011399579966071645
2018/05/13 03:00:00,2018/05/13 04:00:00,2018/05/13 08:00:00,0.6060349180440561,0.6060349180440561,0.28479382729528696,0.0,0.0,0.0,0.026007635685836212,0.005318909978062404,0.0,0.0005693067783415784,0.28934523830652903,0.0,0.0,0.0,0.0,0.0,0.0,0.0,0.0,0.0,0.0,0.0,0.0,0.0,0.0,0.0,0.0,0.0,0.0,0.0,0.0,0.0,0.0,0.0,0.0,0.0,0.0020678753206871472,0.0020678753206871472
2018/05/13 04:00:00,2018/05/13 05:00:00,2018/05/13 09:00:00,1.275345726686879,1.275345726686879,0.9692123974907944,0.0,0.0,0.0,0.027249552419694536,0.005572898590769679,0.0,0.0005964923181292811,0.27271438586749136,0.0,0.0,0.0,0.0,0.0,0.0,0.0,0.0,0.0,0.0,0.0,0.0,0.0,0.0,0.0,0.0,0.0,0.0,0.0,0.0,0.0,0.0,0.0,0.0,0.0,0.004351656769334694,0.004351656769334694
2018/05/13 05:00:00,2018/05/13 06:00:00,2018/05/13 10:00:00,1.837276878305269,1.837276878305269,1.452756768950357,0.0,0.0,0.0,0.07103552208494862,0.014527716082253228,0.0,0.0015549665765280758,0.29740190461118204,0.0,0.0,0.0,0.0,0.0,0.0,0.0,0.0,0.0,0.0,0.0,0.0,0.0,0.0,0.0,0.0,0.0,0.0,0.0,0.0,0.0,0.0,0.0,0.0,0.0,0.006269043912813617,0.006269043912813617
2018/05/13 06:00:00,2018/05/13 07:00:00,2018/05/13 11:00:00,2.6329024931721565,2.6329024931721565,1.527173815003289,0.0,0.0,0.0,0.1667717967174164,0.03410706702965493,0.0,0.0036506322779327363,0.3641745395086999,0.0,0.0,0.0,0.0,0.0,0.0,0.5370246426351635,0.0,0.0,0.0,0.0,0.0,0.0,0.0,0.0,0.0,0.0,0.0,0.0,0.0,0.0,0.0,0.0,0.0,0.0,0.008983829025855851,0.008983829025855851
2018/05/13 07:00:00,2018/05/13 08:00:00,2018/05/13 12:00:00,2.5537598692577794,2.5537598692577794,0.5960548473286298,0.0,0.0,0.0,0.21104540955177992,0.043161614083227134,0.0,0.004619781038425436,0.41574031457685573,0.0,0.0,0.0,0.0,0.0,0.0,1.2831379026788616,0.0,0.0,0.0,0.0,0.0,0.0,0.0,0.0,0.0,0.0,0.0,0.0,0.0,0.0,0.0,0.0,0.0,0.0,0.008713783399879119,0.008713783399879119
2018/05/13 08:00:00,2018/05/13 09:00:00,2018/05/13 13:00:00,2.4011211499444407,2.4011211499444407,0.483078533797987,0.0,0.0,0.0,0.21211882851794048,0.043381142644712725,0.0,0.004643278164454789,0.33907849598849293,0.0,0.0,0.0,0.0,0.0,0.0,1.3188208708308526,0.0,0.0,0.0,0.0,0.0,0.0,0.0,0.0,0.0,0.0,0.0,0.0,0.0,0.0,0.0,0.0,0.0,0.0,0.008192958887542356,0.008192958887542356
2018/05/13 09:00:00,2018/05/13 10:00:00,2018/05/13 14:00:00,1.8740016865627946,1.8740016865627946,0.031141474227609406,0.0,0.0,0.0,0.2062198728771374,0.04217472717515497,0.0,0.004514150108678676,0.2711305913433615,0.0,0.0,0.0,0.0,0.0,0.0,1.3188208708308526,0.0,0.0,0.0,0.0,0.0,0.0,0.0,0.0,0.0,0.0,0.0,0.0,0.0,0.0,0.0,0.0,0.0,0.0,0.006394354059789643,0.006394354059789643
2018/05/13 10:00:00,2018/05/13 11:00:00,2018/05/13 15:00:00,1.676508998288012,1.676508998288012,0.0,0.0,0.000753783858119344,0.0,0.19995148025023965,0.040892756891797895,0.0,0.004376935082487628,0.3023406964537858,0.0,0.0002935615561910522,0.0,0.0,0.0,0.0,1.1278997841953906,0.0,0.0,0.0,0.0,0.0,0.0,0.0,0.0,0.0,0.0,0.0,0.0,0.0,0.0,0.0,0.0,0.0,0.0,0.005720481574986887,0.005720481574986887
2018/05/13 11:00:00,2018/05/13 12:00:00,2018/05/13 16:00:00,1.4478512443283094,1.4478512443283094,0.0,0.0,0.11095851125900316,0.0,0.19126679222895843,0.03911662182397593,0.0,0.004186827384193855,1.0593243384245115,0.0,0.0429981532076667,0.0,0.0,0.0,0.0,0.0,0.0,0.0,0.0,0.0,0.0,0.0,0.0,0.0,0.0,0.0,0.0,0.0,0.0,0.0,0.0,0.0,0.0,0.0,0.004940269557133075,0.004940269557133075
2018/05/13 12:00:00,2018/05/13 13:00:00,2018/05/13 17:00:00,0.8474872772331945,0.8474872772331945,0.0,0.0,0.23822791953288044,0.0,0.1849983996020602,0.03783465154061874,0.0,0.004049612358002795,0.2911673356785335,0.0,0.09120935852109881,0.0,0.0,0.0,0.0,0.0,0.0,0.0,0.0,0.0,0.0,0.0,0.0,0.0,0.0,0.0,0.0,0.0,0.0,0.0,0.0,0.0,0.0,0.0,0.002891744308798178,0.002891744308798178
2018/05/13 13:00:00,2018/05/13 14:00:00,2018/05/13 18:00:00,1.5087469315163837,1.5087469315163837,0.0,0.0,0.4216540371739869,0.0,0.1831538331348946,0.037457412982453704,0.0,0.004009234824052993,0.30196248987002017,0.0,0.15814229638211597,0.0,0.0,0.0,0.0,0.40236762714885915,0.0,0.0,0.0,0.0,0.0,0.0,0.0,0.0,0.0,0.0,0.0,0.0,0.0,0.0,0.0,0.0,0.0,0.0,0.005148054100437805,0.005148054100437805
2018/05/13 14:00:00,2018/05/13 15:00:00,2018/05/13 19:00:00,1.4466738966072625,1.4466738966072625,0.0,0.0,0.6479934255501988,0.0,0.1829823202090357,0.0374223362909875,0.0,0.004005480408525023,0.3361306675280402,0.0,0.2381396666204754,0.0,0.0,0.0,0.0,0.0,0.0,0.0,0.0,0.0,0.0,0.0,0.0,0.0,0.0,0.0,0.0,0.0,0.0,0.0,0.0,0.0,0.0,0.0,0.004936252283171241,0.004936252283171241
2018/05/13 15:00:00,2018/05/13 16:00:00,2018/05/13 20:00:00,1.8160919002328322,1.8160919002328322,0.0,0.0,0.9094046472570577,0.0,0.18310101194854259,0.037446610342085525,0.0,0.004008078569028756,0.3539692809295095,0.0,0.328162271186608,0.0,0.0,0.0,0.0,0.0,0.0,0.0,0.0,0.0,0.0,0.0,0.0,0.0,0.0,0.0,0.0,0.0,0.0,0.0,0.0,0.0,0.0,0.0,0.006196757824964623,0.006196757824964623
2018/05/13 16:00:00,2018/05/13 17:00:00,2018/05/13 21:00:00,2.893242012066826,2.893242012066826,0.0,0.0,1.1384054069835625,0.0,0.18385073757031967,0.0375999392774278,0.0,0.0040244900523150485,1.1241196173939034,0.0,0.4052418207892973,0.0,0.0,0.0,0.0,0.0,0.0,0.0,0.0,0.0,0.0,0.0,0.0,0.0,0.0,0.0,0.0,0.0,0.0,0.0,0.0,0.0,0.0,0.0,0.00987214362637317,0.00987214362637317
2018/05/13 17:00:00,2018/05/13 18:00:00,2018/05/13 22:00:00,2.5051464851722653,2.5051464851722653,0.0,0.0,1.227704107166722,0.0,0.18748354501607697,0.03834289707663064,0.0,0.004104012156064207,0.611945277432064,0.0,0.4355666463247076,0.0,0.0,0.0,0.0,0.0,0.0,0.0,0.0,0.0,0.0,0.0,0.0,0.0,0.0,0.0,0.0,0.0,0.0,0.0,0.0,0.0,0.0,0.0,0.008547907780814192,0.008547907780814192
2018/05/13 18:00:00,2018/05/13 19:00:00,2018/05/13 23:00:00,3.229901676084039,3.229901676084039,0.0,0.0,1.1848002244473783,0.0,0.20050274998910886,0.041005498939944623,0.0,0.004389002369296161,0.6343320589831604,0.0,0.420952221473575,0.0,0.0,0.0,0.0,0.7439199198815756,0.0,0.0,0.0,0.0,0.0,0.0,0.0,0.0,0.0,0.0,0.0,0.0,0.0,0.0,0.0,0.0,0.0,0.0,0.011020873163177538,0.011020873163177538
2018/05/13 19:00:00,2018/05/13 20:00:00,2018/05/14 00:00:00,2.515982899080489,2.515982899080489,0.0,0.0,0.9899927362412074,0.0,0.23456450068467974,0.047971583355822994,0.0,0.0051346136116025955,0.579977755089703,0.0,0.3565553993454256,0.0,0.0,0.0,0.0,0.3017863107520479,0.0,0.0,0.0,0.0,0.0,0.0,0.0,0.0,0.0,0.0,0.0,0.0,0.0,0.0,0.0,0.0,0.0,0.0,0.008584883130283969,0.008584883130283969
2018/05/13 20:00:00,2018/05/13 21:00:00,2018/05/14 01:00:00,1.9220754487885328,1.9220754487885328,0.0,0.0,0.68977509927328,0.0,0.2979972219663822,0.0609444248027156,0.0,0.006523154985780348,0.6086792577158038,0.0,0.2581562900445709,0.0,0.0,0.0,0.0,0.0,0.0,0.0,0.0,0.0,0.0,0.0,0.0,0.0,0.0,0.0,0.0,0.0,0.0,0.0,0.0,0.0,0.0,0.0,0.006558388414113694,0.006558388414113694
2018/05/13 21:00:00,2018/05/13 22:00:00,2018/05/14 02:00:00,2.4602789762061263,2.4602789762061263,0.0,0.0,0.4254038093712082,0.0,0.3772776461222946,0.0771583338331913,0.0,0.008258602352352653,1.4057846151697304,0.0,0.1663959693573494,0.0,0.0,0.0,0.0,0.0,0.0,0.0,0.0,0.0,0.0,0.0,0.0,0.0,0.0,0.0,0.0,0.0,0.0,0.0,0.0,0.0,0.0,0.0,0.008394813607971426,0.008394813607971426
2018/05/13 22:00:00,2018/05/13 23:00:00,2018/05/14 03:00:00,1.8822602562085906,1.8822602562085906,0.0,0.0,0.19469879754462896,0.0,0.2987851671863192,0.061105570157991854,0.0,0.006540403095531294,0.46330240650435034,0.0,0.07753144334287808,0.0,0.0,0.0,0.0,0.7802964683768909,0.0,0.0,0.0,0.0,0.0,0.0,0.0,0.0,0.0,0.0,0.0,0.0,0.0,0.0,0.0,0.0,0.0,0.0,0.006422533446564641,0.006422533446564641
2018/05/13 23:00:00,2018/05/14 00:00:00,2018/05/14 04:00:00,0.9983928494222627,0.9983928494222627,0.0,0.0,0.029463844713767,0.0,0.13094360677997474,0.026779722120023,0.0,0.002866353705536267,0.3944485313585772,0.0,0.011733914138892593,0.0,0.0,0.0,0.0,0.402156876605492,0.0,0.0,0.0,0.0,0.0,0.0,0.0,0.0,0.0,0.0,0.0,0.0,0.0,0.0,0.0,0.0,0.0,0.0,0.0034066550824068727,0.0034066550824068727
2018/05/14 00:00:00,2018/05/14 01:00:00,2018/05/14 05:00:00,0.6895753999984608,0.6895753999984608,0.08124213192738941,0.0,0.0,0.0,0.06501908921459039,0.013297274945155983,0.0,0.0014232669458539432,0.34837649219674405,0.0,0.0,0.0,0.0,0.0,0.0,0.18021714476872705,0.0,0.0,0.0,0.0,0.0,0.0,0.0,0.0,0.0,0.0,0.0,0.0,0.0,0.0,0.0,0.0,0.0,0.0,0.0023529270491739625,0.0023529270491739625
2018/05/14 01:00:00,2018/05/14 02:00:00,2018/05/14 06:00:00,1.18965932117031,1.18965932117031,0.8091324814757476,0.0,0.0,0.0,0.03901145352875434,0.00797836496709361,0.0,0.0008539601675123682,0.3326830610312019,0.0,0.0,0.0,0.0,0.0,0.0,0.0,0.0,0.0,0.0,0.0,0.0,0.0,0.0,0.0,0.0,0.0,0.0,0.0,0.0,0.0,0.0,0.0,0.0,0.0,0.004059282851577658,0.004059282851577658
2018/05/14 02:00:00,2018/05/14 03:00:00,2018/05/14 07:00:00,1.492387504173816,1.492387504173816,1.1582985268858037,0.0,0.0,0.0,0.026007635685836212,0.005318909978062404,0.0,0.0005693067783415784,0.302193124845772,0.0,0.0,0.0,0.0,0.0,0.0,0.0,0.0,0.0,0.0,0.0,0.0,0.0,0.0,0.0,0.0,0.0,0.0,0.0,0.0,0.0,0.0,0.0,0.0,0.0,0.005092233461964608,0.005092233461964608
2018/05/14 03:00:00,2018/05/14 04:00:00,2018/05/14 08:00:00,1.9827142181260213,1.9827142181260213,1.661473127377252,0.0,0.0,0.0,0.026007635685836212,0.005318909978062404,0.0,0.0005693067783415784,0.28934523830652903,0.0,0.0,0.0,0.0,0.0,0.0,0.0,0.0,0.0,0.0,0.0,0.0,0.0,0.0,0.0,0.0,0.0,0.0,0.0,0.0,0.0,0.0,0.0,0.0,0.0,0.006765296318025458,0.006765296318025458
2018/05/14 04:00:00,2018/05/14 05:00:00,2018/05/14 09:00:00,2.3891272416230582,2.3891272416230582,2.082993912426973,0.0,0.0,0.0,0.027249552419694536,0.005572898590769679,0.0,0.0005964923181292811,0.27271438586749136,0.0,0.0,0.0,0.0,0.0,0.0,0.0,0.0,0.0,0.0,0.0,0.0,0.0,0.0,0.0,0.0,0.0,0.0,0.0,0.0,0.0,0.0,0.0,0.0,0.0,0.00815203400635495,0.00815203400635495
2018/05/14 05:00:00,2018/05/14 06:00:00,2018/05/14 10:00:00,2.625785836181112,2.625785836181112,2.2412657268262004,0.0,0.0,0.0,0.07103552208494862,0.014527716082253228,0.0,0.0015549665765280758,0.29740190461118204,0.0,0.0,0.0,0.0,0.0,0.0,0.0,0.0,0.0,0.0,0.0,0.0,0.0,0.0,0.0,0.0,0.0,0.0,0.0,0.0,0.0,0.0,0.0,0.0,0.0,0.008959546003674435,0.008959546003674435
2018/05/14 06:00:00,2018/05/14 07:00:00,2018/05/14 11:00:00,2.5788750337125146,2.5788750337125146,2.0101709981788107,0.0,0.0,0.0,0.1667717967174164,0.03410706702965493,0.0,0.0036506322779327363,0.3641745395086999,0.0,0.0,0.0,0.0,0.0,0.0,0.0,0.0,0.0,0.0,0.0,0.0,0.0,0.0,0.0,0.0,0.0,0.0,0.0,0.0,0.0,0.0,0.0,0.0,0.0,0.008799479829580832,0.008799479829580832
2018/05/14 07:00:00,2018/05/14 08:00:00,2018/05/14 12:00:00,2.474962449803205,2.474962449803205,1.3298563086854263,0.0,0.0,0.0,0.21104540955177992,0.043161614083227134,0.0,0.004619781038425436,0.41574031457685573,0.0,0.0,0.0,0.0,0.0,0.0,0.4705390218674907,0.0,0.0,0.0,0.0,0.0,0.0,0.0,0.0,0.0,0.0,0.0,0.0,0.0,0.0,0.0,0.0,0.0,0.0,0.008444915659469312,0.008444915659469312
2018/05/14 08:00:00,2018/05/14 09:00:00,2018/05/14 13:00:00,2.159937477300506,2.159937477300506,0.39361257564660207,0.0,0.0,0.0,0.21211882851794048,0.043381142644712725,0.0,0.004643278164454789,0.41223871861423783,0.0,0.0,0.0,0.0,0.0,0.0,1.0939429337125584,0.0,0.0,0.0,0.0,0.0,0.0,0.0,0.0,0.0,0.0,0.0,0.0,0.0,0.0,0.0,0.0,0.0,0.0,0.00737000669524504,0.00737000669524504
2018/05/14 09:00:00,2018/05/14 10:00:00,2018/05/14 14:00:00,3.653244503944854,3.653244503944854,0.14484221226523794,0.0,0.0,0.0,0.2062198728771374,0.04217472717515497,0.0,0.004514150108678676,1.9366726706877924,0.0,0.0,0.0,0.0,0.0,0.0,1.3188208708308526,0.0,0.0,0.0,0.0,0.0,0.0,0.0,0.0,0.0,0.0,0.0,0.0,0.0,0.0,0.0,0.0,0.0,0.0,0.012465377695603914,0.012465377695603914
2018/05/14 10:00:00,2018/05/14 11:00:00,2018/05/14 15:00:00,2.2021631958186063,2.2021631958186063,0.0,0.0,0.0,0.0,0.19995148025023965,0.040892756891797895,0.0,0.004376935082487628,0.6381211527632282,0.0,0.0,0.0,0.0,0.0,0.0,1.3188208708308526,0.0,0.0,0.0,0.0,0.0,0.0,0.0,0.0,0.0,0.0,0.0,0.0,0.0,0.0,0.0,0.0,0.0,0.0,0.007514086712125377,0.007514086712125377
2018/05/14 11:00:00,2018/05/14 12:00:00,2018/05/14 16:00:00,1.9639290193119179,1.9639290193119179,0.0,0.0,0.015230973407841353,0.0,0.19126679222895843,0.03911662182397593,0.0,0.004186827384193855,0.38946518644543276,0.0,0.005841747190662757,0.0,0.0,0.0,0.0,1.3188208708308526,0.0,0.0,0.0,0.0,0.0,0.0,0.0,0.0,0.0,0.0,0.0,0.0,0.0,0.0,0.0,0.0,0.0,0.0,0.006701198610343436,0.006701198610343436
2018/05/14 12:00:00,2018/05/14 13:00:00,2018/05/14 17:00:00,2.4742506184854944,2.4742506184854944,0.0,0.0,0.18279903249046534,0.0,0.1849983996020602,0.03783465154061874,0.0,0.004049612358002795,1.1275389199469905,0.0,0.06844271970123228,0.0,0.0,0.0,0.0,0.8685872828461244,0.0,0.0,0.0,0.0,0.0,0.0,0.0,0.0,0.0,0.0,0.0,0.0,0.0,0.0,0.0,0.0,0.0,0.0,0.008442486792137481,0.008442486792137481
2018/05/14 13:00:00,2018/05/14 14:00:00,2018/05/14 18:00:00,1.0737109001082716,1.0737109001082716,0.0,0.0,0.4009739193354539,0.0,0.1831538331348946,0.037457412982453704,0.0,0.004009234824052993,0.30196248987002017,0.0,0.14615400996139624,0.0,0.0,0.0,0.0,0.0,0.0,0.0,0.0,0.0,0.0,0.0,0.0,0.0,0.0,0.0,0.0,0.0,0.0,0.0,0.0,0.0,0.0,0.0,0.0036636507332821235,0.0036636507332821235
2018/05/14 14:00:00,2018/05/14 15:00:00,2018/05/14 19:00:00,1.4791963112293514,1.4791963112293514,0.0,0.0,0.6790840018251474,0.0,0.1829823202090357,0.0374223362909875,0.0,0.004005480408525023,0.3361306675280402,0.0,0.2395715049676154,0.0,0.0,0.0,0.0,0.0,0.0,0.0,0.0,0.0,0.0,0.0,0.0,0.0,0.0,0.0,0.0,0.0,0.0,0.0,0.0,0.0,0.0,0.0,0.005047223279336322,0.005047223279336322
2018/05/14 15:00:00,2018/05/14 16:00:00,2018/05/14 20:00:00,2.531638865941158,2.531638865941158,0.0,0.0,0.9631317650528611,0.0,0.18310101194854259,0.037446610342085525,0.0,0.004008078569028756,0.3235230700559683,0.0,0.33556560989646295,0.0,0.0,0.0,0.0,0.6848627200762086,0.0,0.0,0.0,0.0,0.0,0.0,0.0,0.0,0.0,0.0,0.0,0.0,0.0,0.0,0.0,0.0,0.0,0.0,0.008638303463879863,0.008638303463879863
2018/05/14 16:00:00,2018/05/14 17:00:00,2018/05/14 21:00:00,2.0341129586544953,2.0341129586544953,0.0,0.0,1.016410099458299,0.0,0.18385073757031967,0.0375999392774278,0.0,0.0040244900523150485,0.43776861228990366,0.0,0.35445908000623005,0.0,0.0,0.0,0.0,0.0,0.0,0.0,0.0,0.0,0.0,0.0,0.0,0.0,0.0,0.0,0.0,0.0,0.0,0.0,0.0,0.0,0.0,0.0,0.006940675960169291,0.006940675960169291
2018/05/14 17:00:00,2018/05/14 18:00:00,2018/05/14 22:00:00,2.115739730541629,2.115739730541629,0.0,0.0,0.9428368653121226,0.0,0.18748354501607697,0.03834289707663064,0.0,0.004104012156064207,0.611945277432064,0.0,0.33102713354867097,0.0,0.0,0.0,0.0,0.0,0.0,0.0,0.0,0.0,0.0,0.0,0.0,0.0,0.0,0.0,0.0,0.0,0.0,0.0,0.0,0.0,0.0,0.0,0.00721919784408571,0.00721919784408571
2018/05/14 18:00:00,2018/05/14 19:00:00,2018/05/14 23:00:00,2.2282076546213596,2.2282076546213596,0.0,0.0,0.7325708913924748,0.0,0.20050274998910886,0.041005498939944623,0.0,0.004389002369296161,0.6343320589831604,0.0,0.27126710720711705,0.0,0.0,0.0,0.0,0.3441403457402577,0.0,0.0,0.0,0.0,0.0,0.0,0.0,0.0,0.0,0.0,0.0,0.0,0.0,0.0,0.0,0.0,0.0,0.0,0.007602954023224689,0.007602954023224689
2018/05/14 19:00:00,2018/05/14 20:00:00,2018/05/15 00:00:00,2.8661596908740044,2.8661596908740044,0.0,0.0,0.4892456204456258,0.0,0.23456450068467974,0.047971583355822994,0.0,0.0051346136116025955,0.579977755089703,0.0,0.1904447468557178,0.0,0.0,0.0,0.0,1.3188208708308526,0.0,0.0,0.0,0.0,0.0,0.0,0.0,0.0,0.0,0.0,0.0,0.0,0.0,0.0,0.0,0.0,0.0,0.0,0.009779734984636315,0.009779734984636315
2018/05/14 20:00:00,2018/05/14 21:00:00,2018/05/15 01:00:00,1.674758534837722,1.674758534837722,0.0,0.0,0.31187088393593193,0.0,0.2979972219663822,0.0609444248027156,0.0,0.006523154985780348,0.5703875988428551,0.0,0.12349986573235552,0.0,0.0,0.0,0.0,0.3035353845717016,0.0,0.0,0.0,0.0,0.0,0.0,0.0,0.0,0.0,0.0,0.0,0.0,0.0,0.0,0.0,0.0,0.0,0.0,0.005714508750549144,0.005714508750549144
2018/05/14 21:00:00,2018/05/14 22:00:00,2018/05/15 02:00:00,1.506639621204327,1.506639621204327,0.0,0.0,0.1601609041436067,0.0,0.3772776461222946,0.0771583338331913,0.0,0.008258602352352653,0.542573141541421,0.0,0.06376319367068914,0.0,0.0,0.0,0.0,0.2774477995407714,0.0,0.0,0.0,0.0,0.0,0.0,0.0,0.0,0.0,0.0,0.0,0.0,0.0,0.0,0.0,0.0,0.0,0.0,0.005140863664940464,0.005140863664940464
2018/05/14 22:00:00,2018/05/14 23:00:00,2018/05/15 03:00:00,1.1347212049675364,1.1347212049675364,0.0,0.0,0.046652492673475904,0.0,0.2987851671863192,0.061105570157991854,0.0,0.006540403095531294,0.46330240650435034,0.0,0.01856120776523001,0.0,0.0,0.0,0.0,0.2397739575846376,0.0,0.0,0.0,0.0,0.0,0.0,0.0,0.0,0.0,0.0,0.0,0.0,0.0,0.0,0.0,0.0,0.0,0.0,0.003871826368001741,0.003871826368001741
2018/05/14 23:00:00,2018/05/15 00:00:00,2018/05/15 04:00:00,0.5550382139641111,0.5550382139641111,0.0,0.0,0.0,0.0,0.13094360677997474,0.026779722120023,0.0,0.002866353705536267,0.3944485313585772,0.0,0.0,0.0,0.0,0.0,0.0,0.0,0.0,0.0,0.0,0.0,0.0,0.0,0.0,0.0,0.0,0.0,0.0,0.0,0.0,0.0,0.0,0.0,0.0,0.0,0.001893867482749932,0.001893867482749932
2018/05/15 00:00:00,2018/05/15 01:00:00,2018/05/15 05:00:00,0.4620680399601065,0.4620680399601065,0.033951916657762156,0.0,0.0,0.0,0.06501908921459039,0.013297274945155983,0.0,0.0014232669458539432,0.34837649219674405,0.0,0.0,0.0,0.0,0.0,0.0,0.0,0.0,0.0,0.0,0.0,0.0,0.0,0.0,0.0,0.0,0.0,0.0,0.0,0.0,0.0,0.0,0.0,0.0,0.0,0.0015766403351734366,0.0015766403351734366
2018/05/15 01:00:00,2018/05/15 02:00:00,2018/05/15 06:00:00,0.7563097068075654,0.7563097068075654,0.3757828671130031,0.0,0.0,0.0,0.03901145352875434,0.00797836496709361,0.0,0.0008539601675123682,0.3326830610312019,0.0,0.0,0.0,0.0,0.0,0.0,0.0,0.0,0.0,0.0,0.0,0.0,0.0,0.0,0.0,0.0,0.0,0.0,0.0,0.0,0.0,0.0,0.0,0.0,0.0,0.002580633773629862,0.002580633773629862
2018/05/15 02:00:00,2018/05/15 03:00:00,2018/05/15 07:00:00,0.8934384517410359,0.8934384517410359,0.5593494744530235,0.0,0.0,0.0,0.026007635685836212,0.005318909978062404,0.0,0.0005693067783415784,0.302193124845772,0.0,0.0,0.0,0.0,0.0,0.0,0.0,0.0,0.0,0.0,0.0,0.0,0.0,0.0,0.0,0.0,0.0,0.0,0.0,0.0,0.0,0.0,0.0,0.0,0.0,0.0030485360989940787,0.0030485360989940787
2018/05/15 03:00:00,2018/05/15 04:00:00,2018/05/15 08:00:00,1.15960111657436,1.15960111657436,0.8383600258255908,0.0,0.0,0.0,0.026007635685836212,0.005318909978062404,0.0,0.0005693067783415784,0.28934523830652903,0.0,0.0,0.0,0.0,0.0,0.0,0.0,0.0,0.0,0.0,0.0,0.0,0.0,0.0,0.0,0.0,0.0,0.0,0.0,0.0,0.0,0.0,0.0,0.0,0.0,0.003956720082308956,0.003956720082308956
2018/05/15 04:00:00,2018/05/15 05:00:00,2018/05/15 09:00:00,1.8390295232308302,1.8390295232308302,1.0645268861810968,0.0,0.0,0.0,0.027249552419694536,0.005572898590769679,0.0,0.0005964923181292811,0.27271438586749136,0.0,0.0,0.0,0.0,0.0,0.0,0.46836930785364866,0.0,0.0,0.0,0.0,0.0,0.0,0.0,0.0,0.0,0.0,0.0,0.0,0.0,0.0,0.0,0.0,0.0,0.0,0.0062750241807480005,0.0062750241807480005
2018/05/15 05:00:00,2018/05/15 06:00:00,2018/05/15 10:00:00,1.5644463292912505,1.5644463292912505,1.1799262199363385,0.0,0.0,0.0,0.07103552208494862,0.014527716082253228,0.0,0.0015549665765280758,0.29740190461118204,0.0,0.0,0.0,0.0,0.0,0.0,0.0,0.0,0.0,0.0,0.0,0.0,0.0,0.0,0.0,0.0,0.0,0.0,0.0,0.0,0.0,0.0,0.0,0.0,0.0,0.005338108182482315,0.005338108182482315
2018/05/15 06:00:00,2018/05/15 07:00:00,2018/05/15 11:00:00,1.8077626500903532,1.8077626500903532,1.2390586145566491,0.0,0.0,0.0,0.1667717967174164,0.03410706702965493,0.0,0.0036506322779327363,0.3641745395086999,0.0,0.0,0.0,0.0,0.0,0.0,0.0,0.0,0.0,0.0,0.0,0.0,0.0,0.0,0.0,0.0,0.0,0.0,0.0,0.0,0.0,0.0,0.0,0.0,0.0,0.006168337266517181,0.006168337266517181
2018/05/15 07:00:00,2018/05/15 08:00:00,2018/05/15 12:00:00,2.2573280097436097,2.2573280097436097,0.8311457940446323,0.0,0.0,0.0,0.21104540955177992,0.043161614083227134,0.0,0.004619781038425436,0.5137976783926146,0.0,0.0,0.0,0.0,0.0,0.0,0.6535577326329299,0.0,0.0,0.0,0.0,0.0,0.0,0.0,0.0,0.0,0.0,0.0,0.0,0.0,0.0,0.0,0.0,0.0,0.0,0.007702316719818631,0.007702316719818631
2018/05/15 08:00:00,2018/05/15 09:00:00,2018/05/15 13:00:00,4.553609694542246,4.553609694542246,0.4250532482074171,0.0,0.0,0.0,0.21211882851794048,0.043381142644712725,0.0,0.004643278164454789,2.549592326176868,0.0,0.0,0.0,0.0,0.0,0.0,1.3188208708308526,0.0,0.0,0.0,0.0,0.0,0.0,0.0,0.0,0.0,0.0,0.0,0.0,0.0,0.0,0.0,0.0,0.0,0.0,0.015537548789723573,0.015537548789723573
2018/05/15 09:00:00,2018/05/15 10:00:00,2018/05/15 14:00:00,2.4399277778717026,2.4399277778717026,0.5970675655365175,0.0,0.0,0.0,0.2062198728771374,0.04217472717515497,0.0,0.004514150108678676,0.2711305913433615,0.0,0.0,0.0,0.0,0.0,0.0,1.3188208708308526,0.0,0.0,0.0,0.0,0.0,0.0,0.0,0.0,0.0,0.0,0.0,0.0,0.0,0.0,0.0,0.0,0.0,0.0,0.008325372492403388,0.008325372492403388
2018/05/15 10:00:00,2018/05/15 11:00:00,2018/05/15 15:00:00,2.157728272353015,2.157728272353015,0.3256825765120181,0.0,0.0,0.0,0.19995148025023965,0.040892756891797895,0.0,0.004376935082487628,0.2680036527856186,0.0,0.0,0.0,0.0,0.0,0.0,1.3188208708308526,0.0,0.0,0.0,0.0,0.0,0.0,0.0,0.0,0.0,0.0,0.0,0.0,0.0,0.0,0.0,0.0,0.0,0.0,0.007362468581098083,0.007362468581098083
2018/05/15 11:00:00,2018/05/15 12:00:00,2018/05/15 16:00:00,1.4168911813765028,1.4168911813765028,0.016880753618849394,0.0,0.0,0.0,0.19126679222895843,0.03911662182397593,0.0,0.004186827384193855,0.2852620246662099,0.0,0.0,0.0,0.0,0.0,0.0,0.8801781616543154,0.0,0.0,0.0,0.0,0.0,0.0,0.0,0.0,0.0,0.0,0.0,0.0,0.0,0.0,0.0,0.0,0.0,0.0,0.004834629521882982,0.004834629521882982
2018/05/15 12:00:00,2018/05/15 13:00:00,2018/05/15 17:00:00,1.2564240356359722,1.2564240356359722,0.0,0.0,0.0,0.0,0.1849983996020602,0.03783465154061874,0.0,0.004049612358002795,0.2911673356785335,0.0,0.0,0.0,0.0,0.0,0.0,0.7383740364567568,0.0,0.0,0.0,0.0,0.0,0.0,0.0,0.0,0.0,0.0,0.0,0.0,0.0,0.0,0.0,0.0,0.0,0.0,0.00428709333118146,0.00428709333118146
2018/05/15 13:00:00,2018/05/15 14:00:00,2018/05/15 18:00:00,0.5402048742289256,0.5402048742289256,0.0,0.0,0.009835180721401956,0.0,0.1831538331348946,0.037457412982453704,0.0,0.004009234824052993,0.30196248987002017,0.0,0.0037867226961021353,0.0,0.0,0.0,0.0,0.0,0.0,0.0,0.0,0.0,0.0,0.0,0.0,0.0,0.0,0.0,0.0,0.0,0.0,0.0,0.0,0.0,0.0,0.0,0.0018432540671719066,0.0018432540671719066
2018/05/15 14:00:00,2018/05/15 15:00:00,2018/05/15 19:00:00,0.6601782192766216,0.6601782192766216,0.0,0.0,0.07209478177653514,0.0,0.1829823202090357,0.0374223362909875,0.0,0.004005480408525023,0.3361306675280402,0.0,0.027542633063497884,0.0,0.0,0.0,0.0,0.0,0.0,0.0,0.0,0.0,0.0,0.0,0.0,0.0,0.0,0.0,0.0,0.0,0.0,0.0,0.0,0.0,0.0,0.0,0.0022526197851821996,0.0022526197851821996
2018/05/15 15:00:00,2018/05/15 16:00:00,2018/05/15 20:00:00,0.7460747641607582,0.7460747641607582,0.0,0.0,0.14349895950187885,0.0,0.18310101194854259,0.037446610342085525,0.0,0.004008078569028756,0.3235230700559683,0.0,0.054497033743254236,0.0,0.0,0.0,0.0,0.0,0.0,0.0,0.0,0.0,0.0,0.0,0.0,0.0,0.0,0.0,0.0,0.0,0.0,0.0,0.0,0.0,0.0,0.0,0.0025457107276504513,0.0025457107276504513
2018/05/15 16:00:00,2018/05/15 17:00:00,2018/05/15 21:00:00,0.9476207738544091,0.9476207738544091,0.0,0.0,0.20631828715083816,0.0,0.18385073757031967,0.0375999392774278,0.0,0.0040244900523150485,0.43776861228990366,0.0,0.07805870751360479,0.0,0.0,0.0,0.0,0.0,0.0,0.0,0.0,0.0,0.0,0.0,0.0,0.0,0.0,0.0,0.0,0.0,0.0,0.0,0.0,0.0,0.0,0.0,0.003233413708154581,0.003233413708154581
2018/05/15 17:00:00,2018/05/15 18:00:00,2018/05/15 22:00:00,1.1209507557839142,1.1209507557839142,0.0,0.0,0.20095225540305484,0.0,0.18748354501607697,0.03834289707663064,0.0,0.004104012156064207,0.611945277432064,0.0,0.07812276870002369,0.0,0.0,0.0,0.0,0.0,0.0,0.0,0.0,0.0,0.0,0.0,0.0,0.0,0.0,0.0,0.0,0.0,0.0,0.0,0.0,0.0,0.0,0.0,0.0038248396826247796,0.0038248396826247796
2018/05/15 18:00:00,2018/05/15 19:00:00,2018/05/15 23:00:00,1.0875579599780458,1.0875579599780458,0.0,0.0,0.14893880630174086,0.0,0.20050274998910886,0.041005498939944623,0.0,0.004389002369296161,0.6343320589831604,0.0,0.05838984339479492,0.0,0.0,0.0,0.0,0.0,0.0,0.0,0.0,0.0,0.0,0.0,0.0,0.0,0.0,0.0,0.0,0.0,0.0,0.0,0.0,0.0,0.0,0.0,0.003710898824961722,0.003710898824961722
2018/05/15 19:00:00,2018/05/15 20:00:00,2018/05/16 00:00:00,2.7059528277016467,2.7059528277016467,0.0,0.0,0.20935025860146034,0.0,0.23456450068467974,0.047971583355822994,0.0,0.0051346136116025955,0.9144398093778505,0.0,0.08199592047674847,0.0,0.0,0.0,0.0,1.2124961415934823,0.0,0.0,0.0,0.0,0.0,0.0,0.0,0.0,0.0,0.0,0.0,0.0,0.0,0.0,0.0,0.0,0.0,0.0,0.009233086914211538,0.009233086914211538
2018/05/15 20:00:00,2018/05/15 21:00:00,2018/05/16 01:00:00,10.21239478812278,10.21239478812278,0.0,0.0,0.19026272966738822,0.0,0.2979972219663822,0.0609444248027156,0.0,0.006523154985780348,8.263461404978052,0.0,0.07438498089160875,0.0,0.0,0.0,0.0,1.3188208708308526,0.0,0.0,0.0,0.0,0.0,0.0,0.0,0.0,0.0,0.0,0.0,0.0,0.0,0.0,0.0,0.0,0.0,0.0,0.0348461095536049,0.0348461095536049
2018/05/15 21:00:00,2018/05/15 22:00:00,2018/05/16 02:00:00,6.062430851063777,6.062430851063777,0.0,0.0,0.14614417412309852,0.0,0.3772776461222946,0.0771583338331913,0.0,0.008258602352352653,4.077715563596627,0.0,0.057055660205359716,0.0,0.0,0.0,0.0,1.3188208708308526,0.0,0.0,0.0,0.0,0.0,0.0,0.0,0.0,0.0,0.0,0.0,0.0,0.0,0.0,0.0,0.0,0.0,0.0,0.020685856156189047,0.020685856156189047
2018/05/15 22:00:00,2018/05/15 23:00:00,2018/05/16 03:00:00,4.117793422712597,4.117793422712597,0.0,0.0,0.12087935878130575,0.0,0.2987851671863192,0.061105570157991854,0.0,0.006540403095531294,2.2644960014739133,0.0,0.047166051186683385,0.0,0.0,0.0,0.0,1.3188208708308526,0.0,0.0,0.0,0.0,0.0,0.0,0.0,0.0,0.0,0.0,0.0,0.0,0.0,0.0,0.0,0.0,0.0,0.0,0.014050483133871552,0.014050483133871552
2018/05/15 23:00:00,2018/05/16 00:00:00,2018/05/16 04:00:00,1.9767958472425957,1.9767958472425957,0.0570760460192828,0.0,0.0,0.0,0.13094360677997474,0.026779722120023,0.0,0.002866353705536267,0.44030924778692615,0.0,0.0,0.0,0.0,0.0,0.0,1.3188208708308526,0.0,0.0,0.0,0.0,0.0,0.0,0.0,0.0,0.0,0.0,0.0,0.0,0.0,0.0,0.0,0.0,0.0,0.0,0.006745102014489272,0.006745102014489272
2018/05/16 00:00:00,2018/05/16 01:00:00,2018/05/16 05:00:00,2.444817713509337,2.444817713509337,0.69788071937614,0.0,0.0,0.0,0.06501908921459039,0.013297274945155983,0.0,0.0014232669458539432,0.34837649219674405,0.0,0.0,0.0,0.0,0.0,0.0,1.3188208708308526,0.0,0.0,0.0,0.0,0.0,0.0,0.0,0.0,0.0,0.0,0.0,0.0,0.0,0.0,0.0,0.0,0.0,0.0,0.008342057632027765,0.008342057632027765
2018/05/16 01:00:00,2018/05/16 02:00:00,2018/05/16 06:00:00,3.2061671770717446,3.2061671770717446,1.4237725472459197,0.0,0.0,0.0,0.03901145352875434,0.00797836496709361,0.0,0.0008539601675123682,0.41572998033161224,0.0,0.0,0.0,0.0,0.0,0.0,1.3188208708308526,0.0,0.0,0.0,0.0,0.0,0.0,0.0,0.0,0.0,0.0,0.0,0.0,0.0,0.0,0.0,0.0,0.0,0.0,0.010939887755744582,0.010939887755744582
2018/05/16 02:00:00,2018/05/16 03:00:00,2018/05/16 07:00:00,5.060497411218827,5.060497411218827,1.4649951052339634,0.0,0.0,0.0,0.026007635685836212,0.005318909978062404,0.0,0.0005693067783415784,2.24478558271177,0.0,0.0,0.0,0.0,0.0,0.0,1.3188208708308526,0.0,0.0,0.0,0.0,0.0,0.0,0.0,0.0,0.0,0.0,0.0,0.0,0.0,0.0,0.0,0.0,0.0,0.0,0.01726712008745986,0.01726712008745986
2018/05/16 03:00:00,2018/05/16 04:00:00,2018/05/16 08:00:00,4.084932112713247,4.084932112713247,1.820648476620387,0.0,0.0,0.0,0.026007635685836212,0.005318909978062404,0.0,0.0005693067783415784,1.952912189081599,0.0,0.0,0.0,0.0,0.0,0.0,0.27947559456902044,0.0,0.0,0.0,0.0,0.0,0.0,0.0,0.0,0.0,0.0,0.0,0.0,0.0,0.0,0.0,0.0,0.0,0.0,0.013938355779605527,0.013938355779605527
2018/05/16 04:00:00,2018/05/16 05:00:00,2018/05/16 09:00:00,4.086133560916272,4.086133560916272,2.0852100112091074,0.0,0.0,0.0,0.027249552419694536,0.005572898590769679,0.0,0.0005964923181292811,1.9675046063785704,0.0,0.0,0.0,0.0,0.0,0.0,0.0,0.0,0.0,0.0,0.0,0.0,0.0,0.0,0.0,0.0,0.0,0.0,0.0,0.0,0.0,0.0,0.0,0.0,0.0,0.013942455287759508,0.013942455287759508
2018/05/16 05:00:00,2018/05/16 06:00:00,2018/05/16 10:00:00,2.6958057610265365,2.6958057610265365,2.3112856516716245,0.0,0.0,0.0,0.07103552208494862,0.014527716082253228,0.0,0.0015549665765280758,0.29740190461118204,0.0,0.0,0.0,0.0,0.0,0.0,0.0,0.0,0.0,0.0,0.0,0.0,0.0,0.0,0.0,0.0,0.0,0.0,0.0,0.0,0.0,0.0,0.0,0.0,0.0,0.00919846371325383,0.00919846371325383
2018/05/16 06:00:00,2018/05/16 07:00:00,2018/05/16 11:00:00,2.8003099920204853,2.8003099920204853,2.2316059564867814,0.0,0.0,0.0,0.1667717967174164,0.03410706702965493,0.0,0.0036506322779327363,0.3641745395086999,0.0,0.0,0.0,0.0,0.0,0.0,0.0,0.0,0.0,0.0,0.0,0.0,0.0,0.0,0.0,0.0,0.0,0.0,0.0,0.0,0.0,0.0,0.0,0.0,0.0,0.00955504666539994,0.00955504666539994
2018/05/16 07:00:00,2018/05/16 08:00:00,2018/05/16 12:00:00,2.705764282526788,2.705764282526788,2.0311971632764996,0.0,0.0,0.0,0.21104540955177992,0.043161614083227134,0.0,0.004619781038425436,0.41574031457685573,0.0,0.0,0.0,0.0,0.0,0.0,0.0,0.0,0.0,0.0,0.0,0.0,0.0,0.0,0.0,0.0,0.0,0.0,0.0,0.0,0.0,0.0,0.0,0.0,0.0,0.009232443571885351,0.009232443571885351
2018/05/16 08:00:00,2018/05/16 09:00:00,2018/05/16 13:00:00,2.463656830383875,2.463656830383875,1.8644350850682738,0.0,0.0,0.0,0.21211882851794048,0.043381142644712725,0.0,0.004643278164454789,0.33907849598849293,0.0,0.0,0.0,0.0,0.0,0.0,0.0,0.0,0.0,0.0,0.0,0.0,0.0,0.0,0.0,0.0,0.0,0.0,0.0,0.0,0.0,0.0,0.0,0.0,0.0,0.00840633931562139,0.00840633931562139
2018/05/16 09:00:00,2018/05/16 10:00:00,2018/05/16 14:00:00,2.4965598801784745,2.4965598801784745,1.5701555799706413,0.0,0.0,0.0,0.2062198728771374,0.04217472717515497,0.0,0.004514150108678676,0.2711305913433615,0.0,0.0,0.0,0.0,0.0,0.0,0.4023649587035004,0.0,0.0,0.0,0.0,0.0,0.0,0.0,0.0,0.0,0.0,0.0,0.0,0.0,0.0,0.0,0.0,0.0,0.0,0.008518609091866605,0.008518609091866605
2018/05/16 10:00:00,2018/05/16 11:00:00,2018/05/16 15:00:00,1.5997681339801968,1.5997681339801968,1.086543308970053,0.0,0.0,0.0,0.19995148025023965,0.040892756891797895,0.0,0.004376935082487628,0.2680036527856186,0.0,0.0,0.0,0.0,0.0,0.0,0.0,0.0,0.0,0.0,0.0,0.0,0.0,0.0,0.0,0.0,0.0,0.0,0.0,0.0,0.0,0.0,0.0,0.0,0.0,0.005458631086400359,0.005458631086400359
2018/05/16 11:00:00,2018/05/16 12:00:00,2018/05/16 16:00:00,1.4798670513298195,1.4798670513298195,0.5549665359227434,0.0,0.0,0.0,0.19126679222895843,0.03911662182397593,0.0,0.004186827384193855,0.2852620246662099,0.0,0.0,0.0,0.0,0.0,0.0,0.4050682493037379,0.0,0.0,0.0,0.0,0.0,0.0,0.0,0.0,0.0,0.0,0.0,0.0,0.0,0.0,0.0,0.0,0.0,0.0,0.005049511937727212,0.005049511937727212
2018/05/16 12:00:00,2018/05/16 13:00:00,2018/05/16 17:00:00,2.4002070512219467,2.4002070512219467,0.563336181211879,0.0,0.0,0.0,0.1849983996020602,0.03783465154061874,0.0,0.004049612358002795,0.2911673356785335,0.0,0.0,0.0,0.0,0.0,0.0,1.3188208708308526,0.0,0.0,0.0,0.0,0.0,0.0,0.0,0.0,0.0,0.0,0.0,0.0,0.0,0.0,0.0,0.0,0.0,0.0,0.00818983985572977,0.00818983985572977
2018/05/16 13:00:00,2018/05/16 14:00:00,2018/05/16 18:00:00,1.3362219452417459,1.3362219452417459,0.3059330642447014,0.0,0.0,0.0,0.1831538331348946,0.037457412982453704,0.0,0.004009234824052993,0.30196248987002017,0.0,0.0,0.0,0.0,0.0,0.0,0.503705910185623,0.0,0.0,0.0,0.0,0.0,0.0,0.0,0.0,0.0,0.0,0.0,0.0,0.0,0.0,0.0,0.0,0.0,0.0,0.00455937488295866,0.00455937488295866
2018/05/16 14:00:00,2018/05/16 15:00:00,2018/05/16 19:00:00,0.8875984437546264,0.8875984437546264,0.3270576393180379,0.0,0.0,0.0,0.1829823202090357,0.0374223362909875,0.0,0.004005480408525023,0.3361306675280402,0.0,0.0,0.0,0.0,0.0,0.0,0.0,0.0,0.0,0.0,0.0,0.0,0.0,0.0,0.0,0.0,0.0,0.0,0.0,0.0,0.0,0.0,0.0,0.0,0.0,0.003028609180547386,0.003028609180547386
2018/05/16 15:00:00,2018/05/16 16:00:00,2018/05/16 20:00:00,0.6933970450433542,0.6933970450433542,0.058550820010056424,0.0,0.0,0.0,0.18310101194854259,0.037446610342085525,0.0,0.004008078569028756,0.4102905241736408,0.0,0.0,0.0,0.0,0.0,0.0,0.0,0.0,0.0,0.0,0.0,0.0,0.0,0.0,0.0,0.0,0.0,0.0,0.0,0.0,0.0,0.0,0.0,0.0,0.0,0.002365967032906693,0.002365967032906693
2018/05/16 16:00:00,2018/05/16 17:00:00,2018/05/16 21:00:00,3.3282445972484744,3.3282445972484744,0.0,0.0,0.0,0.0,0.18385073757031967,0.0375999392774278,0.0,0.0040244900523150485,2.543219234212791,0.0,0.0,0.0,0.0,0.0,0.0,0.5595501961356204,0.0,0.0,0.0,0.0,0.0,0.0,0.0,0.0,0.0,0.0,0.0,0.0,0.0,0.0,0.0,0.0,0.0,0.0,0.011356432870358361,0.011356432870358361
2018/05/16 17:00:00,2018/05/16 18:00:00,2018/05/16 22:00:00,4.387523614727017,4.387523614727017,0.0,0.0,0.04809032309276272,0.0,0.18748354501607697,0.03834289707663064,0.0,0.004104012156064207,3.9809165176957624,0.0,0.01878596333916348,0.0,0.0,0.0,0.0,0.10980035635055603,0.0,0.0,0.0,0.0,0.0,0.0,0.0,0.0,0.0,0.0,0.0,0.0,0.0,0.0,0.0,0.0,0.0,0.0,0.01497084001547004,0.01497084001547004
2018/05/16 18:00:00,2018/05/16 19:00:00,2018/05/16 23:00:00,0.88022931028151,0.88022931028151,0.0,0.0,0.0,0.0,0.20050274998910886,0.041005498939944623,0.0,0.004389002369296161,0.6343320589831604,0.0,0.0,0.0,0.0,0.0,0.0,0.0,0.0,0.0,0.0,0.0,0.0,0.0,0.0,0.0,0.0,0.0,0.0,0.0,0.0,0.0,0.0,0.0,0.0,0.0,0.0030034646735392946,0.0030034646735392946
2018/05/16 19:00:00,2018/05/16 20:00:00,2018/05/17 00:00:00,0.8729212377564697,0.8729212377564697,0.0,0.0,0.0,0.0,0.23456450068467974,0.047971583355822994,0.0,0.0051346136116025955,0.5852505401043644,0.0,0.0,0.0,0.0,0.0,0.0,0.0,0.0,0.0,0.0,0.0,0.0,0.0,0.0,0.0,0.0,0.0,0.0,0.0,0.0,0.0,0.0,0.0,0.0,0.0,0.002978528514967613,0.002978528514967613
2018/05/16 20:00:00,2018/05/16 21:00:00,2018/05/17 01:00:00,1.0819181777168048,1.0819181777168048,0.027201025457797987,0.0,0.0,0.0,0.2979972219663822,0.0609444248027156,0.0,0.006523154985780348,0.6892523505041285,0.0,0.0,0.0,0.0,0.0,0.0,0.0,0.0,0.0,0.0,0.0,0.0,0.0,0.0,0.0,0.0,0.0,0.0,0.0,0.0,0.0,0.0,0.0,0.0,0.0,0.003691655104501341,0.003691655104501341
2018/05/16 21:00:00,2018/05/16 22:00:00,2018/05/17 02:00:00,1.4450774416450738,1.4450774416450738,0.4398097177958142,0.0,0.0,0.0,0.3772776461222946,0.0771583338331913,0.0,0.008258602352352653,0.542573141541421,0.0,0.0,0.0,0.0,0.0,0.0,0.0,0.0,0.0,0.0,0.0,0.0,0.0,0.0,0.0,0.0,0.0,0.0,0.0,0.0,0.0,0.0,0.0,0.0,0.0,0.004930804957087204,0.004930804957087204
2018/05/16 22:00:00,2018/05/16 23:00:00,2018/05/17 03:00:00,1.812068656077553,1.812068656077553,0.9823351091333601,0.0,0.0,0.0,0.2987851671863192,0.061105570157991854,0.0,0.006540403095531294,0.46330240650435034,0.0,0.0,0.0,0.0,0.0,0.0,0.0,0.0,0.0,0.0,0.0,0.0,0.0,0.0,0.0,0.0,0.0,0.0,0.0,0.0,0.0,0.0,0.0,0.0,0.0,0.00618302995706445,0.00618302995706445
2018/05/16 23:00:00,2018/05/17 00:00:00,2018/05/17 04:00:00,2.1246784656897852,2.1246784656897852,1.569640251725674,0.0,0.0,0.0,0.13094360677997474,0.026779722120023,0.0,0.002866353705536267,0.3944485313585772,0.0,0.0,0.0,0.0,0.0,0.0,0.0,0.0,0.0,0.0,0.0,0.0,0.0,0.0,0.0,0.0,0.0,0.0,0.0,0.0,0.0,0.0,0.0,0.0,0.0,0.007249698050032073,0.007249698050032073
2018/05/17 00:00:00,2018/05/17 01:00:00,2018/05/17 05:00:00,3.9381007340089504,3.9381007340089504,2.4761433571553817,0.0,0.0,0.0,0.06501908921459039,0.013297274945155983,0.0,0.0014232669458539432,1.3822177457479687,0.0,0.0,0.0,0.0,0.0,0.0,0.0,0.0,0.0,0.0,0.0,0.0,0.0,0.0,0.0,0.0,0.0,0.0,0.0,0.0,0.0,0.0,0.0,0.0,0.0,0.013437346720086271,0.013437346720086271
2018/05/17 01:00:00,2018/05/17 02:00:00,2018/05/17 06:00:00,2.7572613797309162,2.7572613797309162,2.3767345400363538,0.0,0.0,0.0,0.03901145352875434,0.00797836496709361,0.0,0.0008539601675123682,0.3326830610312019,0.0,0.0,0.0,0.0,0.0,0.0,0.0,0.0,0.0,0.0,0.0,0.0,0.0,0.0,0.0,0.0,0.0,0.0,0.0,0.0,0.0,0.0,0.0,0.0,0.0,0.009408158820668594,0.009408158820668594
2018/05/17 02:00:00,2018/05/17 03:00:00,2018/05/17 07:00:00,2.6047708760617594,2.6047708760617594,2.2706818987737476,0.0,0.0,0.0,0.026007635685836212,0.005318909978062404,0.0,0.0005693067783415784,0.302193124845772,0.0,0.0,0.0,0.0,0.0,0.0,0.0,0.0,0.0,0.0,0.0,0.0,0.0,0.0,0.0,0.0,0.0,0.0,0.0,0.0,0.0,0.0,0.0,0.0,0.0,0.00888784004069744,0.00888784004069744
2018/05/17 03:00:00,2018/05/17 04:00:00,2018/05/17 08:00:00,3.105049016239754,3.105049016239754,2.3814135245046026,0.0,0.0,0.0,0.026007635685836212,0.005318909978062404,0.0,0.0005693067783415784,0.28934523830652903,0.0,0.0,0.0,0.0,0.0,0.0,0.40239440098638257,0.0,0.0,0.0,0.0,0.0,0.0,0.0,0.0,0.0,0.0,0.0,0.0,0.0,0.0,0.0,0.0,0.0,0.0,0.010594858545327787,0.010594858545327787
2018/05/17 04:00:00,2018/05/17 05:00:00,2018/05/17 09:00:00,2.772554043916297,2.772554043916297,2.4664207147202117,0.0,0.0,0.0,0.027249552419694536,0.005572898590769679,0.0,0.0005964923181292811,0.27271438586749136,0.0,0.0,0.0,0.0,0.0,0.0,0.0,0.0,0.0,0.0,0.0,0.0,0.0,0.0,0.0,0.0,0.0,0.0,0.0,0.0,0.0,0.0,0.0,0.0,0.0,0.00946033951507242,0.00946033951507242
2018/05/17 05:00:00,2018/05/17 06:00:00,2018/05/17 10:00:00,2.921257048099513,2.921257048099513,2.536736938744601,0.0,0.0,0.0,0.07103552208494862,0.014527716082253228,0.0,0.0015549665765280758,0.29740190461118204,0.0,0.0,0.0,0.0,0.0,0.0,0.0,0.0,0.0,0.0,0.0,0.0,0.0,0.0,0.0,0.0,0.0,0.0,0.0,0.0,0.0,0.0,0.0,0.0,0.0,0.009967734820700926,0.009967734820700926
2018/05/17 06:00:00,2018/05/17 07:00:00,2018/05/17 11:00:00,3.0878489924608004,3.0878489924608004,2.5191449569270965,0.0,0.0,0.0,0.1667717967174164,0.03410706702965493,0.0,0.0036506322779327363,0.3641745395086999,0.0,0.0,0.0,0.0,0.0,0.0,0.0,0.0,0.0,0.0,0.0,0.0,0.0,0.0,0.0,0.0,0.0,0.0,0.0,0.0,0.0,0.0,0.0,0.0,0.0,0.010536169675051926,0.010536169675051926
2018/05/17 07:00:00,2018/05/17 08:00:00,2018/05/17 12:00:00,3.1462595443162362,3.1462595443162362,2.085011661276953,0.0,0.0,0.0,0.21104540955177992,0.043161614083227134,0.0,0.004619781038425436,0.41574031457685573,0.0,0.0,0.0,0.0,0.0,0.0,0.3866807637889949,0.0,0.0,0.0,0.0,0.0,0.0,0.0,0.0,0.0,0.0,0.0,0.0,0.0,0.0,0.0,0.0,0.0,0.0,0.010735474591407904,0.010735474591407904
2018/05/17 08:00:00,2018/05/17 09:00:00,2018/05/17 13:00:00,4.531284290264313,4.531284290264313,2.6132416741178592,0.0,0.0,0.0,0.21211882851794048,0.043381142644712725,0.0,0.004643278164454789,0.33907849598849293,0.0,0.0,0.0,0.0,0.0,0.0,1.3188208708308526,0.0,0.0,0.0,0.0,0.0,0.0,0.0,0.0,0.0,0.0,0.0,0.0,0.0,0.0,0.0,0.0,0.0,0.0,0.015461371409252331,0.015461371409252331
2018/05/17 09:00:00,2018/05/17 10:00:00,2018/05/17 14:00:00,4.678965265470892,4.678965265470892,2.836105053135706,0.0,0.0,0.0,0.2062198728771374,0.04217472717515497,0.0,0.004514150108678676,0.2711305913433615,0.0,0.0,0.0,0.0,0.0,0.0,1.3188208708308526,0.0,0.0,0.0,0.0,0.0,0.0,0.0,0.0,0.0,0.0,0.0,0.0,0.0,0.0,0.0,0.0,0.0,0.0,0.015965279410049233,0.015965279410049233
2018/05/17 10:00:00,2018/05/17 11:00:00,2018/05/17 15:00:00,4.405496599776337,4.405496599776337,2.9104135341789785,0.0,0.0,0.0,0.19995148025023965,0.040892756891797895,0.0,0.004376935082487628,0.2680036527856186,0.0,0.0,0.0,0.0,0.0,0.0,0.9818582405872148,0.0,0.0,0.0,0.0,0.0,0.0,0.0,0.0,0.0,0.0,0.0,0.0,0.0,0.0,0.0,0.0,0.0,0.0,0.015032166336967356,0.015032166336967356
2018/05/17 11:00:00,2018/05/17 12:00:00,2018/05/17 16:00:00,3.182774839508486,3.182774839508486,2.6629425734051475,0.0,0.0,0.0,0.19126679222895843,0.03911662182397593,0.0,0.004186827384193855,0.2852620246662099,0.0,0.0,0.0,0.0,0.0,0.0,0.0,0.0,0.0,0.0,0.0,0.0,0.0,0.0,0.0,0.0,0.0,0.0,0.0,0.0,0.0,0.0,0.0,0.0,0.0,0.010860069850703128,0.010860069850703128
2018/05/17 12:00:00,2018/05/17 13:00:00,2018/05/17 17:00:00,2.8931417529738206,2.8931417529738206,2.3750917537946052,0.0,0.0,0.0,0.1849983996020602,0.03783465154061874,0.0,0.004049612358002795,0.2911673356785335,0.0,0.0,0.0,0.0,0.0,0.0,0.0,0.0,0.0,0.0,0.0,0.0,0.0,0.0,0.0,0.0,0.0,0.0,0.0,0.0,0.0,0.0,0.0,0.0,0.0,0.009871801528421506,0.009871801528421506
2018/05/17 13:00:00,2018/05/17 14:00:00,2018/05/17 18:00:00,2.69538467749969,2.69538467749969,2.1688017066882677,0.0,0.0,0.0,0.1831538331348946,0.037457412982453704,0.0,0.004009234824052993,0.30196248987002017,0.0,0.0,0.0,0.0,0.0,0.0,0.0,0.0,0.0,0.0,0.0,0.0,0.0,0.0,0.0,0.0,0.0,0.0,0.0,0.0,0.0,0.0,0.0,0.0,0.0,0.009197026917770287,0.009197026917770287
2018/05/17 14:00:00,2018/05/17 15:00:00,2018/05/17 19:00:00,2.4578090283064413,2.4578090283064413,1.849876729597772,0.0,0.0,0.0,0.1829823202090357,0.0374223362909875,0.0,0.004005480408525023,0.3835221618001209,0.0,0.0,0.0,0.0,0.0,0.0,0.0,0.0,0.0,0.0,0.0,0.0,0.0,0.0,0.0,0.0,0.0,0.0,0.0,0.0,0.0,0.0,0.0,0.0,0.0,0.008386385802653497,0.008386385802653497
2018/05/17 15:00:00,2018/05/17 16:00:00,2018/05/17 20:00:00,2.7161814131640503,2.7161814131640503,1.084168367538357,0.0,0.0,0.0,0.18310101194854259,0.037446610342085525,0.0,0.004008078569028756,1.407457344766036,0.0,0.0,0.0,0.0,0.0,0.0,0.0,0.0,0.0,0.0,0.0,0.0,0.0,0.0,0.0,0.0,0.0,0.0,0.0,0.0,0.0,0.0,0.0,0.0,0.0,0.009267988268594728,0.009267988268594728
2018/05/17 16:00:00,2018/05/17 17:00:00,2018/05/17 21:00:00,1.4843649120524725,1.4843649120524725,0.3099959663187402,0.0,0.0,0.0,0.18385073757031967,0.0375999392774278,0.0,0.0040244900523150485,0.789093130645679,0.0,0.0,0.0,0.0,0.0,0.0,0.15980064818799078,0.0,0.0,0.0,0.0,0.0,0.0,0.0,0.0,0.0,0.0,0.0,0.0,0.0,0.0,0.0,0.0,0.0,0.0,0.005064859263281126,0.005064859263281126
2018/05/17 17:00:00,2018/05/17 18:00:00,2018/05/17 22:00:00,1.0845367359019236,1.0845367359019236,0.0,0.0,0.0,0.0,0.18748354501607697,0.03834289707663064,0.0,0.004104012156064207,0.611945277432064,0.0,0.0,0.0,0.0,0.0,0.0,0.24266100422108786,0.0,0.0,0.0,0.0,0.0,0.0,0.0,0.0,0.0,0.0,0.0,0.0,0.0,0.0,0.0,0.0,0.0,0.0,0.0037005899887556457,0.0037005899887556457
2018/05/17 18:00:00,2018/05/17 19:00:00,2018/05/17 23:00:00,1.3456482083435217,1.3456482083435217,0.0,0.0,0.02089023479319042,0.0,0.20050274998910886,0.041005498939944623,0.0,0.004389002369296161,0.6343320589831604,0.0,0.008161859668495811,0.0,0.0,0.0,0.0,0.4363668036003253,0.0,0.0,0.0,0.0,0.0,0.0,0.0,0.0,0.0,0.0,0.0,0.0,0.0,0.0,0.0,0.0,0.0,0.0,0.0045915386020020715,0.0045915386020020715
2018/05/17 19:00:00,2018/05/17 20:00:00,2018/05/18 00:00:00,2.22867235075839,2.22867235075839,0.0,0.0,0.030290363119906464,0.0,0.23456450068467974,0.047971583355822994,0.0,0.0051346136116025955,0.579977755089703,0.0,0.011912664065822344,0.0,0.0,0.0,0.0,1.3188208708308526,0.0,0.0,0.0,0.0,0.0,0.0,0.0,0.0,0.0,0.0,0.0,0.0,0.0,0.0,0.0,0.0,0.0,0.0,0.007604539630992116,0.007604539630992116
2018/05/17 20:00:00,2018/05/17 21:00:00,2018/05/18 01:00:00,2.34366326147405,2.34366326147405,0.08898999004546362,0.0,0.0,0.0,0.2979972219663822,0.0609444248027156,0.0,0.006523154985780348,0.5703875988428551,0.0,0.0,0.0,0.0,0.0,0.0,1.3188208708308526,0.0,0.0,0.0,0.0,0.0,0.0,0.0,0.0,0.0,0.0,0.0,0.0,0.0,0.0,0.0,0.0,0.0,0.0,0.007996904590984349,0.007996904590984349
2018/05/17 21:00:00,2018/05/17 22:00:00,2018/05/18 02:00:00,2.9803256865347207,2.9803256865347207,0.6562370918546082,0.0,0.0,0.0,0.3772776461222946,0.0771583338331913,0.0,0.008258602352352653,0.542573141541421,0.0,0.0,0.0,0.0,0.0,0.0,1.3188208708308526,0.0,0.0,0.0,0.0,0.0,0.0,0.0,0.0,0.0,0.0,0.0,0.0,0.0,0.0,0.0,0.0,0.0,0.0,0.01016928521987756,0.01016928521987756
2018/05/17 22:00:00,2018/05/17 23:00:00,2018/05/18 03:00:00,2.574491776876508,2.574491776876508,1.423428016042003,0.0,0.0,0.0,0.2987851671863192,0.061105570157991854,0.0,0.006540403095531294,0.46330240650435034,0.0,0.0,0.0,0.0,0.0,0.0,0.32133021389031236,0.0,0.0,0.0,0.0,0.0,0.0,0.0,0.0,0.0,0.0,0.0,0.0,0.0,0.0,0.0,0.0,0.0,0.0,0.008784523548407025,0.008784523548407025
2018/05/17 23:00:00,2018/05/18 00:00:00,2018/05/18 04:00:00,2.8408953633117378,2.8408953633117378,2.285857149347626,0.0,0.0,0.0,0.13094360677997474,0.026779722120023,0.0,0.002866353705536267,0.3944485313585772,0.0,0.0,0.0,0.0,0.0,0.0,0.0,0.0,0.0,0.0,0.0,0.0,0.0,0.0,0.0,0.0,0.0,0.0,0.0,0.0,0.0,0.0,0.0,0.0,0.0,0.009693529589692438,0.009693529589692438
2018/05/18 00:00:00,2018/05/18 01:00:00,2018/05/18 05:00:00,3.9086717623052363,3.9086717623052363,3.480555639002892,0.0,0.0,0.0,0.06501908921459039,0.013297274945155983,0.0,0.0014232669458539432,0.34837649219674405,0.0,0.0,0.0,0.0,0.0,0.0,0.0,0.0,0.0,0.0,0.0,0.0,0.0,0.0,0.0,0.0,0.0,0.0,0.0,0.0,0.0,0.0,0.0,0.0,0.0,0.013336930980848474,0.013336930980848474
2018/05/18 01:00:00,2018/05/18 02:00:00,2018/05/18 06:00:00,4.487652669547355,4.487652669547355,4.107125829852793,0.0,0.0,0.0,0.03901145352875434,0.00797836496709361,0.0,0.0008539601675123682,0.3326830610312019,0.0,0.0,0.0,0.0,0.0,0.0,0.0,0.0,0.0,0.0,0.0,0.0,0.0,0.0,0.0,0.0,0.0,0.0,0.0,0.0,0.0,0.0,0.0,0.0,0.0,0.015312494258784873,0.015312494258784873
2018/05/18 02:00:00,2018/05/18 03:00:00,2018/05/18 07:00:00,4.530816208819606,4.530816208819606,4.196727231531593,0.0,0.0,0.0,0.026007635685836212,0.005318909978062404,0.0,0.0005693067783415784,0.302193124845772,0.0,0.0,0.0,0.0,0.0,0.0,0.0,0.0,0.0,0.0,0.0,0.0,0.0,0.0,0.0,0.0,0.0,0.0,0.0,0.0,0.0,0.0,0.0,0.0,0.0,0.015459774250344878,0.015459774250344878
2018/05/18 03:00:00,2018/05/18 04:00:00,2018/05/18 08:00:00,4.790470298229367,4.790470298229367,4.469229207480599,0.0,0.0,0.0,0.026007635685836212,0.005318909978062404,0.0,0.0005693067783415784,0.28934523830652903,0.0,0.0,0.0,0.0,0.0,0.0,0.0,0.0,0.0,0.0,0.0,0.0,0.0,0.0,0.0,0.0,0.0,0.0,0.0,0.0,0.0,0.0,0.0,0.0,0.0,0.016345750070251196,0.016345750070251196
2018/05/18 04:00:00,2018/05/18 05:00:00,2018/05/18 09:00:00,4.8896276618882455,4.8896276618882455,4.58349433269216,0.0,0.0,0.0,0.027249552419694536,0.005572898590769679,0.0,0.0005964923181292811,0.27271438586749136,0.0,0.0,0.0,0.0,0.0,0.0,0.0,0.0,0.0,0.0,0.0,0.0,0.0,0.0,0.0,0.0,0.0,0.0,0.0,0.0,0.0,0.0,0.0,0.0,0.0,0.016684088768351903,0.016684088768351903
2018/05/18 05:00:00,2018/05/18 06:00:00,2018/05/18 10:00:00,4.935150407466865,4.935150407466865,4.550630298111953,0.0,0.0,0.0,0.07103552208494862,0.014527716082253228,0.0,0.0015549665765280758,0.29740190461118204,0.0,0.0,0.0,0.0,0.0,0.0,0.0,0.0,0.0,0.0,0.0,0.0,0.0,0.0,0.0,0.0,0.0,0.0,0.0,0.0,0.0,0.0,0.0,0.0,0.0,0.016839418699531056,0.016839418699531056
2018/05/18 06:00:00,2018/05/18 07:00:00,2018/05/18 11:00:00,5.278195317249389,5.278195317249389,3.422914252619191,0.0,0.0,0.0,0.1667717967174164,0.03410706702965493,0.0,0.0036506322779327363,0.3641745395086999,0.0,0.0,0.0,0.0,0.0,0.0,1.286577029096494,0.0,0.0,0.0,0.0,0.0,0.0,0.0,0.0,0.0,0.0,0.0,0.0,0.0,0.0,0.0,0.0,0.0,0.0,0.01800993558181912,0.01800993558181912
2018/05/18 07:00:00,2018/05/18 08:00:00,2018/05/18 12:00:00,5.7573042544781075,5.7573042544781075,3.763916264396967,0.0,0.0,0.0,0.21104540955177992,0.043161614083227134,0.0,0.004619781038425436,0.41574031457685573,0.0,0.0,0.0,0.0,0.0,0.0,1.3188208708308526,0.0,0.0,0.0,0.0,0.0,0.0,0.0,0.0,0.0,0.0,0.0,0.0,0.0,0.0,0.0,0.0,0.0,0.0,0.019644721825511916,0.019644721825511916
2018/05/18 08:00:00,2018/05/18 09:00:00,2018/05/18 13:00:00,5.026299523840015,5.026299523840015,3.1082569076935607,0.0,0.0,0.0,0.21211882851794048,0.043381142644712725,0.0,0.004643278164454789,0.33907849598849293,0.0,0.0,0.0,0.0,0.0,0.0,1.3188208708308526,0.0,0.0,0.0,0.0,0.0,0.0,0.0,0.0,0.0,0.0,0.0,0.0,0.0,0.0,0.0,0.0,0.0,0.0,0.017150432145519947,0.017150432145519947
2018/05/18 09:00:00,2018/05/18 10:00:00,2018/05/18 14:00:00,4.614637016720099,4.614637016720099,2.7717768043849134,0.0,0.0,0.0,0.2062198728771374,0.04217472717515497,0.0,0.004514150108678676,0.2711305913433615,0.0,0.0,0.0,0.0,0.0,0.0,1.3188208708308526,0.0,0.0,0.0,0.0,0.0,0.0,0.0,0.0,0.0,0.0,0.0,0.0,0.0,0.0,0.0,0.0,0.0,0.0,0.01574578248989798,0.01574578248989798
2018/05/18 10:00:00,2018/05/18 11:00:00,2018/05/18 15:00:00,3.3732404640431426,3.3732404640431426,2.2322055094196895,0.0,0.0,0.0,0.19995148025023965,0.040892756891797895,0.0,0.004376935082487628,0.2680036527856186,0.0,0.0,0.0,0.0,0.0,0.0,0.6278101296133094,0.0,0.0,0.0,0.0,0.0,0.0,0.0,0.0,0.0,0.0,0.0,0.0,0.0,0.0,0.0,0.0,0.0,0.0,0.011509965017941411,0.011509965017941411
2018/05/18 11:00:00,2018/05/18 12:00:00,2018/05/18 16:00:00,2.726351584665954,2.726351584665954,1.844315258086559,0.0,0.0,0.0,0.19126679222895843,0.03911662182397593,0.0,0.004186827384193855,0.2852620246662099,0.0,0.0,0.0,0.0,0.0,0.0,0.36220406047605713,0.0,0.0,0.0,0.0,0.0,0.0,0.0,0.0,0.0,0.0,0.0,0.0,0.0,0.0,0.0,0.0,0.0,0.0,0.009302690306430795,0.009302690306430795
2018/05/18 12:00:00,2018/05/18 13:00:00,2018/05/18 17:00:00,3.2935918575865286,3.2935918575865286,1.6656754348624627,0.0,0.0,0.0,0.1849983996020602,0.03783465154061874,0.0,0.004049612358002795,0.2911673356785335,0.0,0.0,0.0,0.0,0.0,0.0,1.1098664235448508,0.0,0.0,0.0,0.0,0.0,0.0,0.0,0.0,0.0,0.0,0.0,0.0,0.0,0.0,0.0,0.0,0.0,0.0,0.011238192909247862,0.011238192909247862
2018/05/18 13:00:00,2018/05/18 14:00:00,2018/05/18 18:00:00,2.0437717243442046,2.0437717243442046,1.5171887535327828,0.0,0.0,0.0,0.1831538331348946,0.037457412982453704,0.0,0.004009234824052993,0.30196248987002017,0.0,0.0,0.0,0.0,0.0,0.0,0.0,0.0,0.0,0.0,0.0,0.0,0.0,0.0,0.0,0.0,0.0,0.0,0.0,0.0,0.0,0.0,0.0,0.0,0.0,0.006973633010338136,0.006973633010338136
2018/05/18 14:00:00,2018/05/18 15:00:00,2018/05/18 19:00:00,2.9037538527141247,2.9037538527141247,1.4627234188630722,0.0,0.0,0.0,0.1829823202090357,0.0374223362909875,0.0,0.004005480408525023,0.6952930349181204,0.0,0.0,0.0,0.0,0.0,0.0,0.521327262024384,0.0,0.0,0.0,0.0,0.0,0.0,0.0,0.0,0.0,0.0,0.0,0.0,0.0,0.0,0.0,0.0,0.0,0.0,0.009908011486792337,0.009908011486792337
2018/05/18 15:00:00,2018/05/18 16:00:00,2018/05/18 20:00:00,1.5134706477698123,1.5134706477698123,0.9653918768541868,0.0,0.0,0.0,0.18310101194854259,0.037446610342085525,0.0,0.004008078569028756,0.3235230700559683,0.0,0.0,0.0,0.0,0.0,0.0,0.0,0.0,0.0,0.0,0.0,0.0,0.0,0.0,0.0,0.0,0.0,0.0,0.0,0.0,0.0,0.0,0.0,0.0,0.0,0.00516417207643483,0.00516417207643483
2018/05/18 16:00:00,2018/05/18 17:00:00,2018/05/18 21:00:00,0.9227465044664455,0.9227465044664455,0.2595027252764792,0.0,0.0,0.0,0.18385073757031967,0.0375999392774278,0.0,0.0040244900523150485,0.43776861228990366,0.0,0.0,0.0,0.0,0.0,0.0,0.0,0.0,0.0,0.0,0.0,0.0,0.0,0.0,0.0,0.0,0.0,0.0,0.0,0.0,0.0,0.0,0.0,0.0,0.0,0.00314853924588184,0.00314853924588184
2018/05/18 17:00:00,2018/05/18 18:00:00,2018/05/18 22:00:00,0.8418757316808357,0.8418757316808357,0.0,0.0,0.0,0.0,0.18748354501607697,0.03834289707663064,0.0,0.004104012156064207,0.611945277432064,0.0,0.0,0.0,0.0,0.0,0.0,0.0,0.0,0.0,0.0,0.0,0.0,0.0,0.0,0.0,0.0,0.0,0.0,0.0,0.0,0.0,0.0,0.0,0.0,0.0,0.002872596935910679,0.002872596935910679
2018/05/18 18:00:00,2018/05/18 19:00:00,2018/05/18 23:00:00,0.88022931028151,0.88022931028151,0.0,0.0,0.0,0.0,0.20050274998910886,0.041005498939944623,0.0,0.004389002369296161,0.6343320589831604,0.0,0.0,0.0,0.0,0.0,0.0,0.0,0.0,0.0,0.0,0.0,0.0,0.0,0.0,0.0,0.0,0.0,0.0,0.0,0.0,0.0,0.0,0.0,0.0,0.0,0.0030034646735392946,0.0030034646735392946
2018/05/18 19:00:00,2018/05/18 20:00:00,2018/05/19 00:00:00,1.7400652564678731,1.7400652564678731,0.0,0.0,0.01751471327080814,0.0,0.23456450068467974,0.047971583355822994,0.0,0.0051346136116025955,0.579977755089703,0.0,0.00698137878754157,0.0,0.0,0.0,0.0,0.8479207116677151,0.0,0.0,0.0,0.0,0.0,0.0,0.0,0.0,0.0,0.0,0.0,0.0,0.0,0.0,0.0,0.0,0.0,0.0,0.005937344356077995,0.005937344356077995
2018/05/18 20:00:00,2018/05/18 21:00:00,2018/05/19 01:00:00,2.311731455502921,2.311731455502921,0.057058184074334946,0.0,0.0,0.0,0.2979972219663822,0.0609444248027156,0.0,0.006523154985780348,0.5703875988428551,0.0,0.0,0.0,0.0,0.0,0.0,1.3188208708308526,0.0,0.0,0.0,0.0,0.0,0.0,0.0,0.0,0.0,0.0,0.0,0.0,0.0,0.0,0.0,0.0,0.0,0.0,0.007887948833573905,0.007887948833573905
2018/05/18 21:00:00,2018/05/18 22:00:00,2018/05/19 02:00:00,3.107026409059317,3.107026409059317,0.7829378143792051,0.0,0.0,0.0,0.3772776461222946,0.0771583338331913,0.0,0.008258602352352653,0.542573141541421,0.0,0.0,0.0,0.0,0.0,0.0,1.3188208708308526,0.0,0.0,0.0,0.0,0.0,0.0,0.0,0.0,0.0,0.0,0.0,0.0,0.0,0.0,0.0,0.0,0.0,0.0,0.010601605684294755,0.010601605684294755
2018/05/18 22:00:00,2018/05/18 23:00:00,2018/05/19 03:00:00,2.718243672611389,2.718243672611389,1.7870269727755965,0.0,0.0,0.0,0.2987851671863192,0.061105570157991854,0.0,0.006540403095531294,0.46330240650435034,0.0,0.0,0.0,0.0,0.0,0.0,0.10148315289159955,0.0,0.0,0.0,0.0,0.0,0.0,0.0,0.0,0.0,0.0,0.0,0.0,0.0,0.0,0.0,0.0,0.0,0.0,0.009275024984283932,0.009275024984283932
2018/05/18 23:00:00,2018/05/19 00:00:00,2018/05/19 04:00:00,3.247349330801315,3.247349330801315,2.6923111168372036,0.0,0.0,0.0,0.13094360677997474,0.026779722120023,0.0,0.002866353705536267,0.3944485313585772,0.0,0.0,0.0,0.0,0.0,0.0,0.0,0.0,0.0,0.0,0.0,0.0,0.0,0.0,0.0,0.0,0.0,0.0,0.0,0.0,0.0,0.0,0.0,0.0,0.0,0.01108040698461174,0.01108040698461174
2018/05/19 00:00:00,2018/05/19 01:00:00,2018/05/19 05:00:00,4.308541994600055,4.308541994600055,3.880425871297711,0.0,0.0,0.0,0.06501908921459039,0.013297274945155983,0.0,0.0014232669458539432,0.34837649219674405,0.0,0.0,0.0,0.0,0.0,0.0,0.0,0.0,0.0,0.0,0.0,0.0,0.0,0.0,0.0,0.0,0.0,0.0,0.0,0.0,0.0,0.0,0.0,0.0,0.0,0.014701343756779946,0.014701343756779946
2018/05/19 01:00:00,2018/05/19 02:00:00,2018/05/19 06:00:00,4.979568809054397,4.979568809054397,4.599041969359835,0.0,0.0,0.0,0.03901145352875434,0.00797836496709361,0.0,0.0008539601675123682,0.3326830610312019,0.0,0.0,0.0,0.0,0.0,0.0,0.0,0.0,0.0,0.0,0.0,0.0,0.0,0.0,0.0,0.0,0.0,0.0,0.0,0.0,0.0,0.0,0.0,0.0,0.0,0.016990980455615465,0.016990980455615465
2018/05/19 02:00:00,2018/05/19 03:00:00,2018/05/19 07:00:00,5.0377165892628515,5.0377165892628515,4.70362761197484,0.0,0.0,0.0,0.026007635685836212,0.005318909978062404,0.0,0.0005693067783415784,0.302193124845772,0.0,0.0,0.0,0.0,0.0,0.0,0.0,0.0,0.0,0.0,0.0,0.0,0.0,0.0,0.0,0.0,0.0,0.0,0.0,0.0,0.0,0.0,0.0,0.0,0.0,0.017189388758612062,0.017189388758612062
2018/05/19 03:00:00,2018/05/19 04:00:00,2018/05/19 08:00:00,5.556545854473314,5.556545854473314,5.235304763724546,0.0,0.0,0.0,0.026007635685836212,0.005318909978062404,0.0,0.0005693067783415784,0.28934523830652903,0.0,0.0,0.0,0.0,0.0,0.0,0.0,0.0,0.0,0.0,0.0,0.0,0.0,0.0,0.0,0.0,0.0,0.0,0.0,0.0,0.0,0.0,0.0,0.0,0.0,0.018959706278667846,0.018959706278667846
2018/05/19 04:00:00,2018/05/19 05:00:00,2018/05/19 09:00:00,6.132766482193524,6.132766482193524,5.826633152997439,0.0,0.0,0.0,0.027249552419694536,0.005572898590769679,0.0,0.0005964923181292811,0.27271438586749136,0.0,0.0,0.0,0.0,0.0,0.0,0.0,0.0,0.0,0.0,0.0,0.0,0.0,0.0,0.0,0.0,0.0,0.0,0.0,0.0,0.0,0.0,0.0,0.0,0.0,0.020925851099463235,0.020925851099463235
2018/05/19 05:00:00,2018/05/19 06:00:00,2018/05/19 10:00:00,6.555912192341376,6.555912192341376,6.171392082986463,0.0,0.0,0.0,0.07103552208494862,0.014527716082253228,0.0,0.0015549665765280758,0.29740190461118204,0.0,0.0,0.0,0.0,0.0,0.0,0.0,0.0,0.0,0.0,0.0,0.0,0.0,0.0,0.0,0.0,0.0,0.0,0.0,0.0,0.0,0.0,0.0,0.0,0.0,0.022369683038872656,0.022369683038872656
2018/05/19 06:00:00,2018/05/19 07:00:00,2018/05/19 11:00:00,6.592622549830044,6.592622549830044,6.023918514296342,0.0,0.0,0.0,0.1667717967174164,0.03410706702965493,0.0,0.0036506322779327363,0.3641745395086999,0.0,0.0,0.0,0.0,0.0,0.0,0.0,0.0,0.0,0.0,0.0,0.0,0.0,0.0,0.0,0.0,0.0,0.0,0.0,0.0,0.0,0.0,0.0,0.0,0.0,0.02249494387781808,0.02249494387781808
2018/05/19 07:00:00,2018/05/19 08:00:00,2018/05/19 12:00:00,6.413684956824642,6.413684956824642,4.862222132862574,0.0,0.0,0.0,0.21104540955177992,0.043161614083227134,0.0,0.004619781038425436,0.41574031457685573,0.0,0.0,0.0,0.0,0.0,0.0,0.8768957047117795,0.0,0.0,0.0,0.0,0.0,0.0,0.0,0.0,0.0,0.0,0.0,0.0,0.0,0.0,0.0,0.0,0.0,0.0,0.02188438395544058,0.02188438395544058
2018/05/19 08:00:00,2018/05/19 09:00:00,2018/05/19 13:00:00,5.877058250190564,5.877058250190564,3.9590156340441105,0.0,0.0,0.0,0.21211882851794048,0.043381142644712725,0.0,0.004643278164454789,0.33907849598849293,0.0,0.0,0.0,0.0,0.0,0.0,1.3188208708308526,0.0,0.0,0.0,0.0,0.0,0.0,0.0,0.0,0.0,0.0,0.0,0.0,0.0,0.0,0.0,0.0,0.0,0.0,0.020053339093122,0.020053339093122
2018/05/19 09:00:00,2018/05/19 10:00:00,2018/05/19 14:00:00,3.952177842053954,3.952177842053954,2.676533772425844,0.0,0.0,0.0,0.2062198728771374,0.04217472717515497,0.0,0.004514150108678676,0.2711305913433615,0.0,0.0,0.0,0.0,0.0,0.0,0.7516047281237777,0.0,0.0,0.0,0.0,0.0,0.0,0.0,0.0,0.0,0.0,0.0,0.0,0.0,0.0,0.0,0.0,0.0,0.0,0.01348537976809423,0.01348537976809423
2018/05/19 10:00:00,2018/05/19 11:00:00,2018/05/19 15:00:00,2.01671307889825,2.01671307889825,1.5034882538881063,0.0,0.0,0.0,0.19995148025023965,0.040892756891797895,0.0,0.004376935082487628,0.2680036527856186,0.0,0.0,0.0,0.0,0.0,0.0,0.0,0.0,0.0,0.0,0.0,0.0,0.0,0.0,0.0,0.0,0.0,0.0,0.0,0.0,0.0,0.0,0.0,0.0,0.0,0.0068813051535382315,0.0068813051535382315
2018/05/19 11:00:00,2018/05/19 12:00:00,2018/05/19 16:00:00,1.169319980605756,1.169319980605756,0.6494877145024176,0.0,0.0,0.0,0.19126679222895843,0.03911662182397593,0.0,0.004186827384193855,0.2852620246662099,0.0,0.0,0.0,0.0,0.0,0.0,0.0,0.0,0.0,0.0,0.0,0.0,0.0,0.0,0.0,0.0,0.0,0.0,0.0,0.0,0.0,0.0,0.0,0.0,0.0,0.0039898821963675005,0.0039898821963675005
2018/05/19 12:00:00,2018/05/19 13:00:00,2018/05/19 17:00:00,0.6018863936173239,0.6018863936173239,0.08383639443810867,0.0,0.0,0.0,0.1849983996020602,0.03783465154061874,0.0,0.004049612358002795,0.2911673356785335,0.0,0.0,0.0,0.0,0.0,0.0,0.0,0.0,0.0,0.0,0.0,0.0,0.0,0.0,0.0,0.0,0.0,0.0,0.0,0.0,0.0,0.0,0.0,0.0,0.0,0.0020537199790989194,0.0020537199790989194
2018/05/19 13:00:00,2018/05/19 14:00:00,2018/05/19 18:00:00,1.5874984039146707,1.5874984039146707,0.0,0.0,0.002286318704878348,0.0,0.1831538331348946,0.037457412982453704,0.0,0.004009234824052993,0.30196248987002017,0.0,0.0008717356358942787,0.0,0.0,0.0,0.0,1.0577573787624766,0.0,0.0,0.0,0.0,0.0,0.0,0.0,0.0,0.0,0.0,0.0,0.0,0.0,0.0,0.0,0.0,0.0,0.0,0.005416765063109355,0.005416765063109355
2018/05/19 14:00:00,2018/05/19 15:00:00,2018/05/19 19:00:00,1.1492958427670454,1.1492958427670454,0.0,0.0,0.14997695557846244,0.0,0.1829823202090357,0.0374223362909875,0.0,0.004005480408525023,0.3361306675280402,0.0,0.056579684739679545,0.0,0.0,0.0,0.0,0.3821983980123148,0.0,0.0,0.0,0.0,0.0,0.0,0.0,0.0,0.0,0.0,0.0,0.0,0.0,0.0,0.0,0.0,0.0,0.0,0.003921557056640655,0.003921557056640655
2018/05/19 15:00:00,2018/05/19 16:00:00,2018/05/19 20:00:00,1.0763257877826324,1.0763257877826324,0.0,0.0,0.38681070130894224,0.0,0.18310101194854259,0.037446610342085525,0.0,0.004008078569028756,0.3235230700559683,0.0,0.1414363155580651,0.0,0.0,0.0,0.0,0.0,0.0,0.0,0.0,0.0,0.0,0.0,0.0,0.0,0.0,0.0,0.0,0.0,0.0,0.0,0.0,0.0,0.0,0.0,0.0036725730932438755,0.0036725730932438755
2018/05/19 16:00:00,2018/05/19 17:00:00,2018/05/19 21:00:00,1.450839214995291,1.450839214995291,0.0,0.0,0.5787747644077633,0.0,0.18385073757031967,0.0375999392774278,0.0,0.0040244900523150485,0.43776861228990366,0.0,0.20882067139756136,0.0,0.0,0.0,0.0,0.0,0.0,0.0,0.0,0.0,0.0,0.0,0.0,0.0,0.0,0.0,0.0,0.0,0.0,0.0,0.0,0.0,0.0,0.0,0.0049504649280881505,0.0049504649280881505
2018/05/19 17:00:00,2018/05/19 18:00:00,2018/05/19 22:00:00,1.7722933368791214,1.7722933368791214,0.0,0.0,0.685146960704686,0.0,0.18748354501607697,0.03834289707663064,0.0,0.004104012156064207,0.611945277432064,0.0,0.24527064449359978,0.0,0.0,0.0,0.0,0.0,0.0,0.0,0.0,0.0,0.0,0.0,0.0,0.0,0.0,0.0,0.0,0.0,0.0,0.0,0.0,0.0,0.0,0.0,0.00604731104303166,0.00604731104303166
2018/05/19 18:00:00,2018/05/19 19:00:00,2018/05/19 23:00:00,3.2868846424632507,3.2868846424632507,0.0,0.0,0.8135931020425402,0.0,0.20050274998910886,0.041005498939944623,0.0,0.004389002369296161,0.6343320589831604,0.0,0.2895552182742252,0.0,0.0,0.0,0.0,1.3035070118649756,0.0,0.0,0.0,0.0,0.0,0.0,0.0,0.0,0.0,0.0,0.0,0.0,0.0,0.0,0.0,0.0,0.0,0.0,0.01121530695959214,0.01121530695959214
2018/05/19 19:00:00,2018/05/19 20:00:00,2018/05/20 00:00:00,3.4708289171660445,3.4708289171660445,0.0,0.0,0.6383952735021152,0.0,0.23456450068467974,0.047971583355822994,0.0,0.0051346136116025955,0.9942024412687047,0.0,0.2317396339122662,0.0,0.0,0.0,0.0,1.3188208708308526,0.0,0.0,0.0,0.0,0.0,0.0,0.0,0.0,0.0,0.0,0.0,0.0,0.0,0.0,0.0,0.0,0.0,0.0,0.011842950375366331,0.011842950375366331
2018/05/19 20:00:00,2018/05/19 21:00:00,2018/05/20 01:00:00,2.4526277349434813,2.4526277349434813,0.0,0.0,0.4426351100853616,0.0,0.2979972219663822,0.0609444248027156,0.0,0.006523154985780348,0.5703875988428551,0.0,0.16427772533055343,0.0,0.0,0.0,0.0,0.9098624989298332,0.0,0.0,0.0,0.0,0.0,0.0,0.0,0.0,0.0,0.0,0.0,0.0,0.0,0.0,0.0,0.0,0.0,0.0,0.008368706509999727,0.008368706509999727
2018/05/19 21:00:00,2018/05/19 22:00:00,2018/05/20 02:00:00,1.4176022104817223,1.4176022104817223,0.0,0.0,0.2989478728938686,0.0,0.3772776461222946,0.0771583338331913,0.0,0.008258602352352653,0.542573141541421,0.0,0.11338661373859404,0.0,0.0,0.0,0.0,0.0,0.0,0.0,0.0,0.0,0.0,0.0,0.0,0.0,0.0,0.0,0.0,0.0,0.0,0.0,0.0,0.0,0.0,0.0,0.004837055651954363,0.004837055651954363
2018/05/19 22:00:00,2018/05/19 23:00:00,2018/05/20 03:00:00,1.0725238219689717,1.0725238219689717,0.0,0.0,0.17539748118899556,0.0,0.2987851671863192,0.061105570157991854,0.0,0.006540403095531294,0.46330240650435034,0.0,0.06739279383578338,0.0,0.0,0.0,0.0,0.0,0.0,0.0,0.0,0.0,0.0,0.0,0.0,0.0,0.0,0.0,0.0,0.0,0.0,0.0,0.0,0.0,0.0,0.0,0.0036596002577816227,0.0036596002577816227
2018/05/19 23:00:00,2018/05/20 00:00:00,2018/05/20 04:00:00,0.6606615079041953,0.6606615079041953,0.0,0.0,0.07620406369270816,0.0,0.13094360677997474,0.026779722120023,0.0,0.002866353705536267,0.3944485313585772,0.0,0.02941923024737597,0.0,0.0,0.0,0.0,0.0,0.0,0.0,0.0,0.0,0.0,0.0,0.0,0.0,0.0,0.0,0.0,0.0,0.0,0.0,0.0,0.0,0.0,0.0,0.002254268833109923,0.002254268833109923
2018/05/20 00:00:00,2018/05/20 01:00:00,2018/05/20 05:00:00,0.4315416535311505,0.4315416535311505,0.0,0.0,0.002464773234898296,0.0,0.06501908921459039,0.013297274945155983,0.0,0.0014232669458539432,0.34837649219674405,0.0,0.0009607569939078394,0.0,0.0,0.0,0.0,0.0,0.0,0.0,0.0,0.0,0.0,0.0,0.0,0.0,0.0,0.0,0.0,0.0,0.0,0.0,0.0,0.0,0.0,0.0,0.0014724800644584607,0.0014724800644584607
2018/05/20 01:00:00,2018/05/20 02:00:00,2018/05/20 06:00:00,0.3805268396945622,0.3805268396945622,0.0,0.0,0.0,0.0,0.03901145352875434,0.00797836496709361,0.0,0.0008539601675123682,0.3326830610312019,0.0,0.0,0.0,0.0,0.0,0.0,0.0,0.0,0.0,0.0,0.0,0.0,0.0,0.0,0.0,0.0,0.0,0.0,0.0,0.0,0.0,0.0,0.0,0.0,0.0,0.001298410433516071,0.001298410433516071
2018/05/20 02:00:00,2018/05/20 03:00:00,2018/05/20 07:00:00,0.41584966940688156,0.41584966940688156,0.08176069211886941,0.0,0.0,0.0,0.026007635685836212,0.005318909978062404,0.0,0.0005693067783415784,0.302193124845772,0.0,0.0,0.0,0.0,0.0,0.0,0.0,0.0,0.0,0.0,0.0,0.0,0.0,0.0,0.0,0.0,0.0,0.0,0.0,0.0,0.0,0.0,0.0,0.0,0.0,0.0014189368349562435,0.0014189368349562435
2018/05/20 03:00:00,2018/05/20 04:00:00,2018/05/20 08:00:00,0.7346654731633923,0.7346654731633923,0.41342438241462304,0.0,0.0,0.0,0.026007635685836212,0.005318909978062404,0.0,0.0005693067783415784,0.28934523830652903,0.0,0.0,0.0,0.0,0.0,0.0,0.0,0.0,0.0,0.0,0.0,0.0,0.0,0.0,0.0,0.0,0.0,0.0,0.0,0.0,0.0,0.0,0.0,0.0,0.0,0.0025067806419779358,0.0025067806419779358
2018/05/20 04:00:00,2018/05/20 05:00:00,2018/05/20 09:00:00,1.018647290152187,1.018647290152187,0.7125139609561022,0.0,0.0,0.0,0.027249552419694536,0.005572898590769679,0.0,0.0005964923181292811,0.27271438586749136,0.0,0.0,0.0,0.0,0.0,0.0,0.0,0.0,0.0,0.0,0.0,0.0,0.0,0.0,0.0,0.0,0.0,0.0,0.0,0.0,0.0,0.0,0.0,0.0,0.0,0.0034757660475883976,0.0034757660475883976
2018/05/20 05:00:00,2018/05/20 06:00:00,2018/05/20 10:00:00,1.3693756389655833,1.3693756389655833,0.9848555296106716,0.0,0.0,0.0,0.07103552208494862,0.014527716082253228,0.0,0.0015549665765280758,0.29740190461118204,0.0,0.0,0.0,0.0,0.0,0.0,0.0,0.0,0.0,0.0,0.0,0.0,0.0,0.0,0.0,0.0,0.0,0.0,0.0,0.0,0.0,0.0,0.0,0.0,0.0,0.004672499891105732,0.004672499891105732
2018/05/20 06:00:00,2018/05/20 07:00:00,2018/05/20 11:00:00,2.0516386117548207,2.0516386117548207,0.9444305700096867,0.0,0.0,0.0,0.1667717967174164,0.03410706702965493,0.0,0.0036506322779327363,0.3641745395086999,0.0,0.0,0.0,0.0,0.0,0.0,0.5385040062114299,0.0,0.0,0.0,0.0,0.0,0.0,0.0,0.0,0.0,0.0,0.0,0.0,0.0,0.0,0.0,0.0,0.0,0.0,0.007000475922920699,0.007000475922920699
2018/05/20 07:00:00,2018/05/20 08:00:00,2018/05/20 12:00:00,2.1637221946231295,2.1637221946231295,0.2077397767593119,0.0,0.0,0.0,0.21104540955177992,0.043161614083227134,0.0,0.004619781038425436,0.41574031457685573,0.0,0.0,0.0,0.0,0.0,0.0,1.2814152986135297,0.0,0.0,0.0,0.0,0.0,0.0,0.0,0.0,0.0,0.0,0.0,0.0,0.0,0.0,0.0,0.0,0.0,0.0,0.0073829206764599985,0.0073829206764599985
2018/05/20 08:00:00,2018/05/20 09:00:00,2018/05/20 13:00:00,1.9408752105996576,1.9408752105996576,0.02283259445320413,0.0,0.0,0.0,0.21211882851794048,0.043381142644712725,0.0,0.004643278164454789,0.33907849598849293,0.0,0.0,0.0,0.0,0.0,0.0,1.3188208708308526,0.0,0.0,0.0,0.0,0.0,0.0,0.0,0.0,0.0,0.0,0.0,0.0,0.0,0.0,0.0,0.0,0.0,0.0,0.006622535812764403,0.006622535812764403
2018/05/20 09:00:00,2018/05/20 10:00:00,2018/05/20 14:00:00,1.8428602123351854,1.8428602123351854,0.0,0.0,0.0,0.0,0.2062198728771374,0.04217472717515497,0.0,0.004514150108678676,0.2711305913433615,0.0,0.0,0.0,0.0,0.0,0.0,1.3188208708308526,0.0,0.0,0.0,0.0,0.0,0.0,0.0,0.0,0.0,0.0,0.0,0.0,0.0,0.0,0.0,0.0,0.0,0.0,0.006288095024067865,0.006288095024067865
2018/05/20 10:00:00,2018/05/20 11:00:00,2018/05/20 15:00:00,1.7329406746126244,1.7329406746126244,0.0,0.0,0.14984622778011064,0.0,0.19995148025023965,0.040892756891797895,0.0,0.004376935082487628,0.3023406964537858,0.0,0.0563742521269816,0.0,0.0,0.0,0.0,0.979158326027221,0.0,0.0,0.0,0.0,0.0,0.0,0.0,0.0,0.0,0.0,0.0,0.0,0.0,0.0,0.0,0.0,0.0,0.0,0.005913034293159123,0.005913034293159123
2018/05/20 11:00:00,2018/05/20 12:00:00,2018/05/20 16:00:00,1.7498363865627484,1.7498363865627484,0.0,0.0,0.333897491993128,0.0,0.19126679222895843,0.03911662182397593,0.0,0.004186827384193855,1.0593243384245115,0.0,0.12204431470798072,0.0,0.0,0.0,0.0,0.0,0.0,0.0,0.0,0.0,0.0,0.0,0.0,0.0,0.0,0.0,0.0,0.0,0.0,0.0,0.0,0.0,0.0,0.0,0.005970684809205065,0.005970684809205065
2018/05/20 12:00:00,2018/05/20 13:00:00,2018/05/20 17:00:00,1.1471339479128706,1.1471339479128706,0.0,0.0,0.4617472196753238,0.0,0.1849983996020602,0.03783465154061874,0.0,0.004049612358002795,0.2911673356785335,0.0,0.16733672905833183,0.0,0.0,0.0,0.0,0.0,0.0,0.0,0.0,0.0,0.0,0.0,0.0,0.0,0.0,0.0,0.0,0.0,0.0,0.0,0.0,0.0,0.0,0.0,0.0039141803711036285,0.0039141803711036285
2018/05/20 13:00:00,2018/05/20 14:00:00,2018/05/20 18:00:00,1.7822494005367921,1.7822494005367921,0.0,0.0,0.6310032991367018,0.0,0.1831538331348946,0.037457412982453704,0.0,0.004009234824052993,0.30196248987002017,0.0,0.2221279805589393,0.0,0.0,0.0,0.0,0.4025351500297295,0.0,0.0,0.0,0.0,0.0,0.0,0.0,0.0,0.0,0.0,0.0,0.0,0.0,0.0,0.0,0.0,0.0,0.0,0.006081282515162894,0.006081282515162894
2018/05/20 14:00:00,2018/05/20 15:00:00,2018/05/20 19:00:00,1.1900189924879176,1.1900189924879176,0.0,0.0,0.4560865229726954,0.0,0.1829823202090357,0.0374223362909875,0.0,0.004005480408525023,0.3361306675280402,0.0,0.1733916650786338,0.0,0.0,0.0,0.0,0.0,0.0,0.0,0.0,0.0,0.0,0.0,0.0,0.0,0.0,0.0,0.0,0.0,0.0,0.0,0.0,0.0,0.0,0.0,0.004060510100072911,0.004060510100072911
2018/05/20 15:00:00,2018/05/20 16:00:00,2018/05/20 20:00:00,0.8925092618416866,0.8925092618416866,0.0,0.0,0.22412290849577995,0.0,0.18310101194854259,0.037446610342085525,0.0,0.004008078569028756,0.3539692809295095,0.0,0.08986137155674012,0.0,0.0,0.0,0.0,0.0,0.0,0.0,0.0,0.0,0.0,0.0,0.0,0.0,0.0,0.0,0.0,0.0,0.0,0.0,0.0,0.0,0.0,0.0,0.003045365573989847,0.003045365573989847
2018/05/20 16:00:00,2018/05/20 17:00:00,2018/05/20 21:00:00,1.4851663575346308,1.4851663575346308,0.0,0.0,0.09679620663549098,0.0,0.18385073757031967,0.0375999392774278,0.0,0.0040244900523150485,1.1241196173939034,0.0,0.038775366605173826,0.0,0.0,0.0,0.0,0.0,0.0,0.0,0.0,0.0,0.0,0.0,0.0,0.0,0.0,0.0,0.0,0.0,0.0,0.0,0.0,0.0,0.0,0.0,0.005067593906589766,0.005067593906589766
2018/05/20 17:00:00,2018/05/20 18:00:00,2018/05/20 22:00:00,0.8729390067929845,0.8729390067929845,0.0,0.0,0.022185782075894712,0.0,0.18748354501607697,0.03834289707663064,0.0,0.004104012156064207,0.611945277432064,0.0,0.008877493036254054,0.0,0.0,0.0,0.0,0.0,0.0,0.0,0.0,0.0,0.0,0.0,0.0,0.0,0.0,0.0,0.0,0.0,0.0,0.0,0.0,0.0,0.0,0.0,0.0029785891453883813,0.0029785891453883813
2018/05/20 18:00:00,2018/05/20 19:00:00,2018/05/20 23:00:00,1.625742850038339,1.625742850038339,0.0,0.0,0.006746995926070694,0.0,0.20050274998910886,0.041005498939944623,0.0,0.004389002369296161,0.6343320589831604,0.0,0.0026964235753722935,0.0,0.0,0.0,0.0,0.7360701202553861,0.0,0.0,0.0,0.0,0.0,0.0,0.0,0.0,0.0,0.0,0.0,0.0,0.0,0.0,0.0,0.0,0.0,0.0,0.005547260425567553,0.005547260425567553
2018/05/20 19:00:00,2018/05/20 20:00:00,2018/05/21 00:00:00,1.1529019600227954,1.1529019600227954,0.0,0.0,0.0,0.0,0.23456450068467974,0.047971583355822994,0.0,0.0051346136116025955,0.579977755089703,0.0,0.0,0.0,0.0,0.0,0.0,0.28525350728098736,0.0,0.0,0.0,0.0,0.0,0.0,0.0,0.0,0.0,0.0,0.0,0.0,0.0,0.0,0.0,0.0,0.0,0.0,0.003933861629619282,0.003933861629619282
2018/05/20 20:00:00,2018/05/20 21:00:00,2018/05/21 01:00:00,0.9741440594706819,0.9741440594706819,0.0,0.0,0.0,0.0,0.2979972219663822,0.0609444248027156,0.0,0.006523154985780348,0.6086792577158038,0.0,0.0,0.0,0.0,0.0,0.0,0.0,0.0,0.0,0.0,0.0,0.0,0.0,0.0,0.0,0.0,0.0,0.0,0.0,0.0,0.0,0.0,0.0,0.0,0.0,0.0033239148428523013,0.0033239148428523013
2018/05/20 21:00:00,2018/05/20 22:00:00,2018/05/21 02:00:00,2.02184509838161,2.02184509838161,0.1533659009040407,0.0,0.0,0.0,0.3772776461222946,0.0771583338331913,0.0,0.008258602352352653,1.4057846151697304,0.0,0.0,0.0,0.0,0.0,0.0,0.0,0.0,0.0,0.0,0.0,0.0,0.0,0.0,0.0,0.0,0.0,0.0,0.0,0.0,0.0,0.0,0.0,0.0,0.0,0.006898816316870496,0.006898816316870496
2018/05/20 22:00:00,2018/05/20 23:00:00,2018/05/21 03:00:00,2.346619058758652,2.346619058758652,0.7537061122381113,0.0,0.0,0.0,0.2987851671863192,0.061105570157991854,0.0,0.006540403095531294,0.46330240650435034,0.0,0.0,0.0,0.0,0.0,0.0,0.7631793995763481,0.0,0.0,0.0,0.0,0.0,0.0,0.0,0.0,0.0,0.0,0.0,0.0,0.0,0.0,0.0,0.0,0.0,0.0,0.008006990181889755,0.008006990181889755
2018/05/20 23:00:00,2018/05/21 00:00:00,2018/05/21 04:00:00,2.3725740724597677,2.3725740724597677,1.4226991529403858,0.0,0.0,0.0,0.13094360677997474,0.026779722120023,0.0,0.002866353705536267,0.3944485313585772,0.0,0.0,0.0,0.0,0.0,0.0,0.3948367055552708,0.0,0.0,0.0,0.0,0.0,0.0,0.0,0.0,0.0,0.0,0.0,0.0,0.0,0.0,0.0,0.0,0.0,0.0,0.008095552293878048,0.008095552293878048
2018/05/21 00:00:00,2018/05/21 01:00:00,2018/05/21 05:00:00,2.9490281184476532,2.9490281184476532,2.344980958575293,0.0,0.0,0.0,0.06501908921459039,0.013297274945155983,0.0,0.0014232669458539432,0.34837649219674405,0.0,0.0,0.0,0.0,0.0,0.0,0.1759310365700158,0.0,0.0,0.0,0.0,0.0,0.0,0.0,0.0,0.0,0.0,0.0,0.0,0.0,0.0,0.0,0.0,0.0,0.0,0.01006249357022534,0.01006249357022534
2018/05/21 01:00:00,2018/05/21 02:00:00,2018/05/21 06:00:00,3.275029319055549,3.275029319055549,2.8945024793609866,0.0,0.0,0.0,0.03901145352875434,0.00797836496709361,0.0,0.0008539601675123682,0.3326830610312019,0.0,0.0,0.0,0.0,0.0,0.0,0.0,0.0,0.0,0.0,0.0,0.0,0.0,0.0,0.0,0.0,0.0,0.0,0.0,0.0,0.0,0.0,0.0,0.0,0.0,0.011174854949380133,0.011174854949380133
2018/05/21 02:00:00,2018/05/21 03:00:00,2018/05/21 07:00:00,3.393267445874364,3.393267445874364,3.0591784685863517,0.0,0.0,0.0,0.026007635685836212,0.005318909978062404,0.0,0.0005693067783415784,0.302193124845772,0.0,0.0,0.0,0.0,0.0,0.0,0.0,0.0,0.0,0.0,0.0,0.0,0.0,0.0,0.0,0.0,0.0,0.0,0.0,0.0,0.0,0.0,0.0,0.0,0.0,0.011578299861765742,0.011578299861765742
2018/05/21 03:00:00,2018/05/21 04:00:00,2018/05/21 08:00:00,3.7644622530811995,3.7644622530811995,3.4432211623324305,0.0,0.0,0.0,0.026007635685836212,0.005318909978062404,0.0,0.0005693067783415784,0.28934523830652903,0.0,0.0,0.0,0.0,0.0,0.0,0.0,0.0,0.0,0.0,0.0,0.0,0.0,0.0,0.0,0.0,0.0,0.0,0.0,0.0,0.0,0.0,0.0,0.0,0.0,0.012844868104182491,0.012844868104182491
2018/05/21 04:00:00,2018/05/21 05:00:00,2018/05/21 09:00:00,4.102967303243729,4.102967303243729,3.7968339740476447,0.0,0.0,0.0,0.027249552419694536,0.005572898590769679,0.0,0.0005964923181292811,0.27271438586749136,0.0,0.0,0.0,0.0,0.0,0.0,0.0,0.0,0.0,0.0,0.0,0.0,0.0,0.0,0.0,0.0,0.0,0.0,0.0,0.0,0.0,0.0,0.0,0.0,0.0,0.013999894354845121,0.013999894354845121
2018/05/21 05:00:00,2018/05/21 06:00:00,2018/05/21 10:00:00,4.454141939324765,4.454141939324765,4.069621829969854,0.0,0.0,0.0,0.07103552208494862,0.014527716082253228,0.0,0.0015549665765280758,0.29740190461118204,0.0,0.0,0.0,0.0,0.0,0.0,0.0,0.0,0.0,0.0,0.0,0.0,0.0,0.0,0.0,0.0,0.0,0.0,0.0,0.0,0.0,0.0,0.0,0.0,0.0,0.01519815099251047,0.01519815099251047
2018/05/21 06:00:00,2018/05/21 07:00:00,2018/05/21 11:00:00,4.651034105578575,4.651034105578575,4.082330070044872,0.0,0.0,0.0,0.1667717967174164,0.03410706702965493,0.0,0.0036506322779327363,0.3641745395086999,0.0,0.0,0.0,0.0,0.0,0.0,0.0,0.0,0.0,0.0,0.0,0.0,0.0,0.0,0.0,0.0,0.0,0.0,0.0,0.0,0.0,0.0,0.0,0.0,0.0,0.015869974412763107,0.015869974412763107
2018/05/21 07:00:00,2018/05/21 08:00:00,2018/05/21 12:00:00,4.6779340755514065,4.6779340755514065,3.5311455487113004,0.0,0.0,0.0,0.21104540955177992,0.043161614083227134,0.0,0.004619781038425436,0.41574031457685573,0.0,0.0,0.0,0.0,0.0,0.0,0.47222140758981784,0.0,0.0,0.0,0.0,0.0,0.0,0.0,0.0,0.0,0.0,0.0,0.0,0.0,0.0,0.0,0.0,0.0,0.0,0.015961760846808146,0.015961760846808146
2018/05/21 08:00:00,2018/05/21 09:00:00,2018/05/21 13:00:00,3.994339069477038,3.994339069477038,2.2285590356753278,0.0,0.0,0.0,0.21211882851794048,0.043381142644712725,0.0,0.004643278164454789,0.41223871861423783,0.0,0.0,0.0,0.0,0.0,0.0,1.0933980658603644,0.0,0.0,0.0,0.0,0.0,0.0,0.0,0.0,0.0,0.0,0.0,0.0,0.0,0.0,0.0,0.0,0.0,0.0,0.013629239732400338,0.013629239732400338
2018/05/21 09:00:00,2018/05/21 10:00:00,2018/05/21 14:00:00,5.1876849368967894,5.1876849368967894,1.6792826452171725,0.0,0.0,0.0,0.2062198728771374,0.04217472717515497,0.0,0.004514150108678676,1.9366726706877924,0.0,0.0,0.0,0.0,0.0,0.0,1.3188208708308526,0.0,0.0,0.0,0.0,0.0,0.0,0.0,0.0,0.0,0.0,0.0,0.0,0.0,0.0,0.0,0.0,0.0,0.0,0.01770110159185496,0.01770110159185496
2018/05/21 10:00:00,2018/05/21 11:00:00,2018/05/21 15:00:00,3.1965002431639684,3.1965002431639684,0.9943370473453621,0.0,0.0,0.0,0.19995148025023965,0.040892756891797895,0.0,0.004376935082487628,0.6381211527632282,0.0,0.0,0.0,0.0,0.0,0.0,1.3188208708308526,0.0,0.0,0.0,0.0,0.0,0.0,0.0,0.0,0.0,0.0,0.0,0.0,0.0,0.0,0.0,0.0,0.0,0.0,0.010906902834481098,0.010906902834481098
2018/05/21 11:00:00,2018/05/21 12:00:00,2018/05/21 16:00:00,2.463844078623242,2.463844078623242,0.5209877799098284,0.0,0.0,0.0,0.19126679222895843,0.03911662182397593,0.0,0.004186827384193855,0.38946518644543276,0.0,0.0,0.0,0.0,0.0,0.0,1.3188208708308526,0.0,0.0,0.0,0.0,0.0,0.0,0.0,0.0,0.0,0.0,0.0,0.0,0.0,0.0,0.0,0.0,0.0,0.0,0.008406978232623532,0.008406978232623532
2018/05/21 12:00:00,2018/05/21 13:00:00,2018/05/21 17:00:00,2.254234129915963,2.254234129915963,0.12940274359191017,0.0,0.0,0.0,0.1849983996020602,0.03783465154061874,0.0,0.004049612358002795,1.1275389199469905,0.0,0.0,0.0,0.0,0.0,0.0,0.770409802876381,0.0,0.0,0.0,0.0,0.0,0.0,0.0,0.0,0.0,0.0,0.0,0.0,0.0,0.0,0.0,0.0,0.0,0.0,0.007691759972096222,0.007691759972096222
2018/05/21 13:00:00,2018/05/21 14:00:00,2018/05/21 18:00:00,0.5265829708114215,0.5265829708114215,0.0,0.0,0.0,0.0,0.1831538331348946,0.037457412982453704,0.0,0.004009234824052993,0.30196248987002017,0.0,0.0,0.0,0.0,0.0,0.0,0.0,0.0,0.0,0.0,0.0,0.0,0.0,0.0,0.0,0.0,0.0,0.0,0.0,0.0,0.0,0.0,0.0,0.0,0.0,0.0017967742405824545,0.0017967742405824545
2018/05/21 14:00:00,2018/05/21 15:00:00,2018/05/21 19:00:00,0.5687923085451049,0.5687923085451049,0.0,0.0,0.005899510455655048,0.0,0.1829823202090357,0.0374223362909875,0.0,0.004005480408525023,0.3361306675280402,0.0,0.0023519936528613675,0.0,0.0,0.0,0.0,0.0,0.0,0.0,0.0,0.0,0.0,0.0,0.0,0.0,0.0,0.0,0.0,0.0,0.0,0.0,0.0,0.0,0.0,0.0,0.001940798363951015,0.001940798363951015
2018/05/21 15:00:00,2018/05/21 16:00:00,2018/05/21 20:00:00,1.3667292162960936,1.3667292162960936,0.0,0.0,0.10268953125921287,0.0,0.18310101194854259,0.037446610342085525,0.0,0.004008078569028756,0.3235230700559683,0.0,0.04108490913316973,0.0,0.0,0.0,0.0,0.674876004988086,0.0,0.0,0.0,0.0,0.0,0.0,0.0,0.0,0.0,0.0,0.0,0.0,0.0,0.0,0.0,0.0,0.0,0.0,0.004663469929360281,0.004663469929360281
2018/05/21 16:00:00,2018/05/21 17:00:00,2018/05/21 21:00:00,1.0056419316230796,1.0056419316230796,0.0,0.0,0.24444451803804831,0.0,0.18385073757031967,0.0375999392774278,0.0,0.0040244900523150485,0.43776861228990366,0.0,0.09795363439506508,0.0,0.0,0.0,0.0,0.0,0.0,0.0,0.0,0.0,0.0,0.0,0.0,0.0,0.0,0.0,0.0,0.0,0.0,0.0,0.0,0.0,0.0,0.0,0.0034313899577983462,0.0034313899577983462
2018/05/21 17:00:00,2018/05/21 18:00:00,2018/05/21 22:00:00,1.3525378296731019,1.3525378296731019,0.0,0.0,0.36439158661928733,0.0,0.18748354501607697,0.03834289707663064,0.0,0.004104012156064207,0.611945277432064,0.0,0.1462705113729789,0.0,0.0,0.0,0.0,0.0,0.0,0.0,0.0,0.0,0.0,0.0,0.0,0.0,0.0,0.0,0.0,0.0,0.0,0.0,0.0,0.0,0.0,0.0,0.004615046946970542,0.004615046946970542
2018/05/21 18:00:00,2018/05/21 19:00:00,2018/05/21 23:00:00,1.6368906021219785,1.6368906021219785,0.0,0.0,0.3868942214706098,0.0,0.20050274998910886,0.041005498939944623,0.0,0.004389002369296161,0.6343320589831604,0.0,0.15558547982363577,0.0,0.0,0.0,0.0,0.21418159054622307,0.0,0.0,0.0,0.0,0.0,0.0,0.0,0.0,0.0,0.0,0.0,0.0,0.0,0.0,0.0,0.0,0.0,0.0,0.005585298104137784,0.005585298104137784
2018/05/21 19:00:00,2018/05/21 20:00:00,2018/05/22 00:00:00,2.6000626175631028,2.6000626175631028,0.0,0.0,0.2948518101903024,0.0,0.23456450068467974,0.047971583355822994,0.0,0.0051346136116025955,0.579977755089703,0.0,0.11874148380013927,0.0,0.0,0.0,0.0,1.3188208708308526,0.0,0.0,0.0,0.0,0.0,0.0,0.0,0.0,0.0,0.0,0.0,0.0,0.0,0.0,0.0,0.0,0.0,0.0,0.00887177480870683,0.00887177480870683
2018/05/21 20:00:00,2018/05/21 21:00:00,2018/05/22 01:00:00,1.4327127126550794,1.4327127126550794,0.0,0.0,0.0702996182452128,0.0,0.2979972219663822,0.0609444248027156,0.0,0.006523154985780348,0.5703875988428551,0.0,0.02834790632110325,0.0,0.0,0.0,0.0,0.39821278749103006,0.0,0.0,0.0,0.0,0.0,0.0,0.0,0.0,0.0,0.0,0.0,0.0,0.0,0.0,0.0,0.0,0.0,0.0,0.004888614784270239,0.004888614784270239
2018/05/21 21:00:00,2018/05/21 22:00:00,2018/05/22 02:00:00,1.2742818436281593,1.2742818436281593,0.0,0.0,0.0,0.0,0.3772776461222946,0.0771583338331913,0.0,0.008258602352352653,0.542573141541421,0.0,0.0,0.0,0.0,0.0,0.0,0.2690141197789,0.0,0.0,0.0,0.0,0.0,0.0,0.0,0.0,0.0,0.0,0.0,0.0,0.0,0.0,0.0,0.0,0.0,0.0,0.00434802665256135,0.00434802665256135
2018/05/21 22:00:00,2018/05/21 23:00:00,2018/05/22 03:00:00,1.3506387502158685,1.3506387502158685,0.2911866022625076,0.0,0.0,0.0,0.2987851671863192,0.061105570157991854,0.0,0.006540403095531294,0.46330240650435034,0.0,0.0,0.0,0.0,0.0,0.0,0.22971860100916847,0.0,0.0,0.0,0.0,0.0,0.0,0.0,0.0,0.0,0.0,0.0,0.0,0.0,0.0,0.0,0.0,0.0,0.0,0.004608567024073837,0.004608567024073837
2018/05/21 23:00:00,2018/05/22 00:00:00,2018/05/22 04:00:00,1.6945972486456493,1.6945972486456493,1.1395590346815383,0.0,0.0,0.0,0.13094360677997474,0.026779722120023,0.0,0.002866353705536267,0.3944485313585772,0.0,0.0,0.0,0.0,0.0,0.0,0.0,0.0,0.0,0.0,0.0,0.0,0.0,0.0,0.0,0.0,0.0,0.0,0.0,0.0,0.0,0.0,0.0,0.0,0.0,0.005782201197726925,0.005782201197726925
2018/05/22 00:00:00,2018/05/22 01:00:00,2018/05/22 05:00:00,2.6883197434311774,2.6883197434311774,2.2602036201288334,0.0,0.0,0.0,0.06501908921459039,0.013297274945155983,0.0,0.0014232669458539432,0.34837649219674405,0.0,0.0,0.0,0.0,0.0,0.0,0.0,0.0,0.0,0.0,0.0,0.0,0.0,0.0,0.0,0.0,0.0,0.0,0.0,0.0,0.0,0.0,0.0,0.0,0.0,0.009172920381385041,0.009172920381385041
2018/05/22 01:00:00,2018/05/22 02:00:00,2018/05/22 06:00:00,3.3830780277703805,3.3830780277703805,3.002551188075818,0.0,0.0,0.0,0.03901145352875434,0.00797836496709361,0.0,0.0008539601675123682,0.3326830610312019,0.0,0.0,0.0,0.0,0.0,0.0,0.0,0.0,0.0,0.0,0.0,0.0,0.0,0.0,0.0,0.0,0.0,0.0,0.0,0.0,0.0,0.0,0.0,0.0,0.0,0.01154353215184996,0.01154353215184996
2018/05/22 02:00:00,2018/05/22 03:00:00,2018/05/22 07:00:00,3.5604016790430397,3.5604016790430397,3.2263127017550275,0.0,0.0,0.0,0.026007635685836212,0.005318909978062404,0.0,0.0005693067783415784,0.302193124845772,0.0,0.0,0.0,0.0,0.0,0.0,0.0,0.0,0.0,0.0,0.0,0.0,0.0,0.0,0.0,0.0,0.0,0.0,0.0,0.0,0.0,0.0,0.0,0.0,0.0,0.012148585080853319,0.012148585080853319
2018/05/22 03:00:00,2018/05/22 04:00:00,2018/05/22 08:00:00,3.947416786445498,3.947416786445498,3.6261756956967286,0.0,0.0,0.0,0.026007635685836212,0.005318909978062404,0.0,0.0005693067783415784,0.28934523830652903,0.0,0.0,0.0,0.0,0.0,0.0,0.0,0.0,0.0,0.0,0.0,0.0,0.0,0.0,0.0,0.0,0.0,0.0,0.0,0.0,0.0,0.0,0.0,0.0,0.0,0.013469134385031285,0.013469134385031285
2018/05/22 04:00:00,2018/05/22 05:00:00,2018/05/22 09:00:00,4.805264874589647,4.805264874589647,4.029916929758038,0.0,0.0,0.0,0.027249552419694536,0.005572898590769679,0.0,0.0005964923181292811,0.27271438586749136,0.0,0.0,0.0,0.0,0.0,0.0,0.46921461563552497,0.0,0.0,0.0,0.0,0.0,0.0,0.0,0.0,0.0,0.0,0.0,0.0,0.0,0.0,0.0,0.0,0.0,0.0,0.016396231219809678,0.016396231219809678
2018/05/22 05:00:00,2018/05/22 06:00:00,2018/05/22 10:00:00,4.770472743231964,4.770472743231964,4.385952633877051,0.0,0.0,0.0,0.07103552208494862,0.014527716082253228,0.0,0.0015549665765280758,0.29740190461118204,0.0,0.0,0.0,0.0,0.0,0.0,0.0,0.0,0.0,0.0,0.0,0.0,0.0,0.0,0.0,0.0,0.0,0.0,0.0,0.0,0.0,0.0,0.0,0.0,0.0,0.01627751563487134,0.01627751563487134
2018/05/22 06:00:00,2018/05/22 07:00:00,2018/05/22 11:00:00,5.054432517500641,5.054432517500641,4.485728481966937,0.0,0.0,0.0,0.1667717967174164,0.03410706702965493,0.0,0.0036506322779327363,0.3641745395086999,0.0,0.0,0.0,0.0,0.0,0.0,0.0,0.0,0.0,0.0,0.0,0.0,0.0,0.0,0.0,0.0,0.0,0.0,0.0,0.0,0.0,0.0,0.0,0.0,0.0,0.017246425827658948,0.017246425827658948
2018/05/22 07:00:00,2018/05/22 08:00:00,2018/05/22 12:00:00,4.86414738408119,4.86414738408119,3.438519487504865,0.0,0.0,0.0,0.21104540955177992,0.043161614083227134,0.0,0.004619781038425436,0.5137976783926146,0.0,0.0,0.0,0.0,0.0,0.0,0.6530034135102777,0.0,0.0,0.0,0.0,0.0,0.0,0.0,0.0,0.0,0.0,0.0,0.0,0.0,0.0,0.0,0.0,0.0,0.0,0.01659714652117658,0.01659714652117658
2018/05/22 08:00:00,2018/05/22 09:00:00,2018/05/22 13:00:00,6.545446649056466,6.545446649056466,2.4168902027216363,0.0,0.0,0.0,0.21211882851794048,0.043381142644712725,0.0,0.004643278164454789,2.549592326176868,0.0,0.0,0.0,0.0,0.0,0.0,1.3188208708308526,0.0,0.0,0.0,0.0,0.0,0.0,0.0,0.0,0.0,0.0,0.0,0.0,0.0,0.0,0.0,0.0,0.0,0.0,0.022333973151484818,0.022333973151484818
2018/05/22 09:00:00,2018/05/22 10:00:00,2018/05/22 14:00:00,3.8706420292632306,3.8706420292632306,2.0277818169280457,0.0,0.0,0.0,0.2062198728771374,0.04217472717515497,0.0,0.004514150108678676,0.2711305913433615,0.0,0.0,0.0,0.0,0.0,0.0,1.3188208708308526,0.0,0.0,0.0,0.0,0.0,0.0,0.0,0.0,0.0,0.0,0.0,0.0,0.0,0.0,0.0,0.0,0.0,0.0,0.013207168249249291,0.013207168249249291
2018/05/22 10:00:00,2018/05/22 11:00:00,2018/05/22 15:00:00,3.1884902836924125,3.1884902836924125,1.356444587851416,0.0,0.0,0.0,0.19995148025023965,0.040892756891797895,0.0,0.004376935082487628,0.2680036527856186,0.0,0.0,0.0,0.0,0.0,0.0,1.3188208708308526,0.0,0.0,0.0,0.0,0.0,0.0,0.0,0.0,0.0,0.0,0.0,0.0,0.0,0.0,0.0,0.0,0.0,0.0,0.01087957174015341,0.01087957174015341
2018/05/22 11:00:00,2018/05/22 12:00:00,2018/05/22 16:00:00,2.134436861170884,2.134436861170884,0.8280507684062951,0.0,0.0,0.0,0.19126679222895843,0.03911662182397593,0.0,0.004186827384193855,0.2852620246662099,0.0,0.0,0.0,0.0,0.0,0.0,0.7865538266612506,0.0,0.0,0.0,0.0,0.0,0.0,0.0,0.0,0.0,0.0,0.0,0.0,0.0,0.0,0.0,0.0,0.0,0.0,0.007282995050888057,0.007282995050888057
2018/05/22 12:00:00,2018/05/22 13:00:00,2018/05/22 17:00:00,1.6161042970034918,1.6161042970034918,0.3749123216337398,0.0,0.0,0.0,0.1849983996020602,0.03783465154061874,0.0,0.004049612358002795,0.2911673356785335,0.0,0.0,0.0,0.0,0.0,0.0,0.7231419761905369,0.0,0.0,0.0,0.0,0.0,0.0,0.0,0.0,0.0,0.0,0.0,0.0,0.0,0.0,0.0,0.0,0.0,0.0,0.005514372343784704,0.005514372343784704
2018/05/22 13:00:00,2018/05/22 14:00:00,2018/05/22 18:00:00,0.5897840596492373,0.5897840596492373,0.06320108883781587,0.0,0.0,0.0,0.1831538331348946,0.037457412982453704,0.0,0.004009234824052993,0.30196248987002017,0.0,0.0,0.0,0.0,0.0,0.0,0.0,0.0,0.0,0.0,0.0,0.0,0.0,0.0,0.0,0.0,0.0,0.0,0.0,0.0,0.0,0.0,0.0,0.0,0.0,0.002012425134544268,0.002012425134544268
2018/05/22 14:00:00,2018/05/22 15:00:00,2018/05/22 19:00:00,0.5605408044365884,0.5605408044365884,0.0,0.0,0.0,0.0,0.1829823202090357,0.0374223362909875,0.0,0.004005480408525023,0.3361306675280402,0.0,0.0,0.0,0.0,0.0,0.0,0.0,0.0,0.0,0.0,0.0,0.0,0.0,0.0,0.0,0.0,0.0,0.0,0.0,0.0,0.0,0.0,0.0,0.0,0.0,0.0019126430857706424,0.0019126430857706424
2018/05/22 15:00:00,2018/05/22 16:00:00,2018/05/22 20:00:00,0.5480787709156252,0.5480787709156252,0.0,0.0,0.0,0.0,0.18310101194854259,0.037446610342085525,0.0,0.004008078569028756,0.3235230700559683,0.0,0.0,0.0,0.0,0.0,0.0,0.0,0.0,0.0,0.0,0.0,0.0,0.0,0.0,0.0,0.0,0.0,0.0,0.0,0.0,0.0,0.0,0.0,0.0,0.0,0.0018701208963780793,0.0018701208963780793
2018/05/22 16:00:00,2018/05/22 17:00:00,2018/05/22 21:00:00,0.6823854987256068,0.6823854987256068,0.0,0.0,0.0136173674222541,0.0,0.18385073757031967,0.0375999392774278,0.0,0.0040244900523150485,0.43776861228990366,0.0,0.005524352113386575,0.0,0.0,0.0,0.0,0.0,0.0,0.0,0.0,0.0,0.0,0.0,0.0,0.0,0.0,0.0,0.0,0.0,0.0,0.0,0.0,0.0,0.0,0.0,0.002328394107329131,0.002328394107329131
2018/05/22 17:00:00,2018/05/22 18:00:00,2018/05/22 22:00:00,0.9210098768208588,0.9210098768208588,0.0,0.0,0.0562155927477186,0.0,0.18748354501607697,0.03834289707663064,0.0,0.004104012156064207,0.611945277432064,0.0,0.02291855239230448,0.0,0.0,0.0,0.0,0.0,0.0,0.0,0.0,0.0,0.0,0.0,0.0,0.0,0.0,0.0,0.0,0.0,0.0,0.0,0.0,0.0,0.0,0.0,0.0031426136311315843,0.0031426136311315843
2018/05/22 18:00:00,2018/05/22 19:00:00,2018/05/22 23:00:00,0.946848362314874,0.946848362314874,0.0,0.0,0.04732507682644516,0.0,0.20050274998910886,0.041005498939944623,0.0,0.004389002369296161,0.6343320589831604,0.0,0.019293975206918647,0.0,0.0,0.0,0.0,0.0,0.0,0.0,0.0,0.0,0.0,0.0,0.0,0.0,0.0,0.0,0.0,0.0,0.0,0.0,0.0,0.0,0.0,0.0,0.003230778132691085,0.003230778132691085
2018/05/22 19:00:00,2018/05/22 20:00:00,2018/05/23 00:00:00,2.551432008450891,2.551432008450891,0.0,0.0,0.09552034873382702,0.0,0.23456450068467974,0.047971583355822994,0.0,0.0051346136116025955,0.9144398093778505,0.0,0.03894272051549707,0.0,0.0,0.0,0.0,1.2148584321716112,0.0,0.0,0.0,0.0,0.0,0.0,0.0,0.0,0.0,0.0,0.0,0.0,0.0,0.0,0.0,0.0,0.0,0.0,0.008705840415458195,0.008705840415458195
2018/05/22 20:00:00,2018/05/22 21:00:00,2018/05/23 01:00:00,10.025061670970915,10.025061670970915,0.0,0.0,0.054923013178953387,0.0,0.2979972219663822,0.0609444248027156,0.0,0.006523154985780348,8.263461404978052,0.0,0.022391580228177117,0.0,0.0,0.0,0.0,1.3188208708308526,0.0,0.0,0.0,0.0,0.0,0.0,0.0,0.0,0.0,0.0,0.0,0.0,0.0,0.0,0.0,0.0,0.0,0.0,0.03420690293667268,0.03420690293667268
2018/05/22 21:00:00,2018/05/22 22:00:00,2018/05/23 02:00:00,5.8763287593915585,5.8763287593915585,0.0,0.0,0.012145954649131242,0.0,0.3772776461222946,0.0771583338331913,0.0,0.008258602352352653,4.077715563596627,0.0,0.004951788007108855,0.0,0.0,0.0,0.0,1.3188208708308526,0.0,0.0,0.0,0.0,0.0,0.0,0.0,0.0,0.0,0.0,0.0,0.0,0.0,0.0,0.0,0.0,0.0,0.0,0.020050849969187032,0.020050849969187032
2018/05/22 22:00:00,2018/05/22 23:00:00,2018/05/23 03:00:00,4.134847222346156,4.134847222346156,0.14626967979934496,0.0,0.027583858144719774,0.0,0.2987851671863192,0.061105570157991854,0.0,0.006540403095531294,2.2644960014739133,0.0,0.011245671657483514,0.0,0.0,0.0,0.0,1.3188208708308526,0.0,0.0,0.0,0.0,0.0,0.0,0.0,0.0,0.0,0.0,0.0,0.0,0.0,0.0,0.0,0.0,0.0,0.0,0.014108673067052293,0.014108673067052293
2018/05/22 23:00:00,2018/05/23 00:00:00,2018/05/23 04:00:00,3.113852413635575,3.113852413635575,1.1941326124122622,0.0,0.0,0.0,0.13094360677997474,0.026779722120023,0.0,0.002866353705536267,0.44030924778692615,0.0,0.0,0.0,0.0,0.0,0.0,1.3188208708308526,0.0,0.0,0.0,0.0,0.0,0.0,0.0,0.0,0.0,0.0,0.0,0.0,0.0,0.0,0.0,0.0,0.0,0.0,0.010624896960064308,0.010624896960064308
2018/05/23 00:00:00,2018/05/23 01:00:00,2018/05/23 05:00:00,3.968462727342051,3.968462727342051,2.2215257332088547,0.0,0.0,0.0,0.06501908921459039,0.013297274945155983,0.0,0.0014232669458539432,0.34837649219674405,0.0,0.0,0.0,0.0,0.0,0.0,1.3188208708308526,0.0,0.0,0.0,0.0,0.0,0.0,0.0,0.0,0.0,0.0,0.0,0.0,0.0,0.0,0.0,0.0,0.0,0.0,0.013540946058723425,0.013540946058723425
2018/05/23 01:00:00,2018/05/23 02:00:00,2018/05/23 06:00:00,5.085258216526068,5.085258216526068,3.3028635867002416,0.0,0.0,0.0,0.03901145352875434,0.00797836496709361,0.0,0.0008539601675123682,0.41572998033161224,0.0,0.0,0.0,0.0,0.0,0.0,1.3188208708308526,0.0,0.0,0.0,0.0,0.0,0.0,0.0,0.0,0.0,0.0,0.0,0.0,0.0,0.0,0.0,0.0,0.0,0.0,0.017351607394528623,0.017351607394528623
2018/05/23 02:00:00,2018/05/23 03:00:00,2018/05/23 07:00:00,6.711501112157502,6.711501112157502,3.1159988061726387,0.0,0.0,0.0,0.026007635685836212,0.005318909978062404,0.0,0.0005693067783415784,2.24478558271177,0.0,0.0,0.0,0.0,0.0,0.0,1.3188208708308526,0.0,0.0,0.0,0.0,0.0,0.0,0.0,0.0,0.0,0.0,0.0,0.0,0.0,0.0,0.0,0.0,0.0,0.0,0.02290057404511786,0.02290057404511786
2018/05/23 03:00:00,2018/05/23 04:00:00,2018/05/23 08:00:00,5.626682048283856,5.626682048283856,3.508191511761994,0.0,0.0,0.0,0.026007635685836212,0.005318909978062404,0.0,0.0005693067783415784,1.952912189081599,0.0,0.0,0.0,0.0,0.0,0.0,0.13368249499802226,0.0,0.0,0.0,0.0,0.0,0.0,0.0,0.0,0.0,0.0,0.0,0.0,0.0,0.0,0.0,0.0,0.0,0.0,0.019199020714106375,0.019199020714106375
2018/05/23 04:00:00,2018/05/23 05:00:00,2018/05/23 09:00:00,5.962121690042164,5.962121690042164,3.961198140335,0.0,0.0,0.0,0.027249552419694536,0.005572898590769679,0.0,0.0005964923181292811,1.9675046063785704,0.0,0.0,0.0,0.0,0.0,0.0,0.0,0.0,0.0,0.0,0.0,0.0,0.0,0.0,0.0,0.0,0.0,0.0,0.0,0.0,0.0,0.0,0.0,0.0,0.0,0.0203435873654981,0.0203435873654981
2018/05/23 05:00:00,2018/05/23 06:00:00,2018/05/23 10:00:00,4.801817186470472,4.801817186470472,4.417297077115559,0.0,0.0,0.0,0.07103552208494862,0.014527716082253228,0.0,0.0015549665765280758,0.29740190461118204,0.0,0.0,0.0,0.0,0.0,0.0,0.0,0.0,0.0,0.0,0.0,0.0,0.0,0.0,0.0,0.0,0.0,0.0,0.0,0.0,0.0,0.0,0.0,0.0,0.0,0.01638446722905139,0.01638446722905139
2018/05/23 06:00:00,2018/05/23 07:00:00,2018/05/23 11:00:00,4.95452665840725,4.95452665840725,4.3858226228735475,0.0,0.0,0.0,0.1667717967174164,0.03410706702965493,0.0,0.0036506322779327363,0.3641745395086999,0.0,0.0,0.0,0.0,0.0,0.0,0.0,0.0,0.0,0.0,0.0,0.0,0.0,0.0,0.0,0.0,0.0,0.0,0.0,0.0,0.0,0.0,0.0,0.0,0.0,0.01690553315916711,0.01690553315916711
2018/05/23 07:00:00,2018/05/23 08:00:00,2018/05/23 12:00:00,4.363585404494071,4.363585404494071,3.689018285243782,0.0,0.0,0.0,0.21104540955177992,0.043161614083227134,0.0,0.004619781038425436,0.41574031457685573,0.0,0.0,0.0,0.0,0.0,0.0,0.0,0.0,0.0,0.0,0.0,0.0,0.0,0.0,0.0,0.0,0.0,0.0,0.0,0.0,0.0,0.0,0.0,0.0,0.0,0.014889159517056034,0.014889159517056034
2018/05/23 08:00:00,2018/05/23 09:00:00,2018/05/23 13:00:00,3.222534272905146,3.222534272905146,2.598567683798772,0.0,0.0,0.0,0.21211882851794048,0.043381142644712725,0.0,0.004643278164454789,0.33907849598849293,0.0,0.0,0.0,0.0,0.0,0.0,0.024744843790773192,0.0,0.0,0.0,0.0,0.0,0.0,0.0,0.0,0.0,0.0,0.0,0.0,0.0,0.0,0.0,0.0,0.0,0.0,0.01099573456017368,0.01099573456017368
2018/05/23 09:00:00,2018/05/23 10:00:00,2018/05/23 14:00:00,2.459448203085218,2.459448203085218,1.5575980646748158,0.0,0.0,0.0,0.2062198728771374,0.04217472717515497,0.0,0.004514150108678676,0.2711305913433615,0.0,0.0,0.0,0.0,0.0,0.0,0.3778107969060699,0.0,0.0,0.0,0.0,0.0,0.0,0.0,0.0,0.0,0.0,0.0,0.0,0.0,0.0,0.0,0.0,0.0,0.0,0.008391978894685662,0.008391978894685662
2018/05/23 10:00:00,2018/05/23 11:00:00,2018/05/23 15:00:00,1.253667031474386,1.253667031474386,0.7404422064642425,0.0,0.0,0.0,0.19995148025023965,0.040892756891797895,0.0,0.004376935082487628,0.2680036527856186,0.0,0.0,0.0,0.0,0.0,0.0,0.0,0.0,0.0,0.0,0.0,0.0,0.0,0.0,0.0,0.0,0.0,0.0,0.0,0.0,0.0,0.0,0.0,0.0,0.0,0.004277686050024831,0.004277686050024831
2018/05/23 11:00:00,2018/05/23 12:00:00,2018/05/23 16:00:00,1.073752215301249,1.073752215301249,0.15193763230883697,0.0,0.0,0.0,0.19126679222895843,0.03911662182397593,0.0,0.004186827384193855,0.2852620246662099,0.0,0.0,0.0,0.0,0.0,0.0,0.40198231688907393,0.0,0.0,0.0,0.0,0.0,0.0,0.0,0.0,0.0,0.0,0.0,0.0,0.0,0.0,0.0,0.0,0.0,0.0,0.0036637917064593845,0.0036637917064593845
2018/05/23 12:00:00,2018/05/23 13:00:00,2018/05/23 17:00:00,1.8368708700100678,1.8368708700100678,0.0,0.0,0.0,0.0,0.1849983996020602,0.03783465154061874,0.0,0.004049612358002795,0.2911673356785335,0.0,0.0,0.0,0.0,0.0,0.0,1.3188208708308526,0.0,0.0,0.0,0.0,0.0,0.0,0.0,0.0,0.0,0.0,0.0,0.0,0.0,0.0,0.0,0.0,0.0,0.0,0.006267658556114451,0.006267658556114451
2018/05/23 13:00:00,2018/05/23 14:00:00,2018/05/23 18:00:00,0.9849055053707366,0.9849055053707366,0.0,0.0,0.0,0.0,0.1831538331348946,0.037457412982453704,0.0,0.004009234824052993,0.30196248987002017,0.0,0.0,0.0,0.0,0.0,0.0,0.45832253455931515,0.0,0.0,0.0,0.0,0.0,0.0,0.0,0.0,0.0,0.0,0.0,0.0,0.0,0.0,0.0,0.0,0.0,0.0,0.003360634391064893,0.003360634391064893
2018/05/23 14:00:00,2018/05/23 15:00:00,2018/05/23 19:00:00,0.6885494093722608,0.6885494093722608,0.0,0.0,0.0919447840303123,0.0,0.1829823202090357,0.0374223362909875,0.0,0.004005480408525023,0.3361306675280402,0.0,0.036063820905359936,0.0,0.0,0.0,0.0,0.0,0.0,0.0,0.0,0.0,0.0,0.0,0.0,0.0,0.0,0.0,0.0,0.0,0.0,0.0,0.0,0.0,0.0,0.0,0.0023494262266437645,0.0023494262266437645
2018/05/23 15:00:00,2018/05/23 16:00:00,2018/05/23 20:00:00,1.043485952079702,1.043485952079702,0.0,0.0,0.2944648912061144,0.0,0.18310101194854259,0.037446610342085525,0.0,0.004008078569028756,0.4102905241736408,0.0,0.11417483584028987,0.0,0.0,0.0,0.0,0.0,0.0,0.0,0.0,0.0,0.0,0.0,0.0,0.0,0.0,0.0,0.0,0.0,0.0,0.0,0.0,0.0,0.0,0.0,0.00356051901226009,0.00356051901226009
2018/05/23 16:00:00,2018/05/23 17:00:00,2018/05/23 21:00:00,4.083471016581786,4.083471016581786,0.0,0.0,0.552667637531908,0.0,0.18385073757031967,0.0375999392774278,0.0,0.0040244900523150485,2.543219234212791,0.0,0.2122224496748384,0.0,0.0,0.0,0.0,0.5498865282621861,0.0,0.0,0.0,0.0,0.0,0.0,0.0,0.0,0.0,0.0,0.0,0.0,0.0,0.0,0.0,0.0,0.0,0.0,0.013933370316653737,0.013933370316653737
2018/05/23 17:00:00,2018/05/23 18:00:00,2018/05/23 22:00:00,5.298305001621949,5.298305001621949,0.0,0.0,0.7111064353425589,0.0,0.18748354501607697,0.03834289707663064,0.0,0.004104012156064207,3.9809165176957624,0.0,0.2720845101278231,0.0,0.0,0.0,0.0,0.10426708420703346,0.0,0.0,0.0,0.0,0.0,0.0,0.0,0.0,0.0,0.0,0.0,0.0,0.0,0.0,0.0,0.0,0.0,0.0,0.018078552618202164,0.018078552618202164
2018/05/23 18:00:00,2018/05/23 19:00:00,2018/05/23 23:00:00,1.7656506719518685,1.7656506719518685,0.0,0.0,0.6394522547704489,0.0,0.20050274998910886,0.041005498939944623,0.0,0.004389002369296161,0.6343320589831604,0.0,0.24596910689990958,0.0,0.0,0.0,0.0,0.0,0.0,0.0,0.0,0.0,0.0,0.0,0.0,0.0,0.0,0.0,0.0,0.0,0.0,0.0,0.0,0.0,0.0,0.0,0.0060246453476110184,0.0060246453476110184
2018/05/23 19:00:00,2018/05/23 20:00:00,2018/05/24 00:00:00,1.5675550911913043,1.5675550911913043,0.0,0.0,0.4995658596206972,0.0,0.23456450068467974,0.047971583355822994,0.0,0.0051346136116025955,0.5852505401043644,0.0,0.19506799381413759,0.0,0.0,0.0,0.0,0.0,0.0,0.0,0.0,0.0,0.0,0.0,0.0,0.0,0.0,0.0,0.0,0.0,0.0,0.0,0.0,0.0,0.0,0.0,0.0053487157099029485,0.0053487157099029485
2018/05/23 20:00:00,2018/05/23 21:00:00,2018/05/24 01:00:00,1.4358289497090508,1.4358289497090508,0.0,0.0,0.27127021340373564,0.0,0.2979972219663822,0.0609444248027156,0.0,0.006523154985780348,0.6892523505041285,0.0,0.10984158404630849,0.0,0.0,0.0,0.0,0.0,0.0,0.0,0.0,0.0,0.0,0.0,0.0,0.0,0.0,0.0,0.0,0.0,0.0,0.0,0.0,0.0,0.0,0.0,0.004899247817954364,0.004899247817954364
2018/05/23 21:00:00,2018/05/23 22:00:00,2018/05/24 02:00:00,1.0828972559680474,1.0828972559680474,0.0,0.0,0.055146740450205144,0.0,0.3772776461222946,0.0771583338331913,0.0,0.008258602352352653,0.542573141541421,0.0,0.02248279166858265,0.0,0.0,0.0,0.0,0.0,0.0,0.0,0.0,0.0,0.0,0.0,0.0,0.0,0.0,0.0,0.0,0.0,0.0,0.0,0.0,0.0,0.0,0.0,0.003694995855491895,0.003694995855491895
2018/05/23 22:00:00,2018/05/23 23:00:00,2018/05/24 03:00:00,0.8297335469441927,0.8297335469441927,0.0,0.0,0.0,0.0,0.2987851671863192,0.061105570157991854,0.0,0.006540403095531294,0.46330240650435034,0.0,0.0,0.0,0.0,0.0,0.0,0.0,0.0,0.0,0.0,0.0,0.0,0.0,0.0,0.0,0.0,0.0,0.0,0.0,0.0,0.0,0.0,0.0,0.0,0.0,0.0028311661149983056,0.0028311661149983056
2018/05/23 23:00:00,2018/05/24 00:00:00,2018/05/24 04:00:00,0.776142705840267,0.776142705840267,0.2211044918761559,0.0,0.0,0.0,0.13094360677997474,0.026779722120023,0.0,0.002866353705536267,0.3944485313585772,0.0,0.0,0.0,0.0,0.0,0.0,0.0,0.0,0.0,0.0,0.0,0.0,0.0,0.0,0.0,0.0,0.0,0.0,0.0,0.0,0.0,0.0,0.0,0.0,0.0,0.0026483067212007714,0.0026483067212007714
2018/05/24 00:00:00,2018/05/24 01:00:00,2018/05/24 05:00:00,3.051313902039155,3.051313902039155,1.5893565251855863,0.0,0.0,0.0,0.06501908921459039,0.013297274945155983,0.0,0.0014232669458539432,1.3822177457479687,0.0,0.0,0.0,0.0,0.0,0.0,0.0,0.0,0.0,0.0,0.0,0.0,0.0,0.0,0.0,0.0,0.0,0.0,0.0,0.0,0.0,0.0,0.0,0.0,0.0,0.010411506871684377,0.010411506871684377
2018/05/24 01:00:00,2018/05/24 02:00:00,2018/05/24 06:00:00,2.3049208714339584,2.3049208714339584,1.9243940317393962,0.0,0.0,0.0,0.03901145352875434,0.00797836496709361,0.0,0.0008539601675123682,0.3326830610312019,0.0,0.0,0.0,0.0,0.0,0.0,0.0,0.0,0.0,0.0,0.0,0.0,0.0,0.0,0.0,0.0,0.0,0.0,0.0,0.0,0.0,0.0,0.0,0.0,0.0,0.007864710174717205,0.007864710174717205
2018/05/24 02:00:00,2018/05/24 03:00:00,2018/05/24 07:00:00,2.5906094517803835,2.5906094517803835,2.232592360061908,0.0,0.0,0.0,0.026007635685836212,0.005318909978062404,0.0,0.0005693067783415784,0.302193124845772,0.0,0.0,0.0,0.0,0.0,0.0,0.023928114430463013,0.0,0.0,0.0,0.0,0.0,0.0,0.0,0.0,0.0,0.0,0.0,0.0,0.0,0.0,0.0,0.0,0.0,0.0,0.008839519293979164,0.008839519293979164
2018/05/24 03:00:00,2018/05/24 04:00:00,2018/05/24 08:00:00,3.434901299713746,3.434901299713746,2.7351933286192915,0.0,0.0,0.0,0.026007635685836212,0.005318909978062404,0.0,0.0005693067783415784,0.28934523830652903,0.0,0.0,0.0,0.0,0.0,0.0,0.37846688034568493,0.0,0.0,0.0,0.0,0.0,0.0,0.0,0.0,0.0,0.0,0.0,0.0,0.0,0.0,0.0,0.0,0.0,0.0,0.011720360354150267,0.011720360354150267
2018/05/24 04:00:00,2018/05/24 05:00:00,2018/05/24 09:00:00,3.4234141887761442,3.4234141887761442,3.11728085958006,0.0,0.0,0.0,0.027249552419694536,0.005572898590769679,0.0,0.0005964923181292811,0.27271438586749136,0.0,0.0,0.0,0.0,0.0,0.0,0.0,0.0,0.0,0.0,0.0,0.0,0.0,0.0,0.0,0.0,0.0,0.0,0.0,0.0,0.0,0.0,0.0,0.0,0.0,0.011681164736032212,0.011681164736032212
2018/05/24 05:00:00,2018/05/24 06:00:00,2018/05/24 10:00:00,3.7225612393240355,3.7225612393240355,3.3380411299691235,0.0,0.0,0.0,0.07103552208494862,0.014527716082253228,0.0,0.0015549665765280758,0.29740190461118204,0.0,0.0,0.0,0.0,0.0,0.0,0.0,0.0,0.0,0.0,0.0,0.0,0.0,0.0,0.0,0.0,0.0,0.0,0.0,0.0,0.0,0.0,0.0,0.0,0.0,0.01270189602504907,0.01270189602504907
2018/05/24 06:00:00,2018/05/24 07:00:00,2018/05/24 11:00:00,3.479959740150908,3.479959740150908,2.9112557046172043,0.0,0.0,0.0,0.1667717967174164,0.03410706702965493,0.0,0.0036506322779327363,0.3641745395086999,0.0,0.0,0.0,0.0,0.0,0.0,0.0,0.0,0.0,0.0,0.0,0.0,0.0,0.0,0.0,0.0,0.0,0.0,0.0,0.0,0.0,0.0,0.0,0.0,0.0,0.011874106011693197,0.011874106011693197
2018/05/24 07:00:00,2018/05/24 08:00:00,2018/05/24 12:00:00,2.494385969837175,2.494385969837175,1.4351471162523697,0.0,0.0,0.0,0.21104540955177992,0.043161614083227134,0.0,0.004619781038425436,0.41574031457685573,0.0,0.0,0.0,0.0,0.0,0.0,0.38467173433451723,0.0,0.0,0.0,0.0,0.0,0.0,0.0,0.0,0.0,0.0,0.0,0.0,0.0,0.0,0.0,0.0,0.0,0.0,0.008511191407818516,0.008511191407818516
2018/05/24 08:00:00,2018/05/24 09:00:00,2018/05/24 13:00:00,2.5330932469555987,2.5330932469555987,0.6150506308091449,0.0,0.0,0.0,0.21211882851794048,0.043381142644712725,0.0,0.004643278164454789,0.33907849598849293,0.0,0.0,0.0,0.0,0.0,0.0,1.3188208708308526,0.0,0.0,0.0,0.0,0.0,0.0,0.0,0.0,0.0,0.0,0.0,0.0,0.0,0.0,0.0,0.0,0.0,0.0,0.008643266013919626,0.008643266013919626
2018/05/24 09:00:00,2018/05/24 10:00:00,2018/05/24 14:00:00,1.8658964841771395,1.8658964841771395,0.023036271841954163,0.0,0.0,0.0,0.2062198728771374,0.04217472717515497,0.0,0.004514150108678676,0.2711305913433615,0.0,0.0,0.0,0.0,0.0,0.0,1.3188208708308526,0.0,0.0,0.0,0.0,0.0,0.0,0.0,0.0,0.0,0.0,0.0,0.0,0.0,0.0,0.0,0.0,0.0,0.0,0.0063666979834094825,0.0063666979834094825
2018/05/24 10:00:00,2018/05/24 11:00:00,2018/05/24 15:00:00,1.3938849882757631,1.3938849882757631,0.0,0.0,0.022107218471778045,0.0,0.19995148025023965,0.040892756891797895,0.0,0.004376935082487628,0.2680036527856186,0.0,0.008826119784553563,0.0,0.0,0.0,0.0,0.8497268250092878,0.0,0.0,0.0,0.0,0.0,0.0,0.0,0.0,0.0,0.0,0.0,0.0,0.0,0.0,0.0,0.0,0.0,0.0,0.004756129195384428,0.004756129195384428
2018/05/24 11:00:00,2018/05/24 12:00:00,2018/05/24 16:00:00,0.7227385139480419,0.7227385139480419,0.0,0.0,0.14566275995498248,0.0,0.19126679222895843,0.03911662182397593,0.0,0.004186827384193855,0.2852620246662099,0.0,0.05724348788972134,0.0,0.0,0.0,0.0,0.0,0.0,0.0,0.0,0.0,0.0,0.0,0.0,0.0,0.0,0.0,0.0,0.0,0.0,0.0,0.0,0.0,0.0,0.0,0.002466084200439773,0.002466084200439773
2018/05/24 12:00:00,2018/05/24 13:00:00,2018/05/24 17:00:00,0.9073163718934419,0.9073163718934419,0.0,0.0,0.28095203514480815,0.0,0.1849983996020602,0.03783465154061874,0.0,0.004049612358002795,0.2911673356785335,0.0,0.10831433756941851,0.0,0.0,0.0,0.0,0.0,0.0,0.0,0.0,0.0,0.0,0.0,0.0,0.0,0.0,0.0,0.0,0.0,0.0,0.0,0.0,0.0,0.0,0.0,0.0030958894902446154,0.0030958894902446154
2018/05/24 13:00:00,2018/05/24 14:00:00,2018/05/24 18:00:00,1.140962860721516,1.140962860721516,0.0,0.0,0.44522221750651897,0.0,0.1831538331348946,0.037457412982453704,0.0,0.004009234824052993,0.30196248987002017,0.0,0.16915767240357557,0.0,0.0,0.0,0.0,0.0,0.0,0.0,0.0,0.0,0.0,0.0,0.0,0.0,0.0,0.0,0.0,0.0,0.0,0.0,0.0,0.0,0.0,0.0,0.0038931237644216307,0.0038931237644216307
2018/05/24 14:00:00,2018/05/24 15:00:00,2018/05/24 19:00:00,1.4864555252831695,1.4864555252831695,0.0,0.0,0.6397713995346405,0.0,0.1829823202090357,0.0374223362909875,0.0,0.004005480408525023,0.3835221618001209,0.0,0.2387518270398599,0.0,0.0,0.0,0.0,0.0,0.0,0.0,0.0,0.0,0.0,0.0,0.0,0.0,0.0,0.0,0.0,0.0,0.0,0.0,0.0,0.0,0.0,0.0,0.0050719927260175855,0.0050719927260175855
2018/05/24 15:00:00,2018/05/24 16:00:00,2018/05/24 20:00:00,2.8110359825189675,2.8110359825189675,0.0,0.0,0.8606431298022399,0.0,0.18310101194854259,0.037446610342085525,0.0,0.004008078569028756,1.407457344766036,0.0,0.3183798070910344,0.0,0.0,0.0,0.0,0.0,0.0,0.0,0.0,0.0,0.0,0.0,0.0,0.0,0.0,0.0,0.0,0.0,0.0,0.0,0.0,0.0,0.0,0.0,0.009591645234857489,0.009591645234857489
2018/05/24 16:00:00,2018/05/24 17:00:00,2018/05/24 21:00:00,2.663408820480045,2.663408820480045,0.0,0.0,0.9686897608969719,0.0,0.18385073757031967,0.0375999392774278,0.0,0.0040244900523150485,0.789093130645679,0.0,0.3609449957239587,0.0,0.0,0.0,0.0,0.31920576631337255,0.0,0.0,0.0,0.0,0.0,0.0,0.0,0.0,0.0,0.0,0.0,0.0,0.0,0.0,0.0,0.0,0.0,0.0,0.009087920852063464,0.009087920852063464
2018/05/24 17:00:00,2018/05/24 18:00:00,2018/05/24 22:00:00,2.291782583604324,2.291782583604324,0.0,0.0,0.9925902620519631,0.0,0.18748354501607697,0.03834289707663064,0.0,0.004104012156064207,0.611945277432064,0.0,0.37387665486312716,0.0,0.0,0.0,0.0,0.08343993500839865,0.0,0.0,0.0,0.0,0.0,0.0,0.0,0.0,0.0,0.0,0.0,0.0,0.0,0.0,0.0,0.0,0.0,0.0,0.007819880511689423,0.007819880511689423
2018/05/24 18:00:00,2018/05/24 19:00:00,2018/05/24 23:00:00,2.695783307502493,2.695783307502493,0.0,0.0,0.9974246441248987,0.0,0.20050274998910886,0.041005498939944623,0.0,0.004389002369296161,0.6343320589831604,0.0,0.3819745749082727,0.0,0.0,0.0,0.0,0.4361547781878115,0.0,0.0,0.0,0.0,0.0,0.0,0.0,0.0,0.0,0.0,0.0,0.0,0.0,0.0,0.0,0.0,0.0,0.0,0.009198387098710922,0.009198387098710922
2018/05/24 19:00:00,2018/05/24 20:00:00,2018/05/25 00:00:00,3.3931614987528955,3.3931614987528955,0.0,0.0,0.8690566903577281,0.0,0.23456450068467974,0.047971583355822994,0.0,0.0051346136116025955,0.579977755089703,0.0,0.33763548482250655,0.0,0.0,0.0,0.0,1.3188208708308526,0.0,0.0,0.0,0.0,0.0,0.0,0.0,0.0,0.0,0.0,0.0,0.0,0.0,0.0,0.0,0.0,0.0,0.0,0.011577938355470874,0.011577938355470874
2018/05/24 20:00:00,2018/05/24 21:00:00,2018/05/25 01:00:00,3.003640347873841,3.003640347873841,0.0,0.0,0.534510644563242,0.0,0.2979972219663822,0.0609444248027156,0.0,0.006523154985780348,0.5703875988428551,0.0,0.21445643188201347,0.0,0.0,0.0,0.0,1.3188208708308526,0.0,0.0,0.0,0.0,0.0,0.0,0.0,0.0,0.0,0.0,0.0,0.0,0.0,0.0,0.0,0.0,0.0,0.0,0.01024883808285276,0.01024883808285276
2018/05/24 21:00:00,2018/05/24 22:00:00,2018/05/25 02:00:00,2.6842455039191857,2.6842455039191857,0.0,0.0,0.2558495337156414,0.0,0.3772776461222946,0.0771583338331913,0.0,0.008258602352352653,0.542573141541421,0.0,0.10430737552343185,0.0,0.0,0.0,0.0,1.3188208708308526,0.0,0.0,0.0,0.0,0.0,0.0,0.0,0.0,0.0,0.0,0.0,0.0,0.0,0.0,0.0,0.0,0.0,0.0,0.009159018510244336,0.009159018510244336
2018/05/24 22:00:00,2018/05/24 23:00:00,2018/05/25 03:00:00,1.1377093803727825,1.1377093803727825,0.0,0.0,0.05114060257663299,0.0,0.2987851671863192,0.061105570157991854,0.0,0.006540403095531294,0.46330240650435034,0.0,0.020849528079985434,0.0,0.0,0.0,0.0,0.23598570277197148,0.0,0.0,0.0,0.0,0.0,0.0,0.0,0.0,0.0,0.0,0.0,0.0,0.0,0.0,0.0,0.0,0.0,0.0,0.0038820224375522142,0.0038820224375522142
2018/05/24 23:00:00,2018/05/25 00:00:00,2018/05/25 04:00:00,0.5550382139641111,0.5550382139641111,0.0,0.0,0.0,0.0,0.13094360677997474,0.026779722120023,0.0,0.002866353705536267,0.3944485313585772,0.0,0.0,0.0,0.0,0.0,0.0,0.0,0.0,0.0,0.0,0.0,0.0,0.0,0.0,0.0,0.0,0.0,0.0,0.0,0.0,0.0,0.0,0.0,0.0,0.0,0.001893867482749932,0.001893867482749932
2018/05/25 00:00:00,2018/05/25 01:00:00,2018/05/25 05:00:00,1.030852740350446,1.030852740350446,0.6027366170481016,0.0,0.0,0.0,0.06501908921459039,0.013297274945155983,0.0,0.0014232669458539432,0.34837649219674405,0.0,0.0,0.0,0.0,0.0,0.0,0.0,0.0,0.0,0.0,0.0,0.0,0.0,0.0,0.0,0.0,0.0,0.0,0.0,0.0,0.0,0.0,0.0,0.0,0.0,0.003517412739043594,0.003517412739043594
2018/05/25 01:00:00,2018/05/25 02:00:00,2018/05/25 06:00:00,1.5508355247745043,1.5508355247745043,1.1703086850799418,0.0,0.0,0.0,0.03901145352875434,0.00797836496709361,0.0,0.0008539601675123682,0.3326830610312019,0.0,0.0,0.0,0.0,0.0,0.0,0.0,0.0,0.0,0.0,0.0,0.0,0.0,0.0,0.0,0.0,0.0,0.0,0.0,0.0,0.0,0.0,0.0,0.0,0.0,0.0052916662268839235,0.0052916662268839235
2018/05/25 02:00:00,2018/05/25 03:00:00,2018/05/25 07:00:00,1.6719693708133934,1.6719693708133934,1.3378803935253814,0.0,0.0,0.0,0.026007635685836212,0.005318909978062404,0.0,0.0005693067783415784,0.302193124845772,0.0,0.0,0.0,0.0,0.0,0.0,0.0,0.0,0.0,0.0,0.0,0.0,0.0,0.0,0.0,0.0,0.0,0.0,0.0,0.0,0.0,0.0,0.0,0.0,0.0,0.005704991735473721,0.005704991735473721
2018/05/25 03:00:00,2018/05/25 04:00:00,2018/05/25 08:00:00,2.1015868495560426,2.1015868495560426,1.7803457588072733,0.0,0.0,0.0,0.026007635685836212,0.005318909978062404,0.0,0.0005693067783415784,0.28934523830652903,0.0,0.0,0.0,0.0,0.0,0.0,0.0,0.0,0.0,0.0,0.0,0.0,0.0,0.0,0.0,0.0,0.0,0.0,0.0,0.0,0.0,0.0,0.0,0.0,0.0,0.007170906248279363,0.007170906248279363
2018/05/25 04:00:00,2018/05/25 05:00:00,2018/05/25 09:00:00,2.4999704988961233,2.4999704988961233,2.1938371697000387,0.0,0.0,0.0,0.027249552419694536,0.005572898590769679,0.0,0.0005964923181292811,0.27271438586749136,0.0,0.0,0.0,0.0,0.0,0.0,0.0,0.0,0.0,0.0,0.0,0.0,0.0,0.0,0.0,0.0,0.0,0.0,0.0,0.0,0.0,0.0,0.0,0.0,0.0,0.008530246596677815,0.008530246596677815
2018/05/25 05:00:00,2018/05/25 06:00:00,2018/05/25 10:00:00,2.886716683197123,2.886716683197123,2.5021965738422116,0.0,0.0,0.0,0.07103552208494862,0.014527716082253228,0.0,0.0015549665765280758,0.29740190461118204,0.0,0.0,0.0,0.0,0.0,0.0,0.0,0.0,0.0,0.0,0.0,0.0,0.0,0.0,0.0,0.0,0.0,0.0,0.0,0.0,0.0,0.0,0.0,0.0,0.0,0.00984987829787927,0.00984987829787927
2018/05/25 06:00:00,2018/05/25 07:00:00,2018/05/25 11:00:00,3.305364428482393,3.305364428482393,1.4526605668791162,0.0,0.0,0.0,0.1667717967174164,0.03410706702965493,0.0,0.0036506322779327363,0.3641745395086999,0.0,0.0,0.0,0.0,0.0,0.0,1.2839998260695729,0.0,0.0,0.0,0.0,0.0,0.0,0.0,0.0,0.0,0.0,0.0,0.0,0.0,0.0,0.0,0.0,0.0,0.0,0.011278362556394873,0.011278362556394873
2018/05/25 07:00:00,2018/05/25 08:00:00,2018/05/25 12:00:00,3.2248456552705007,3.2248456552705007,1.23145766518936,0.0,0.0,0.0,0.21104540955177992,0.043161614083227134,0.0,0.004619781038425436,0.41574031457685573,0.0,0.0,0.0,0.0,0.0,0.0,1.3188208708308526,0.0,0.0,0.0,0.0,0.0,0.0,0.0,0.0,0.0,0.0,0.0,0.0,0.0,0.0,0.0,0.0,0.0,0.0,0.01100362131786318,0.01100362131786318
2018/05/25 08:00:00,2018/05/25 09:00:00,2018/05/25 13:00:00,2.1152519359088275,2.1152519359088275,0.19720931976237388,0.0,0.0,0.0,0.21211882851794048,0.043381142644712725,0.0,0.004643278164454789,0.33907849598849293,0.0,0.0,0.0,0.0,0.0,0.0,1.3188208708308526,0.0,0.0,0.0,0.0,0.0,0.0,0.0,0.0,0.0,0.0,0.0,0.0,0.0,0.0,0.0,0.0,0.0,0.0,0.00721753342104225,0.00721753342104225
2018/05/25 09:00:00,2018/05/25 10:00:00,2018/05/25 14:00:00,1.8428602123351854,1.8428602123351854,0.0,0.0,0.0,0.0,0.2062198728771374,0.04217472717515497,0.0,0.004514150108678676,0.2711305913433615,0.0,0.0,0.0,0.0,0.0,0.0,1.3188208708308526,0.0,0.0,0.0,0.0,0.0,0.0,0.0,0.0,0.0,0.0,0.0,0.0,0.0,0.0,0.0,0.0,0.0,0.0,0.006288095024067865,0.006288095024067865
2018/05/25 10:00:00,2018/05/25 11:00:00,2018/05/25 15:00:00,1.1990726185034657,1.1990726185034657,0.0,0.0,0.1165898266661059,0.0,0.19995148025023965,0.040892756891797895,0.0,0.004376935082487628,0.2680036527856186,0.0,0.04413696722670096,0.0,0.0,0.0,0.0,0.5251209996005148,0.0,0.0,0.0,0.0,0.0,0.0,0.0,0.0,0.0,0.0,0.0,0.0,0.0,0.0,0.0,0.0,0.0,0.0,0.004091402329617549,0.004091402329617549
2018/05/25 11:00:00,2018/05/25 12:00:00,2018/05/25 16:00:00,1.3390519334175546,1.3390519334175546,0.0,0.0,0.3338451807153653,0.0,0.19126679222895843,0.03911662182397593,0.0,0.004186827384193855,0.2852620246662099,0.0,0.12215472993359056,0.0,0.0,0.0,0.0,0.3632197566652605,0.0,0.0,0.0,0.0,0.0,0.0,0.0,0.0,0.0,0.0,0.0,0.0,0.0,0.0,0.0,0.0,0.0,0.0,0.004569031195709546,0.004569031195709546
2018/05/25 12:00:00,2018/05/25 13:00:00,2018/05/25 17:00:00,2.238184934633738,2.238184934633738,0.0,0.0,0.475456107594852,0.0,0.1849983996020602,0.03783465154061874,0.0,0.004049612358002795,0.2911673356785335,0.0,0.17045386171087268,0.0,0.0,0.0,0.0,1.074224966148798,0.0,0.0,0.0,0.0,0.0,0.0,0.0,0.0,0.0,0.0,0.0,0.0,0.0,0.0,0.0,0.0,0.0,0.0,0.007636997888505207,0.007636997888505207
2018/05/25 13:00:00,2018/05/25 14:00:00,2018/05/25 18:00:00,1.4049068826927917,1.4049068826927917,0.0,0.0,0.648558336853608,0.0,0.1831538331348946,0.037457412982453704,0.0,0.004009234824052993,0.30196248987002017,0.0,0.22976557502776243,0.0,0.0,0.0,0.0,0.0,0.0,0.0,0.0,0.0,0.0,0.0,0.0,0.0,0.0,0.0,0.0,0.0,0.0,0.0,0.0,0.0,0.0,0.0,0.004793737430114124,0.004793737430114124
2018/05/25 14:00:00,2018/05/25 15:00:00,2018/05/25 19:00:00,2.6129672962206745,2.6129672962206745,0.0,0.0,0.8746465641988056,0.0,0.1829823202090357,0.0374223362909875,0.0,0.004005480408525023,0.6952930349181204,0.0,0.3059658157416307,0.0,0.0,0.0,0.0,0.5126517444535693,0.0,0.0,0.0,0.0,0.0,0.0,0.0,0.0,0.0,0.0,0.0,0.0,0.0,0.0,0.0,0.0,0.0,0.0,0.008915807364790423,0.008915807364790423
2018/05/25 15:00:00,2018/05/25 16:00:00,2018/05/25 20:00:00,1.9878054705294177,1.9878054705294177,0.0,0.0,1.0700208943591942,0.0,0.18310101194854259,0.037446610342085525,0.0,0.004008078569028756,0.3235230700559683,0.0,0.36970580525459806,0.0,0.0,0.0,0.0,0.0,0.0,0.0,0.0,0.0,0.0,0.0,0.0,0.0,0.0,0.0,0.0,0.0,0.0,0.0,0.0,0.0,0.0,0.0,0.006782668378418201,0.006782668378418201
2018/05/25 16:00:00,2018/05/25 17:00:00,2018/05/25 21:00:00,2.2941793948689186,2.2941793948689186,0.0,0.0,1.2114600702005556,0.0,0.18385073757031967,0.0375999392774278,0.0,0.0040244900523150485,0.43776861228990366,0.0,0.4194755454783971,0.0,0.0,0.0,0.0,0.0,0.0,0.0,0.0,0.0,0.0,0.0,0.0,0.0,0.0,0.0,0.0,0.0,0.0,0.0,0.0,0.0,0.0,0.0,0.007828058764649494,0.007828058764649494
2018/05/25 17:00:00,2018/05/25 18:00:00,2018/05/25 22:00:00,2.5801237499136866,2.5801237499136866,0.0,0.0,1.2918412404777015,0.0,0.18748354501607697,0.03834289707663064,0.0,0.004104012156064207,0.611945277432064,0.0,0.4464067777551495,0.0,0.0,0.0,0.0,0.0,0.0,0.0,0.0,0.0,0.0,0.0,0.0,0.0,0.0,0.0,0.0,0.0,0.0,0.0,0.0,0.0,0.0,0.0,0.008803740622710178,0.008803740622710178
2018/05/25 18:00:00,2018/05/25 19:00:00,2018/05/25 23:00:00,2.633669126783482,2.633669126783482,0.0,0.0,1.3024869152773935,0.0,0.20050274998910886,0.041005498939944623,0.0,0.004389002369296161,0.6343320589831604,0.0,0.45095290122457876,0.0,0.0,0.0,0.0,0.0,0.0,0.0,0.0,0.0,0.0,0.0,0.0,0.0,0.0,0.0,0.0,0.0,0.0,0.0,0.0,0.0,0.0,0.0,0.008986444886225723,0.008986444886225723
2018/05/25 19:00:00,2018/05/25 20:00:00,2018/05/26 00:00:00,3.406890474675671,3.406890474675671,0.0,0.0,1.2506932101006378,0.0,0.23456450068467974,0.047971583355822994,0.0,0.0051346136116025955,0.579977755089703,0.0,0.4415150858336048,0.0,0.0,0.0,0.0,0.8470337259996206,0.0,0.0,0.0,0.0,0.0,0.0,0.0,0.0,0.0,0.0,0.0,0.0,0.0,0.0,0.0,0.0,0.0,0.0,0.01162478352832105,0.01162478352832105
2018/05/25 20:00:00,2018/05/25 21:00:00,2018/05/26 01:00:00,3.4555168743234073,3.4555168743234073,0.0,0.0,0.878897346926176,0.0,0.2979972219663822,0.0609444248027156,0.0,0.006523154985780348,0.5703875988428551,0.0,0.32194625596864557,0.0,0.0,0.0,0.0,1.3188208708308526,0.0,0.0,0.0,0.0,0.0,0.0,0.0,0.0,0.0,0.0,0.0,0.0,0.0,0.0,0.0,0.0,0.0,0.0,0.011790703558292185,0.011790703558292185
2018/05/25 21:00:00,2018/05/25 22:00:00,2018/05/26 02:00:00,3.1163719008288155,3.1163719008288155,0.0,0.0,0.5738815186465912,0.0,0.3772776461222946,0.0771583338331913,0.0,0.008258602352352653,0.542573141541421,0.0,0.21840178750211198,0.0,0.0,0.0,0.0,1.3188208708308526,0.0,0.0,0.0,0.0,0.0,0.0,0.0,0.0,0.0,0.0,0.0,0.0,0.0,0.0,0.0,0.0,0.0,0.0,0.010633493800333023,0.010633493800333023
2018/05/25 22:00:00,2018/05/25 23:00:00,2018/05/26 03:00:00,1.305137028784065,1.305137028784065,0.0,0.0,0.32008026901240894,0.0,0.2987851671863192,0.061105570157991854,0.0,0.006540403095531294,0.46330240650435034,0.0,0.1265014167934788,0.0,0.0,0.0,0.0,0.028821796033984423,0.0,0.0,0.0,0.0,0.0,0.0,0.0,0.0,0.0,0.0,0.0,0.0,0.0,0.0,0.0,0.0,0.0,0.0,0.004453308830203944,0.004453308830203944
2018/05/25 23:00:00,2018/05/26 00:00:00,2018/05/26 04:00:00,0.7336762173341103,0.7336762173341103,0.0,0.0,0.1271701745225419,0.0,0.13094360677997474,0.026779722120023,0.0,0.002866353705536267,0.3944485313585772,0.0,0.05146782884745722,0.0,0.0,0.0,0.0,0.0,0.0,0.0,0.0,0.0,0.0,0.0,0.0,0.0,0.0,0.0,0.0,0.0,0.0,0.0,0.0,0.0,0.0,0.0,0.002503405163677411,0.002503405163677411
2018/05/26 00:00:00,2018/05/26 01:00:00,2018/05/26 05:00:00,0.4315188666710986,0.4315188666710986,0.0,0.0,0.002420007002812041,0.0,0.06501908921459039,0.013297274945155983,0.0,0.0014232669458539432,0.34837649219674405,0.0,0.0009827363659422727,0.0,0.0,0.0,0.0,0.0,0.0,0.0,0.0,0.0,0.0,0.0,0.0,0.0,0.0,0.0,0.0,0.0,0.0,0.0,0.0,0.0,0.0,0.0,0.001472402312526791,0.001472402312526791
2018/05/26 01:00:00,2018/05/26 02:00:00,2018/05/26 06:00:00,0.3805268396945622,0.3805268396945622,0.0,0.0,0.0,0.0,0.03901145352875434,0.00797836496709361,0.0,0.0008539601675123682,0.3326830610312019,0.0,0.0,0.0,0.0,0.0,0.0,0.0,0.0,0.0,0.0,0.0,0.0,0.0,0.0,0.0,0.0,0.0,0.0,0.0,0.0,0.0,0.0,0.0,0.0,0.0,0.001298410433516071,0.001298410433516071
2018/05/26 02:00:00,2018/05/26 03:00:00,2018/05/26 07:00:00,0.4041734989152718,0.4041734989152718,0.07008452162725964,0.0,0.0,0.0,0.026007635685836212,0.005318909978062404,0.0,0.0005693067783415784,0.302193124845772,0.0,0.0,0.0,0.0,0.0,0.0,0.0,0.0,0.0,0.0,0.0,0.0,0.0,0.0,0.0,0.0,0.0,0.0,0.0,0.0,0.0,0.0,0.0,0.0,0.0,0.0013790961193788946,0.0013790961193788946
2018/05/26 03:00:00,2018/05/26 04:00:00,2018/05/26 08:00:00,0.7040391115398605,0.7040391115398605,0.3827980207910914,0.0,0.0,0.0,0.026007635685836212,0.005318909978062404,0.0,0.0005693067783415784,0.28934523830652903,0.0,0.0,0.0,0.0,0.0,0.0,0.0,0.0,0.0,0.0,0.0,0.0,0.0,0.0,0.0,0.0,0.0,0.0,0.0,0.0,0.0,0.0,0.0,0.0,0.0,0.0024022792420121714,0.0024022792420121714
2018/05/26 04:00:00,2018/05/26 05:00:00,2018/05/26 09:00:00,0.9072864877945399,0.9072864877945399,0.6011531585984551,0.0,0.0,0.0,0.027249552419694536,0.005572898590769679,0.0,0.0005964923181292811,0.27271438586749136,0.0,0.0,0.0,0.0,0.0,0.0,0.0,0.0,0.0,0.0,0.0,0.0,0.0,0.0,0.0,0.0,0.0,0.0,0.0,0.0,0.0,0.0,0.0,0.0,0.0,0.003095787521548159,0.003095787521548159
2018/05/26 05:00:00,2018/05/26 06:00:00,2018/05/26 10:00:00,1.106614216589086,1.106614216589086,0.722094107234174,0.0,0.0,0.0,0.07103552208494862,0.014527716082253228,0.0,0.0015549665765280758,0.29740190461118204,0.0,0.0,0.0,0.0,0.0,0.0,0.0,0.0,0.0,0.0,0.0,0.0,0.0,0.0,0.0,0.0,0.0,0.0,0.0,0.0,0.0,0.0,0.0,0.0,0.0,0.003775921419497746,0.003775921419497746
2018/05/26 06:00:00,2018/05/26 07:00:00,2018/05/26 11:00:00,1.1750926269759132,1.1750926269759132,0.6063885914422091,0.0,0.0,0.0,0.1667717967174164,0.03410706702965493,0.0,0.0036506322779327363,0.3641745395086999,0.0,0.0,0.0,0.0,0.0,0.0,0.0,0.0,0.0,0.0,0.0,0.0,0.0,0.0,0.0,0.0,0.0,0.0,0.0,0.0,0.0,0.0,0.0,0.0,0.0,0.004009579267622782,0.004009579267622782
2018/05/26 07:00:00,2018/05/26 08:00:00,2018/05/26 12:00:00,1.6832242110676308,1.6832242110676308,0.13327385175731188,0.0,0.0,0.0,0.21104540955177992,0.043161614083227134,0.0,0.004619781038425436,0.41574031457685573,0.0,0.0,0.0,0.0,0.0,0.0,0.8753832400600308,0.0,0.0,0.0,0.0,0.0,0.0,0.0,0.0,0.0,0.0,0.0,0.0,0.0,0.0,0.0,0.0,0.0,0.0,0.005743394813756945,0.005743394813756945
2018/05/26 08:00:00,2018/05/26 09:00:00,2018/05/26 13:00:00,1.9197848862895788,1.9197848862895788,0.0017422701431252174,0.0,0.0,0.0,0.21211882851794048,0.043381142644712725,0.0,0.004643278164454789,0.33907849598849293,0.0,0.0,0.0,0.0,0.0,0.0,1.3188208708308526,0.0,0.0,0.0,0.0,0.0,0.0,0.0,0.0,0.0,0.0,0.0,0.0,0.0,0.0,0.0,0.0,0.0,0.0,0.006550572696700306,0.006550572696700306
2018/05/26 09:00:00,2018/05/26 10:00:00,2018/05/26 14:00:00,1.2052827360811198,1.2052827360811198,0.0,0.0,0.0,0.0,0.2062198728771374,0.04217472717515497,0.0,0.004514150108678676,0.2711305913433615,0.0,0.0,0.0,0.0,0.0,0.0,0.6812433945767875,0.0,0.0,0.0,0.0,0.0,0.0,0.0,0.0,0.0,0.0,0.0,0.0,0.0,0.0,0.0,0.0,0.0,0.0,0.004112592113399056,0.004112592113399056
2018/05/26 10:00:00,2018/05/26 11:00:00,2018/05/26 15:00:00,0.5768867457425074,0.5768867457425074,0.0,0.0,0.04595845813122248,0.0,0.19995148025023965,0.040892756891797895,0.0,0.004376935082487628,0.2680036527856186,0.0,0.017703462601141157,0.0,0.0,0.0,0.0,0.0,0.0,0.0,0.0,0.0,0.0,0.0,0.0,0.0,0.0,0.0,0.0,0.0,0.0,0.0,0.0,0.0,0.0,0.0,0.0019684177080135368,0.0019684177080135368
2018/05/26 11:00:00,2018/05/26 12:00:00,2018/05/26 16:00:00,0.7427998387316781,0.7427998387316781,0.0,0.0,0.16193423437005236,0.0,0.19126679222895843,0.03911662182397593,0.0,0.004186827384193855,0.2852620246662099,0.0,0.061033338258287634,0.0,0.0,0.0,0.0,0.0,0.0,0.0,0.0,0.0,0.0,0.0,0.0,0.0,0.0,0.0,0.0,0.0,0.0,0.0,0.0,0.0,0.0,0.0,0.002534536227188098,0.002534536227188098
2018/05/26 12:00:00,2018/05/26 13:00:00,2018/05/26 17:00:00,0.8491813981060606,0.8491813981060606,0.0,0.0,0.241023733760187,0.0,0.1849983996020602,0.03783465154061874,0.0,0.004049612358002795,0.2911673356785335,0.0,0.09010766516665844,0.0,0.0,0.0,0.0,0.0,0.0,0.0,0.0,0.0,0.0,0.0,0.0,0.0,0.0,0.0,0.0,0.0,0.0,0.0,0.0,0.0,0.0,0.0,0.002897524884535575,0.002897524884535575
2018/05/26 13:00:00,2018/05/26 14:00:00,2018/05/26 18:00:00,2.042252540699619,2.042252540699619,0.0,0.0,0.3310825976297561,0.0,0.1831538331348946,0.037457412982453704,0.0,0.004009234824052993,0.30196248987002017,0.0,0.12787182005486455,0.0,0.0,0.0,0.0,1.056715152203577,0.0,0.0,0.0,0.0,0.0,0.0,0.0,0.0,0.0,0.0,0.0,0.0,0.0,0.0,0.0,0.0,0.0,0.0,0.00696844934472301,0.00696844934472301
2018/05/26 14:00:00,2018/05/26 15:00:00,2018/05/26 19:00:00,1.4460325537207503,1.4460325537207503,0.0,0.0,0.3905681164340629,0.0,0.1829823202090357,0.0374223362909875,0.0,0.004005480408525023,0.3361306675280402,0.0,0.1465208139185644,0.0,0.0,0.0,0.0,0.3484028189315346,0.0,0.0,0.0,0.0,0.0,0.0,0.0,0.0,0.0,0.0,0.0,0.0,0.0,0.0,0.0,0.0,0.0,0.0,0.004934063932157743,0.004934063932157743
2018/05/26 15:00:00,2018/05/26 16:00:00,2018/05/26 20:00:00,1.3893036609795602,1.3893036609795602,0.0,0.0,0.622430773792394,0.0,0.18310101194854259,0.037446610342085525,0.0,0.004008078569028756,0.3235230700559683,0.0,0.21879411627154102,0.0,0.0,0.0,0.0,0.0,0.0,0.0,0.0,0.0,0.0,0.0,0.0,0.0,0.0,0.0,0.0,0.0,0.0,0.0,0.0,0.0,0.0,0.0,0.004740497070287768,0.004740497070287768
2018/05/26 16:00:00,2018/05/26 17:00:00,2018/05/26 21:00:00,1.9446152272340487,1.9446152272340487,0.0,0.0,0.9581036924332477,0.0,0.18385073757031967,0.0375999392774278,0.0,0.0040244900523150485,0.43776861228990366,0.0,0.32326775561083493,0.0,0.0,0.0,0.0,0.0,0.0,0.0,0.0,0.0,0.0,0.0,0.0,0.0,0.0,0.0,0.0,0.0,0.0,0.0,0.0,0.0,0.0,0.0,0.006635297269022036,0.006635297269022036
2018/05/26 17:00:00,2018/05/26 18:00:00,2018/05/26 22:00:00,2.403935499967125,2.403935499967125,0.0,0.0,1.172176114622365,0.0,0.18748354501607697,0.03834289707663064,0.0,0.004104012156064207,0.611945277432064,0.0,0.38988365366392463,0.0,0.0,0.0,0.0,0.0,0.0,0.0,0.0,0.0,0.0,0.0,0.0,0.0,0.0,0.0,0.0,0.0,0.0,0.0,0.0,0.0,0.0,0.0,0.008202561840742589,0.008202561840742589
2018/05/26 18:00:00,2018/05/26 19:00:00,2018/05/26 23:00:00,3.9845512371219427,3.9845512371219427,0.0,0.0,1.3498107024562551,0.0,0.20050274998910886,0.041005498939944623,0.0,0.004389002369296161,0.6343320589831604,0.0,0.4516915987168319,0.0,0.0,0.0,0.0,1.3028196256673457,0.0,0.0,0.0,0.0,0.0,0.0,0.0,0.0,0.0,0.0,0.0,0.0,0.0,0.0,0.0,0.0,0.0,0.0,0.013595842288841394,0.013595842288841394
2018/05/26 19:00:00,2018/05/26 20:00:00,2018/05/27 00:00:00,4.112601720177675,4.112601720177675,0.0,0.0,1.1253512236286016,0.0,0.23456450068467974,0.047971583355822994,0.0,0.0051346136116025955,0.9942024412687047,0.0,0.38655648679740984,0.0,0.0,0.0,0.0,1.3188208708308526,0.0,0.0,0.0,0.0,0.0,0.0,0.0,0.0,0.0,0.0,0.0,0.0,0.0,0.0,0.0,0.0,0.0,0.0,0.014032768323677173,0.014032768323677173
2018/05/26 20:00:00,2018/05/26 21:00:00,2018/05/27 01:00:00,2.875783784801182,2.875783784801182,0.0,0.0,0.8210945561154461,0.0,0.2979972219663822,0.0609444248027156,0.0,0.006523154985780348,0.5703875988428551,0.0,0.2924664969369227,0.0,0.0,0.0,0.0,0.8263703311510799,0.0,0.0,0.0,0.0,0.0,0.0,0.0,0.0,0.0,0.0,0.0,0.0,0.0,0.0,0.0,0.0,0.0,0.0,0.009812573729935374,0.009812573729935374
2018/05/26 21:00:00,2018/05/26 22:00:00,2018/05/27 02:00:00,1.8196872514606925,1.8196872514606925,0.0,0.0,0.5961671732623195,0.0,0.3772776461222946,0.0771583338331913,0.0,0.008258602352352653,0.542573141541421,0.0,0.2182523543491133,0.0,0.0,0.0,0.0,0.0,0.0,0.0,0.0,0.0,0.0,0.0,0.0,0.0,0.0,0.0,0.0,0.0,0.0,0.0,0.0,0.0,0.0,0.0,0.006209025662760654,0.006209025662760654
2018/05/26 22:00:00,2018/05/26 23:00:00,2018/05/27 03:00:00,1.3925062421999124,1.3925062421999124,0.0,0.0,0.4097004215351576,0.0,0.2987851671863192,0.061105570157991854,0.0,0.006540403095531294,0.46330240650435034,0.0,0.15307227372056204,0.0,0.0,0.0,0.0,0.0,0.0,0.0,0.0,0.0,0.0,0.0,0.0,0.0,0.0,0.0,0.0,0.0,0.0,0.0,0.0,0.0,0.0,0.0,0.004751424722261085,0.004751424722261085
2018/05/26 23:00:00,2018/05/27 00:00:00,2018/05/27 04:00:00,0.91577812938161,0.91577812938161,0.0,0.0,0.2624325499207667,0.0,0.13094360677997474,0.026779722120023,0.0,0.002866353705536267,0.3944485313585772,0.0,0.09830736549673202,0.0,0.0,0.0,0.0,0.0,0.0,0.0,0.0,0.0,0.0,0.0,0.0,0.0,0.0,0.0,0.0,0.0,0.0,0.0,0.0,0.0,0.0,0.0,0.0031247621821612723,0.0031247621821612723
2018/05/27 00:00:00,2018/05/27 01:00:00,2018/05/27 05:00:00,0.5814976959068839,0.5814976959068839,0.0,0.0,0.1425016226169658,0.0,0.06501908921459039,0.013297274945155983,0.0,0.0014232669458539432,0.3050892066174897,0.0,0.054167235566828016,0.0,0.0,0.0,0.0,0.0,0.0,0.0,0.0,0.0,0.0,0.0,0.0,0.0,0.0,0.0,0.0,0.0,0.0,0.0,0.0,0.0,0.0,0.0,0.0019841509104511217,0.0019841509104511217
2018/05/27 01:00:00,2018/05/27 02:00:00,2018/05/27 06:00:00,0.4056209859939071,0.4056209859939071,0.0,0.0,0.018023004613230687,0.0,0.03901145352875434,0.00797836496709361,0.0,0.0008539601675123682,0.3326830610312019,0.0,0.007071141686114251,0.0,0.0,0.0,0.0,0.0,0.0,0.0,0.0,0.0,0.0,0.0,0.0,0.0,0.0,0.0,0.0,0.0,0.0,0.0,0.0,0.0,0.0,0.0,0.001384035146352099,0.001384035146352099
2018/05/27 02:00:00,2018/05/27 03:00:00,2018/05/27 07:00:00,0.3340889772880122,0.3340889772880122,0.0,0.0,0.0,0.0,0.026007635685836212,0.005318909978062404,0.0,0.0005693067783415784,0.302193124845772,0.0,0.0,0.0,0.0,0.0,0.0,0.0,0.0,0.0,0.0,0.0,0.0,0.0,0.0,0.0,0.0,0.0,0.0,0.0,0.0,0.0,0.0,0.0,0.0,0.0,0.0011399579966071645,0.0011399579966071645
2018/05/27 03:00:00,2018/05/27 04:00:00,2018/05/27 08:00:00,0.3243070644288156,0.3243070644288156,0.0030659736800463587,0.0,0.0,0.0,0.026007635685836212,0.005318909978062404,0.0,0.0005693067783415784,0.28934523830652903,0.0,0.0,0.0,0.0,0.0,0.0,0.0,0.0,0.0,0.0,0.0,0.0,0.0,0.0,0.0,0.0,0.0,0.0,0.0,0.0,0.0,0.0,0.0,0.0,0.0,0.0011065807511904664,0.0011065807511904664
2018/05/27 04:00:00,2018/05/27 05:00:00,2018/05/27 09:00:00,0.5865187542834454,0.5865187542834454,0.28038542508736053,0.0,0.0,0.0,0.027249552419694536,0.005572898590769679,0.0,0.0005964923181292811,0.27271438586749136,0.0,0.0,0.0,0.0,0.0,0.0,0.0,0.0,0.0,0.0,0.0,0.0,0.0,0.0,0.0,0.0,0.0,0.0,0.0,0.0,0.0,0.0,0.0,0.0,0.0,0.0020012834590741138,0.0020012834590741138
2018/05/27 05:00:00,2018/05/27 06:00:00,2018/05/27 10:00:00,0.9055519362365374,0.9055519362365374,0.5210318268816255,0.0,0.0,0.0,0.07103552208494862,0.014527716082253228,0.0,0.0015549665765280758,0.29740190461118204,0.0,0.0,0.0,0.0,0.0,0.0,0.0,0.0,0.0,0.0,0.0,0.0,0.0,0.0,0.0,0.0,0.0,0.0,0.0,0.0,0.0,0.0,0.0,0.0,0.0,0.003089868990697116,0.003089868990697116
2018/05/27 06:00:00,2018/05/27 07:00:00,2018/05/27 11:00:00,1.6000037246924805,1.6000037246924805,0.5060244699781313,0.0,0.0,0.0,0.1667717967174164,0.03410706702965493,0.0,0.0036506322779327363,0.3641745395086999,0.0,0.0,0.0,0.0,0.0,0.0,0.525275219180645,0.0,0.0,0.0,0.0,0.0,0.0,0.0,0.0,0.0,0.0,0.0,0.0,0.0,0.0,0.0,0.0,0.0,0.0,0.005459434954635026,0.005459434954635026
2018/05/27 07:00:00,2018/05/27 08:00:00,2018/05/27 12:00:00,2.0750479799020884,2.0750479799020884,0.12102732889992013,0.0,0.0,0.0,0.21104540955177992,0.043161614083227134,0.0,0.004619781038425436,0.41574031457685573,0.0,0.0,0.0,0.0,0.0,0.0,1.2794535317518803,0.0,0.0,0.0,0.0,0.0,0.0,0.0,0.0,0.0,0.0,0.0,0.0,0.0,0.0,0.0,0.0,0.0,0.0,0.007080351938680398,0.007080351938680398
2018/05/27 08:00:00,2018/05/27 09:00:00,2018/05/27 13:00:00,2.0180176570863972,2.0180176570863972,0.09997504093994364,0.0,0.0,0.0,0.21211882851794048,0.043381142644712725,0.0,0.004643278164454789,0.33907849598849293,0.0,0.0,0.0,0.0,0.0,0.0,1.3188208708308526,0.0,0.0,0.0,0.0,0.0,0.0,0.0,0.0,0.0,0.0,0.0,0.0,0.0,0.0,0.0,0.0,0.0,0.0,0.006885756555526558,0.006885756555526558
2018/05/27 09:00:00,2018/05/27 10:00:00,2018/05/27 14:00:00,1.8428602123351854,1.8428602123351854,0.0,0.0,0.0,0.0,0.2062198728771374,0.04217472717515497,0.0,0.004514150108678676,0.2711305913433615,0.0,0.0,0.0,0.0,0.0,0.0,1.3188208708308526,0.0,0.0,0.0,0.0,0.0,0.0,0.0,0.0,0.0,0.0,0.0,0.0,0.0,0.0,0.0,0.0,0.0,0.0,0.006288095024067865,0.006288095024067865
2018/05/27 10:00:00,2018/05/27 11:00:00,2018/05/27 15:00:00,1.4345440869349348,1.4345440869349348,0.0,0.0,0.002893785406651476,0.0,0.19995148025023965,0.040892756891797895,0.0,0.004376935082487628,0.3023406964537858,0.0,0.0011179378616783082,0.0,0.0,0.0,0.0,0.8829704949882942,0.0,0.0,0.0,0.0,0.0,0.0,0.0,0.0,0.0,0.0,0.0,0.0,0.0,0.0,0.0,0.0,0.0,0.0,0.00489486368769725,0.00489486368769725
2018/05/27 11:00:00,2018/05/27 12:00:00,2018/05/27 16:00:00,1.5011706763053536,1.5011706763053536,0.0,0.0,0.15069810994101981,0.0,0.19126679222895843,0.03911662182397593,0.0,0.004186827384193855,1.0593243384245115,0.0,0.05657798650269431,0.0,0.0,0.0,0.0,0.0,0.0,0.0,0.0,0.0,0.0,0.0,0.0,0.0,0.0,0.0,0.0,0.0,0.0,0.0,0.0,0.0,0.0,0.0,0.005122202865290033,0.005122202865290033
2018/05/27 12:00:00,2018/05/27 13:00:00,2018/05/27 17:00:00,0.9831724670813263,0.9831724670813263,0.0,0.0,0.3407343024349353,0.0,0.1849983996020602,0.03783465154061874,0.0,0.004049612358002795,0.2911673356785335,0.0,0.1243881654671759,0.0,0.0,0.0,0.0,0.0,0.0,0.0,0.0,0.0,0.0,0.0,0.0,0.0,0.0,0.0,0.0,0.0,0.0,0.0,0.0,0.0,0.0,0.0,0.0033547210236964855,0.0033547210236964855
2018/05/27 13:00:00,2018/05/27 14:00:00,2018/05/27 18:00:00,1.7260810627867094,1.7260810627867094,0.0,0.0,0.585796303926092,0.0,0.1831538331348946,0.037457412982453704,0.0,0.004009234824052993,0.30196248987002017,0.0,0.21153638965961155,0.0,0.0,0.0,0.0,0.4021653983895842,0.0,0.0,0.0,0.0,0.0,0.0,0.0,0.0,0.0,0.0,0.0,0.0,0.0,0.0,0.0,0.0,0.0,0.0,0.0058896283447855795,0.0058896283447855795
2018/05/27 14:00:00,2018/05/27 15:00:00,2018/05/27 19:00:00,1.5691335280464693,1.5691335280464693,0.0,0.0,0.7363440485183097,0.0,0.1829823202090357,0.0374223362909875,0.0,0.004005480408525023,0.3361306675280402,0.0,0.27224867509157097,0.0,0.0,0.0,0.0,0.0,0.0,0.0,0.0,0.0,0.0,0.0,0.0,0.0,0.0,0.0,0.0,0.0,0.0,0.0,0.0,0.0,0.0,0.0,0.005354101555703044,0.005354101555703044
2018/05/27 15:00:00,2018/05/27 16:00:00,2018/05/27 20:00:00,1.4379461639550697,1.4379461639550697,0.0,0.0,0.6208183744042606,0.0,0.18310101194854259,0.037446610342085525,0.0,0.004008078569028756,0.3539692809295095,0.0,0.23860280776164272,0.0,0.0,0.0,0.0,0.0,0.0,0.0,0.0,0.0,0.0,0.0,0.0,0.0,0.0,0.0,0.0,0.0,0.0,0.0,0.0,0.0,0.0,0.0,0.0049064720470500724,0.0049064720470500724
2018/05/27 16:00:00,2018/05/27 17:00:00,2018/05/27 21:00:00,1.8798250933953484,1.8798250933953484,0.0,0.0,0.38048450747996443,0.0,0.18385073757031967,0.0375999392774278,0.0,0.0040244900523150485,1.1241196173939034,0.0,0.149745801621418,0.0,0.0,0.0,0.0,0.0,0.0,0.0,0.0,0.0,0.0,0.0,0.0,0.0,0.0,0.0,0.0,0.0,0.0,0.0,0.0,0.0,0.0,0.0,0.0064142243327934235,0.0064142243327934235
2018/05/27 17:00:00,2018/05/27 18:00:00,2018/05/27 22:00:00,1.0501230707364502,1.0501230707364502,0.0,0.0,0.14944676070904583,0.0,0.18748354501607697,0.03834289707663064,0.0,0.004104012156064207,0.611945277432064,0.0,0.058800578346568634,0.0,0.0,0.0,0.0,0.0,0.0,0.0,0.0,0.0,0.0,0.0,0.0,0.0,0.0,0.0,0.0,0.0,0.0,0.0,0.0,0.0,0.0,0.0,0.003583165783035374,0.003583165783035374
2018/05/27 18:00:00,2018/05/27 19:00:00,2018/05/27 23:00:00,1.6096160529565897,1.6096160529565897,0.0,0.0,0.009087208987494886,0.0,0.20050274998910886,0.041005498939944623,0.0,0.004389002369296161,0.6343320589831604,0.0,0.0035747053943072336,0.0,0.0,0.0,0.0,0.7167248282932774,0.0,0.0,0.0,0.0,0.0,0.0,0.0,0.0,0.0,0.0,0.0,0.0,0.0,0.0,0.0,0.0,0.0,0.0,0.005492233553857406,0.005492233553857406
2018/05/27 19:00:00,2018/05/27 20:00:00,2018/05/28 00:00:00,1.1378960503386917,1.1378960503386917,0.0,0.0,0.0,0.0,0.23456450068467974,0.047971583355822994,0.0,0.0051346136116025955,0.579977755089703,0.0,0.0,0.0,0.0,0.0,0.0,0.27024759759688355,0.0,0.0,0.0,0.0,0.0,0.0,0.0,0.0,0.0,0.0,0.0,0.0,0.0,0.0,0.0,0.0,0.0,0.0,0.003882659381404993,0.003882659381404993
2018/05/27 20:00:00,2018/05/27 21:00:00,2018/05/28 01:00:00,1.2247211186921636,1.2247211186921636,0.2505770592214818,0.0,0.0,0.0,0.2979972219663822,0.0609444248027156,0.0,0.006523154985780348,0.6086792577158038,0.0,0.0,0.0,0.0,0.0,0.0,0.0,0.0,0.0,0.0,0.0,0.0,0.0,0.0,0.0,0.0,0.0,0.0,0.0,0.0,0.0,0.0,0.0,0.0,0.0,0.004178918574925698,0.004178918574925698
2018/05/27 21:00:00,2018/05/27 22:00:00,2018/05/28 02:00:00,2.5686739904031146,2.5686739904031146,0.7001947929255455,0.0,0.0,0.0,0.3772776461222946,0.0771583338331913,0.0,0.008258602352352653,1.4057846151697304,0.0,0.0,0.0,0.0,0.0,0.0,0.0,0.0,0.0,0.0,0.0,0.0,0.0,0.0,0.0,0.0,0.0,0.0,0.0,0.0,0.0,0.0,0.0,0.0,0.0,0.008764672452849388,0.008764672452849388
2018/05/27 22:00:00,2018/05/27 23:00:00,2018/05/28 03:00:00,2.855949498439285,2.855949498439285,1.282599685729986,0.0,0.0,0.0,0.2987851671863192,0.061105570157991854,0.0,0.006540403095531294,0.46330240650435034,0.0,0.0,0.0,0.0,0.0,0.0,0.7436162657651061,0.0,0.0,0.0,0.0,0.0,0.0,0.0,0.0,0.0,0.0,0.0,0.0,0.0,0.0,0.0,0.0,0.0,0.0,0.009744896389818434,0.009744896389818434
2018/05/27 23:00:00,2018/05/28 00:00:00,2018/05/28 04:00:00,2.7633923359355745,2.7633923359355745,1.8235310058996832,0.0,0.0,0.0,0.13094360677997474,0.026779722120023,0.0,0.002866353705536267,0.3944485313585772,0.0,0.0,0.0,0.0,0.0,0.0,0.38482311607178055,0.0,0.0,0.0,0.0,0.0,0.0,0.0,0.0,0.0,0.0,0.0,0.0,0.0,0.0,0.0,0.0,0.0,0.0,0.009429078494849653,0.009429078494849653
2018/05/28 00:00:00,2018/05/28 01:00:00,2018/05/28 05:00:00,3.0905433626307484,3.0905433626307484,2.490478288064014,0.0,0.0,0.0,0.06501908921459039,0.013297274945155983,0.0,0.0014232669458539432,0.34837649219674405,0.0,0.0,0.0,0.0,0.0,0.0,0.1719489512643905,0.0,0.0,0.0,0.0,0.0,0.0,0.0,0.0,0.0,0.0,0.0,0.0,0.0,0.0,0.0,0.0,0.0,0.0,0.01054536324032901,0.01054536324032901
2018/05/28 01:00:00,2018/05/28 02:00:00,2018/05/28 06:00:00,3.12444843623643,3.12444843623643,2.7439215965418677,0.0,0.0,0.0,0.03901145352875434,0.00797836496709361,0.0,0.0008539601675123682,0.3326830610312019,0.0,0.0,0.0,0.0,0.0,0.0,0.0,0.0,0.0,0.0,0.0,0.0,0.0,0.0,0.0,0.0,0.0,0.0,0.0,0.0,0.0,0.0,0.0,0.0,0.0,0.010661052061002168,0.010661052061002168
2018/05/28 02:00:00,2018/05/28 03:00:00,2018/05/28 07:00:00,3.0876972041772013,3.0876972041772013,2.753608226889189,0.0,0.0,0.0,0.026007635685836212,0.005318909978062404,0.0,0.0005693067783415784,0.302193124845772,0.0,0.0,0.0,0.0,0.0,0.0,0.0,0.0,0.0,0.0,0.0,0.0,0.0,0.0,0.0,0.0,0.0,0.0,0.0,0.0,0.0,0.0,0.0,0.0,0.0,0.010535651752344374,0.010535651752344374
2018/05/28 03:00:00,2018/05/28 04:00:00,2018/05/28 08:00:00,3.2429329275740906,3.2429329275740906,2.9216918368253215,0.0,0.0,0.0,0.026007635685836212,0.005318909978062404,0.0,0.0005693067783415784,0.28934523830652903,0.0,0.0,0.0,0.0,0.0,0.0,0.0,0.0,0.0,0.0,0.0,0.0,0.0,0.0,0.0,0.0,0.0,0.0,0.0,0.0,0.0,0.0,0.0,0.0,0.0,0.011065337603346952,0.011065337603346952
2018/05/28 04:00:00,2018/05/28 05:00:00,2018/05/28 09:00:00,3.269175226522478,3.269175226522478,2.963041897326393,0.0,0.0,0.0,0.027249552419694536,0.005572898590769679,0.0,0.0005964923181292811,0.27271438586749136,0.0,0.0,0.0,0.0,0.0,0.0,0.0,0.0,0.0,0.0,0.0,0.0,0.0,0.0,0.0,0.0,0.0,0.0,0.0,0.0,0.0,0.0,0.0,0.0,0.0,0.011154879972503837,0.011154879972503837
2018/05/28 05:00:00,2018/05/28 06:00:00,2018/05/28 10:00:00,3.3680744210295064,3.3680744210295064,2.9835543116745944,0.0,0.0,0.0,0.07103552208494862,0.014527716082253228,0.0,0.0015549665765280758,0.29740190461118204,0.0,0.0,0.0,0.0,0.0,0.0,0.0,0.0,0.0,0.0,0.0,0.0,0.0,0.0,0.0,0.0,0.0,0.0,0.0,0.0,0.0,0.0,0.0,0.0,0.0,0.011492337761597858,0.011492337761597858
2018/05/28 06:00:00,2018/05/28 07:00:00,2018/05/28 11:00:00,3.2876474208762962,3.2876474208762962,2.7189433853425924,0.0,0.0,0.0,0.1667717967174164,0.03410706702965493,0.0,0.0036506322779327363,0.3641745395086999,0.0,0.0,0.0,0.0,0.0,0.0,0.0,0.0,0.0,0.0,0.0,0.0,0.0,0.0,0.0,0.0,0.0,0.0,0.0,0.0,0.0,0.0,0.0,0.0,0.0,0.011217909665489979,0.011217909665489979
2018/05/28 07:00:00,2018/05/28 08:00:00,2018/05/28 12:00:00,3.2778550148848873,3.2778550148848873,2.1443441694675998,0.0,0.0,0.0,0.21104540955177992,0.043161614083227134,0.0,0.004619781038425436,0.41574031457685573,0.0,0.0,0.0,0.0,0.0,0.0,0.45894372616699936,0.0,0.0,0.0,0.0,0.0,0.0,0.0,0.0,0.0,0.0,0.0,0.0,0.0,0.0,0.0,0.0,0.0,0.0,0.01118449661604864,0.01118449661604864
2018/05/28 08:00:00,2018/05/28 09:00:00,2018/05/28 13:00:00,2.5689304277455753,2.5689304277455753,0.8038775330911238,0.0,0.0,0.0,0.21211882851794048,0.043381142644712725,0.0,0.004643278164454789,0.41223871861423783,0.0,0.0,0.0,0.0,0.0,0.0,1.0926709267131058,0.0,0.0,0.0,0.0,0.0,0.0,0.0,0.0,0.0,0.0,0.0,0.0,0.0,0.0,0.0,0.0,0.0,0.0,0.008765547452681887,0.008765547452681887
2018/05/28 09:00:00,2018/05/28 10:00:00,2018/05/28 14:00:00,4.048351984425438,4.048351984425438,0.539949692745822,0.0,0.0,0.0,0.2062198728771374,0.04217472717515497,0.0,0.004514150108678676,1.9366726706877924,0.0,0.0,0.0,0.0,0.0,0.0,1.3188208708308526,0.0,0.0,0.0,0.0,0.0,0.0,0.0,0.0,0.0,0.0,0.0,0.0,0.0,0.0,0.0,0.0,0.0,0.0,0.013813539300782718,0.013813539300782718
2018/05/28 10:00:00,2018/05/28 11:00:00,2018/05/28 15:00:00,2.2761399710485484,2.2761399710485484,0.07397677522994212,0.0,0.0,0.0,0.19995148025023965,0.040892756891797895,0.0,0.004376935082487628,0.6381211527632282,0.0,0.0,0.0,0.0,0.0,0.0,1.3188208708308526,0.0,0.0,0.0,0.0,0.0,0.0,0.0,0.0,0.0,0.0,0.0,0.0,0.0,0.0,0.0,0.0,0.0,0.0,0.007766505744836783,0.007766505744836783
2018/05/28 11:00:00,2018/05/28 12:00:00,2018/05/28 16:00:00,1.9479129815325582,1.9479129815325582,0.005056682819144367,0.0,0.0,0.0,0.19126679222895843,0.03911662182397593,0.0,0.004186827384193855,0.38946518644543276,0.0,0.0,0.0,0.0,0.0,0.0,1.3188208708308526,0.0,0.0,0.0,0.0,0.0,0.0,0.0,0.0,0.0,0.0,0.0,0.0,0.0,0.0,0.0,0.0,0.0,0.0,0.00664654966475789,0.00664654966475789
2018/05/28 12:00:00,2018/05/28 13:00:00,2018/05/28 17:00:00,2.0171850997613308,2.0171850997613308,0.0,0.0,0.0,0.0,0.1849983996020602,0.03783465154061874,0.0,0.004049612358002795,1.1275389199469905,0.0,0.0,0.0,0.0,0.0,0.0,0.6627635163136587,0.0,0.0,0.0,0.0,0.0,0.0,0.0,0.0,0.0,0.0,0.0,0.0,0.0,0.0,0.0,0.0,0.0,0.0,0.006882915754288374,0.006882915754288374
2018/05/28 13:00:00,2018/05/28 14:00:00,2018/05/28 18:00:00,0.5304451781925079,0.5304451781925079,0.0,0.0,0.0027778277942606517,0.0,0.1831538331348946,0.037457412982453704,0.0,0.004009234824052993,0.30196248987002017,0.0,0.0010843795868258367,0.0,0.0,0.0,0.0,0.0,0.0,0.0,0.0,0.0,0.0,0.0,0.0,0.0,0.0,0.0,0.0,0.0,0.0,0.0,0.0,0.0,0.0,0.0,0.0018099526286405232,0.0018099526286405232
2018/05/28 14:00:00,2018/05/28 15:00:00,2018/05/28 19:00:00,0.6692414190168381,0.6692414190168381,0.0,0.0,0.07824122612723652,0.0,0.1829823202090357,0.0374223362909875,0.0,0.004005480408525023,0.3361306675280402,0.0,0.03045938845301314,0.0,0.0,0.0,0.0,0.0,0.0,0.0,0.0,0.0,0.0,0.0,0.0,0.0,0.0,0.0,0.0,0.0,0.0,0.0,0.0,0.0,0.0,0.0,0.00228354468160523,0.00228354468160523
2018/05/28 15:00:00,2018/05/28 16:00:00,2018/05/28 20:00:00,1.5441154008312468,1.5441154008312468,0.0,0.0,0.2421938597455818,0.0,0.18310101194854259,0.037446610342085525,0.0,0.004008078569028756,0.3235230700559683,0.0,0.09419543895275503,0.0,0.0,0.0,0.0,0.6596473312172848,0.0,0.0,0.0,0.0,0.0,0.0,0.0,0.0,0.0,0.0,0.0,0.0,0.0,0.0,0.0,0.0,0.0,0.0,0.005268736230541352,0.005268736230541352
2018/05/28 16:00:00,2018/05/28 17:00:00,2018/05/28 21:00:00,1.1949571051498098,1.1949571051498098,0.0,0.0,0.3822302933523838,0.0,0.18385073757031967,0.0375999392774278,0.0,0.0040244900523150485,0.43776861228990366,0.0,0.1494830326074599,0.0,0.0,0.0,0.0,0.0,0.0,0.0,0.0,0.0,0.0,0.0,0.0,0.0,0.0,0.0,0.0,0.0,0.0,0.0,0.0,0.0,0.0,0.0,0.004077359626396009,0.004077359626396009
2018/05/28 17:00:00,2018/05/28 18:00:00,2018/05/28 22:00:00,1.5127003701903974,1.5127003701903974,0.0,0.0,0.4810016639604927,0.0,0.18748354501607697,0.03834289707663064,0.0,0.004104012156064207,0.611945277432064,0.0,0.18982297454906907,0.0,0.0,0.0,0.0,0.0,0.0,0.0,0.0,0.0,0.0,0.0,0.0,0.0,0.0,0.0,0.0,0.0,0.0,0.0,0.0,0.0,0.0,0.0,0.0051615437823396785,0.0051615437823396785
2018/05/28 18:00:00,2018/05/28 19:00:00,2018/05/28 23:00:00,1.757511408284123,1.757511408284123,0.0,0.0,0.4937400941805647,0.0,0.20050274998910886,0.041005498939944623,0.0,0.004389002369296161,0.6343320589831604,0.0,0.1959402582832407,0.0,0.0,0.0,0.0,0.1876017455388077,0.0,0.0,0.0,0.0,0.0,0.0,0.0,0.0,0.0,0.0,0.0,0.0,0.0,0.0,0.0,0.0,0.0,0.0,0.005996873049405137,0.005996873049405137
2018/05/28 19:00:00,2018/05/28 20:00:00,2018/05/29 00:00:00,2.732621450961405,2.732621450961405,0.0,0.0,0.39071014611727023,0.0,0.23456450068467974,0.047971583355822994,0.0,0.0051346136116025955,0.579977755089703,0.0,0.15544198127147366,0.0,0.0,0.0,0.0,1.3188208708308526,0.0,0.0,0.0,0.0,0.0,0.0,0.0,0.0,0.0,0.0,0.0,0.0,0.0,0.0,0.0,0.0,0.0,0.0,0.009324083961136726,0.009324083961136726
2018/05/28 20:00:00,2018/05/28 21:00:00,2018/05/29 01:00:00,1.4706823226271066,1.4706823226271066,0.0,0.0,0.11330738696122142,0.0,0.2979972219663822,0.0609444248027156,0.0,0.006523154985780348,0.5703875988428551,0.0,0.045171253878971925,0.0,0.0,0.0,0.0,0.37635128118918004,0.0,0.0,0.0,0.0,0.0,0.0,0.0,0.0,0.0,0.0,0.0,0.0,0.0,0.0,0.0,0.0,0.0,0.0,0.005018172367603356,0.005018172367603356
2018/05/28 21:00:00,2018/05/28 22:00:00,2018/05/29 02:00:00,1.2701662095300241,1.2701662095300241,0.0,0.0,0.0,0.0,0.3772776461222946,0.0771583338331913,0.0,0.008258602352352653,0.542573141541421,0.0,0.0,0.0,0.0,0.0,0.0,0.26489848568076463,0.0,0.0,0.0,0.0,0.0,0.0,0.0,0.0,0.0,0.0,0.0,0.0,0.0,0.0,0.0,0.0,0.0,0.0,0.004333983537342875,0.004333983537342875
2018/05/28 22:00:00,2018/05/28 23:00:00,2018/05/29 03:00:00,1.396669865830597,1.396669865830597,0.34376387306651424,0.0,0.0,0.0,0.2987851671863192,0.061105570157991854,0.0,0.006540403095531294,0.46330240650435034,0.0,0.0,0.0,0.0,0.0,0.0,0.22317244581989007,0.0,0.0,0.0,0.0,0.0,0.0,0.0,0.0,0.0,0.0,0.0,0.0,0.0,0.0,0.0,0.0,0.0,0.0,0.004765631584430529,0.004765631584430529
2018/05/28 23:00:00,2018/05/29 00:00:00,2018/05/29 04:00:00,1.9128938208965365,1.9128938208965365,1.3578556069324255,0.0,0.0,0.0,0.13094360677997474,0.026779722120023,0.0,0.002866353705536267,0.3944485313585772,0.0,0.0,0.0,0.0,0.0,0.0,0.0,0.0,0.0,0.0,0.0,0.0,0.0,0.0,0.0,0.0,0.0,0.0,0.0,0.0,0.0,0.0,0.0,0.0,0.0,0.006527059424386717,0.006527059424386717
2018/05/29 00:00:00,2018/05/29 01:00:00,2018/05/29 05:00:00,2.9842398695668884,2.9842398695668884,2.5561237462645443,0.0,0.0,0.0,0.06501908921459039,0.013297274945155983,0.0,0.0014232669458539432,0.34837649219674405,0.0,0.0,0.0,0.0,0.0,0.0,0.0,0.0,0.0,0.0,0.0,0.0,0.0,0.0,0.0,0.0,0.0,0.0,0.0,0.0,0.0,0.0,0.0,0.0,0.0,0.010182640956076712,0.010182640956076712
2018/05/29 01:00:00,2018/05/29 02:00:00,2018/05/29 06:00:00,3.756412241954631,3.756412241954631,3.375885402260069,0.0,0.0,0.0,0.03901145352875434,0.00797836496709361,0.0,0.0008539601675123682,0.3326830610312019,0.0,0.0,0.0,0.0,0.0,0.0,0.0,0.0,0.0,0.0,0.0,0.0,0.0,0.0,0.0,0.0,0.0,0.0,0.0,0.0,0.0,0.0,0.0,0.0,0.0,0.012817400348044591,0.012817400348044591
2018/05/29 02:00:00,2018/05/29 03:00:00,2018/05/29 07:00:00,3.9370885783142358,3.9370885783142358,3.6029996010262235,0.0,0.0,0.0,0.026007635685836212,0.005318909978062404,0.0,0.0005693067783415784,0.302193124845772,0.0,0.0,0.0,0.0,0.0,0.0,0.0,0.0,0.0,0.0,0.0,0.0,0.0,0.0,0.0,0.0,0.0,0.0,0.0,0.0,0.0,0.0,0.0,0.0,0.0,0.01343389310426402,0.01343389310426402
2018/05/29 03:00:00,2018/05/29 04:00:00,2018/05/29 08:00:00,4.407801631334024,4.407801631334024,4.086560540585255,0.0,0.0,0.0,0.026007635685836212,0.005318909978062404,0.0,0.0005693067783415784,0.28934523830652903,0.0,0.0,0.0,0.0,0.0,0.0,0.0,0.0,0.0,0.0,0.0,0.0,0.0,0.0,0.0,0.0,0.0,0.0,0.0,0.0,0.0,0.0,0.0,0.0,0.0,0.015040031424818943,0.015040031424818943
2018/05/29 04:00:00,2018/05/29 05:00:00,2018/05/29 09:00:00,5.248564964925221,5.248564964925221,4.484489258292706,0.0,0.0,0.0,0.027249552419694536,0.005572898590769679,0.0,0.0005964923181292811,0.27271438586749136,0.0,0.0,0.0,0.0,0.0,0.0,0.4579423774364283,0.0,0.0,0.0,0.0,0.0,0.0,0.0,0.0,0.0,0.0,0.0,0.0,0.0,0.0,0.0,0.0,0.0,0.0,0.017908832703931878,0.017908832703931878
2018/05/29 05:00:00,2018/05/29 06:00:00,2018/05/29 10:00:00,5.135313016235336,5.135313016235336,4.750792906880423,0.0,0.0,0.0,0.07103552208494862,0.014527716082253228,0.0,0.0015549665765280758,0.29740190461118204,0.0,0.0,0.0,0.0,0.0,0.0,0.0,0.0,0.0,0.0,0.0,0.0,0.0,0.0,0.0,0.0,0.0,0.0,0.0,0.0,0.0,0.0,0.0,0.0,0.0,0.017522401323919357,0.017522401323919357
2018/05/29 06:00:00,2018/05/29 07:00:00,2018/05/29 11:00:00,4.95972173600612,4.95972173600612,4.391017700472417,0.0,0.0,0.0,0.1667717967174164,0.03410706702965493,0.0,0.0036506322779327363,0.3641745395086999,0.0,0.0,0.0,0.0,0.0,0.0,0.0,0.0,0.0,0.0,0.0,0.0,0.0,0.0,0.0,0.0,0.0,0.0,0.0,0.0,0.0,0.0,0.0,0.0,0.0,0.016923259485548483,0.016923259485548483
2018/05/29 07:00:00,2018/05/29 08:00:00,2018/05/29 12:00:00,4.319898252287854,4.319898252287854,2.89614284598825,0.0,0.0,0.0,0.21104540955177992,0.043161614083227134,0.0,0.004619781038425436,0.5137976783926146,0.0,0.0,0.0,0.0,0.0,0.0,0.6511309232335564,0.0,0.0,0.0,0.0,0.0,0.0,0.0,0.0,0.0,0.0,0.0,0.0,0.0,0.0,0.0,0.0,0.0,0.0,0.01474009288543371,0.01474009288543371
2018/05/29 08:00:00,2018/05/29 09:00:00,2018/05/29 13:00:00,5.771478359784787,5.771478359784787,1.6429219134499582,0.0,0.0,0.0,0.21211882851794048,0.043381142644712725,0.0,0.004643278164454789,2.549592326176868,0.0,0.0,0.0,0.0,0.0,0.0,1.3188208708308526,0.0,0.0,0.0,0.0,0.0,0.0,0.0,0.0,0.0,0.0,0.0,0.0,0.0,0.0,0.0,0.0,0.0,0.0,0.019693085841649964,0.019693085841649964
2018/05/29 09:00:00,2018/05/29 10:00:00,2018/05/29 14:00:00,3.067810223515406,3.067810223515406,1.2249500111802203,0.0,0.0,0.0,0.2062198728771374,0.04217472717515497,0.0,0.004514150108678676,0.2711305913433615,0.0,0.0,0.0,0.0,0.0,0.0,1.3188208708308526,0.0,0.0,0.0,0.0,0.0,0.0,0.0,0.0,0.0,0.0,0.0,0.0,0.0,0.0,0.0,0.0,0.0,0.0,0.010467794611956762,0.010467794611956762
2018/05/29 10:00:00,2018/05/29 11:00:00,2018/05/29 15:00:00,2.2772703899499818,2.2772703899499818,0.4452246941089849,0.0,0.0,0.0,0.19995148025023965,0.040892756891797895,0.0,0.004376935082487628,0.2680036527856186,0.0,0.0,0.0,0.0,0.0,0.0,1.3188208708308526,0.0,0.0,0.0,0.0,0.0,0.0,0.0,0.0,0.0,0.0,0.0,0.0,0.0,0.0,0.0,0.0,0.0,0.0,0.007770362891147522,0.007770362891147522
2018/05/29 11:00:00,2018/05/29 12:00:00,2018/05/29 16:00:00,1.2359484245601127,1.2359484245601127,0.035833034794489994,0.0,0.0,0.0,0.19126679222895843,0.03911662182397593,0.0,0.004186827384193855,0.2852620246662099,0.0,0.0,0.0,0.0,0.0,0.0,0.6802831236622845,0.0,0.0,0.0,0.0,0.0,0.0,0.0,0.0,0.0,0.0,0.0,0.0,0.0,0.0,0.0,0.0,0.0,0.0,0.004217227702058288,0.004217227702058288
2018/05/29 12:00:00,2018/05/29 13:00:00,2018/05/29 17:00:00,1.223820162645845,1.223820162645845,0.0,0.0,0.0,0.0,0.1849983996020602,0.03783465154061874,0.0,0.004049612358002795,0.2911673356785335,0.0,0.0,0.0,0.0,0.0,0.0,0.7057701634666297,0.0,0.0,0.0,0.0,0.0,0.0,0.0,0.0,0.0,0.0,0.0,0.0,0.0,0.0,0.0,0.0,0.0,0.0,0.004175844387749786,0.004175844387749786
2018/05/29 13:00:00,2018/05/29 14:00:00,2018/05/29 18:00:00,0.5337580648906489,0.5337580648906489,0.0,0.0,0.005128468437923612,0.0,0.1831538331348946,0.037457412982453704,0.0,0.004009234824052993,0.30196248987002017,0.0,0.0020466256413039117,0.0,0.0,0.0,0.0,0.0,0.0,0.0,0.0,0.0,0.0,0.0,0.0,0.0,0.0,0.0,0.0,0.0,0.0,0.0,0.0,0.0,0.0,0.0,0.001821256658225862,0.001821256658225862
2018/05/29 14:00:00,2018/05/29 15:00:00,2018/05/29 19:00:00,0.7062622409354237,0.7062622409354237,0.0,0.0,0.10380863101173286,0.0,0.1829823202090357,0.0374223362909875,0.0,0.004005480408525023,0.3361306675280402,0.0,0.04191280548710226,0.0,0.0,0.0,0.0,0.0,0.0,0.0,0.0,0.0,0.0,0.0,0.0,0.0,0.0,0.0,0.0,0.0,0.0,0.0,0.0,0.0,0.0,0.0,0.0024098648683101016,0.0024098648683101016
2018/05/29 15:00:00,2018/05/29 16:00:00,2018/05/29 20:00:00,0.8977887004893199,0.8977887004893199,0.0,0.0,0.24907992600921003,0.0,0.18310101194854259,0.037446610342085525,0.0,0.004008078569028756,0.3235230700559683,0.0,0.10063000356448469,0.0,0.0,0.0,0.0,0.0,0.0,0.0,0.0,0.0,0.0,0.0,0.0,0.0,0.0,0.0,0.0,0.0,0.0,0.0,0.0,0.0,0.0,0.0,0.003063379751987639,0.003063379751987639
2018/05/29 16:00:00,2018/05/29 17:00:00,2018/05/29 21:00:00,1.2160209430844653,1.2160209430844653,0.0,0.0,0.3936461155381231,0.0,0.18385073757031967,0.0375999392774278,0.0,0.0040244900523150485,0.43776861228990366,0.0,0.15913104835637593,0.0,0.0,0.0,0.0,0.0,0.0,0.0,0.0,0.0,0.0,0.0,0.0,0.0,0.0,0.0,0.0,0.0,0.0,0.0,0.0,0.0,0.0,0.0,0.004149232367268114,0.004149232367268114
2018/05/29 17:00:00,2018/05/29 18:00:00,2018/05/29 22:00:00,1.551059546855867,1.551059546855867,0.0,0.0,0.5049211591800177,0.0,0.18748354501607697,0.03834289707663064,0.0,0.004104012156064207,0.611945277432064,0.0,0.20426265599501375,0.0,0.0,0.0,0.0,0.0,0.0,0.0,0.0,0.0,0.0,0.0,0.0,0.0,0.0,0.0,0.0,0.0,0.0,0.0,0.0,0.0,0.0,0.0,0.0052924306213429665,0.0052924306213429665
2018/05/29 18:00:00,2018/05/29 19:00:00,2018/05/29 23:00:00,1.5845648022781118,1.5845648022781118,0.0,0.0,0.5013771254173894,0.0,0.20050274998910886,0.041005498939944623,0.0,0.004389002369296161,0.6343320589831604,0.0,0.20295836657921223,0.0,0.0,0.0,0.0,0.0,0.0,0.0,0.0,0.0,0.0,0.0,0.0,0.0,0.0,0.0,0.0,0.0,0.0,0.0,0.0,0.0,0.0,0.0,0.005406755206838125,0.005406755206838125
2018/05/29 19:00:00,2018/05/29 20:00:00,2018/05/30 00:00:00,3.083418495561626,3.083418495561626,0.0,0.0,0.4783419150066515,0.0,0.23456450068467974,0.047971583355822994,0.0,0.0051346136116025955,0.9144398093778505,0.0,0.19371256085871516,0.0,0.0,0.0,0.0,1.2092535126663033,0.0,0.0,0.0,0.0,0.0,0.0,0.0,0.0,0.0,0.0,0.0,0.0,0.0,0.0,0.0,0.0,0.0,0.0,0.010521052204220784,0.010521052204220784
2018/05/29 20:00:00,2018/05/29 21:00:00,2018/05/30 01:00:00,10.390245969479826,10.390245969479826,0.0,0.0,0.3148930012031822,0.0,0.2979972219663822,0.0609444248027156,0.0,0.006523154985780348,8.263461404978052,0.0,0.12760589071286005,0.0,0.0,0.0,0.0,1.3188208708308526,0.0,0.0,0.0,0.0,0.0,0.0,0.0,0.0,0.0,0.0,0.0,0.0,0.0,0.0,0.0,0.0,0.0,0.0,0.03545296248853192,0.03545296248853192
2018/05/29 21:00:00,2018/05/29 22:00:00,2018/05/30 02:00:00,6.026096792015774,6.026096792015774,0.0,0.0,0.1187380660305077,0.0,0.3772776461222946,0.0771583338331913,0.0,0.008258602352352653,4.077715563596627,0.0,0.048127709249947206,0.0,0.0,0.0,0.0,1.3188208708308526,0.0,0.0,0.0,0.0,0.0,0.0,0.0,0.0,0.0,0.0,0.0,0.0,0.0,0.0,0.0,0.0,0.0,0.0,0.02056187929979231,0.02056187929979231
2018/05/29 22:00:00,2018/05/29 23:00:00,2018/05/30 03:00:00,4.04727535067267,4.04727535067267,0.0,0.0,0.06942295338701795,0.0,0.2987851671863192,0.061105570157991854,0.0,0.006540403095531294,2.2644960014739133,0.0,0.02810438454104454,0.0,0.0,0.0,0.0,1.3188208708308526,0.0,0.0,0.0,0.0,0.0,0.0,0.0,0.0,0.0,0.0,0.0,0.0,0.0,0.0,0.0,0.0,0.0,0.0,0.013809865676870169,0.013809865676870169
2018/05/29 23:00:00,2018/05/30 00:00:00,2018/05/30 04:00:00,2.47123351237221,2.47123351237221,0.5515137111488971,0.0,0.0,0.0,0.13094360677997474,0.026779722120023,0.0,0.002866353705536267,0.44030924778692615,0.0,0.0,0.0,0.0,0.0,0.0,1.3188208708308526,0.0,0.0,0.0,0.0,0.0,0.0,0.0,0.0,0.0,0.0,0.0,0.0,0.0,0.0,0.0,0.0,0.0,0.0,0.008432192006992606,0.008432192006992606
2018/05/30 00:00:00,2018/05/30 01:00:00,2018/05/30 05:00:00,3.2426532933025545,3.2426532933025545,1.4957162991693576,0.0,0.0,0.0,0.06501908921459039,0.013297274945155983,0.0,0.0014232669458539432,0.34837649219674405,0.0,0.0,0.0,0.0,0.0,0.0,1.3188208708308526,0.0,0.0,0.0,0.0,0.0,0.0,0.0,0.0,0.0,0.0,0.0,0.0,0.0,0.0,0.0,0.0,0.0,0.0,0.011064383452370315,0.011064383452370315
2018/05/30 01:00:00,2018/05/30 02:00:00,2018/05/30 06:00:00,4.249410923055759,4.249410923055759,2.4670162932299333,0.0,0.0,0.0,0.03901145352875434,0.00797836496709361,0.0,0.0008539601675123682,0.41572998033161224,0.0,0.0,0.0,0.0,0.0,0.0,1.3188208708308526,0.0,0.0,0.0,0.0,0.0,0.0,0.0,0.0,0.0,0.0,0.0,0.0,0.0,0.0,0.0,0.0,0.0,0.0,0.014499580327162928,0.014499580327162928
2018/05/30 02:00:00,2018/05/30 03:00:00,2018/05/30 07:00:00,5.694914326473753,5.694914326473753,2.120371634397484,0.0,0.0,0.0,0.026007635685836212,0.005318909978062404,0.0,0.0005693067783415784,2.24478558271177,0.0,0.0,0.0,0.0,0.0,0.0,1.2978612569222587,0.0,0.0,0.0,0.0,0.0,0.0,0.0,0.0,0.0,0.0,0.0,0.0,0.0,0.0,0.0,0.0,0.0,0.0,0.019431838724986883,0.019431838724986883
2018/05/30 03:00:00,2018/05/30 04:00:00,2018/05/30 08:00:00,4.320361725329498,4.320361725329498,2.335553683805659,0.0,0.0,0.0,0.026007635685836212,0.005318909978062404,0.0,0.0005693067783415784,1.952912189081599,0.0,0.0,0.0,0.0,0.0,0.0,0.0,0.0,0.0,0.0,0.0,0.0,0.0,0.0,0.0,0.0,0.0,0.0,0.0,0.0,0.0,0.0,0.0,0.0,0.0,0.014741674319829791,0.014741674319829791
2018/05/30 04:00:00,2018/05/30 05:00:00,2018/05/30 09:00:00,4.593135317266572,4.593135317266572,2.5922117675594083,0.0,0.0,0.0,0.027249552419694536,0.005572898590769679,0.0,0.0005964923181292811,1.9675046063785704,0.0,0.0,0.0,0.0,0.0,0.0,0.0,0.0,0.0,0.0,0.0,0.0,0.0,0.0,0.0,0.0,0.0,0.0,0.0,0.0,0.0,0.0,0.0,0.0,0.0,0.015672415704703024,0.015672415704703024
2018/05/30 05:00:00,2018/05/30 06:00:00,2018/05/30 10:00:00,3.207357699702817,3.207357699702817,2.822837590347905,0.0,0.0,0.0,0.07103552208494862,0.014527716082253228,0.0,0.0015549665765280758,0.29740190461118204,0.0,0.0,0.0,0.0,0.0,0.0,0.0,0.0,0.0,0.0,0.0,0.0,0.0,0.0,0.0,0.0,0.0,0.0,0.0,0.0,0.0,0.0,0.0,0.0,0.0,0.010943949984329461,0.010943949984329461
2018/05/30 06:00:00,2018/05/30 07:00:00,2018/05/30 11:00:00,3.2171138256512353,3.2171138256512353,2.6484097901175314,0.0,0.0,0.0,0.1667717967174164,0.03410706702965493,0.0,0.0036506322779327363,0.3641745395086999,0.0,0.0,0.0,0.0,0.0,0.0,0.0,0.0,0.0,0.0,0.0,0.0,0.0,0.0,0.0,0.0,0.0,0.0,0.0,0.0,0.0,0.0,0.0,0.0,0.0,0.010977239241224694,0.010977239241224694
2018/05/30 07:00:00,2018/05/30 08:00:00,2018/05/30 12:00:00,2.8508561254011617,2.8508561254011617,2.1762890061508733,0.0,0.0,0.0,0.21104540955177992,0.043161614083227134,0.0,0.004619781038425436,0.41574031457685573,0.0,0.0,0.0,0.0,0.0,0.0,0.0,0.0,0.0,0.0,0.0,0.0,0.0,0.0,0.0,0.0,0.0,0.0,0.0,0.0,0.0,0.0,0.0,0.0,0.0,0.009727517093525442,0.009727517093525442
2018/05/30 08:00:00,2018/05/30 09:00:00,2018/05/30 13:00:00,1.9178510116399565,1.9178510116399565,1.3186292663243555,0.0,0.0,0.0,0.21211882851794048,0.043381142644712725,0.0,0.004643278164454789,0.33907849598849293,0.0,0.0,0.0,0.0,0.0,0.0,0.0,0.0,0.0,0.0,0.0,0.0,0.0,0.0,0.0,0.0,0.0,0.0,0.0,0.0,0.0,0.0,0.0,0.0,0.0,0.0065439740477739984,0.0065439740477739984
2018/05/30 09:00:00,2018/05/30 10:00:00,2018/05/30 14:00:00,1.3384882079023492,1.3384882079023492,0.4123355538872736,0.0,0.0,0.0,0.2062198728771374,0.04217472717515497,0.0,0.004514150108678676,0.2711305913433615,0.0,0.0,0.0,0.0,0.0,0.0,0.40211331251074306,0.0,0.0,0.0,0.0,0.0,0.0,0.0,0.0,0.0,0.0,0.0,0.0,0.0,0.0,0.0,0.0,0.0,0.0,0.004567107685948265,0.004567107685948265
2018/05/30 10:00:00,2018/05/30 11:00:00,2018/05/30 15:00:00,0.7042464144920079,0.7042464144920079,0.19102158948186412,0.0,0.0,0.0,0.19995148025023965,0.040892756891797895,0.0,0.004376935082487628,0.2680036527856186,0.0,0.0,0.0,0.0,0.0,0.0,0.0,0.0,0.0,0.0,0.0,0.0,0.0,0.0,0.0,0.0,0.0,0.0,0.0,0.0,0.0,0.0,0.0,0.0,0.0,0.0024029865884799863,0.0024029865884799863
2018/05/30 11:00:00,2018/05/30 12:00:00,2018/05/30 16:00:00,0.9260272501446678,0.9260272501446678,0.006975518224530918,0.0,0.0,0.0,0.19126679222895843,0.03911662182397593,0.0,0.004186827384193855,0.2852620246662099,0.0,0.0,0.0,0.0,0.0,0.0,0.3992194658167987,0.0,0.0,0.0,0.0,0.0,0.0,0.0,0.0,0.0,0.0,0.0,0.0,0.0,0.0,0.0,0.0,0.0,0.0,0.0031597336058427194,0.0031597336058427194
2018/05/30 12:00:00,2018/05/30 13:00:00,2018/05/30 17:00:00,1.8368708700100678,1.8368708700100678,0.0,0.0,0.0,0.0,0.1849983996020602,0.03783465154061874,0.0,0.004049612358002795,0.2911673356785335,0.0,0.0,0.0,0.0,0.0,0.0,1.3188208708308526,0.0,0.0,0.0,0.0,0.0,0.0,0.0,0.0,0.0,0.0,0.0,0.0,0.0,0.0,0.0,0.0,0.0,0.0,0.006267658556114451,0.006267658556114451
2018/05/30 13:00:00,2018/05/30 14:00:00,2018/05/30 18:00:00,0.9582973019931935,0.9582973019931935,0.0,0.0,0.026071284215184728,0.0,0.1831538331348946,0.037457412982453704,0.0,0.004009234824052993,0.30196248987002017,0.0,0.010164102127480644,0.0,0.0,0.0,0.0,0.3954789448391068,0.0,0.0,0.0,0.0,0.0,0.0,0.0,0.0,0.0,0.0,0.0,0.0,0.0,0.0,0.0,0.0,0.0,0.0,0.003269843505170352,0.003269843505170352
2018/05/30 14:00:00,2018/05/30 15:00:00,2018/05/30 19:00:00,0.7567638596193419,0.7567638596193419,0.0,0.0,0.14258181812463638,0.0,0.1829823202090357,0.0374223362909875,0.0,0.004005480408525023,0.3361306675280402,0.0,0.05364123705811707,0.0,0.0,0.0,0.0,0.0,0.0,0.0,0.0,0.0,0.0,0.0,0.0,0.0,0.0,0.0,0.0,0.0,0.0,0.0,0.0,0.0,0.0,0.0,0.002582183406107021,0.002582183406107021
2018/05/30 15:00:00,2018/05/30 16:00:00,2018/05/30 20:00:00,1.0605969600168608,1.0605969600168608,0.0,0.0,0.31203584067746504,0.0,0.18310101194854259,0.037446610342085525,0.0,0.004008078569028756,0.4102905241736408,0.0,0.113714894306098,0.0,0.0,0.0,0.0,0.0,0.0,0.0,0.0,0.0,0.0,0.0,0.0,0.0,0.0,0.0,0.0,0.0,0.0,0.0,0.0,0.0,0.0,0.0,0.003618904148119143,0.003618904148119143
2018/05/30 16:00:00,2018/05/30 17:00:00,2018/05/30 21:00:00,3.9876868908603265,3.9876868908603265,0.0,0.0,0.5049703843742791,0.0,0.18385073757031967,0.0375999392774278,0.0,0.0040244900523150485,2.543219234212791,0.0,0.1821936703662968,0.0,0.0,0.0,0.0,0.5318284350068971,0.0,0.0,0.0,0.0,0.0,0.0,0.0,0.0,0.0,0.0,0.0,0.0,0.0,0.0,0.0,0.0,0.0,0.0,0.013606541574949779,0.013606541574949779
2018/05/30 17:00:00,2018/05/30 18:00:00,2018/05/30 22:00:00,5.164057107241445,5.164057107241445,0.0,0.0,0.6263441157148105,0.0,0.18748354501607697,0.03834289707663064,0.0,0.004104012156064207,3.9809165176957624,0.0,0.2256347240343882,0.0,0.0,0.0,0.0,0.10123129554771189,0.0,0.0,0.0,0.0,0.0,0.0,0.0,0.0,0.0,0.0,0.0,0.0,0.0,0.0,0.0,0.0,0.0,0.0,0.017620480155084654,0.017620480155084654
2018/05/30 18:00:00,2018/05/30 19:00:00,2018/05/30 23:00:00,1.654902481648782,1.654902481648782,0.0,0.0,0.567875232946615,0.0,0.20050274998910886,0.041005498939944623,0.0,0.004389002369296161,0.6343320589831604,0.0,0.20679793842065672,0.0,0.0,0.0,0.0,0.0,0.0,0.0,0.0,0.0,0.0,0.0,0.0,0.0,0.0,0.0,0.0,0.0,0.0,0.0,0.0,0.0,0.0,0.0,0.005646757138994847,0.005646757138994847
2018/05/30 19:00:00,2018/05/30 20:00:00,2018/05/31 00:00:00,1.5320519482801047,1.5320519482801047,0.0,0.0,0.4815011674686592,0.0,0.23456450068467974,0.047971583355822994,0.0,0.0051346136116025955,0.5852505401043644,0.0,0.17762954305497586,0.0,0.0,0.0,0.0,0.0,0.0,0.0,0.0,0.0,0.0,0.0,0.0,0.0,0.0,0.0,0.0,0.0,0.0,0.0,0.0,0.0,0.0,0.0,0.005227574054782078,0.005227574054782078
2018/05/30 20:00:00,2018/05/30 21:00:00,2018/05/31 01:00:00,1.599874519069522,1.599874519069522,0.0,0.0,0.3972542432877315,0.0,0.2979972219663822,0.0609444248027156,0.0,0.006523154985780348,0.6892523505041285,0.0,0.14790312352278392,0.0,0.0,0.0,0.0,0.0,0.0,0.0,0.0,0.0,0.0,0.0,0.0,0.0,0.0,0.0,0.0,0.0,0.0,0.0,0.0,0.0,0.0,0.0,0.0054589940871023895,0.0054589940871023895
2018/05/30 21:00:00,2018/05/30 22:00:00,2018/05/31 02:00:00,1.4268568215134245,1.4268568215134245,0.0,0.0,0.3060083158918994,0.0,0.3772776461222946,0.0771583338331913,0.0,0.008258602352352653,0.542573141541421,0.0,0.11558078177226533,0.0,0.0,0.0,0.0,0.0,0.0,0.0,0.0,0.0,0.0,0.0,0.0,0.0,0.0,0.0,0.0,0.0,0.0,0.0,0.0,0.0,0.0,0.0,0.004868633670291624,0.004868633670291624
2018/05/30 22:00:00,2018/05/30 23:00:00,2018/05/31 03:00:00,1.121309893382357,1.121309893382357,0.0,0.0,0.21095220948482812,0.0,0.2987851671863192,0.061105570157991854,0.0,0.006540403095531294,0.46330240650435034,0.0,0.08062413695333638,0.0,0.0,0.0,0.0,0.0,0.0,0.0,0.0,0.0,0.0,0.0,0.0,0.0,0.0,0.0,0.0,0.0,0.0,0.0,0.0,0.0,0.0,0.0,0.0038260651099961064,0.0038260651099961064
2018/05/30 23:00:00,2018/05/31 00:00:00,2018/05/31 04:00:00,0.7122491819211358,0.7122491819211358,0.0,0.0,0.11349425722402985,0.0,0.13094360677997474,0.026779722120023,0.0,0.002866353705536267,0.3944485313585772,0.0,0.043716710732994775,0.0,0.0,0.0,0.0,0.0,0.0,0.0,0.0,0.0,0.0,0.0,0.0,0.0,0.0,0.0,0.0,0.0,0.0,0.0,0.0,0.0,0.0,0.0,0.002430293142559911,0.002430293142559911
2018/05/31 00:00:00,2018/05/31 01:00:00,2018/05/31 05:00:00,1.476393349608777,1.476393349608777,0.0,0.0,0.01041107757711822,0.0,0.06501908921459039,0.013297274945155983,0.0,0.0014232669458539432,1.3822177457479687,0.0,0.004024895178090125,0.0,0.0,0.0,0.0,0.0,0.0,0.0,0.0,0.0,0.0,0.0,0.0,0.0,0.0,0.0,0.0,0.0,0.0,0.0,0.0,0.0,0.0,0.0,0.005037659184945978,0.005037659184945978
2018/05/31 01:00:00,2018/05/31 02:00:00,2018/05/31 06:00:00,0.3849988096517216,0.3849988096517216,0.0,0.0,0.003224476518079593,0.0,0.03901145352875434,0.00797836496709361,0.0,0.0008539601675123682,0.3326830610312019,0.0,0.0012474934390798323,0.0,0.0,0.0,0.0,0.0,0.0,0.0,0.0,0.0,0.0,0.0,0.0,0.0,0.0,0.0,0.0,0.0,0.0,0.0,0.0,0.0,0.0,0.0,0.0013136694161818062,0.0013136694161818062
2018/05/31 02:00:00,2018/05/31 03:00:00,2018/05/31 07:00:00,0.3340889772880122,0.3340889772880122,0.0,0.0,0.0,0.0,0.026007635685836212,0.005318909978062404,0.0,0.0005693067783415784,0.302193124845772,0.0,0.0,0.0,0.0,0.0,0.0,0.0,0.0,0.0,0.0,0.0,0.0,0.0,0.0,0.0,0.0,0.0,0.0,0.0,0.0,0.0,0.0,0.0,0.0,0.0,0.0011399579966071645,0.0011399579966071645
2018/05/31 03:00:00,2018/05/31 04:00:00,2018/05/31 08:00:00,0.7231916028323075,0.7231916028323075,0.0,0.0,0.0,0.0,0.026007635685836212,0.005318909978062404,0.0,0.0005693067783415784,0.28934523830652903,0.0,0.0,0.0,0.0,0.0,0.0,0.4019505120835383,0.0,0.0,0.0,0.0,0.0,0.0,0.0,0.0,0.0,0.0,0.0,0.0,0.0,0.0,0.0,0.0,0.0,0.0,0.0024676302026484815,0.0024676302026484815
2018/05/31 04:00:00,2018/05/31 05:00:00,2018/05/31 09:00:00,0.3061333291960849,0.3061333291960849,0.0,0.0,0.0,0.0,0.027249552419694536,0.005572898590769679,0.0,0.0005964923181292811,0.27271438586749136,0.0,0.0,0.0,0.0,0.0,0.0,0.0,0.0,0.0,0.0,0.0,0.0,0.0,0.0,0.0,0.0,0.0,0.0,0.0,0.0,0.0,0.0,0.0,0.0,0.0,0.001044569442182469,0.001044569442182469
2018/05/31 05:00:00,2018/05/31 06:00:00,2018/05/31 10:00:00,0.38452010935491193,0.38452010935491193,0.0,0.0,0.0,0.0,0.07103552208494862,0.014527716082253228,0.0,0.0015549665765280758,0.29740190461118204,0.0,0.0,0.0,0.0,0.0,0.0,0.0,0.0,0.0,0.0,0.0,0.0,0.0,0.0,0.0,0.0,0.0,0.0,0.0,0.0,0.0,0.0,0.0,0.0,0.0,0.0013120360242759846,0.0013120360242759846
2018/05/31 06:00:00,2018/05/31 07:00:00,2018/05/31 11:00:00,0.568704035533704,0.568704035533704,0.0,0.0,0.0,0.0,0.1667717967174164,0.03410706702965493,0.0,0.0036506322779327363,0.3641745395086999,0.0,0.0,0.0,0.0,0.0,0.0,0.0,0.0,0.0,0.0,0.0,0.0,0.0,0.0,0.0,0.0,0.0,0.0,0.0,0.0,0.0,0.0,0.0,0.0,0.0,0.0019404971641746923,0.0019404971641746923
2018/05/31 07:00:00,2018/05/31 08:00:00,2018/05/31 12:00:00,1.1636093864737567,1.1636093864737567,0.0,0.0,0.07974398962190736,0.0,0.21104540955177992,0.043161614083227134,0.0,0.004619781038425436,0.41574031457685573,0.0,0.03015672076349093,0.0,0.0,0.0,0.0,0.3791415568380702,0.0,0.0,0.0,0.0,0.0,0.0,0.0,0.0,0.0,0.0,0.0,0.0,0.0,0.0,0.0,0.0,0.0,0.0,0.003970396855968081,0.003970396855968081
2018/05/31 08:00:00,2018/05/31 09:00:00,2018/05/31 13:00:00,2.0909122554373356,2.0909122554373356,0.0,0.0,0.1262430859114949,0.0,0.21211882851794048,0.043381142644712725,0.0,0.004643278164454789,0.33907849598849293,0.0,0.046626553379387224,0.0,0.0,0.0,0.0,1.3188208708308526,0.0,0.0,0.0,0.0,0.0,0.0,0.0,0.0,0.0,0.0,0.0,0.0,0.0,0.0,0.0,0.0,0.0,0.0,0.0071344830504087384,0.0071344830504087384
2018/05/31 09:00:00,2018/05/31 10:00:00,2018/05/31 14:00:00,2.086106061005836,2.086106061005836,0.0,0.0,0.17838930697949665,0.0,0.2062198728771374,0.04217472717515497,0.0,0.004514150108678676,0.2711305913433615,0.0,0.06485654169115392,0.0,0.0,0.0,0.0,1.3188208708308526,0.0,0.0,0.0,0.0,0.0,0.0,0.0,0.0,0.0,0.0,0.0,0.0,0.0,0.0,0.0,0.0,0.0,0.0,0.007118083647411633,0.007118083647411633
2018/05/31 10:00:00,2018/05/31 11:00:00,2018/05/31 15:00:00,1.741306353067758,1.741306353067758,0.0,0.0,0.3360688849506056,0.0,0.19995148025023965,0.040892756891797895,0.0,0.004376935082487628,0.2680036527856186,0.0,0.11927547082403556,0.0,0.0,0.0,0.0,0.772737172282973,0.0,0.0,0.0,0.0,0.0,0.0,0.0,0.0,0.0,0.0,0.0,0.0,0.0,0.0,0.0,0.0,0.0,0.0,0.00594157915006936,0.00594157915006936
2018/05/31 11:00:00,2018/05/31 12:00:00,2018/05/31 16:00:00,1.2662944380625556,1.2662944380625556,0.0,0.0,0.5536927689647958,0.0,0.19126679222895843,0.03911662182397593,0.0,0.004186827384193855,0.2852620246662099,0.0,0.1927694029944216,0.0,0.0,0.0,0.0,0.0,0.0,0.0,0.0,0.0,0.0,0.0,0.0,0.0,0.0,0.0,0.0,0.0,0.0,0.0,0.0,0.0,0.0,0.0,0.004320772515293586,0.004320772515293586
2018/05/31 12:00:00,2018/05/31 13:00:00,2018/05/31 17:00:00,1.6468970017287585,1.6468970017287585,0.0,0.0,0.8442306300165422,0.0,0.1849983996020602,0.03783465154061874,0.0,0.004049612358002795,0.2911673356785335,0.0,0.2846163725330011,0.0,0.0,0.0,0.0,0.0,0.0,0.0,0.0,0.0,0.0,0.0,0.0,0.0,0.0,0.0,0.0,0.0,0.0,0.0,0.0,0.0,0.0,0.0,0.005619441329519213,0.005619441329519213
2018/05/31 13:00:00,2018/05/31 14:00:00,2018/05/31 18:00:00,2.11327980253408,2.11327980253408,0.0,0.0,1.195962113936115,0.0,0.1831538331348946,0.037457412982453704,0.0,0.004009234824052993,0.30196248987002017,0.0,0.3907347177865432,0.0,0.0,0.0,0.0,0.0,0.0,0.0,0.0,0.0,0.0,0.0,0.0,0.0,0.0,0.0,0.0,0.0,0.0,0.0,0.0,0.0,0.0,0.0,0.007210804228031547,0.007210804228031547
2018/05/31 14:00:00,2018/05/31 15:00:00,2018/05/31 19:00:00,2.5557877929856745,2.5557877929856745,0.0,0.0,1.46860672042432,0.0,0.1829823202090357,0.0374223362909875,0.0,0.004005480408525023,0.3835221618001209,0.0,0.4792487738526854,0.0,0.0,0.0,0.0,0.0,0.0,0.0,0.0,0.0,0.0,0.0,0.0,0.0,0.0,0.0,0.0,0.0,0.0,0.0,0.0,0.0,0.0,0.0,0.008720702957324232,0.008720702957324232
2018/05/31 15:00:00,2018/05/31 16:00:00,2018/05/31 20:00:00,3.7507318194485664,3.7507318194485664,0.0,0.0,1.5922671325151407,0.0,0.18310101194854259,0.037446610342085525,0.0,0.004008078569028756,1.407457344766036,0.0,0.526451641307733,0.0,0.0,0.0,0.0,0.0,0.0,0.0,0.0,0.0,0.0,0.0,0.0,0.0,0.0,0.0,0.0,0.0,0.0,0.0,0.0,0.0,0.0,0.0,0.012798017957423802,0.012798017957423802
2018/05/31 16:00:00,2018/05/31 17:00:00,2018/05/31 21:00:00,3.1340713821376647,3.1340713821376647,0.0,0.0,1.5871619940712975,0.0,0.18385073757031967,0.0375999392774278,0.0,0.0040244900523150485,0.789093130645679,0.0,0.5323410905206255,0.0,0.0,0.0,0.0,0.0,0.0,0.0,0.0,0.0,0.0,0.0,0.0,0.0,0.0,0.0,0.0,0.0,0.0,0.0,0.0,0.0,0.0,0.0,0.010693886889077246,0.010693886889077246
2018/05/31 17:00:00,2018/05/31 18:00:00,2018/05/31 22:00:00,3.2219146221096686,3.2219146221096686,0.0,0.0,1.4730607433678211,0.0,0.18748354501607697,0.03834289707663064,0.0,0.004104012156064207,0.611945277432064,0.0,0.504587008360884,0.0,0.0,0.0,0.0,0.402391138700128,0.0,0.0,0.0,0.0,0.0,0.0,0.0,0.0,0.0,0.0,0.0,0.0,0.0,0.0,0.0,0.0,0.0,0.0,0.0109936202255879,0.0109936202255879
2018/05/31 18:00:00,2018/05/31 19:00:00,2018/05/31 23:00:00,3.1492409253983182,3.1492409253983182,0.0,0.0,1.3601369110567398,0.0,0.20050274998910886,0.041005498939944623,0.0,0.004389002369296161,0.6343320589831604,0.0,0.47438536157505745,0.0,0.0,0.0,0.0,0.4344893424850108,0.0,0.0,0.0,0.0,0.0,0.0,0.0,0.0,0.0,0.0,0.0,0.0,0.0,0.0,0.0,0.0,0.0,0.0,0.010745647477783987,0.010745647477783987
2018/05/31 19:00:00,2018/05/31 20:00:00,2018/06/01 00:00:00,3.6662132328379298,3.6662132328379298,0.0,0.0,1.0869567438167536,0.0,0.23456450068467974,0.047971583355822994,0.0,0.0051346136116025955,0.579977755089703,0.0,0.3927871654485154,0.0,0.0,0.0,0.0,1.3188208708308526,0.0,0.0,0.0,0.0,0.0,0.0,0.0,0.0,0.0,0.0,0.0,0.0,0.0,0.0,0.0,0.0,0.0,0.0,0.012509628799987845,0.012509628799987845
2018/05/31 20:00:00,2018/05/31 21:00:00,2018/06/01 01:00:00,3.1025187998127275,3.1025187998127275,0.0,0.0,0.6152222818453342,0.0,0.2979972219663822,0.0609444248027156,0.0,0.006523154985780348,0.5703875988428551,0.0,0.2326232465388074,0.0,0.0,0.0,0.0,1.3188208708308526,0.0,0.0,0.0,0.0,0.0,0.0,0.0,0.0,0.0,0.0,0.0,0.0,0.0,0.0,0.0,0.0,0.0,0.0,0.010586225095423066,0.010586225095423066
2018/05/31 21:00:00,2018/05/31 22:00:00,2018/06/01 02:00:00,2.6964888863075958,2.6964888863075958,0.0,0.0,0.2677926240143944,0.0,0.3772776461222946,0.0771583338331913,0.0,0.008258602352352653,0.542573141541421,0.0,0.10460766761308903,0.0,0.0,0.0,0.0,1.3188208708308526,0.0,0.0,0.0,0.0,0.0,0.0,0.0,0.0,0.0,0.0,0.0,0.0,0.0,0.0,0.0,0.0,0.0,0.0,0.009200794631601238,0.009200794631601238
2018/05/31 22:00:00,2018/05/31 23:00:00,2018/06/01 03:00:00,1.000595179092429,1.000595179092429,0.0,0.0,0.020550637319851836,0.0,0.2987851671863192,0.061105570157991854,0.0,0.006540403095531294,0.46330240650435034,0.0,0.008151826835788719,0.0,0.0,0.0,0.0,0.14215916799259584,0.0,0.0,0.0,0.0,0.0,0.0,0.0,0.0,0.0,0.0,0.0,0.0,0.0,0.0,0.0,0.0,0.0,0.0,0.0034141697371525962,0.0034141697371525962
2018/05/31 23:00:00,2018/06/01 00:00:00,2018/06/01 04:00:00,0.5550382139641111,0.5550382139641111,0.0,0.0,0.0,0.0,0.13094360677997474,0.026779722120023,0.0,0.002866353705536267,0.3944485313585772,0.0,0.0,0.0,0.0,0.0,0.0,0.0,0.0,0.0,0.0,0.0,0.0,0.0,0.0,0.0,0.0,0.0,0.0,0.0,0.0,0.0,0.0,0.0,0.0,0.0,0.001893867482749932,0.001893867482749932
2018/06/01 00:00:00,2018/06/01 01:00:00,2018/06/01 05:00:00,0.8885713561211829,0.8885713561211829,0.46045523281883843,0.0,0.0,0.0,0.06501908921459039,0.013297274945155983,0.0,0.0014232669458539432,0.34837649219674405,0.0,0.0,0.0,0.0,0.0,0.0,0.0,0.0,0.0,0.0,0.0,0.0,0.0,0.0,0.0,0.0,0.0,0.0,0.0,0.0,0.0,0.0,0.0,0.0,0.0,0.0030319288926829286,0.0030319288926829286
2018/06/01 01:00:00,2018/06/01 02:00:00,2018/06/01 06:00:00,1.4758629474679015,1.4758629474679015,1.1354177876276186,0.0,0.0,0.0,0.03901145352875434,0.00797836496709361,0.0,0.0008539601675123682,0.2926013811769224,0.0,0.0,0.0,0.0,0.0,0.0,0.0,0.0,0.0,0.0,0.0,0.0,0.0,0.0,0.0,0.0,0.0,0.0,0.0,0.0,0.0,0.0,0.0,0.0,0.0,0.00503584937916664,0.00503584937916664
2018/06/01 02:00:00,2018/06/01 03:00:00,2018/06/01 07:00:00,1.7695167396924343,1.7695167396924343,1.4751111019852587,0.0,0.0,0.0,0.026007635685836212,0.005318909978062404,0.0,0.0005693067783415784,0.2625097852649354,0.0,0.0,0.0,0.0,0.0,0.0,0.0,0.0,0.0,0.0,0.0,0.0,0.0,0.0,0.0,0.0,0.0,0.0,0.0,0.0,0.0,0.0,0.0,0.0,0.0,0.006037836907751848,0.006037836907751848
2018/06/01 03:00:00,2018/06/01 04:00:00,2018/06/01 08:00:00,2.264379213379915,2.264379213379915,1.981763436140875,0.0,0.0,0.0,0.026007635685836212,0.005318909978062404,0.0,0.0005693067783415784,0.25071992479679983,0.0,0.0,0.0,0.0,0.0,0.0,0.0,0.0,0.0,0.0,0.0,0.0,0.0,0.0,0.0,0.0,0.0,0.0,0.0,0.0,0.0,0.0,0.0,0.0,0.0,0.007726376406061982,0.007726376406061982
2018/06/01 04:00:00,2018/06/01 05:00:00,2018/06/01 09:00:00,2.8012663162098113,2.8012663162098113,2.531465097738802,0.0,0.0,0.0,0.026843243274492543,0.00548980292637717,0.0,0.0005875982166715451,0.23688057405346816,0.0,0.0,0.0,0.0,0.0,0.0,0.0,0.0,0.0,0.0,0.0,0.0,0.0,0.0,0.0,0.0,0.0,0.0,0.0,0.0,0.0,0.0,0.0,0.0,0.0,0.009558309776370618,0.009558309776370618
2018/06/01 05:00:00,2018/06/01 06:00:00,2018/06/01 10:00:00,3.3525476936077694,3.3525476936077694,3.0101196426226178,0.0,0.0,0.0,0.06900948530167404,0.014113364412895239,0.0,0.0015106166599181724,0.25779458461066423,0.0,0.0,0.0,0.0,0.0,0.0,0.0,0.0,0.0,0.0,0.0,0.0,0.0,0.0,0.0,0.0,0.0,0.0,0.0,0.0,0.0,0.0,0.0,0.0,0.0,0.011439358410919401,0.011439358410919401
2018/06/01 06:00:00,2018/06/01 07:00:00,2018/06/01 11:00:00,3.9863211276150605,3.9863211276150605,2.1907032916638203,0.0,0.0,0.0,0.16201522163153,0.03313428369051031,0.0,0.003546510916391187,0.31514973276137404,0.0,0.0,0.0,0.0,0.0,0.0,1.281772086951435,0.0,0.0,0.0,0.0,0.0,0.0,0.0,0.0,0.0,0.0,0.0,0.0,0.0,0.0,0.0,0.0,0.0,0.0,0.01360188140104775,0.01360188140104775
2018/06/01 07:00:00,2018/06/01 08:00:00,2018/06/01 12:00:00,4.047439843542302,4.047439843542302,2.117068999792956,0.0,0.0,0.0,0.20502608639988215,0.041930581844827744,0.0,0.0044880181395291685,0.36010528653425383,0.0,0.0,0.0,0.0,0.0,0.0,1.3188208708308526,0.0,0.0,0.0,0.0,0.0,0.0,0.0,0.0,0.0,0.0,0.0,0.0,0.0,0.0,0.0,0.0,0.0,0.0,0.01381042694938997,0.01381042694938997
2018/06/01 08:00:00,2018/06/01 09:00:00,2018/06/01 13:00:00,2.990682454402263,2.990682454402263,1.1258078092792452,0.0,0.0,0.0,0.20318552328194064,0.04155416202522051,0.0,0.004447728238837415,0.29686636074616646,0.0,0.0,0.0,0.0,0.0,0.0,1.3188208708308526,0.0,0.0,0.0,0.0,0.0,0.0,0.0,0.0,0.0,0.0,0.0,0.0,0.0,0.0,0.0,0.0,0.0,0.0,0.010204623950432059,0.010204623950432059
2018/06/01 09:00:00,2018/06/01 10:00:00,2018/06/01 14:00:00,2.188181609182119,2.188181609182119,0.39028358121896034,0.0,0.0,0.0,0.19457144785868138,0.03979246817984311,0.0,0.0042591662493183975,0.24045407484446327,0.0,0.0,0.0,0.0,0.0,0.0,1.3188208708308526,0.0,0.0,0.0,0.0,0.0,0.0,0.0,0.0,0.0,0.0,0.0,0.0,0.0,0.0,0.0,0.0,0.0,0.0,0.007466379596431527,0.007466379596431527
2018/06/01 10:00:00,2018/06/01 11:00:00,2018/06/01 15:00:00,0.9091511546556946,0.9091511546556946,0.014597920682766418,0.0,0.0,0.0,0.18848183893972803,0.03854706156031103,0.0,0.004125864795972619,0.23706579076249806,0.0,0.0,0.0,0.0,0.0,0.0,0.4263326779144184,0.0,0.0,0.0,0.0,0.0,0.0,0.0,0.0,0.0,0.0,0.0,0.0,0.0,0.0,0.0,0.0,0.0,0.0,0.0031021500238870166,0.0031021500238870166
2018/06/01 11:00:00,2018/06/01 12:00:00,2018/06/01 16:00:00,0.8329537372249362,0.8329537372249362,0.0,0.0,0.0,0.0,0.18004485089820238,0.03682158445731919,0.0,0.003941179246742044,0.2521460954047706,0.0,0.0,0.0,0.0,0.0,0.0,0.36000002721790186,0.0,0.0,0.0,0.0,0.0,0.0,0.0,0.0,0.0,0.0,0.0,0.0,0.0,0.0,0.0,0.0,0.0,0.0,0.0028421538515316347,0.0028421538515316347
2018/06/01 12:00:00,2018/06/01 13:00:00,2018/06/01 17:00:00,1.5167909043563972,1.5167909043563972,0.0,0.0,0.0,0.0,0.17395524197924905,0.03557617783778712,0.0,0.003807877793396267,0.25819048102071934,0.0,0.0,0.0,0.0,0.0,0.0,1.0452611257252453,0.0,0.0,0.0,0.0,0.0,0.0,0.0,0.0,0.0,0.0,0.0,0.0,0.0,0.0,0.0,0.0,0.0,0.0,0.005175501253103242,0.005175501253103242
2018/06/01 13:00:00,2018/06/01 14:00:00,2018/06/01 18:00:00,0.5084162600511019,0.5084162600511019,0.0,0.0,0.022312528187255626,0.0,0.1721632852403147,0.035209698673971224,0.0,0.003768651885655419,0.26620885734512484,0.0,0.008753238718780079,0.0,0.0,0.0,0.0,0.0,0.0,0.0,0.0,0.0,0.0,0.0,0.0,0.0,0.0,0.0,0.0,0.0,0.0,0.0,0.0,0.0,0.0,0.0,0.001734786900050047,0.001734786900050047
2018/06/01 14:00:00,2018/06/01 15:00:00,2018/06/01 19:00:00,1.614678131174174,1.614678131174174,0.0,0.0,0.1769482863866658,0.0,0.17199652313011424,0.03517559358796407,0.0,0.0037650014654152042,0.6547996514717686,0.0,0.06925162636380283,0.0,0.0,0.0,0.0,0.5027414487684432,0.0,0.0,0.0,0.0,0.0,0.0,0.0,0.0,0.0,0.0,0.0,0.0,0.0,0.0,0.0,0.0,0.0,0.0,0.005509506067875765,0.005509506067875765
2018/06/01 15:00:00,2018/06/01 16:00:00,2018/06/01 20:00:00,0.9874774644687163,0.9874774644687163,0.0,0.0,0.35470330335662315,0.0,0.17210040794950074,0.03519683942549728,0.0,0.0037672755026463456,0.28373458382035643,0.0,0.1379750544140924,0.0,0.0,0.0,0.0,0.0,0.0,0.0,0.0,0.0,0.0,0.0,0.0,0.0,0.0,0.0,0.0,0.0,0.0,0.0,0.0,0.0,0.0,0.0,0.0033694102727611064,0.0033694102727611064
2018/06/01 16:00:00,2018/06/01 17:00:00,2018/06/01 21:00:00,1.3505413555386518,1.3505413555386518,0.0,0.0,0.5442473585711695,0.0,0.1727083280322343,0.035321167228030935,0.0,0.003780582864683052,0.38388522406492354,0.0,0.21059869477761045,0.0,0.0,0.0,0.0,0.0,0.0,0.0,0.0,0.0,0.0,0.0,0.0,0.0,0.0,0.0,0.0,0.0,0.0,0.0,0.0,0.0,0.0,0.0,0.0046082346999067195,0.0046082346999067195
2018/06/01 17:00:00,2018/06/01 18:00:00,2018/06/01 22:00:00,1.617965670046706,1.617965670046706,0.0,0.0,0.624667364561226,0.0,0.17552352094686682,0.035896911900275955,0.0,0.0038422073978778286,0.5350858754207735,0.0,0.24294978981968596,0.0,0.0,0.0,0.0,0.0,0.0,0.0,0.0,0.0,0.0,0.0,0.0,0.0,0.0,0.0,0.0,0.0,0.0,0.0,0.0,0.0,0.0,0.0,0.0055207236071592265,0.0055207236071592265
2018/06/01 18:00:00,2018/06/01 19:00:00,2018/06/01 23:00:00,1.6157958368480936,1.6157958368480936,0.0,0.0,0.6006969595157355,0.0,0.1854355004655871,0.03792404452399166,0.0,0.004059180489740367,0.5513214305361466,0.0,0.23635872131689237,0.0,0.0,0.0,0.0,0.0,0.0,0.0,0.0,0.0,0.0,0.0,0.0,0.0,0.0,0.0,0.0,0.0,0.0,0.0,0.0,0.0,0.0,0.0,0.005513319834888316,0.005513319834888316
2018/06/01 19:00:00,2018/06/01 20:00:00,2018/06/02 00:00:00,2.408572888300732,2.408572888300732,0.0,0.0,0.5738470265308281,0.0,0.21169246292360147,0.04329394516773225,0.0,0.0046339450276083275,0.5005084163794185,0.0,0.22916405507456822,0.0,0.0,0.0,0.0,0.845433037196975,0.0,0.0,0.0,0.0,0.0,0.0,0.0,0.0,0.0,0.0,0.0,0.0,0.0,0.0,0.0,0.0,0.0,0.0,0.00821838525388594,0.00821838525388594
2018/06/01 20:00:00,2018/06/01 21:00:00,2018/06/02 01:00:00,2.549852705177144,2.549852705177144,0.0,0.0,0.29780725817533116,0.0,0.2630250272863957,0.05379214239284531,0.0,0.005757614137496295,0.49005820397958605,0.0,0.12059158837463632,0.0,0.0,0.0,0.0,1.3188208708308526,0.0,0.0,0.0,0.0,0.0,0.0,0.0,0.0,0.0,0.0,0.0,0.0,0.0,0.0,0.0,0.0,0.0,0.0,0.00870045161331755,0.00870045161331755
2018/06/01 21:00:00,2018/06/01 22:00:00,2018/06/02 02:00:00,2.227718453653049,2.227718453653049,0.0,0.0,0.05764269311195385,0.0,0.33411180980362465,0.06833034192034627,0.0,0.007313702804163992,0.4657559093404247,0.0,0.023335370982758997,0.0,0.0,0.0,0.0,1.2712286256897771,0.0,0.0,0.0,0.0,0.0,0.0,0.0,0.0,0.0,0.0,0.0,0.0,0.0,0.0,0.0,0.0,0.0,0.0,0.007601284801569128,0.007601284801569128
2018/06/01 22:00:00,2018/06/01 23:00:00,2018/06/02 03:00:00,0.7404164657360179,0.7404164657360179,0.0,0.0,0.0,0.0,0.2788500201125949,0.05702856546731482,0.0,0.0061040230072602055,0.39843385714884805,0.0,0.0,0.0,0.0,0.0,0.0,0.0,0.0,0.0,0.0,0.0,0.0,0.0,0.0,0.0,0.0,0.0,0.0,0.0,0.0,0.0,0.0,0.0,0.0,0.0,0.002526403827468253,0.002526403827468253
2018/06/01 23:00:00,2018/06/02 00:00:00,2018/06/02 04:00:00,0.6499372579861037,0.6499372579861037,0.14946060282045256,0.0,0.0,0.0,0.13094360677997474,0.026779722120023,0.0,0.002866353705536267,0.33988697256011713,0.0,0.0,0.0,0.0,0.0,0.0,0.0,0.0,0.0,0.0,0.0,0.0,0.0,0.0,0.0,0.0,0.0,0.0,0.0,0.0,0.0,0.0,0.0,0.0,0.0,0.0022176762027544383,0.0022176762027544383
2018/06/02 00:00:00,2018/06/02 01:00:00,2018/06/02 05:00:00,1.4164192958477766,1.4164192958477766,1.0315904581246866,0.0,0.0,0.0,0.06501908921459039,0.013297274945155983,0.0,0.0014232669458539432,0.3050892066174897,0.0,0.0,0.0,0.0,0.0,0.0,0.0,0.0,0.0,0.0,0.0,0.0,0.0,0.0,0.0,0.0,0.0,0.0,0.0,0.0,0.0,0.0,0.0,0.0,0.0,0.004833019382912455,0.004833019382912455
2018/06/02 01:00:00,2018/06/02 02:00:00,2018/06/02 06:00:00,1.797131374523743,1.797131374523743,1.4566862146834598,0.0,0.0,0.0,0.03901145352875434,0.00797836496709361,0.0,0.0008539601675123682,0.2926013811769224,0.0,0.0,0.0,0.0,0.0,0.0,0.0,0.0,0.0,0.0,0.0,0.0,0.0,0.0,0.0,0.0,0.0,0.0,0.0,0.0,0.0,0.0,0.0,0.0,0.0,0.006132061877563404,0.006132061877563404
2018/06/02 02:00:00,2018/06/02 03:00:00,2018/06/02 07:00:00,1.905331828855399,1.905331828855399,1.6109261911482233,0.0,0.0,0.0,0.026007635685836212,0.005318909978062404,0.0,0.0005693067783415784,0.2625097852649354,0.0,0.0,0.0,0.0,0.0,0.0,0.0,0.0,0.0,0.0,0.0,0.0,0.0,0.0,0.0,0.0,0.0,0.0,0.0,0.0,0.0,0.0,0.0,0.0,0.0,0.006501256857155823,0.006501256857155823
2018/06/02 03:00:00,2018/06/02 04:00:00,2018/06/02 08:00:00,2.215391983688421,2.215391983688421,1.9327762064493808,0.0,0.0,0.0,0.026007635685836212,0.005318909978062404,0.0,0.0005693067783415784,0.25071992479679983,0.0,0.0,0.0,0.0,0.0,0.0,0.0,0.0,0.0,0.0,0.0,0.0,0.0,0.0,0.0,0.0,0.0,0.0,0.0,0.0,0.0,0.0,0.0,0.0,0.0,0.00755922517386102,0.00755922517386102
2018/06/02 04:00:00,2018/06/02 05:00:00,2018/06/02 09:00:00,2.434212755181175,2.434212755181175,2.1644115367101655,0.0,0.0,0.0,0.026843243274492543,0.00548980292637717,0.0,0.0005875982166715451,0.23688057405346816,0.0,0.0,0.0,0.0,0.0,0.0,0.0,0.0,0.0,0.0,0.0,0.0,0.0,0.0,0.0,0.0,0.0,0.0,0.0,0.0,0.0,0.0,0.0,0.0,0.0,0.008305872041147128,0.008305872041147128
2018/06/02 05:00:00,2018/06/02 06:00:00,2018/06/02 10:00:00,2.6623231009107693,2.6623231009107693,2.3198950499256177,0.0,0.0,0.0,0.06900948530167404,0.014113364412895239,0.0,0.0015106166599181724,0.25779458461066423,0.0,0.0,0.0,0.0,0.0,0.0,0.0,0.0,0.0,0.0,0.0,0.0,0.0,0.0,0.0,0.0,0.0,0.0,0.0,0.0,0.0,0.0,0.0,0.0,0.0,0.009084216226082938,0.009084216226082938
2018/06/02 06:00:00,2018/06/02 07:00:00,2018/06/02 11:00:00,2.371972539183104,2.371972539183104,1.8581267901832985,0.0,0.0,0.0,0.16201522163153,0.03313428369051031,0.0,0.003546510916391187,0.31514973276137404,0.0,0.0,0.0,0.0,0.0,0.0,0.0,0.0,0.0,0.0,0.0,0.0,0.0,0.0,0.0,0.0,0.0,0.0,0.0,0.0,0.0,0.0,0.0,0.0,0.0,0.008093499778783044,0.008093499778783044
2018/06/02 07:00:00,2018/06/02 08:00:00,2018/06/02 12:00:00,2.0135589421459925,2.0135589421459925,0.5268415624265624,0.0,0.0,0.0,0.20502608639988215,0.041930581844827744,0.0,0.0044880181395291685,0.36010528653425383,0.0,0.0,0.0,0.0,0.0,0.0,0.8751674068009367,0.0,0.0,0.0,0.0,0.0,0.0,0.0,0.0,0.0,0.0,0.0,0.0,0.0,0.0,0.0,0.0,0.0,0.0,0.006870542800819156,0.006870542800819156
2018/06/02 08:00:00,2018/06/02 09:00:00,2018/06/02 13:00:00,1.8899883728336935,1.8899883728336935,0.025113727710675604,0.0,0.0,0.0,0.20318552328194064,0.04155416202522051,0.0,0.004447728238837415,0.29686636074616646,0.0,0.0,0.0,0.0,0.0,0.0,1.3188208708308526,0.0,0.0,0.0,0.0,0.0,0.0,0.0,0.0,0.0,0.0,0.0,0.0,0.0,0.0,0.0,0.0,0.0,0.0,0.006448902853951297,0.006448902853951297
2018/06/02 09:00:00,2018/06/02 10:00:00,2018/06/02 14:00:00,1.1216765521567686,1.1216765521567686,0.0,0.0,0.011311729400882957,0.0,0.19457144785868138,0.03979246817984311,0.0,0.0042591662493183975,0.24045407484446327,0.0,0.004511201230945702,0.0,0.0,0.0,0.0,0.626776464392634,0.0,0.0,0.0,0.0,0.0,0.0,0.0,0.0,0.0,0.0,0.0,0.0,0.0,0.0,0.0,0.0,0.0,0.0,0.003827316200664555,0.003827316200664555
2018/06/02 10:00:00,2018/06/02 11:00:00,2018/06/02 15:00:00,0.5520022397923234,0.5520022397923234,0.0,0.0,0.06017839476689777,0.0,0.18848183893972803,0.03854706156031103,0.0,0.004125864795972619,0.23706579076249806,0.0,0.023603288966915836,0.0,0.0,0.0,0.0,0.0,0.0,0.0,0.0,0.0,0.0,0.0,0.0,0.0,0.0,0.0,0.0,0.0,0.0,0.0,0.0,0.0,0.0,0.0,0.0018835083171686064,0.0018835083171686064
2018/06/02 11:00:00,2018/06/02 12:00:00,2018/06/02 16:00:00,0.6447252256332389,0.6447252256332389,0.0,0.0,0.12382880153627608,0.0,0.18004485089820238,0.03682158445731919,0.0,0.003941179246742044,0.2521460954047706,0.0,0.047942714089928555,0.0,0.0,0.0,0.0,0.0,0.0,0.0,0.0,0.0,0.0,0.0,0.0,0.0,0.0,0.0,0.0,0.0,0.0,0.0,0.0,0.0,0.0,0.0,0.0021998920243973606,0.0021998920243973606
2018/06/02 12:00:00,2018/06/02 13:00:00,2018/06/02 17:00:00,0.7754279821931938,0.7754279821931938,0.0,0.0,0.21974345416122507,0.0,0.17395524197924905,0.03557617783778712,0.0,0.003807877793396267,0.25819048102071934,0.0,0.08415474940081688,0.0,0.0,0.0,0.0,0.0,0.0,0.0,0.0,0.0,0.0,0.0,0.0,0.0,0.0,0.0,0.0,0.0,0.0,0.0,0.0,0.0,0.0,0.0,0.0026458679848394007,0.0026458679848394007
2018/06/02 13:00:00,2018/06/02 14:00:00,2018/06/02 18:00:00,2.0887057839770216,2.0887057839770216,0.0,0.0,0.40410976900378437,0.0,0.1721632852403147,0.035209698673971224,0.0,0.003768651885655419,0.26620885734512484,0.0,0.1522835123469918,0.0,0.0,0.0,0.0,1.0549620094811794,0.0,0.0,0.0,0.0,0.0,0.0,0.0,0.0,0.0,0.0,0.0,0.0,0.0,0.0,0.0,0.0,0.0,0.0,0.007126954263299722,0.007126954263299722
2018/06/02 14:00:00,2018/06/02 15:00:00,2018/06/02 19:00:00,1.571996175838545,1.571996175838545,0.0,0.0,0.5472789574832947,0.0,0.17199652313011424,0.03517559358796407,0.0,0.0037650014654152042,0.2956372840816883,0.0,0.2019237927494068,0.0,0.0,0.0,0.0,0.31621902334066193,0.0,0.0,0.0,0.0,0.0,0.0,0.0,0.0,0.0,0.0,0.0,0.0,0.0,0.0,0.0,0.0,0.0,0.0,0.005363869307601166,0.005363869307601166
2018/06/02 15:00:00,2018/06/02 16:00:00,2018/06/02 20:00:00,1.4858124887377777,1.4858124887377777,0.0,0.0,0.7242220096817238,0.0,0.17210040794950074,0.03519683942549728,0.0,0.0037672755026463456,0.28373458382035643,0.0,0.26679137235805295,0.0,0.0,0.0,0.0,0.0,0.0,0.0,0.0,0.0,0.0,0.0,0.0,0.0,0.0,0.0,0.0,0.0,0.0,0.0,0.0,0.0,0.0,0.0,0.0050697985960047355,0.0050697985960047355
2018/06/02 16:00:00,2018/06/02 17:00:00,2018/06/02 21:00:00,1.6496927659011786,1.6496927659011786,0.0,0.0,0.7681085142975567,0.0,0.1727083280322343,0.035321167228030935,0.0,0.003780582864683052,0.38388522406492354,0.0,0.2858889494137501,0.0,0.0,0.0,0.0,0.0,0.0,0.0,0.0,0.0,0.0,0.0,0.0,0.0,0.0,0.0,0.0,0.0,0.0,0.0,0.0,0.0,0.0,0.0,0.005628980865216707,0.005628980865216707
2018/06/02 17:00:00,2018/06/02 18:00:00,2018/06/02 22:00:00,1.9253808100504595,1.9253808100504595,0.0,0.0,0.8582388557840789,0.0,0.17552352094686682,0.035896911900275955,0.0,0.0038422073978778286,0.5350858754207735,0.0,0.31679343860058634,0.0,0.0,0.0,0.0,0.0,0.0,0.0,0.0,0.0,0.0,0.0,0.0,0.0,0.0,0.0,0.0,0.0,0.0,0.0,0.0,0.0,0.0,0.0,0.006569666765865361,0.006569666765865361
2018/06/02 18:00:00,2018/06/02 19:00:00,2018/06/02 23:00:00,3.2613928924627036,3.2613928924627036,0.0,0.0,0.8614601224160897,0.0,0.1854355004655871,0.03792404452399166,0.0,0.004059180489740367,0.5513214305361466,0.0,0.31872465526200133,0.0,0.0,0.0,0.0,1.302467958769147,0.0,0.0,0.0,0.0,0.0,0.0,0.0,0.0,0.0,0.0,0.0,0.0,0.0,0.0,0.0,0.0,0.0,0.0,0.011128325567699097,0.011128325567699097
2018/06/02 19:00:00,2018/06/02 20:00:00,2018/06/03 00:00:00,3.4893374254692464,3.4893374254692464,0.0,0.0,0.7241419601072406,0.0,0.21169246292360147,0.04329394516773225,0.0,0.0046339450276083275,0.9147331025584201,0.0,0.27202113885379064,0.0,0.0,0.0,0.0,1.3188208708308526,0.0,0.0,0.0,0.0,0.0,0.0,0.0,0.0,0.0,0.0,0.0,0.0,0.0,0.0,0.0,0.0,0.0,0.0,0.0119061039765919,0.0119061039765919
2018/06/02 20:00:00,2018/06/02 21:00:00,2018/06/03 01:00:00,2.2629201966794175,2.2629201966794175,0.0,0.0,0.5010136130462607,0.0,0.2630250272863957,0.05379214239284531,0.0,0.005757614137496295,0.49005820397958605,0.0,0.1937541817447359,0.0,0.0,0.0,0.0,0.7555194140920978,0.0,0.0,0.0,0.0,0.0,0.0,0.0,0.0,0.0,0.0,0.0,0.0,0.0,0.0,0.0,0.0,0.0,0.0,0.00772139803841748,0.00772139803841748
2018/06/02 21:00:00,2018/06/02 22:00:00,2018/06/03 02:00:00,1.280702318840863,1.280702318840863,0.0,0.0,0.2898421465192408,0.0,0.33411180980362465,0.06833034192034627,0.0,0.007313702804163992,0.4657559093404247,0.0,0.11534840845306256,0.0,0.0,0.0,0.0,0.0,0.0,0.0,0.0,0.0,0.0,0.0,0.0,0.0,0.0,0.0,0.0,0.0,0.0,0.0,0.0,0.0,0.0,0.0,0.004369934205813039,0.004369934205813039
2018/06/02 22:00:00,2018/06/02 23:00:00,2018/06/03 03:00:00,0.9327327462450821,0.9327327462450821,0.0,0.0,0.13744056022892434,0.0,0.2788500201125949,0.05702856546731482,0.0,0.0061040230072602055,0.39843385714884805,0.0,0.05487572028013981,0.0,0.0,0.0,0.0,0.0,0.0,0.0,0.0,0.0,0.0,0.0,0.0,0.0,0.0,0.0,0.0,0.0,0.0,0.0,0.0,0.0,0.0,0.0,0.0031826136899536527,0.0031826136899536527
2018/06/02 23:00:00,2018/06/03 00:00:00,2018/06/03 04:00:00,0.5482254165449109,0.5482254165449109,0.0,0.0,0.0341615108491123,0.0,0.13094360677997474,0.026779722120023,0.0,0.002866353705536267,0.33988697256011713,0.0,0.01358725053014745,0.0,0.0,0.0,0.0,0.0,0.0,0.0,0.0,0.0,0.0,0.0,0.0,0.0,0.0,0.0,0.0,0.0,0.0,0.0,0.0,0.0,0.0,0.0,0.001870621271634781,0.001870621271634781
2018/06/03 00:00:00,2018/06/03 01:00:00,2018/06/03 05:00:00,0.38482883772309007,0.38482883772309007,0.0,0.0,0.0,0.0,0.06501908921459039,0.013297274945155983,0.0,0.0014232669458539432,0.3050892066174897,0.0,0.0,0.0,0.0,0.0,0.0,0.0,0.0,0.0,0.0,0.0,0.0,0.0,0.0,0.0,0.0,0.0,0.0,0.0,0.0,0.0,0.0,0.0,0.0,0.0,0.0013130894483516335,0.0013130894483516335
2018/06/03 01:00:00,2018/06/03 02:00:00,2018/06/03 06:00:00,0.34044515984028273,0.34044515984028273,0.0,0.0,0.0,0.0,0.03901145352875434,0.00797836496709361,0.0,0.0008539601675123682,0.2926013811769224,0.0,0.0,0.0,0.0,0.0,0.0,0.0,0.0,0.0,0.0,0.0,0.0,0.0,0.0,0.0,0.0,0.0,0.0,0.0,0.0,0.0,0.0,0.0,0.0,0.0,0.001161646174370986,0.001161646174370986
2018/06/03 02:00:00,2018/06/03 03:00:00,2018/06/03 07:00:00,0.29440563770717565,0.29440563770717565,0.0,0.0,0.0,0.0,0.026007635685836212,0.005318909978062404,0.0,0.0005693067783415784,0.2625097852649354,0.0,0.0,0.0,0.0,0.0,0.0,0.0,0.0,0.0,0.0,0.0,0.0,0.0,0.0,0.0,0.0,0.0,0.0,0.0,0.0,0.0,0.0,0.0,0.0,0.0,0.0010045529298058915,0.0010045529298058915
2018/06/03 03:00:00,2018/06/03 04:00:00,2018/06/03 08:00:00,0.28261577723904,0.28261577723904,0.0,0.0,0.0,0.0,0.026007635685836212,0.005318909978062404,0.0,0.0005693067783415784,0.25071992479679983,0.0,0.0,0.0,0.0,0.0,0.0,0.0,0.0,0.0,0.0,0.0,0.0,0.0,0.0,0.0,0.0,0.0,0.0,0.0,0.0,0.0,0.0,0.0,0.0,0.0,0.00096432428823671,0.00096432428823671
2018/06/03 04:00:00,2018/06/03 05:00:00,2018/06/03 09:00:00,0.4150571207727993,0.4150571207727993,0.1452559023017899,0.0,0.0,0.0,0.026843243274492543,0.00548980292637717,0.0,0.0005875982166715451,0.23688057405346816,0.0,0.0,0.0,0.0,0.0,0.0,0.0,0.0,0.0,0.0,0.0,0.0,0.0,0.0,0.0,0.0,0.0,0.0,0.0,0.0,0.0,0.0,0.0,0.0,0.0,0.0014162325489290417,0.0014162325489290417
2018/06/03 05:00:00,2018/06/03 06:00:00,2018/06/03 10:00:00,0.6271392988586604,0.6271392988586604,0.2847112478735087,0.0,0.0,0.0,0.06900948530167404,0.014113364412895239,0.0,0.0015106166599181724,0.25779458461066423,0.0,0.0,0.0,0.0,0.0,0.0,0.0,0.0,0.0,0.0,0.0,0.0,0.0,0.0,0.0,0.0,0.0,0.0,0.0,0.0,0.0,0.0,0.0,0.0,0.0,0.0021398863994971824,0.0021398863994971824
2018/06/03 06:00:00,2018/06/03 07:00:00,2018/06/03 11:00:00,1.202380020221082,1.202380020221082,0.16996475287524734,0.0,0.0,0.0,0.16201522163153,0.03313428369051031,0.0,0.003546510916391187,0.31514973276137404,0.0,0.0,0.0,0.0,0.0,0.0,0.518569518346029,0.0,0.0,0.0,0.0,0.0,0.0,0.0,0.0,0.0,0.0,0.0,0.0,0.0,0.0,0.0,0.0,0.0,0.0,0.004102687643687455,0.004102687643687455
2018/06/03 07:00:00,2018/06/03 08:00:00,2018/06/03 12:00:00,1.8942669651904604,1.8942669651904604,0.0,0.0,0.0037243393812648,0.0,0.20502608639988215,0.041930581844827744,0.0,0.0044880181395291685,0.36010528653425383,0.0,0.0014750836872078192,0.0,0.0,0.0,0.0,1.277517569203495,0.0,0.0,0.0,0.0,0.0,0.0,0.0,0.0,0.0,0.0,0.0,0.0,0.0,0.0,0.0,0.0,0.0,0.0,0.006463502005383683,0.006463502005383683
2018/06/03 08:00:00,2018/06/03 09:00:00,2018/06/03 13:00:00,1.8648746451230178,1.8648746451230178,0.0,0.0,0.0,0.0,0.20318552328194064,0.04155416202522051,0.0,0.004447728238837415,0.29686636074616646,0.0,0.0,0.0,0.0,0.0,0.0,1.3188208708308526,0.0,0.0,0.0,0.0,0.0,0.0,0.0,0.0,0.0,0.0,0.0,0.0,0.0,0.0,0.0,0.0,0.0,0.0,0.006363211326619884,0.006363211326619884
2018/06/03 09:00:00,2018/06/03 10:00:00,2018/06/03 14:00:00,1.797898027963159,1.797898027963159,0.0,0.0,0.0,0.0,0.19457144785868138,0.03979246817984311,0.0,0.0042591662493183975,0.24045407484446327,0.0,0.0,0.0,0.0,0.0,0.0,1.3188208708308526,0.0,0.0,0.0,0.0,0.0,0.0,0.0,0.0,0.0,0.0,0.0,0.0,0.0,0.0,0.0,0.0,0.0,0.0,0.006134677805589474,0.006134677805589474
2018/06/03 10:00:00,2018/06/03 11:00:00,2018/06/03 15:00:00,1.2797613341960195,1.2797613341960195,0.0,0.0,0.0,0.0,0.18848183893972803,0.03854706156031103,0.0,0.004125864795972619,0.27140283443066526,0.0,0.0,0.0,0.0,0.0,0.0,0.7772037344693424,0.0,0.0,0.0,0.0,0.0,0.0,0.0,0.0,0.0,0.0,0.0,0.0,0.0,0.0,0.0,0.0,0.0,0.0,0.004366723435498851,0.004366723435498851
2018/06/03 11:00:00,2018/06/03 12:00:00,2018/06/03 16:00:00,1.3394710034683817,1.3394710034683817,0.0,0.0,0.06689758472330877,0.0,0.18004485089820238,0.03682158445731919,0.0,0.003941179246742044,1.0262084091630723,0.0,0.025557394979737018,0.0,0.0,0.0,0.0,0.0,0.0,0.0,0.0,0.0,0.0,0.0,0.0,0.0,0.0,0.0,0.0,0.0,0.0,0.0,0.0,0.0,0.0,0.0,0.00457046112093323,0.00457046112093323
2018/06/03 12:00:00,2018/06/03 13:00:00,2018/06/03 17:00:00,0.6487679728645553,0.6487679728645553,0.0,0.0,0.1282321018234016,0.0,0.17395524197924905,0.03557617783778712,0.0,0.003807877793396267,0.25819048102071934,0.0,0.04900609241000185,0.0,0.0,0.0,0.0,0.0,0.0,0.0,0.0,0.0,0.0,0.0,0.0,0.0,0.0,0.0,0.0,0.0,0.0,0.0,0.0,0.0,0.0,0.0,0.0022136864395020162,0.0022136864395020162
2018/06/03 13:00:00,2018/06/03 14:00:00,2018/06/03 18:00:00,1.2139369858129407,1.2139369858129407,0.0,0.0,0.24315088829149198,0.0,0.1721632852403147,0.035209698673971224,0.0,0.003768651885655419,0.26620885734512484,0.0,0.09153014716164515,0.0,0.0,0.0,0.0,0.4019054572147373,0.0,0.0,0.0,0.0,0.0,0.0,0.0,0.0,0.0,0.0,0.0,0.0,0.0,0.0,0.0,0.0,0.0,0.0,0.004142121615588886,0.004142121615588886
2018/06/03 14:00:00,2018/06/03 15:00:00,2018/06/03 19:00:00,1.1133118834174973,1.1133118834174973,0.0,0.0,0.44462012057571726,0.0,0.17199652313011424,0.03517559358796407,0.0,0.0037650014654152042,0.2956372840816883,0.0,0.16211736057659817,0.0,0.0,0.0,0.0,0.0,0.0,0.0,0.0,0.0,0.0,0.0,0.0,0.0,0.0,0.0,0.0,0.0,0.0,0.0,0.0,0.0,0.0,0.0,0.0037987747890450927,0.0037987747890450927
2018/06/03 15:00:00,2018/06/03 16:00:00,2018/06/03 20:00:00,1.5233016432833926,1.5233016432833926,0.0,0.0,0.7375025882246569,0.0,0.17210040794950074,0.03519683942549728,0.0,0.0037672755026463456,0.3141807946938977,0.0,0.2605537374871937,0.0,0.0,0.0,0.0,0.0,0.0,0.0,0.0,0.0,0.0,0.0,0.0,0.0,0.0,0.0,0.0,0.0,0.0,0.0,0.0,0.0,0.0,0.0,0.005197716798686033,0.005197716798686033
2018/06/03 16:00:00,2018/06/03 17:00:00,2018/06/03 21:00:00,2.6724822346684824,2.6724822346684824,0.0,0.0,1.032489926566875,0.0,0.1727083280322343,0.035321167228030935,0.0,0.003780582864683052,1.0702362291689236,0.0,0.3579460008077357,0.0,0.0,0.0,0.0,0.0,0.0,0.0,0.0,0.0,0.0,0.0,0.0,0.0,0.0,0.0,0.0,0.0,0.0,0.0,0.0,0.0,0.0,0.0,0.009118880601602646,0.009118880601602646
2018/06/03 17:00:00,2018/06/03 18:00:00,2018/06/03 22:00:00,2.2850525892615434,2.2850525892615434,0.0,0.0,1.1370198768105697,0.0,0.17552352094686682,0.035896911900275955,0.0,0.0038422073978778286,0.5350858754207735,0.0,0.39768419678517947,0.0,0.0,0.0,0.0,0.0,0.0,0.0,0.0,0.0,0.0,0.0,0.0,0.0,0.0,0.0,0.0,0.0,0.0,0.0,0.0,0.0,0.0,0.0,0.007796916836172646,0.007796916836172646
2018/06/03 18:00:00,2018/06/03 19:00:00,2018/06/03 23:00:00,2.733068203489567,2.733068203489567,0.0,0.0,0.904365173418539,0.0,0.1854355004655871,0.03792404452399166,0.0,0.004059180489740367,0.5513214305361466,0.0,0.3301668534714913,0.0,0.0,0.0,0.0,0.7197960205840704,0.0,0.0,0.0,0.0,0.0,0.0,0.0,0.0,0.0,0.0,0.0,0.0,0.0,0.0,0.0,0.0,0.0,0.0,0.009325608342818266,0.009325608342818266
2018/06/03 19:00:00,2018/06/03 20:00:00,2018/06/04 00:00:00,1.8751898150994377,1.8751898150994377,0.0,0.0,0.6235527943513781,0.0,0.21169246292360147,0.04329394516773225,0.0,0.0046339450276083275,0.5005084163794185,0.0,0.23461465242713028,0.0,0.0,0.0,0.0,0.2568935988225689,0.0,0.0,0.0,0.0,0.0,0.0,0.0,0.0,0.0,0.0,0.0,0.0,0.0,0.0,0.0,0.0,0.0,0.0,0.006398408119391783,0.006398408119391783
2018/06/03 20:00:00,2018/06/03 21:00:00,2018/06/04 01:00:00,1.494782611324344,1.494782611324344,0.0,0.0,0.4680395955934105,0.0,0.2630250272863957,0.05379214239284531,0.0,0.005757614137496295,0.5283498628525346,0.0,0.17581836906166157,0.0,0.0,0.0,0.0,0.0,0.0,0.0,0.0,0.0,0.0,0.0,0.0,0.0,0.0,0.0,0.0,0.0,0.0,0.0,0.0,0.0,0.0,0.0,0.005100405900250777,0.005100405900250777
2018/06/03 21:00:00,2018/06/03 22:00:00,2018/06/04 02:00:00,2.1716306226277773,2.1716306226277773,0.0,0.0,0.312707102025083,0.0,0.33411180980362465,0.06833034192034627,0.0,0.007313702804163992,1.328967382968734,0.0,0.12020028310582531,0.0,0.0,0.0,0.0,0.0,0.0,0.0,0.0,0.0,0.0,0.0,0.0,0.0,0.0,0.0,0.0,0.0,0.0,0.0,0.0,0.0,0.0,0.0,0.007409905331319528,0.007409905331319528
2018/06/03 22:00:00,2018/06/03 23:00:00,2018/06/04 03:00:00,1.6520667018203112,1.6520667018203112,0.0,0.0,0.13153734820412277,0.0,0.2788500201125949,0.05702856546731482,0.0,0.0061040230072602055,0.39843385714884805,0.0,0.05146568373907176,0.0,0.0,0.0,0.0,0.7286472041410987,0.0,0.0,0.0,0.0,0.0,0.0,0.0,0.0,0.0,0.0,0.0,0.0,0.0,0.0,0.0,0.0,0.0,0.0,0.005637081064320598,0.005637081064320598
2018/06/03 23:00:00,2018/06/04 00:00:00,2018/06/04 04:00:00,0.8953813612160046,0.8953813612160046,0.0,0.0,0.014081868782913029,0.0,0.13094360677997474,0.026779722120023,0.0,0.002866353705536267,0.33988697256011713,0.0,0.005507460466605406,0.0,0.0,0.0,0.0,0.3753153768008351,0.0,0.0,0.0,0.0,0.0,0.0,0.0,0.0,0.0,0.0,0.0,0.0,0.0,0.0,0.0,0.0,0.0,0.0,0.003055165575999437,0.003055165575999437
2018/06/04 00:00:00,2018/06/04 01:00:00,2018/06/04 05:00:00,0.5534680156030594,0.5534680156030594,0.0,0.0,0.0,0.0,0.06501908921459039,0.013297274945155983,0.0,0.0014232669458539432,0.3050892066174897,0.0,0.0,0.0,0.0,0.0,0.0,0.16863917787996927,0.0,0.0,0.0,0.0,0.0,0.0,0.0,0.0,0.0,0.0,0.0,0.0,0.0,0.0,0.0,0.0,0.0,0.0,0.0018885097478361058,0.0018885097478361058
2018/06/04 01:00:00,2018/06/04 02:00:00,2018/06/04 06:00:00,0.4199168169597034,0.4199168169597034,0.0794716571194206,0.0,0.0,0.0,0.03901145352875434,0.00797836496709361,0.0,0.0008539601675123682,0.2926013811769224,0.0,0.0,0.0,0.0,0.0,0.0,0.0,0.0,0.0,0.0,0.0,0.0,0.0,0.0,0.0,0.0,0.0,0.0,0.0,0.0,0.0,0.0,0.0,0.0,0.0,0.0014328145073471633,0.0014328145073471633
2018/06/04 02:00:00,2018/06/04 03:00:00,2018/06/04 07:00:00,0.5736970248367764,0.5736970248367764,0.2792913871296008,0.0,0.0,0.0,0.026007635685836212,0.005318909978062404,0.0,0.0005693067783415784,0.2625097852649354,0.0,0.0,0.0,0.0,0.0,0.0,0.0,0.0,0.0,0.0,0.0,0.0,0.0,0.0,0.0,0.0,0.0,0.0,0.0,0.0,0.0,0.0,0.0,0.0,0.0,0.00195753393722005,0.00195753393722005
2018/06/04 03:00:00,2018/06/04 04:00:00,2018/06/04 08:00:00,0.841395742324708,0.841395742324708,0.558779965085668,0.0,0.0,0.0,0.026007635685836212,0.005318909978062404,0.0,0.0005693067783415784,0.25071992479679983,0.0,0.0,0.0,0.0,0.0,0.0,0.0,0.0,0.0,0.0,0.0,0.0,0.0,0.0,0.0,0.0,0.0,0.0,0.0,0.0,0.0,0.0,0.0,0.0,0.0,0.00287095914555541,0.00287095914555541
2018/06/04 04:00:00,2018/06/04 05:00:00,2018/06/04 09:00:00,1.0659972681954915,1.0659972681954915,0.7961960497244819,0.0,0.0,0.0,0.026843243274492543,0.00548980292637717,0.0,0.0005875982166715451,0.23688057405346816,0.0,0.0,0.0,0.0,0.0,0.0,0.0,0.0,0.0,0.0,0.0,0.0,0.0,0.0,0.0,0.0,0.0,0.0,0.0,0.0,0.0,0.0,0.0,0.0,0.0,0.003637330749745889,0.003637330749745889
2018/06/04 05:00:00,2018/06/04 06:00:00,2018/06/04 10:00:00,1.3621982520905387,1.3621982520905387,1.019770201105387,0.0,0.0,0.0,0.06900948530167404,0.014113364412895239,0.0,0.0015106166599181724,0.25779458461066423,0.0,0.0,0.0,0.0,0.0,0.0,0.0,0.0,0.0,0.0,0.0,0.0,0.0,0.0,0.0,0.0,0.0,0.0,0.0,0.0,0.0,0.0,0.0,0.0,0.0,0.004648009650124518,0.004648009650124518
2018/06/04 06:00:00,2018/06/04 07:00:00,2018/06/04 11:00:00,1.3784765503813445,1.3784765503813445,0.8646308013815391,0.0,0.0,0.0,0.16201522163153,0.03313428369051031,0.0,0.003546510916391187,0.31514973276137404,0.0,0.0,0.0,0.0,0.0,0.0,0.0,0.0,0.0,0.0,0.0,0.0,0.0,0.0,0.0,0.0,0.0,0.0,0.0,0.0,0.0,0.0,0.0,0.0,0.0,0.004703553465004001,0.004703553465004001
2018/06/04 07:00:00,2018/06/04 08:00:00,2018/06/04 12:00:00,1.2885600374154422,1.2885600374154422,0.22875184123101383,0.0,0.0,0.0,0.20502608639988215,0.041930581844827744,0.0,0.0044880181395291685,0.36010528653425383,0.0,0.0,0.0,0.0,0.0,0.0,0.4482582232659354,0.0,0.0,0.0,0.0,0.0,0.0,0.0,0.0,0.0,0.0,0.0,0.0,0.0,0.0,0.0,0.0,0.0,0.0,0.004396745833053462,0.004396745833053462
2018/06/04 08:00:00,2018/06/04 09:00:00,2018/06/04 13:00:00,1.8361605276848,1.8361605276848,0.0,0.0,0.09020836566836252,0.0,0.20318552328194064,0.04155416202522051,0.0,0.004447728238837415,0.3700265833719114,0.0,0.03506816436594978,0.0,0.0,0.0,0.0,1.0916700007325777,0.0,0.0,0.0,0.0,0.0,0.0,0.0,0.0,0.0,0.0,0.0,0.0,0.0,0.0,0.0,0.0,0.0,0.0,0.006265234769431662,0.006265234769431662
2018/06/04 09:00:00,2018/06/04 10:00:00,2018/06/04 14:00:00,3.5978934071760986,3.5978934071760986,0.0,0.0,0.09759349550320717,0.0,0.19457144785868138,0.03979246817984311,0.0,0.0042591662493183975,1.9059961541888941,0.0,0.03685980436530133,0.0,0.0,0.0,0.0,1.3188208708308526,0.0,0.0,0.0,0.0,0.0,0.0,0.0,0.0,0.0,0.0,0.0,0.0,0.0,0.0,0.0,0.0,0.0,0.0,0.012276512064972456,0.012276512064972456
2018/06/04 10:00:00,2018/06/04 11:00:00,2018/06/04 15:00:00,2.459267344579751,2.459267344579751,0.0,0.0,0.2201045864403754,0.0,0.18848183893972803,0.03854706156031103,0.0,0.004125864795972619,0.6071832907401078,0.0,0.0820038312724036,0.0,0.0,0.0,0.0,1.3188208708308526,0.0,0.0,0.0,0.0,0.0,0.0,0.0,0.0,0.0,0.0,0.0,0.0,0.0,0.0,0.0,0.0,0.0,0.0,0.008391361780343144,0.008391361780343144
2018/06/04 11:00:00,2018/06/04 12:00:00,2018/06/04 16:00:00,2.467991576560998,2.467991576560998,0.0,0.0,0.41842852281473364,0.0,0.18004485089820238,0.03682158445731919,0.0,0.003941179246742044,0.35634925718399363,0.0,0.15358531112915466,0.0,0.0,0.0,0.0,1.3188208708308526,0.0,0.0,0.0,0.0,0.0,0.0,0.0,0.0,0.0,0.0,0.0,0.0,0.0,0.0,0.0,0.0,0.0,0.0,0.008421130071688791,0.008421130071688791
2018/06/04 12:00:00,2018/06/04 13:00:00,2018/06/04 17:00:00,2.679218597451489,2.679218597451489,0.0,0.0,0.5996118600473405,0.0,0.17395524197924905,0.03557617783778712,0.0,0.003807877793396267,1.0945620652891763,0.0,0.2175980954994025,0.0,0.0,0.0,0.0,0.5541072790051371,0.0,0.0,0.0,0.0,0.0,0.0,0.0,0.0,0.0,0.0,0.0,0.0,0.0,0.0,0.0,0.0,0.0,0.0,0.009141866007122072,0.009141866007122072
2018/06/04 13:00:00,2018/06/04 14:00:00,2018/06/04 18:00:00,1.5308990364633062,1.5308990364633062,0.0,0.0,0.775917459601982,0.0,0.1721632852403147,0.035209698673971224,0.0,0.003768651885655419,0.26620885734512484,0.0,0.2776310837162582,0.0,0.0,0.0,0.0,0.0,0.0,0.0,0.0,0.0,0.0,0.0,0.0,0.0,0.0,0.0,0.0,0.0,0.0,0.0,0.0,0.0,0.0,0.0,0.0052236401595197705,0.0052236401595197705
2018/06/04 14:00:00,2018/06/04 15:00:00,2018/06/04 19:00:00,1.7702443404358195,1.7702443404358195,0.0,0.0,0.9340327349581172,0.0,0.17199652313011424,0.03517559358796407,0.0,0.0037650014654152042,0.2956372840816883,0.0,0.3296372032125205,0.0,0.0,0.0,0.0,0.0,0.0,0.0,0.0,0.0,0.0,0.0,0.0,0.0,0.0,0.0,0.0,0.0,0.0,0.0,0.0,0.0,0.0,0.0,0.006040319582554507,0.006040319582554507
2018/06/04 15:00:00,2018/06/04 16:00:00,2018/06/04 20:00:00,2.703019274642421,2.703019274642421,0.0,0.0,1.1551182972684688,0.0,0.17210040794950074,0.03519683942549728,0.0,0.0037672755026463456,0.28373458382035643,0.0,0.40346525878342476,0.0,0.0,0.0,0.0,0.649636611892527,0.0,0.0,0.0,0.0,0.0,0.0,0.0,0.0,0.0,0.0,0.0,0.0,0.0,0.0,0.0,0.0,0.0,0.0,0.009223077223692916,0.009223077223692916
2018/06/04 16:00:00,2018/06/04 17:00:00,2018/06/04 21:00:00,2.230407260399133,2.230407260399133,0.0,0.0,1.2083579151999584,0.0,0.1727083280322343,0.035321167228030935,0.0,0.003780582864683052,0.38388522406492354,0.0,0.4263540430093028,0.0,0.0,0.0,0.0,0.0,0.0,0.0,0.0,0.0,0.0,0.0,0.0,0.0,0.0,0.0,0.0,0.0,0.0,0.0,0.0,0.0,0.0,0.0,0.007610459383671209,0.007610459383671209
2018/06/04 17:00:00,2018/06/04 18:00:00,2018/06/04 22:00:00,2.4845107550400507,2.4845107550400507,0.0,0.0,1.2804940705035535,0.0,0.17552352094686682,0.035896911900275955,0.0,0.0038422073978778286,0.5350858754207735,0.0,0.4536681688707031,0.0,0.0,0.0,0.0,0.0,0.0,0.0,0.0,0.0,0.0,0.0,0.0,0.0,0.0,0.0,0.0,0.0,0.0,0.0,0.0,0.0,0.0,0.0,0.008477495803229651,0.008477495803229651
2018/06/04 18:00:00,2018/06/04 19:00:00,2018/06/04 23:00:00,2.703810374614789,2.703810374614789,0.0,0.0,1.2961700112988117,0.0,0.1854355004655871,0.03792404452399166,0.0,0.004059180489740367,0.5513214305361466,0.0,0.4576736457849855,0.0,0.0,0.0,0.0,0.17122656151552554,0.0,0.0,0.0,0.0,0.0,0.0,0.0,0.0,0.0,0.0,0.0,0.0,0.0,0.0,0.0,0.0,0.0,0.0,0.009225776566685124,0.009225776566685124
2018/06/04 19:00:00,2018/06/04 20:00:00,2018/06/05 00:00:00,3.659424379394687,3.659424379394687,0.0,0.0,1.1640178398274375,0.0,0.21169246292360147,0.04329394516773225,0.0,0.0046339450276083275,0.5005084163794185,0.0,0.41645689923803586,0.0,0.0,0.0,0.0,1.3188208708308526,0.0,0.0,0.0,0.0,0.0,0.0,0.0,0.0,0.0,0.0,0.0,0.0,0.0,0.0,0.0,0.0,0.0,0.0,0.01248646428904456,0.01248646428904456
2018/06/04 20:00:00,2018/06/04 21:00:00,2018/06/05 01:00:00,2.3233040305893273,2.3233040305893273,0.0,0.0,0.8482205549068002,0.0,0.2630250272863957,0.05379214239284531,0.0,0.005757614137496295,0.49005820397958605,0.0,0.31174893037894336,0.0,0.0,0.0,0.0,0.3507015575072603,0.0,0.0,0.0,0.0,0.0,0.0,0.0,0.0,0.0,0.0,0.0,0.0,0.0,0.0,0.0,0.0,0.0,0.0,0.007927436067238943,0.007927436067238943
2018/06/04 21:00:00,2018/06/04 22:00:00,2018/06/05 02:00:00,1.8800027109920208,1.8800027109920208,0.0,0.0,0.5372774473155123,0.0,0.33411180980362465,0.06833034192034627,0.0,0.007313702804163992,0.4657559093404247,0.0,0.20502650840027678,0.0,0.0,0.0,0.0,0.2621869914076721,0.0,0.0,0.0,0.0,0.0,0.0,0.0,0.0,0.0,0.0,0.0,0.0,0.0,0.0,0.0,0.0,0.0,0.0,0.00641483038870496,0.00641483038870496
2018/06/04 22:00:00,2018/06/04 23:00:00,2018/06/05 03:00:00,1.3542846721842992,1.3542846721842992,0.0,0.0,0.2838735826001063,0.0,0.2788500201125949,0.05702856546731482,0.0,0.0061040230072602055,0.39843385714884805,0.0,0.11149857665982507,0.0,0.0,0.0,0.0,0.21849604718834975,0.0,0.0,0.0,0.0,0.0,0.0,0.0,0.0,0.0,0.0,0.0,0.0,0.0,0.0,0.0,0.0,0.0,0.0,0.004621007416261141,0.004621007416261141
2018/06/04 23:00:00,2018/06/05 00:00:00,2018/06/05 04:00:00,0.6049110446748313,0.6049110446748313,0.0,0.0,0.07494357626051697,0.0,0.13094360677997474,0.026779722120023,0.0,0.002866353705536267,0.33988697256011713,0.0,0.029490813248663157,0.0,0.0,0.0,0.0,0.0,0.0,0.0,0.0,0.0,0.0,0.0,0.0,0.0,0.0,0.0,0.0,0.0,0.0,0.0,0.0,0.0,0.0,0.0,0.0020640405086415014,0.0020640405086415014
2018/06/05 00:00:00,2018/06/05 01:00:00,2018/06/05 05:00:00,0.38482883772309007,0.38482883772309007,0.0,0.0,0.0,0.0,0.06501908921459039,0.013297274945155983,0.0,0.0014232669458539432,0.3050892066174897,0.0,0.0,0.0,0.0,0.0,0.0,0.0,0.0,0.0,0.0,0.0,0.0,0.0,0.0,0.0,0.0,0.0,0.0,0.0,0.0,0.0,0.0,0.0,0.0,0.0,0.0013130894483516335,0.0013130894483516335
2018/06/05 01:00:00,2018/06/05 02:00:00,2018/06/05 06:00:00,0.4385655364013177,0.4385655364013177,0.09812037656103492,0.0,0.0,0.0,0.03901145352875434,0.00797836496709361,0.0,0.0008539601675123682,0.2926013811769224,0.0,0.0,0.0,0.0,0.0,0.0,0.0,0.0,0.0,0.0,0.0,0.0,0.0,0.0,0.0,0.0,0.0,0.0,0.0,0.0,0.0,0.0,0.0,0.0,0.0,0.001496446528452801,0.001496446528452801
2018/06/05 02:00:00,2018/06/05 03:00:00,2018/06/05 07:00:00,0.680507529175994,0.680507529175994,0.38610189146881835,0.0,0.0,0.0,0.026007635685836212,0.005318909978062404,0.0,0.0005693067783415784,0.2625097852649354,0.0,0.0,0.0,0.0,0.0,0.0,0.0,0.0,0.0,0.0,0.0,0.0,0.0,0.0,0.0,0.0,0.0,0.0,0.0,0.0,0.0,0.0,0.0,0.0,0.0,0.0023219862143694647,0.0023219862143694647
2018/06/05 03:00:00,2018/06/05 04:00:00,2018/06/05 08:00:00,1.0363197733088552,1.0363197733088552,0.7537039960698152,0.0,0.0,0.0,0.026007635685836212,0.005318909978062404,0.0,0.0005693067783415784,0.25071992479679983,0.0,0.0,0.0,0.0,0.0,0.0,0.0,0.0,0.0,0.0,0.0,0.0,0.0,0.0,0.0,0.0,0.0,0.0,0.0,0.0,0.0,0.0,0.0,0.0,0.0,0.0035360670148872437,0.0035360670148872437
2018/06/05 04:00:00,2018/06/05 05:00:00,2018/06/05 09:00:00,1.7535119102047925,1.7535119102047925,1.036406225150955,0.0,0.0,0.0,0.026843243274492543,0.00548980292637717,0.0,0.0005875982166715451,0.23688057405346816,0.0,0.0,0.0,0.0,0.0,0.0,0.4473044665828281,0.0,0.0,0.0,0.0,0.0,0.0,0.0,0.0,0.0,0.0,0.0,0.0,0.0,0.0,0.0,0.0,0.0,0.0,0.0059832262064145126,0.0059832262064145126
2018/06/05 05:00:00,2018/06/05 06:00:00,2018/06/05 10:00:00,1.5583591262035092,1.5583591262035092,1.2159310752183576,0.0,0.0,0.0,0.06900948530167404,0.014113364412895239,0.0,0.0015106166599181724,0.25779458461066423,0.0,0.0,0.0,0.0,0.0,0.0,0.0,0.0,0.0,0.0,0.0,0.0,0.0,0.0,0.0,0.0,0.0,0.0,0.0,0.0,0.0,0.0,0.0,0.0,0.0,0.0053173378000136344,0.0053173378000136344
2018/06/05 06:00:00,2018/06/05 07:00:00,2018/06/05 11:00:00,1.4365443835828495,1.4365443835828495,0.922698634583044,0.0,0.0,0.0,0.16201522163153,0.03313428369051031,0.0,0.003546510916391187,0.31514973276137404,0.0,0.0,0.0,0.0,0.0,0.0,0.0,0.0,0.0,0.0,0.0,0.0,0.0,0.0,0.0,0.0,0.0,0.0,0.0,0.0,0.0,0.0,0.0,0.0,0.0,0.004901688977707974,0.004901688977707974
2018/06/05 07:00:00,2018/06/05 08:00:00,2018/06/05 12:00:00,1.444224585174638,1.444224585174638,0.08529764512046382,0.0,0.0,0.0,0.20502608639988215,0.041930581844827744,0.0,0.0044880181395291685,0.4581626503500126,0.0,0.0,0.0,0.0,0.0,0.0,0.6493196033199228,0.0,0.0,0.0,0.0,0.0,0.0,0.0,0.0,0.0,0.0,0.0,0.0,0.0,0.0,0.0,0.0,0.0,0.0,0.0049278948923454,0.0049278948923454
2018/06/05 08:00:00,2018/06/05 09:00:00,2018/06/05 13:00:00,4.325696396155464,4.325696396155464,0.0,0.0,0.1799183679668423,0.0,0.20318552328194064,0.04155416202522051,0.0,0.004447728238837415,2.507380190934542,0.0,0.07038955287722921,0.0,0.0,0.0,0.0,1.3188208708308526,0.0,0.0,0.0,0.0,0.0,0.0,0.0,0.0,0.0,0.0,0.0,0.0,0.0,0.0,0.0,0.0,0.0,0.0,0.014759876957691992,0.014759876957691992
2018/06/05 09:00:00,2018/06/05 10:00:00,2018/06/05 14:00:00,2.189293472358566,2.189293472358566,0.0,0.0,0.28378108831009546,0.0,0.19457144785868138,0.03979246817984311,0.0,0.0042591662493183975,0.24045407484446327,0.0,0.10761435608531211,0.0,0.0,0.0,0.0,1.3188208708308526,0.0,0.0,0.0,0.0,0.0,0.0,0.0,0.0,0.0,0.0,0.0,0.0,0.0,0.0,0.0,0.0,0.0,0.0,0.007470173428031158,0.007470173428031158
2018/06/05 10:00:00,2018/06/05 11:00:00,2018/06/05 15:00:00,2.4734185448965085,2.4734185448965085,0.0,0.0,0.5027169786568432,0.0,0.18848183893972803,0.03854706156031103,0.0,0.004125864795972619,0.23706579076249806,0.0,0.1836601393503024,0.0,0.0,0.0,0.0,1.3188208708308526,0.0,0.0,0.0,0.0,0.0,0.0,0.0,0.0,0.0,0.0,0.0,0.0,0.0,0.0,0.0,0.0,0.0,0.0,0.008439647641473997,0.008439647641473997
2018/06/05 11:00:00,2018/06/05 12:00:00,2018/06/05 16:00:00,2.024744620387503,2.024744620387503,0.0,0.0,0.7198112392311278,0.0,0.18004485089820238,0.03682158445731919,0.0,0.003941179246742044,0.2521460954047706,0.0,0.2542426878692095,0.0,0.0,0.0,0.0,0.5777369832801313,0.0,0.0,0.0,0.0,0.0,0.0,0.0,0.0,0.0,0.0,0.0,0.0,0.0,0.0,0.0,0.0,0.0,0.0,0.006908709888708118,0.006908709888708118
2018/06/05 12:00:00,2018/06/05 13:00:00,2018/06/05 17:00:00,2.4032599150067315,2.4032599150067315,0.0,0.0,0.923825208386588,0.0,0.17395524197924905,0.03557617783778712,0.0,0.003807877793396267,0.25819048102071934,0.0,0.3179135328173688,0.0,0.0,0.0,0.0,0.689991395171623,0.0,0.0,0.0,0.0,0.0,0.0,0.0,0.0,0.0,0.0,0.0,0.0,0.0,0.0,0.0,0.0,0.0,0.0,0.008200256651016665,0.008200256651016665
2018/06/05 13:00:00,2018/06/05 14:00:00,2018/06/05 18:00:00,2.000054505353691,2.000054505353691,0.0,0.0,1.139368466093874,0.0,0.1721632852403147,0.035209698673971224,0.0,0.003768651885655419,0.26620885734512484,0.0,0.3833355461147505,0.0,0.0,0.0,0.0,0.0,0.0,0.0,0.0,0.0,0.0,0.0,0.0,0.0,0.0,0.0,0.0,0.0,0.0,0.0,0.0,0.0,0.0,0.0,0.0068244637866714105,0.0068244637866714105
2018/06/05 14:00:00,2018/06/05 15:00:00,2018/06/05 19:00:00,2.2964399489039877,2.2964399489039877,0.0,0.0,1.342276427439056,0.0,0.17199652313011424,0.03517559358796407,0.0,0.0037650014654152042,0.2956372840816883,0.0,0.44758911919974986,0.0,0.0,0.0,0.0,0.0,0.0,0.0,0.0,0.0,0.0,0.0,0.0,0.0,0.0,0.0,0.0,0.0,0.0,0.0,0.0,0.0,0.0,0.0,0.007835772089015827,0.007835772089015827
2018/06/05 15:00:00,2018/06/05 16:00:00,2018/06/05 20:00:00,2.490033839923601,2.490033839923601,0.0,0.0,1.4907679289414582,0.0,0.17210040794950074,0.03519683942549728,0.0,0.0037672755026463456,0.28373458382035643,0.0,0.5044668042841419,0.0,0.0,0.0,0.0,0.0,0.0,0.0,0.0,0.0,0.0,0.0,0.0,0.0,0.0,0.0,0.0,0.0,0.0,0.0,0.0,0.0,0.0,0.0,0.008496341336027686,0.008496341336027686
2018/06/05 16:00:00,2018/06/05 17:00:00,2018/06/05 21:00:00,2.7214743688539422,2.7214743688539422,0.0,0.0,1.5840680463188097,0.0,0.1727083280322343,0.035321167228030935,0.0,0.003780582864683052,0.38388522406492354,0.0,0.5417110203452611,0.0,0.0,0.0,0.0,0.0,0.0,0.0,0.0,0.0,0.0,0.0,0.0,0.0,0.0,0.0,0.0,0.0,0.0,0.0,0.0,0.0,0.0,0.0,0.00928604856861827,0.00928604856861827
2018/06/05 17:00:00,2018/06/05 18:00:00,2018/06/05 22:00:00,2.789574467274893,2.789574467274893,0.0,0.0,1.519268517637924,0.0,0.17552352094686682,0.035896911900275955,0.0,0.0038422073978778286,0.5350858754207735,0.0,0.5199574339711747,0.0,0.0,0.0,0.0,0.0,0.0,0.0,0.0,0.0,0.0,0.0,0.0,0.0,0.0,0.0,0.0,0.0,0.0,0.0,0.0,0.0,0.0,0.0,0.00951841556376691,0.00951841556376691
2018/06/05 18:00:00,2018/06/05 19:00:00,2018/06/05 23:00:00,2.587451211602389,2.587451211602389,0.0,0.0,1.3380045060455668,0.0,0.1854355004655871,0.03792404452399166,0.0,0.004059180489740367,0.5513214305361466,0.0,0.4707065495413569,0.0,0.0,0.0,0.0,0.0,0.0,0.0,0.0,0.0,0.0,0.0,0.0,0.0,0.0,0.0,0.0,0.0,0.0,0.0,0.0,0.0,0.0,0.0,0.008828742939801496,0.008828742939801496
2018/06/05 19:00:00,2018/06/05 20:00:00,2018/06/06 00:00:00,3.8695768187335546,3.8695768187335546,0.0,0.0,1.1457768651331648,0.0,0.21169246292360147,0.04329394516773225,0.0,0.0046339450276083275,0.8349704706675662,0.0,0.42048790594544383,0.0,0.0,0.0,0.0,1.2087212238684375,0.0,0.0,0.0,0.0,0.0,0.0,0.0,0.0,0.0,0.0,0.0,0.0,0.0,0.0,0.0,0.0,0.0,0.0,0.013203533602960655,0.013203533602960655
2018/06/05 20:00:00,2018/06/05 21:00:00,2018/06/06 01:00:00,11.069242179270116,11.069242179270116,0.0,0.0,0.905252598114439,0.0,0.2630250272863957,0.05379214239284531,0.0,0.005757614137496295,8.183132010114784,0.0,0.3394619163933042,0.0,0.0,0.0,0.0,1.3188208708308526,0.0,0.0,0.0,0.0,0.0,0.0,0.0,0.0,0.0,0.0,0.0,0.0,0.0,0.0,0.0,0.0,0.0,0.0,0.03776979187122993,0.03776979187122993
2018/06/05 21:00:00,2018/06/05 22:00:00,2018/06/06 02:00:00,6.712132901911569,6.712132901911569,0.0,0.0,0.7122939597136226,0.0,0.33411180980362465,0.06833034192034627,0.0,0.007313702804163992,4.00089833139563,0.0,0.2703638854433295,0.0,0.0,0.0,0.0,1.3188208708308526,0.0,0.0,0.0,0.0,0.0,0.0,0.0,0.0,0.0,0.0,0.0,0.0,0.0,0.0,0.0,0.0,0.0,0.0,0.02290272979951649,0.02290272979951649
2018/06/05 22:00:00,2018/06/05 23:00:00,2018/06/06 03:00:00,4.603833257826391,4.603833257826391,0.0,0.0,0.5375359865032738,0.0,0.2788500201125949,0.05702856546731482,0.0,0.0061040230072602055,2.199627452118412,0.0,0.20586633978668226,0.0,0.0,0.0,0.0,1.3188208708308526,0.0,0.0,0.0,0.0,0.0,0.0,0.0,0.0,0.0,0.0,0.0,0.0,0.0,0.0,0.0,0.0,0.0,0.0,0.015708918563873624,0.015708918563873624
2018/06/05 23:00:00,2018/06/06 00:00:00,2018/06/06 04:00:00,2.1146591788428553,2.1146591788428553,0.0,0.0,0.18025087706108078,0.0,0.13094360677997474,0.026779722120023,0.0,0.002866353705536267,0.385747688988466,0.0,0.0692500593569216,0.0,0.0,0.0,0.0,1.3188208708308526,0.0,0.0,0.0,0.0,0.0,0.0,0.0,0.0,0.0,0.0,0.0,0.0,0.0,0.0,0.0,0.0,0.0,0.0,0.007215510851597171,0.007215510851597171
2018/06/06 00:00:00,2018/06/06 01:00:00,2018/06/06 05:00:00,1.7881461944716066,1.7881461944716066,0.0,0.0,0.061128667833224945,0.0,0.06501908921459039,0.013297274945155983,0.0,0.0014232669458539432,0.3050892066174897,0.0,0.023367818084438958,0.0,0.0,0.0,0.0,1.3188208708308526,0.0,0.0,0.0,0.0,0.0,0.0,0.0,0.0,0.0,0.0,0.0,0.0,0.0,0.0,0.0,0.0,0.0,0.0,0.006101403195153306,0.006101403195153306
2018/06/06 01:00:00,2018/06/06 02:00:00,2018/06/06 06:00:00,1.743712419478603,1.743712419478603,0.0,0.0,0.0010139203304215876,0.0,0.03901145352875434,0.00797836496709361,0.0,0.0008539601675123682,0.3756483004773328,0.0,0.00038554917663537446,0.0,0.0,0.0,0.0,1.3188208708308526,0.0,0.0,0.0,0.0,0.0,0.0,0.0,0.0,0.0,0.0,0.0,0.0,0.0,0.0,0.0,0.0,0.0,0.0,0.005949788982874008,0.005949788982874008
2018/06/06 02:00:00,2018/06/06 03:00:00,2018/06/06 07:00:00,3.431506470732274,3.431506470732274,0.0,0.0,0.03406035842707021,0.0,0.026007635685836212,0.005318909978062404,0.0,0.0005693067783415784,2.2051022431309333,0.0,0.013008971119874634,0.0,0.0,0.0,0.0,1.147439045612156,0.0,0.0,0.0,0.0,0.0,0.0,0.0,0.0,0.0,0.0,0.0,0.0,0.0,0.0,0.0,0.0,0.0,0.0,0.01170877672611214,0.01170877672611214
2018/06/06 03:00:00,2018/06/06 04:00:00,2018/06/06 08:00:00,1.967792785512601,1.967792785512601,0.0,0.0,0.015640083621357447,0.0,0.026007635685836212,0.005318909978062404,0.0,0.0005693067783415784,1.91428687557187,0.0,0.0059699738771333164,0.0,0.0,0.0,0.0,0.0,0.0,0.0,0.0,0.0,0.0,0.0,0.0,0.0,0.0,0.0,0.0,0.0,0.0,0.0,0.0,0.0,0.0,0.0,0.006714382317310494,0.006714382317310494
2018/06/06 04:00:00,2018/06/06 05:00:00,2018/06/06 09:00:00,1.9645914389820882,1.9645914389820882,0.0,0.0,0.0,0.0,0.026843243274492543,0.00548980292637717,0.0,0.0005875982166715451,1.931670794564547,0.0,0.0,0.0,0.0,0.0,0.0,0.0,0.0,0.0,0.0,0.0,0.0,0.0,0.0,0.0,0.0,0.0,0.0,0.0,0.0,0.0,0.0,0.0,0.0,0.0,0.006703458878270413,0.006703458878270413
2018/06/06 05:00:00,2018/06/06 06:00:00,2018/06/06 10:00:00,0.34242805098515167,0.34242805098515167,0.0,0.0,0.0,0.0,0.06900948530167404,0.014113364412895239,0.0,0.0015106166599181724,0.25779458461066423,0.0,0.0,0.0,0.0,0.0,0.0,0.0,0.0,0.0,0.0,0.0,0.0,0.0,0.0,0.0,0.0,0.0,0.0,0.0,0.0,0.0,0.0,0.0,0.0,0.0,0.001168412074387634,0.001168412074387634
2018/06/06 06:00:00,2018/06/06 07:00:00,2018/06/06 11:00:00,0.5138457489998055,0.5138457489998055,0.0,0.0,0.0,0.0,0.16201522163153,0.03313428369051031,0.0,0.003546510916391187,0.31514973276137404,0.0,0.0,0.0,0.0,0.0,0.0,0.0,0.0,0.0,0.0,0.0,0.0,0.0,0.0,0.0,0.0,0.0,0.0,0.0,0.0,0.0,0.0,0.0,0.0,0.0,0.0017533130705175903,0.0017533130705175903
2018/06/06 07:00:00,2018/06/06 08:00:00,2018/06/06 12:00:00,0.6328042466162992,0.6328042466162992,0.0,0.0,0.015450231441169072,0.0,0.20502608639988215,0.041930581844827744,0.0,0.0044880181395291685,0.36010528653425383,0.0,0.005804042256637146,0.0,0.0,0.0,0.0,0.0,0.0,0.0,0.0,0.0,0.0,0.0,0.0,0.0,0.0,0.0,0.0,0.0,0.0,0.0,0.0,0.0,0.0,0.0,0.0021592159881268455,0.0021592159881268455
2018/06/06 08:00:00,2018/06/06 09:00:00,2018/06/06 13:00:00,0.761161077996411,0.761161077996411,0.0,0.0,0.1567578946330983,0.0,0.20318552328194064,0.04155416202522051,0.0,0.004447728238837415,0.29686636074616646,0.0,0.05834940907114768,0.0,0.0,0.0,0.0,0.0,0.0,0.0,0.0,0.0,0.0,0.0,0.0,0.0,0.0,0.0,0.0,0.0,0.0,0.0,0.0,0.0,0.0,0.0,0.0025971873259982375,0.0025971873259982375
2018/06/06 09:00:00,2018/06/06 10:00:00,2018/06/06 14:00:00,1.415833919022506,1.415833919022506,0.0,0.0,0.39196668257756523,0.0,0.19457144785868138,0.03979246817984311,0.0,0.0042591662493183975,0.24045407484446327,0.0,0.14298375283152898,0.0,0.0,0.0,0.0,0.40180632648110565,0.0,0.0,0.0,0.0,0.0,0.0,0.0,0.0,0.0,0.0,0.0,0.0,0.0,0.0,0.0,0.0,0.0,0.0,0.00483102199587379,0.00483102199587379
2018/06/06 10:00:00,2018/06/06 11:00:00,2018/06/06 15:00:00,1.3476639234093435,1.3476639234093435,0.0,0.0,0.6470036150539603,0.0,0.18848183893972803,0.03854706156031103,0.0,0.004125864795972619,0.23706579076249806,0.0,0.23243975229687333,0.0,0.0,0.0,0.0,0.0,0.0,0.0,0.0,0.0,0.0,0.0,0.0,0.0,0.0,0.0,0.0,0.0,0.0,0.0,0.0,0.0,0.0,0.0,0.004598416501796366,0.004598416501796366
2018/06/06 11:00:00,2018/06/06 12:00:00,2018/06/06 16:00:00,2.0290253344248668,2.0290253344248668,0.0,0.0,0.8533192101267847,0.0,0.18004485089820238,0.03682158445731919,0.0,0.003941179246742044,0.2521460954047706,0.0,0.3056259797263652,0.0,0.0,0.0,0.0,0.3971264345646826,0.0,0.0,0.0,0.0,0.0,0.0,0.0,0.0,0.0,0.0,0.0,0.0,0.0,0.0,0.0,0.0,0.0,0.0,0.006923316279609409,0.006923316279609409
2018/06/06 12:00:00,2018/06/06 13:00:00,2018/06/06 17:00:00,2.990156834036753,2.990156834036753,0.0,0.0,0.8859151478665708,0.0,0.17395524197924905,0.03557617783778712,0.0,0.003807877793396267,0.25819048102071934,0.0,0.3138910367081775,0.0,0.0,0.0,0.0,1.3188208708308526,0.0,0.0,0.0,0.0,0.0,0.0,0.0,0.0,0.0,0.0,0.0,0.0,0.0,0.0,0.0,0.0,0.0,0.0,0.010202830460734473,0.010202830460734473
2018/06/06 13:00:00,2018/06/06 14:00:00,2018/06/06 18:00:00,2.1857494375018907,2.1857494375018907,0.0,0.0,1.017380959733338,0.0,0.1721632852403147,0.035209698673971224,0.0,0.003768651885655419,0.26620885734512484,0.0,0.35548216023842866,0.0,0.0,0.0,0.0,0.3355358243850581,0.0,0.0,0.0,0.0,0.0,0.0,0.0,0.0,0.0,0.0,0.0,0.0,0.0,0.0,0.0,0.0,0.0,0.0,0.0074580806888216306,0.0074580806888216306
2018/06/06 14:00:00,2018/06/06 15:00:00,2018/06/06 19:00:00,2.1109624617465106,2.1109624617465106,0.0,0.0,1.1918471160450017,0.0,0.17199652313011424,0.03517559358796407,0.0,0.0037650014654152042,0.2956372840816883,0.0,0.4125409434363273,0.0,0.0,0.0,0.0,0.0,0.0,0.0,0.0,0.0,0.0,0.0,0.0,0.0,0.0,0.0,0.0,0.0,0.0,0.0,0.0,0.0,0.0,0.0,0.007202897139377808,0.007202897139377808
2018/06/06 15:00:00,2018/06/06 16:00:00,2018/06/06 20:00:00,2.445966927511613,2.445966927511613,0.0,0.0,1.3884066585709418,0.0,0.17210040794950074,0.03519683942549728,0.0,0.0037672755026463456,0.37050203793802905,0.0,0.47599370812499764,0.0,0.0,0.0,0.0,0.0,0.0,0.0,0.0,0.0,0.0,0.0,0.0,0.0,0.0,0.0,0.0,0.0,0.0,0.0,0.0,0.0,0.0,0.0,0.008345978909833282,0.008345978909833282
2018/06/06 16:00:00,2018/06/06 17:00:00,2018/06/06 21:00:00,5.306991453406661,5.306991453406661,0.0,0.0,1.5540447682884013,0.0,0.1727083280322343,0.035321167228030935,0.0,0.003780582864683052,2.489335845987811,0.0,0.5310113317216487,0.0,0.0,0.0,0.0,0.5207894292838521,0.0,0.0,0.0,0.0,0.0,0.0,0.0,0.0,0.0,0.0,0.0,0.0,0.0,0.0,0.0,0.0,0.0,0.0,0.018108191998269435,0.018108191998269435
2018/06/06 17:00:00,2018/06/06 18:00:00,2018/06/06 22:00:00,6.355768678821776,6.355768678821776,0.0,0.0,1.590612358280728,0.0,0.17552352094686682,0.035896911900275955,0.0,0.0038422073978778286,3.904057115684472,0.0,0.5484554373565941,0.0,0.0,0.0,0.0,0.09738112725496098,0.0,0.0,0.0,0.0,0.0,0.0,0.0,0.0,0.0,0.0,0.0,0.0,0.0,0.0,0.0,0.0,0.0,0.0,0.021686765570125898,0.021686765570125898
2018/06/06 18:00:00,2018/06/06 19:00:00,2018/06/06 23:00:00,2.702121930385452,2.702121930385452,0.0,0.0,1.4256158317208407,0.0,0.1854355004655871,0.03792404452399166,0.0,0.004059180489740367,0.5513214305361466,0.0,0.49776594264914537,0.0,0.0,0.0,0.0,0.0,0.0,0.0,0.0,0.0,0.0,0.0,0.0,0.0,0.0,0.0,0.0,0.0,0.0,0.0,0.0,0.0,0.0,0.0,0.009220015360443954,0.009220015360443954
2018/06/06 19:00:00,2018/06/06 20:00:00,2018/06/07 00:00:00,2.3190746692523203,2.3190746692523203,0.0,0.0,1.1457009210512574,0.0,0.21169246292360147,0.04329394516773225,0.0,0.0046339450276083275,0.5057812013940799,0.0,0.4079721936880409,0.0,0.0,0.0,0.0,0.0,0.0,0.0,0.0,0.0,0.0,0.0,0.0,0.0,0.0,0.0,0.0,0.0,0.0,0.0,0.0,0.0,0.0,0.0,0.007913004898884335,0.007913004898884335
2018/06/06 20:00:00,2018/06/06 21:00:00,2018/06/07 01:00:00,2.0404546850043865,2.0404546850043865,0.0,0.0,0.8102656995009179,0.0,0.2630250272863957,0.05379214239284531,0.0,0.005757614137496295,0.6089229556408596,0.0,0.29869124604587166,0.0,0.0,0.0,0.0,0.0,0.0,0.0,0.0,0.0,0.0,0.0,0.0,0.0,0.0,0.0,0.0,0.0,0.0,0.0,0.0,0.0,0.0,0.0,0.006962314811362578,0.006962314811362578
2018/06/06 21:00:00,2018/06/06 22:00:00,2018/06/07 02:00:00,1.498756468175342,1.498756468175342,0.0,0.0,0.4493397888772232,0.0,0.33411180980362465,0.06833034192034627,0.0,0.007313702804163992,0.4657559093404247,0.0,0.17390491542955933,0.0,0.0,0.0,0.0,0.0,0.0,0.0,0.0,0.0,0.0,0.0,0.0,0.0,0.0,0.0,0.0,0.0,0.0,0.0,0.0,0.0,0.0,0.0,0.005113965251808676,0.005113965251808676
2018/06/06 22:00:00,2018/06/06 23:00:00,2018/06/07 03:00:00,0.9990759679140621,0.9990759679140621,0.0,0.0,0.1848609598599076,0.0,0.2788500201125949,0.05702856546731482,0.0,0.0061040230072602055,0.39843385714884805,0.0,0.07379854231813632,0.0,0.0,0.0,0.0,0.0,0.0,0.0,0.0,0.0,0.0,0.0,0.0,0.0,0.0,0.0,0.0,0.0,0.0,0.0,0.0,0.0,0.0,0.0,0.0034089859775883846,0.0034089859775883846
2018/06/06 23:00:00,2018/06/07 00:00:00,2018/06/07 04:00:00,0.5091874308123013,0.5091874308123013,0.0,0.0,0.006224560510614095,0.0,0.13094360677997474,0.026779722120023,0.0,0.002866353705536267,0.33988697256011713,0.0,0.002486215136036027,0.0,0.0,0.0,0.0,0.0,0.0,0.0,0.0,0.0,0.0,0.0,0.0,0.0,0.0,0.0,0.0,0.0,0.0,0.0,0.0,0.0,0.0,0.0,0.001737418241805513,0.001737418241805513
2018/06/07 00:00:00,2018/06/07 01:00:00,2018/06/07 05:00:00,1.6565978244167179,1.6565978244167179,0.23792773314240298,0.0,0.0,0.0,0.06501908921459039,0.013297274945155983,0.0,0.0014232669458539432,1.3389304601687144,0.0,0.0,0.0,0.0,0.0,0.0,0.0,0.0,0.0,0.0,0.0,0.0,0.0,0.0,0.0,0.0,0.0,0.0,0.0,0.0,0.0,0.0,0.0,0.0,0.0,0.005652541884007948,0.005652541884007948
2018/06/07 01:00:00,2018/06/07 02:00:00,2018/06/07 06:00:00,0.9856798152486997,0.9856798152486997,0.6452346554084168,0.0,0.0,0.0,0.03901145352875434,0.00797836496709361,0.0,0.0008539601675123682,0.2926013811769224,0.0,0.0,0.0,0.0,0.0,0.0,0.0,0.0,0.0,0.0,0.0,0.0,0.0,0.0,0.0,0.0,0.0,0.0,0.0,0.0,0.0,0.0,0.0,0.0,0.0,0.003363276443922791,0.003363276443922791
2018/06/07 02:00:00,2018/06/07 03:00:00,2018/06/07 07:00:00,1.1737765023701947,1.1737765023701947,0.879370864663019,0.0,0.0,0.0,0.026007635685836212,0.005318909978062404,0.0,0.0005693067783415784,0.2625097852649354,0.0,0.0,0.0,0.0,0.0,0.0,0.0,0.0,0.0,0.0,0.0,0.0,0.0,0.0,0.0,0.0,0.0,0.0,0.0,0.0,0.0,0.0,0.0,0.0,0.0,0.004005088467653865,0.004005088467653865
2018/06/07 03:00:00,2018/06/07 04:00:00,2018/06/07 08:00:00,1.9440116639353815,1.9440116639353815,1.2596698282879253,0.0,0.0,0.0,0.026007635685836212,0.005318909978062404,0.0,0.0005693067783415784,0.25071992479679983,0.0,0.0,0.0,0.0,0.0,0.0,0.4017260584084163,0.0,0.0,0.0,0.0,0.0,0.0,0.0,0.0,0.0,0.0,0.0,0.0,0.0,0.0,0.0,0.0,0.0,0.0,0.006633237827209979,0.006633237827209979
2018/06/07 04:00:00,2018/06/07 05:00:00,2018/06/07 09:00:00,1.8242875560506866,1.8242875560506866,1.5544863375796771,0.0,0.0,0.0,0.026843243274492543,0.00548980292637717,0.0,0.0005875982166715451,0.23688057405346816,0.0,0.0,0.0,0.0,0.0,0.0,0.0,0.0,0.0,0.0,0.0,0.0,0.0,0.0,0.0,0.0,0.0,0.0,0.0,0.0,0.0,0.0,0.0,0.0,0.0,0.006224722541019739,0.006224722541019739
2018/06/07 05:00:00,2018/06/07 06:00:00,2018/06/07 10:00:00,2.1599659966208944,2.1599659966208944,1.8175379456357428,0.0,0.0,0.0,0.06900948530167404,0.014113364412895239,0.0,0.0015106166599181724,0.25779458461066423,0.0,0.0,0.0,0.0,0.0,0.0,0.0,0.0,0.0,0.0,0.0,0.0,0.0,0.0,0.0,0.0,0.0,0.0,0.0,0.0,0.0,0.0,0.0,0.0,0.0,0.007370104007127635,0.007370104007127635
2018/06/07 06:00:00,2018/06/07 07:00:00,2018/06/07 11:00:00,2.163937628555149,2.163937628555149,1.6500918795553434,0.0,0.0,0.0,0.16201522163153,0.03313428369051031,0.0,0.003546510916391187,0.31514973276137404,0.0,0.0,0.0,0.0,0.0,0.0,0.0,0.0,0.0,0.0,0.0,0.0,0.0,0.0,0.0,0.0,0.0,0.0,0.0,0.0,0.0,0.0,0.0,0.0,0.0,0.007383655766960558,0.007383655766960558
2018/06/07 07:00:00,2018/06/07 08:00:00,2018/06/07 12:00:00,1.6556651259201374,1.6556651259201374,0.6682735826301022,0.0,0.0,0.0,0.20502608639988215,0.041930581844827744,0.0,0.0044880181395291685,0.36010528653425383,0.0,0.0,0.0,0.0,0.0,0.0,0.3758415703715424,0.0,0.0,0.0,0.0,0.0,0.0,0.0,0.0,0.0,0.0,0.0,0.0,0.0,0.0,0.0,0.0,0.0,0.0,0.005649359387182607,0.005649359387182607
2018/06/07 08:00:00,2018/06/07 09:00:00,2018/06/07 13:00:00,1.8648746451230178,1.8648746451230178,0.0,0.0,0.0,0.0,0.20318552328194064,0.04155416202522051,0.0,0.004447728238837415,0.29686636074616646,0.0,0.0,0.0,0.0,0.0,0.0,1.3188208708308526,0.0,0.0,0.0,0.0,0.0,0.0,0.0,0.0,0.0,0.0,0.0,0.0,0.0,0.0,0.0,0.0,0.0,0.0,0.006363211326619884,0.006363211326619884
2018/06/07 09:00:00,2018/06/07 10:00:00,2018/06/07 14:00:00,1.8321878993144571,1.8321878993144571,0.0,0.0,0.024560728118926945,0.0,0.19457144785868138,0.03979246817984311,0.0,0.0042591662493183975,0.24045407484446327,0.0,0.009729143232371427,0.0,0.0,0.0,0.0,1.3188208708308526,0.0,0.0,0.0,0.0,0.0,0.0,0.0,0.0,0.0,0.0,0.0,0.0,0.0,0.0,0.0,0.0,0.0,0.0,0.006251679609620397,0.006251679609620397
2018/06/07 10:00:00,2018/06/07 11:00:00,2018/06/07 15:00:00,1.431718379068085,1.431718379068085,0.0,0.0,0.1999135268989179,0.0,0.18848183893972803,0.03854706156031103,0.0,0.004125864795972619,0.23706579076249806,0.0,0.07785445359058484,0.0,0.0,0.0,0.0,0.6857298425200726,0.0,0.0,0.0,0.0,0.0,0.0,0.0,0.0,0.0,0.0,0.0,0.0,0.0,0.0,0.0,0.0,0.0,0.0,0.004885221979955081,0.004885221979955081
2018/06/07 11:00:00,2018/06/07 12:00:00,2018/06/07 16:00:00,1.014304994253111,1.014304994253111,0.0,0.0,0.39231024249977786,0.0,0.18004485089820238,0.03682158445731919,0.0,0.003941179246742044,0.2521460954047706,0.0,0.14904104174629884,0.0,0.0,0.0,0.0,0.0,0.0,0.0,0.0,0.0,0.0,0.0,0.0,0.0,0.0,0.0,0.0,0.0,0.0,0.0,0.0,0.0,0.0,0.0,0.0034609495308210135,0.0034609495308210135
2018/06/07 12:00:00,2018/06/07 13:00:00,2018/06/07 17:00:00,1.310145823143692,1.310145823143692,0.0,0.0,0.6113797984650196,0.0,0.17395524197924905,0.03557617783778712,0.0,0.003807877793396267,0.25819048102071934,0.0,0.22723624604752063,0.0,0.0,0.0,0.0,0.0,0.0,0.0,0.0,0.0,0.0,0.0,0.0,0.0,0.0,0.0,0.0,0.0,0.0,0.0,0.0,0.0,0.0,0.0,0.0044703995322976425,0.0044703995322976425
2018/06/07 13:00:00,2018/06/07 14:00:00,2018/06/07 18:00:00,1.6275511482321072,1.6275511482321072,0.0,0.0,0.8417205793538608,0.0,0.1721632852403147,0.035209698673971224,0.0,0.003768651885655419,0.26620885734512484,0.0,0.3084800757331802,0.0,0.0,0.0,0.0,0.0,0.0,0.0,0.0,0.0,0.0,0.0,0.0,0.0,0.0,0.0,0.0,0.0,0.0,0.0,0.0,0.0,0.0,0.0,0.005553430590183487,0.005553430590183487
2018/06/07 14:00:00,2018/06/07 15:00:00,2018/06/07 19:00:00,1.9885672099415796,1.9885672099415796,0.0,0.0,1.052584351537816,0.0,0.17199652313011424,0.03517559358796407,0.0,0.0037650014654152042,0.3430287783537689,0.0,0.38201696186650136,0.0,0.0,0.0,0.0,0.0,0.0,0.0,0.0,0.0,0.0,0.0,0.0,0.0,0.0,0.0,0.0,0.0,0.0,0.0,0.0,0.0,0.0,0.0,0.006785267539100704,0.006785267539100704
2018/06/07 15:00:00,2018/06/07 16:00:00,2018/06/07 20:00:00,3.2931212859365195,3.2931212859365195,0.0,0.0,1.261405819079497,0.0,0.17210040794950074,0.03519683942549728,0.0,0.0037672755026463456,1.3676688585304235,0.0,0.45298208544895474,0.0,0.0,0.0,0.0,0.0,0.0,0.0,0.0,0.0,0.0,0.0,0.0,0.0,0.0,0.0,0.0,0.0,0.0,0.0,0.0,0.0,0.0,0.0,0.011236587253414022,0.011236587253414022
2018/06/07 16:00:00,2018/06/07 17:00:00,2018/06/07 21:00:00,2.7640344937820993,2.7640344937820993,0.0,0.0,1.3385285472545423,0.0,0.1727083280322343,0.035321167228030935,0.0,0.003780582864683052,0.7352097424206989,0.0,0.4784861259819102,0.0,0.0,0.0,0.0,0.0,0.0,0.0,0.0,0.0,0.0,0.0,0.0,0.0,0.0,0.0,0.0,0.0,0.0,0.0,0.0,0.0,0.0,0.0,0.009431269626619915,0.009431269626619915
2018/06/07 17:00:00,2018/06/07 18:00:00,2018/06/07 22:00:00,2.9123894678316375,2.9123894678316375,0.0,0.0,1.293722367451149,0.0,0.17552352094686682,0.035896911900275955,0.0,0.0038422073978778286,0.5350858754207735,0.0,0.4659847758750405,0.0,0.0,0.0,0.0,0.4023338088396536,0.0,0.0,0.0,0.0,0.0,0.0,0.0,0.0,0.0,0.0,0.0,0.0,0.0,0.0,0.0,0.0,0.0,0.0,0.009937477405089736,0.009937477405089736
2018/06/07 18:00:00,2018/06/07 19:00:00,2018/06/07 23:00:00,2.8660849204707275,2.8660849204707275,0.0,0.0,1.2105260631716632,0.0,0.1854355004655871,0.03792404452399166,0.0,0.004059180489740367,0.5513214305361466,0.0,0.4439558873083605,0.0,0.0,0.0,0.0,0.432862813975238,0.0,0.0,0.0,0.0,0.0,0.0,0.0,0.0,0.0,0.0,0.0,0.0,0.0,0.0,0.0,0.0,0.0,0.0,0.00977947985763447,0.00977947985763447
2018/06/07 19:00:00,2018/06/07 20:00:00,2018/06/08 00:00:00,3.453141058338739,3.453141058338739,0.0,0.0,0.9987385817625928,0.0,0.21169246292360147,0.04329394516773225,0.0,0.0046339450276083275,0.5005084163794185,0.0,0.37545283624693315,0.0,0.0,0.0,0.0,1.3188208708308526,0.0,0.0,0.0,0.0,0.0,0.0,0.0,0.0,0.0,0.0,0.0,0.0,0.0,0.0,0.0,0.0,0.0,0.0,0.011782596944143539,0.011782596944143539
2018/06/07 20:00:00,2018/06/07 21:00:00,2018/06/08 01:00:00,3.022126370892044,3.022126370892044,0.0,0.0,0.6423152227310565,0.0,0.2630250272863957,0.05379214239284531,0.0,0.005757614137496295,0.49005820397958605,0.0,0.24835728953381134,0.0,0.0,0.0,0.0,1.3188208708308526,0.0,0.0,0.0,0.0,0.0,0.0,0.0,0.0,0.0,0.0,0.0,0.0,0.0,0.0,0.0,0.0,0.0,0.0,0.010311914961162629,0.010311914961162629
2018/06/07 21:00:00,2018/06/07 22:00:00,2018/06/08 02:00:00,2.7555629262730887,2.7555629262730887,0.0,0.0,0.40245807253427285,0.0,0.33411180980362465,0.06833034192034627,0.0,0.007313702804163992,0.4657559093404247,0.0,0.15877221903940347,0.0,0.0,0.0,0.0,1.3188208708308526,0.0,0.0,0.0,0.0,0.0,0.0,0.0,0.0,0.0,0.0,0.0,0.0,0.0,0.0,0.0,0.0,0.0,0.0,0.009402363461549497,0.009402363461549497
2018/06/07 22:00:00,2018/06/07 23:00:00,2018/06/08 03:00:00,1.0986619204695585,1.0986619204695585,0.0,0.0,0.21881575380112683,0.0,0.2788500201125949,0.05702856546731482,0.0,0.0061040230072602055,0.39843385714884805,0.0,0.08722496731654267,0.0,0.0,0.0,0.0,0.052204733615870864,0.0,0.0,0.0,0.0,0.0,0.0,0.0,0.0,0.0,0.0,0.0,0.0,0.0,0.0,0.0,0.0,0.0,0.0,0.0037487870805368155,0.0037487870805368155
2018/06/07 23:00:00,2018/06/08 00:00:00,2018/06/08 04:00:00,0.5946583786534553,0.5946583786534553,0.0,0.0,0.06728558536064531,0.0,0.13094360677997474,0.026779722120023,0.0,0.002866353705536267,0.33988697256011713,0.0,0.02689613812715874,0.0,0.0,0.0,0.0,0.0,0.0,0.0,0.0,0.0,0.0,0.0,0.0,0.0,0.0,0.0,0.0,0.0,0.0,0.0,0.0,0.0,0.0,0.0,0.0020290569880462243,0.0020290569880462243
2018/06/08 00:00:00,2018/06/08 01:00:00,2018/06/08 05:00:00,0.38482883772309007,0.38482883772309007,0.0,0.0,0.0,0.0,0.06501908921459039,0.013297274945155983,0.0,0.0014232669458539432,0.3050892066174897,0.0,0.0,0.0,0.0,0.0,0.0,0.0,0.0,0.0,0.0,0.0,0.0,0.0,0.0,0.0,0.0,0.0,0.0,0.0,0.0,0.0,0.0,0.0,0.0,0.0,0.0013130894483516335,0.0013130894483516335
2018/06/08 01:00:00,2018/06/08 02:00:00,2018/06/08 06:00:00,0.34044515984028273,0.34044515984028273,0.0,0.0,0.0,0.0,0.03901145352875434,0.00797836496709361,0.0,0.0008539601675123682,0.2926013811769224,0.0,0.0,0.0,0.0,0.0,0.0,0.0,0.0,0.0,0.0,0.0,0.0,0.0,0.0,0.0,0.0,0.0,0.0,0.0,0.0,0.0,0.0,0.0,0.0,0.0,0.001161646174370986,0.001161646174370986
2018/06/08 02:00:00,2018/06/08 03:00:00,2018/06/08 07:00:00,0.3484879865881149,0.3484879865881149,0.0540823488809393,0.0,0.0,0.0,0.026007635685836212,0.005318909978062404,0.0,0.0005693067783415784,0.2625097852649354,0.0,0.0,0.0,0.0,0.0,0.0,0.0,0.0,0.0,0.0,0.0,0.0,0.0,0.0,0.0,0.0,0.0,0.0,0.0,0.0,0.0,0.0,0.0,0.0,0.0,0.0011890894164107056,0.0011890894164107056
2018/06/08 03:00:00,2018/06/08 04:00:00,2018/06/08 08:00:00,0.5496525510768129,0.5496525510768129,0.26703677383777275,0.0,0.0,0.0,0.026007635685836212,0.005318909978062404,0.0,0.0005693067783415784,0.25071992479679983,0.0,0.0,0.0,0.0,0.0,0.0,0.0,0.0,0.0,0.0,0.0,0.0,0.0,0.0,0.0,0.0,0.0,0.0,0.0,0.0,0.0,0.0,0.0,0.0,0.0,0.0018754908528914934,0.0018754908528914934
2018/06/08 04:00:00,2018/06/08 05:00:00,2018/06/08 09:00:00,0.6765538511905115,0.6765538511905115,0.4067526327195021,0.0,0.0,0.0,0.026843243274492543,0.00548980292637717,0.0,0.0005875982166715451,0.23688057405346816,0.0,0.0,0.0,0.0,0.0,0.0,0.0,0.0,0.0,0.0,0.0,0.0,0.0,0.0,0.0,0.0,0.0,0.0,0.0,0.0,0.0,0.0,0.0,0.0,0.0,0.0023084957159036175,0.0023084957159036175
2018/06/08 05:00:00,2018/06/08 06:00:00,2018/06/08 10:00:00,0.7757248692969415,0.7757248692969415,0.4332968183117898,0.0,0.0,0.0,0.06900948530167404,0.014113364412895239,0.0,0.0015106166599181724,0.25779458461066423,0.0,0.0,0.0,0.0,0.0,0.0,0.0,0.0,0.0,0.0,0.0,0.0,0.0,0.0,0.0,0.0,0.0,0.0,0.0,0.0,0.0,0.0,0.0,0.0,0.0,0.0026468810048760213,0.0026468810048760213
2018/06/08 06:00:00,2018/06/08 07:00:00,2018/06/08 11:00:00,1.7928686514189687,1.7928686514189687,0.0,0.0,0.0,0.0,0.16201522163153,0.03313428369051031,0.0,0.003546510916391187,0.31514973276137404,0.0,0.0,0.0,0.0,0.0,0.0,1.2790229024191633,0.0,0.0,0.0,0.0,0.0,0.0,0.0,0.0,0.0,0.0,0.0,0.0,0.0,0.0,0.0,0.0,0.0,0.0,0.006117516874223111,0.006117516874223111
2018/06/08 07:00:00,2018/06/08 08:00:00,2018/06/08 12:00:00,1.9303708437493454,1.9303708437493454,0.0,0.0,0.0,0.0,0.20502608639988215,0.041930581844827744,0.0,0.0044880181395291685,0.36010528653425383,0.0,0.0,0.0,0.0,0.0,0.0,1.3188208708308526,0.0,0.0,0.0,0.0,0.0,0.0,0.0,0.0,0.0,0.0,0.0,0.0,0.0,0.0,0.0,0.0,0.0,0.0,0.006586693453978692,0.006586693453978692
2018/06/08 08:00:00,2018/06/08 09:00:00,2018/06/08 13:00:00,1.8648746451230178,1.8648746451230178,0.0,0.0,0.0,0.0,0.20318552328194064,0.04155416202522051,0.0,0.004447728238837415,0.29686636074616646,0.0,0.0,0.0,0.0,0.0,0.0,1.3188208708308526,0.0,0.0,0.0,0.0,0.0,0.0,0.0,0.0,0.0,0.0,0.0,0.0,0.0,0.0,0.0,0.0,0.0,0.0,0.006363211326619884,0.006363211326619884
2018/06/08 09:00:00,2018/06/08 10:00:00,2018/06/08 14:00:00,1.797898027963159,1.797898027963159,0.0,0.0,0.0,0.0,0.19457144785868138,0.03979246817984311,0.0,0.0042591662493183975,0.24045407484446327,0.0,0.0,0.0,0.0,0.0,0.0,1.3188208708308526,0.0,0.0,0.0,0.0,0.0,0.0,0.0,0.0,0.0,0.0,0.0,0.0,0.0,0.0,0.0,0.0,0.0,0.0,0.006134677805589474,0.006134677805589474
2018/06/08 10:00:00,2018/06/08 11:00:00,2018/06/08 15:00:00,0.7609449636631928,0.7609449636631928,0.0,0.0,0.012882749863901326,0.0,0.18848183893972803,0.03854706156031103,0.0,0.004125864795972619,0.23706579076249806,0.0,0.005023230416712416,0.0,0.0,0.0,0.0,0.27481842732406936,0.0,0.0,0.0,0.0,0.0,0.0,0.0,0.0,0.0,0.0,0.0,0.0,0.0,0.0,0.0,0.0,0.0,0.0,0.0025964499138742777,0.0025964499138742777
2018/06/08 11:00:00,2018/06/08 12:00:00,2018/06/08 16:00:00,1.1131378297268921,1.1131378297268921,0.0,0.0,0.20428792697843984,0.0,0.18004485089820238,0.03682158445731919,0.0,0.003941179246742044,0.2521460954047706,0.0,0.07503761845792507,0.0,0.0,0.0,0.0,0.36085857428349294,0.0,0.0,0.0,0.0,0.0,0.0,0.0,0.0,0.0,0.0,0.0,0.0,0.0,0.0,0.0,0.0,0.0,0.0,0.0037981808936760953,0.0037981808936760953
2018/06/08 12:00:00,2018/06/08 13:00:00,2018/06/08 17:00:00,2.0673022374341996,2.0673022374341996,0.0,0.0,0.42888296391346914,0.0,0.17395524197924905,0.03557617783778712,0.0,0.003807877793396267,0.25819048102071934,0.0,0.15075429585271974,0.0,0.0,0.0,0.0,1.0161351990368588,0.0,0.0,0.0,0.0,0.0,0.0,0.0,0.0,0.0,0.0,0.0,0.0,0.0,0.0,0.0,0.0,0.0,0.0,0.007053922389469866,0.007053922389469866
2018/06/08 13:00:00,2018/06/08 14:00:00,2018/06/08 18:00:00,1.4443327872916287,1.4443327872916287,0.0,0.0,0.7192985599099272,0.0,0.1721632852403147,0.035209698673971224,0.0,0.003768651885655419,0.26620885734512484,0.0,0.24768373423663523,0.0,0.0,0.0,0.0,0.0,0.0,0.0,0.0,0.0,0.0,0.0,0.0,0.0,0.0,0.0,0.0,0.0,0.0,0.0,0.0,0.0,0.0,0.0,0.004928264092998216,0.004928264092998216
2018/06/08 14:00:00,2018/06/08 15:00:00,2018/06/08 19:00:00,2.698230474180711,2.698230474180711,0.0,0.0,0.9995447647412626,0.0,0.17199652313011424,0.03517559358796407,0.0,0.0037650014654152042,0.6547996514717686,0.0,0.3375222552112934,0.0,0.0,0.0,0.0,0.49542668457289285,0.0,0.0,0.0,0.0,0.0,0.0,0.0,0.0,0.0,0.0,0.0,0.0,0.0,0.0,0.0,0.0,0.0,0.0,0.009206737171336814,0.009206737171336814
2018/06/08 15:00:00,2018/06/08 16:00:00,2018/06/08 20:00:00,2.0933476870050534,2.0933476870050534,0.0,0.0,1.1981001232943673,0.0,0.17210040794950074,0.03519683942549728,0.0,0.0037672755026463456,0.28373458382035643,0.0,0.40044845701268544,0.0,0.0,0.0,0.0,0.0,0.0,0.0,0.0,0.0,0.0,0.0,0.0,0.0,0.0,0.0,0.0,0.0,0.0,0.0,0.0,0.0,0.0,0.0,0.007142793081207558,0.007142793081207558
2018/06/08 16:00:00,2018/06/08 17:00:00,2018/06/08 21:00:00,2.2224476178538213,2.2224476178538213,0.0,0.0,1.217099811919425,0.0,0.1727083280322343,0.035321167228030935,0.0,0.003780582864683052,0.38388522406492354,0.0,0.4096525037445248,0.0,0.0,0.0,0.0,0.0,0.0,0.0,0.0,0.0,0.0,0.0,0.0,0.0,0.0,0.0,0.0,0.0,0.0,0.0,0.0,0.0,0.0,0.0,0.007583299977685059,0.007583299977685059
2018/06/08 17:00:00,2018/06/08 18:00:00,2018/06/08 22:00:00,2.309037674125768,2.309037674125768,0.0,0.0,1.164721910038962,0.0,0.17552352094686682,0.035896911900275955,0.0,0.0038422073978778286,0.5350858754207735,0.0,0.3939672484210119,0.0,0.0,0.0,0.0,0.0,0.0,0.0,0.0,0.0,0.0,0.0,0.0,0.0,0.0,0.0,0.0,0.0,0.0,0.0,0.0,0.0,0.0,0.0,0.007878757277339622,0.007878757277339622
2018/06/08 18:00:00,2018/06/08 19:00:00,2018/06/08 23:00:00,2.2271791080695555,2.2271791080695555,0.0,0.0,1.0807700780799567,0.0,0.1854355004655871,0.03792404452399166,0.0,0.004059180489740367,0.5513214305361466,0.0,0.36766887397413345,0.0,0.0,0.0,0.0,0.0,0.0,0.0,0.0,0.0,0.0,0.0,0.0,0.0,0.0,0.0,0.0,0.0,0.0,0.0,0.0,0.0,0.0,0.0,0.007599444479521302,0.007599444479521302
2018/06/08 19:00:00,2018/06/08 20:00:00,2018/06/09 00:00:00,2.9338782432816064,2.9338782432816064,0.0,0.0,0.9824363271668473,0.0,0.21169246292360147,0.04329394516773225,0.0,0.0046339450276083275,0.5005084163794185,0.0,0.34692303203520203,0.0,0.0,0.0,0.0,0.8443901145811963,0.0,0.0,0.0,0.0,0.0,0.0,0.0,0.0,0.0,0.0,0.0,0.0,0.0,0.0,0.0,0.0,0.0,0.0,0.010010800091789363,0.010010800091789363
2018/06/08 20:00:00,2018/06/08 21:00:00,2018/06/09 01:00:00,3.0505430525293296,3.0505430525293296,0.0,0.0,0.6722134374702919,0.0,0.2630250272863957,0.05379214239284531,0.0,0.005757614137496295,0.49005820397958605,0.0,0.24687575643186163,0.0,0.0,0.0,0.0,1.3188208708308526,0.0,0.0,0.0,0.0,0.0,0.0,0.0,0.0,0.0,0.0,0.0,0.0,0.0,0.0,0.0,0.0,0.0,0.0,0.010408876626083223,0.010408876626083223
2018/06/08 21:00:00,2018/06/08 22:00:00,2018/06/09 02:00:00,2.718268339485963,2.718268339485963,0.0,0.0,0.4649899015459561,0.0,0.33411180980362465,0.06833034192034627,0.0,0.007313702804163992,0.4657559093404247,0.0,0.17634918170920608,0.0,0.0,0.0,0.0,1.2014174923622412,0.0,0.0,0.0,0.0,0.0,0.0,0.0,0.0,0.0,0.0,0.0,0.0,0.0,0.0,0.0,0.0,0.0,0.0,0.009275109151086291,0.009275109151086291
2018/06/08 22:00:00,2018/06/08 23:00:00,2018/06/09 03:00:00,1.1274334755967592,1.1274334755967592,0.0,0.0,0.278890349794415,0.0,0.2788500201125949,0.05702856546731482,0.0,0.0061040230072602055,0.39843385714884805,0.0,0.10812666006632618,0.0,0.0,0.0,0.0,0.0,0.0,0.0,0.0,0.0,0.0,0.0,0.0,0.0,0.0,0.0,0.0,0.0,0.0,0.0,0.0,0.0,0.0,0.0,0.0038469596230981387,0.0038469596230981387
2018/06/08 23:00:00,2018/06/09 00:00:00,2018/06/09 04:00:00,0.6826827012562728,0.6826827012562728,0.0,0.0,0.1309503135224235,0.0,0.13094360677997474,0.026779722120023,0.0,0.002866353705536267,0.33988697256011713,0.0,0.051255732568198216,0.0,0.0,0.0,0.0,0.0,0.0,0.0,0.0,0.0,0.0,0.0,0.0,0.0,0.0,0.0,0.0,0.0,0.0,0.0,0.0,0.0,0.0,0.0,0.002329408203646211,0.002329408203646211
2018/06/09 00:00:00,2018/06/09 01:00:00,2018/06/09 05:00:00,0.3911654152973043,0.3911654152973043,0.0,0.0,0.004550668339940679,0.0,0.06501908921459039,0.013297274945155983,0.0,0.0014232669458539432,0.3050892066174897,0.0,0.0017859092342735882,0.0,0.0,0.0,0.0,0.0,0.0,0.0,0.0,0.0,0.0,0.0,0.0,0.0,0.0,0.0,0.0,0.0,0.0,0.0,0.0,0.0,0.0,0.0,0.0013347107312071285,0.0013347107312071285
2018/06/09 01:00:00,2018/06/09 02:00:00,2018/06/09 06:00:00,0.34044515984028273,0.34044515984028273,0.0,0.0,0.0,0.0,0.03901145352875434,0.00797836496709361,0.0,0.0008539601675123682,0.2926013811769224,0.0,0.0,0.0,0.0,0.0,0.0,0.0,0.0,0.0,0.0,0.0,0.0,0.0,0.0,0.0,0.0,0.0,0.0,0.0,0.0,0.0,0.0,0.0,0.0,0.0,0.001161646174370986,0.001161646174370986
2018/06/09 02:00:00,2018/06/09 03:00:00,2018/06/09 07:00:00,0.29440563770717565,0.29440563770717565,0.0,0.0,0.0,0.0,0.026007635685836212,0.005318909978062404,0.0,0.0005693067783415784,0.2625097852649354,0.0,0.0,0.0,0.0,0.0,0.0,0.0,0.0,0.0,0.0,0.0,0.0,0.0,0.0,0.0,0.0,0.0,0.0,0.0,0.0,0.0,0.0,0.0,0.0,0.0,0.0010045529298058915,0.0010045529298058915
2018/06/09 03:00:00,2018/06/09 04:00:00,2018/06/09 08:00:00,0.3041537026036658,0.3041537026036658,0.021537925364625773,0.0,0.0,0.0,0.026007635685836212,0.005318909978062404,0.0,0.0005693067783415784,0.25071992479679983,0.0,0.0,0.0,0.0,0.0,0.0,0.0,0.0,0.0,0.0,0.0,0.0,0.0,0.0,0.0,0.0,0.0,0.0,0.0,0.0,0.0,0.0,0.0,0.0,0.0,0.0010378146812722376,0.0010378146812722376
2018/06/09 04:00:00,2018/06/09 05:00:00,2018/06/09 09:00:00,0.5460570369187756,0.5460570369187756,0.27625581844776625,0.0,0.0,0.0,0.026843243274492543,0.00548980292637717,0.0,0.0005875982166715451,0.23688057405346816,0.0,0.0,0.0,0.0,0.0,0.0,0.0,0.0,0.0,0.0,0.0,0.0,0.0,0.0,0.0,0.0,0.0,0.0,0.0,0.0,0.0,0.0,0.0,0.0,0.0,0.0018632224591550684,0.0018632224591550684
2018/06/09 05:00:00,2018/06/09 06:00:00,2018/06/09 10:00:00,0.9213437837157419,0.9213437837157419,0.5789157327305903,0.0,0.0,0.0,0.06900948530167404,0.014113364412895239,0.0,0.0015106166599181724,0.25779458461066423,0.0,0.0,0.0,0.0,0.0,0.0,0.0,0.0,0.0,0.0,0.0,0.0,0.0,0.0,0.0,0.0,0.0,0.0,0.0,0.0,0.0,0.0,0.0,0.0,0.0,0.0031437529678377345,0.0031437529678377345
2018/06/09 06:00:00,2018/06/09 07:00:00,2018/06/09 11:00:00,1.139039430354095,1.139039430354095,0.6251936813542894,0.0,0.0,0.0,0.16201522163153,0.03313428369051031,0.0,0.003546510916391187,0.31514973276137404,0.0,0.0,0.0,0.0,0.0,0.0,0.0,0.0,0.0,0.0,0.0,0.0,0.0,0.0,0.0,0.0,0.0,0.0,0.0,0.0,0.0,0.0,0.0,0.0,0.0,0.0038865607528369398,0.0038865607528369398
2018/06/09 07:00:00,2018/06/09 08:00:00,2018/06/09 12:00:00,1.6456250723094625,1.6456250723094625,0.1596401785498823,0.0,0.0,0.0,0.20502608639988215,0.041930581844827744,0.0,0.0044880181395291685,0.36010528653425383,0.0,0.0,0.0,0.0,0.0,0.0,0.8744349208410874,0.0,0.0,0.0,0.0,0.0,0.0,0.0,0.0,0.0,0.0,0.0,0.0,0.0,0.0,0.0,0.0,0.0,0.0,0.005615101329665233,0.005615101329665233
2018/06/09 08:00:00,2018/06/09 09:00:00,2018/06/09 13:00:00,1.8648746451230178,1.8648746451230178,0.0,0.0,0.0,0.0,0.20318552328194064,0.04155416202522051,0.0,0.004447728238837415,0.29686636074616646,0.0,0.0,0.0,0.0,0.0,0.0,1.3188208708308526,0.0,0.0,0.0,0.0,0.0,0.0,0.0,0.0,0.0,0.0,0.0,0.0,0.0,0.0,0.0,0.0,0.0,0.0,0.006363211326619884,0.006363211326619884
2018/06/09 09:00:00,2018/06/09 10:00:00,2018/06/09 14:00:00,1.047344109119272,1.047344109119272,0.0,0.0,0.0048020787362271855,0.0,0.19457144785868138,0.03979246817984311,0.0,0.0042591662493183975,0.24045407484446327,0.0,0.0018685701959473536,0.0,0.0,0.0,0.0,0.5615963030547912,0.0,0.0,0.0,0.0,0.0,0.0,0.0,0.0,0.0,0.0,0.0,0.0,0.0,0.0,0.0,0.0,0.0,0.0,0.003573683579990298,0.003573683579990298
2018/06/09 10:00:00,2018/06/09 11:00:00,2018/06/09 15:00:00,0.6016984505490178,0.6016984505490178,0.0,0.0,0.09664386122654543,0.0,0.18848183893972803,0.03854706156031103,0.0,0.004125864795972619,0.23706579076249806,0.0,0.03683403326396262,0.0,0.0,0.0,0.0,0.0,0.0,0.0,0.0,0.0,0.0,0.0,0.0,0.0,0.0,0.0,0.0,0.0,0.0,0.0,0.0,0.0,0.0,0.0,0.002053078691243925,0.002053078691243925
2018/06/09 11:00:00,2018/06/09 12:00:00,2018/06/09 16:00:00,0.7593149134820877,0.7593149134820877,0.0,0.0,0.20775190631976923,0.0,0.18004485089820238,0.03682158445731919,0.0,0.003941179246742044,0.2521460954047706,0.0,0.07860929715528416,0.0,0.0,0.0,0.0,0.0,0.0,0.0,0.0,0.0,0.0,0.0,0.0,0.0,0.0,0.0,0.0,0.0,0.0,0.0,0.0,0.0,0.0,0.0,0.0025908879562368072,0.0025908879562368072
2018/06/09 12:00:00,2018/06/09 13:00:00,2018/06/09 17:00:00,0.9631538925516303,0.9631538925516303,0.0,0.0,0.35868212255715287,0.0,0.17395524197924905,0.03557617783778712,0.0,0.003807877793396267,0.25819048102071934,0.0,0.13294199136332574,0.0,0.0,0.0,0.0,0.0,0.0,0.0,0.0,0.0,0.0,0.0,0.0,0.0,0.0,0.0,0.0,0.0,0.0,0.0,0.0,0.0,0.0,0.0,0.003286414866752761,0.003286414866752761
2018/06/09 13:00:00,2018/06/09 14:00:00,2018/06/09 18:00:00,2.362904979178387,2.362904979178387,0.0,0.0,0.610992613033984,0.0,0.1721632852403147,0.035209698673971224,0.0,0.003768651885655419,0.26620885734512484,0.0,0.22112253784929986,0.0,0.0,0.0,0.0,1.0534393351500375,0.0,0.0,0.0,0.0,0.0,0.0,0.0,0.0,0.0,0.0,0.0,0.0,0.0,0.0,0.0,0.0,0.0,0.0,0.008062560004531883,0.008062560004531883
2018/06/09 14:00:00,2018/06/09 15:00:00,2018/06/09 19:00:00,1.7378081681579451,1.7378081681579451,0.0,0.0,0.6923243901586196,0.0,0.17199652313011424,0.03517559358796407,0.0,0.0037650014654152042,0.2956372840816883,0.0,0.2516842696287139,0.0,0.0,0.0,0.0,0.2872251061054298,0.0,0.0,0.0,0.0,0.0,0.0,0.0,0.0,0.0,0.0,0.0,0.0,0.0,0.0,0.0,0.0,0.0,0.0,0.0059296428572472425,0.0059296428572472425
2018/06/09 15:00:00,2018/06/09 16:00:00,2018/06/09 20:00:00,1.4413899832205364,1.4413899832205364,0.0,0.0,0.6914520888928836,0.0,0.17210040794950074,0.03519683942549728,0.0,0.0037672755026463456,0.28373458382035643,0.0,0.2551387876296519,0.0,0.0,0.0,0.0,0.0,0.0,0.0,0.0,0.0,0.0,0.0,0.0,0.0,0.0,0.0,0.0,0.0,0.0,0.0,0.0,0.0,0.0,0.0,0.004918222836742108,0.004918222836742108
2018/06/09 16:00:00,2018/06/09 17:00:00,2018/06/09 21:00:00,1.4034010386308309,1.4034010386308309,0.0,0.0,0.5875667078263442,0.0,0.1727083280322343,0.035321167228030935,0.0,0.003780582864683052,0.38388522406492354,0.0,0.22013902861461468,0.0,0.0,0.0,0.0,0.0,0.0,0.0,0.0,0.0,0.0,0.0,0.0,0.0,0.0,0.0,0.0,0.0,0.0,0.0,0.0,0.0,0.0,0.0,0.004788599281007827,0.004788599281007827
2018/06/09 17:00:00,2018/06/09 18:00:00,2018/06/09 22:00:00,1.466335421688459,1.466335421688459,0.0,0.0,0.5196984475384521,0.0,0.17552352094686682,0.035896911900275955,0.0,0.0038422073978778286,0.5350858754207735,0.0,0.19628845848421253,0.0,0.0,0.0,0.0,0.0,0.0,0.0,0.0,0.0,0.0,0.0,0.0,0.0,0.0,0.0,0.0,0.0,0.0,0.0,0.0,0.0,0.0,0.0,0.005003340137801297,0.005003340137801297
2018/06/09 18:00:00,2018/06/09 19:00:00,2018/06/09 23:00:00,2.8274588506018516,2.8274588506018516,0.0,0.0,0.5408805085774893,0.0,0.1854355004655871,0.03792404452399166,0.0,0.004059180489740367,0.5513214305361466,0.0,0.20599332758320857,0.0,0.0,0.0,0.0,1.3018448584256883,0.0,0.0,0.0,0.0,0.0,0.0,0.0,0.0,0.0,0.0,0.0,0.0,0.0,0.0,0.0,0.0,0.0,0.0,0.009647682341948783,0.009647682341948783
2018/06/09 19:00:00,2018/06/09 20:00:00,2018/06/10 00:00:00,2.9789475346038965,2.9789475346038965,0.0,0.0,0.34983589761550443,0.0,0.21169246292360147,0.04329394516773225,0.0,0.0046339450276083275,0.9147331025584201,0.0,0.13593731048017726,0.0,0.0,0.0,0.0,1.3188208708308526,0.0,0.0,0.0,0.0,0.0,0.0,0.0,0.0,0.0,0.0,0.0,0.0,0.0,0.0,0.0,0.0,0.0,0.0,0.010164582774059575,0.010164582774059575
2018/06/09 20:00:00,2018/06/09 21:00:00,2018/06/10 01:00:00,1.7174303417678782,1.7174303417678782,0.0,0.0,0.16241737495325168,0.0,0.2630250272863957,0.05379214239284531,0.0,0.005757614137496295,0.49005820397958605,0.0,0.06368220348959491,0.0,0.0,0.0,0.0,0.6786977755287081,0.0,0.0,0.0,0.0,0.0,0.0,0.0,0.0,0.0,0.0,0.0,0.0,0.0,0.0,0.0,0.0,0.0,0.0,0.005860110883054621,0.005860110883054621
2018/06/09 21:00:00,2018/06/09 22:00:00,2018/06/10 02:00:00,0.9046984704681874,0.9046984704681874,0.0,0.0,0.0209662121876216,0.0,0.33411180980362465,0.06833034192034627,0.0,0.007313702804163992,0.4657559093404247,0.0,0.008220494412006191,0.0,0.0,0.0,0.0,0.0,0.0,0.0,0.0,0.0,0.0,0.0,0.0,0.0,0.0,0.0,0.0,0.0,0.0,0.0,0.0,0.0,0.0,0.0,0.0030869568469461947,0.0030869568469461947
2018/06/09 22:00:00,2018/06/09 23:00:00,2018/06/10 03:00:00,0.7404164657360179,0.7404164657360179,0.0,0.0,0.0,0.0,0.2788500201125949,0.05702856546731482,0.0,0.0061040230072602055,0.39843385714884805,0.0,0.0,0.0,0.0,0.0,0.0,0.0,0.0,0.0,0.0,0.0,0.0,0.0,0.0,0.0,0.0,0.0,0.0,0.0,0.0,0.0,0.0,0.0,0.0,0.0,0.002526403827468253,0.002526403827468253
2018/06/09 23:00:00,2018/06/10 00:00:00,2018/06/10 04:00:00,0.5004766551656511,0.5004766551656511,0.0,0.0,0.0,0.0,0.13094360677997474,0.026779722120023,0.0,0.002866353705536267,0.33988697256011713,0.0,0.0,0.0,0.0,0.0,0.0,0.0,0.0,0.0,0.0,0.0,0.0,0.0,0.0,0.0,0.0,0.0,0.0,0.0,0.0,0.0,0.0,0.0,0.0,0.0,0.0017076958653426423,0.0017076958653426423
2018/06/10 00:00:00,2018/06/10 01:00:00,2018/06/10 05:00:00,0.7651042459751879,0.7651042459751879,0.38027540825209777,0.0,0.0,0.0,0.06501908921459039,0.013297274945155983,0.0,0.0014232669458539432,0.3050892066174897,0.0,0.0,0.0,0.0,0.0,0.0,0.0,0.0,0.0,0.0,0.0,0.0,0.0,0.0,0.0,0.0,0.0,0.0,0.0,0.0,0.0,0.0,0.0,0.0,0.0,0.0026106419628613296,0.0026106419628613296
2018/06/10 01:00:00,2018/06/10 02:00:00,2018/06/10 06:00:00,1.100135958212045,1.100135958212045,0.7596907983717621,0.0,0.0,0.0,0.03901145352875434,0.00797836496709361,0.0,0.0008539601675123682,0.2926013811769224,0.0,0.0,0.0,0.0,0.0,0.0,0.0,0.0,0.0,0.0,0.0,0.0,0.0,0.0,0.0,0.0,0.0,0.0,0.0,0.0,0.0,0.0,0.0,0.0,0.0,0.0037538167020630584,0.0037538167020630584
2018/06/10 02:00:00,2018/06/10 03:00:00,2018/06/10 07:00:00,1.1075065671921969,1.1075065671921969,0.8131009294850213,0.0,0.0,0.0,0.026007635685836212,0.005318909978062404,0.0,0.0005693067783415784,0.2625097852649354,0.0,0.0,0.0,0.0,0.0,0.0,0.0,0.0,0.0,0.0,0.0,0.0,0.0,0.0,0.0,0.0,0.0,0.0,0.0,0.0,0.0,0.0,0.0,0.0,0.0,0.0037789662437061086,0.0037789662437061086
2018/06/10 03:00:00,2018/06/10 04:00:00,2018/06/10 08:00:00,1.3105871223593955,1.3105871223593955,1.0279713451203554,0.0,0.0,0.0,0.026007635685836212,0.005318909978062404,0.0,0.0005693067783415784,0.25071992479679983,0.0,0.0,0.0,0.0,0.0,0.0,0.0,0.0,0.0,0.0,0.0,0.0,0.0,0.0,0.0,0.0,0.0,0.0,0.0,0.0,0.0,0.0,0.0,0.0,0.0,0.004471905306519593,0.004471905306519593
2018/06/10 04:00:00,2018/06/10 05:00:00,2018/06/10 09:00:00,1.475209685075157,1.475209685075157,1.2054084666041476,0.0,0.0,0.0,0.026843243274492543,0.00548980292637717,0.0,0.0005875982166715451,0.23688057405346816,0.0,0.0,0.0,0.0,0.0,0.0,0.0,0.0,0.0,0.0,0.0,0.0,0.0,0.0,0.0,0.0,0.0,0.0,0.0,0.0,0.0,0.0,0.0,0.0,0.0,0.005033620357142218,0.005033620357142218
2018/06/10 05:00:00,2018/06/10 06:00:00,2018/06/10 10:00:00,1.59398330064666,1.59398330064666,1.2515552496615083,0.0,0.0,0.0,0.06900948530167404,0.014113364412895239,0.0,0.0015106166599181724,0.25779458461066423,0.0,0.0,0.0,0.0,0.0,0.0,0.0,0.0,0.0,0.0,0.0,0.0,0.0,0.0,0.0,0.0,0.0,0.0,0.0,0.0,0.0,0.0,0.0,0.0,0.0,0.005438892431533216,0.005438892431533216
2018/06/10 06:00:00,2018/06/10 07:00:00,2018/06/10 11:00:00,2.0258846356929014,2.0258846356929014,1.0032101438677121,0.0,0.0,0.0,0.16201522163153,0.03313428369051031,0.0,0.003546510916391187,0.31514973276137404,0.0,0.0,0.0,0.0,0.0,0.0,0.5088287428253839,0.0,0.0,0.0,0.0,0.0,0.0,0.0,0.0,0.0,0.0,0.0,0.0,0.0,0.0,0.0,0.0,0.0,0.0,0.006912599779282159,0.006912599779282159
2018/06/10 07:00:00,2018/06/10 08:00:00,2018/06/10 12:00:00,2.1121976252154995,2.1121976252154995,0.22510278588670496,0.0,0.0,0.0,0.20502608639988215,0.041930581844827744,0.0,0.0044880181395291685,0.36010528653425383,0.0,0.0,0.0,0.0,0.0,0.0,1.2755448664103015,0.0,0.0,0.0,0.0,0.0,0.0,0.0,0.0,0.0,0.0,0.0,0.0,0.0,0.0,0.0,0.0,0.0,0.0,0.007207111688702424,0.007207111688702424
2018/06/10 08:00:00,2018/06/10 09:00:00,2018/06/10 13:00:00,1.9425710290848939,1.9425710290848939,0.07769638396187603,0.0,0.0,0.0,0.20318552328194064,0.04155416202522051,0.0,0.004447728238837415,0.29686636074616646,0.0,0.0,0.0,0.0,0.0,0.0,1.3188208708308526,0.0,0.0,0.0,0.0,0.0,0.0,0.0,0.0,0.0,0.0,0.0,0.0,0.0,0.0,0.0,0.0,0.0,0.0,0.006628322180991011,0.006628322180991011
2018/06/10 09:00:00,2018/06/10 10:00:00,2018/06/10 14:00:00,1.802474793076248,1.802474793076248,0.0,0.0,0.003293993339626756,0.0,0.19457144785868138,0.03979246817984311,0.0,0.0042591662493183975,0.24045407484446327,0.0,0.001282771773462379,0.0,0.0,0.0,0.0,1.3188208708308526,0.0,0.0,0.0,0.0,0.0,0.0,0.0,0.0,0.0,0.0,0.0,0.0,0.0,0.0,0.0,0.0,0.0,0.0,0.006150294363883647,0.006150294363883647
2018/06/10 10:00:00,2018/06/10 11:00:00,2018/06/10 15:00:00,1.3824012786788915,1.3824012786788915,0.0,0.0,0.14898934589037524,0.0,0.18848183893972803,0.03854706156031103,0.0,0.004125864795972619,0.27140283443066526,0.0,0.05666822280473483,0.0,0.0,0.0,0.0,0.6741861102571044,0.0,0.0,0.0,0.0,0.0,0.0,0.0,0.0,0.0,0.0,0.0,0.0,0.0,0.0,0.0,0.0,0.0,0.0,0.004716945183113401,0.004716945183113401
2018/06/10 11:00:00,2018/06/10 12:00:00,2018/06/10 16:00:00,1.6686826584395134,1.6686826584395134,0.0,0.0,0.3071889342969245,0.0,0.18004485089820238,0.03682158445731919,0.0,0.003941179246742044,1.0262084091630723,0.0,0.114477700377253,0.0,0.0,0.0,0.0,0.0,0.0,0.0,0.0,0.0,0.0,0.0,0.0,0.0,0.0,0.0,0.0,0.0,0.0,0.0,0.0,0.0,0.0,0.0,0.005693777016318464,0.005693777016318464
2018/06/10 12:00:00,2018/06/10 13:00:00,2018/06/10 17:00:00,1.118747300857216,1.118747300857216,0.0,0.0,0.4745992741857957,0.0,0.17395524197924905,0.03557617783778712,0.0,0.003807877793396267,0.25819048102071934,0.0,0.17261824804026843,0.0,0.0,0.0,0.0,0.0,0.0,0.0,0.0,0.0,0.0,0.0,0.0,0.0,0.0,0.0,0.0,0.0,0.0,0.0,0.0,0.0,0.0,0.0,0.003817321188347467,0.003817321188347467
2018/06/10 13:00:00,2018/06/10 14:00:00,2018/06/10 18:00:00,1.8335666465923088,1.8335666465923088,0.0,0.0,0.6996545946110768,0.0,0.1721632852403147,0.035209698673971224,0.0,0.003768651885655419,0.26620885734512484,0.0,0.24860959964687857,0.0,0.0,0.0,0.0,0.40795195918928734,0.0,0.0,0.0,0.0,0.0,0.0,0.0,0.0,0.0,0.0,0.0,0.0,0.0,0.0,0.0,0.0,0.0,0.0,0.006256384086845135,0.006256384086845135
2018/06/10 14:00:00,2018/06/10 15:00:00,2018/06/10 19:00:00,1.7167883716495578,1.7167883716495578,0.0,0.0,0.8947144563326194,0.0,0.17199652313011424,0.03517559358796407,0.0,0.0037650014654152042,0.2956372840816883,0.0,0.31549951305175644,0.0,0.0,0.0,0.0,0.0,0.0,0.0,0.0,0.0,0.0,0.0,0.0,0.0,0.0,0.0,0.0,0.0,0.0,0.0,0.0,0.0,0.0,0.0,0.005857920391839068,0.005857920391839068
2018/06/10 15:00:00,2018/06/10 16:00:00,2018/06/10 20:00:00,1.9999236859307088,1.9999236859307088,0.0,0.0,1.091953276789682,0.0,0.17210040794950074,0.03519683942549728,0.0,0.0037672755026463456,0.3141807946938977,0.0,0.3827250915694846,0.0,0.0,0.0,0.0,0.0,0.0,0.0,0.0,0.0,0.0,0.0,0.0,0.0,0.0,0.0,0.0,0.0,0.0,0.0,0.0,0.0,0.0,0.0,0.006824017412628931,0.006824017412628931
2018/06/10 16:00:00,2018/06/10 17:00:00,2018/06/10 21:00:00,2.925292917771362,2.925292917771362,0.0,0.0,1.2156660437354538,0.0,0.1727083280322343,0.035321167228030935,0.0,0.003780582864683052,1.0702362291689236,0.0,0.4275805667420362,0.0,0.0,0.0,0.0,0.0,0.0,0.0,0.0,0.0,0.0,0.0,0.0,0.0,0.0,0.0,0.0,0.0,0.0,0.0,0.0,0.0,0.0,0.0,0.009981505768617362,0.009981505768617362
2018/06/10 17:00:00,2018/06/10 18:00:00,2018/06/10 22:00:00,2.377800779354947,2.377800779354947,0.0,0.0,1.198099649317761,0.0,0.17552352094686682,0.035896911900275955,0.0,0.0038422073978778286,0.5350858754207735,0.0,0.4293526143713915,0.0,0.0,0.0,0.0,0.0,0.0,0.0,0.0,0.0,0.0,0.0,0.0,0.0,0.0,0.0,0.0,0.0,0.0,0.0,0.0,0.0,0.0,0.0,0.008113386543811845,0.008113386543811845
2018/06/10 18:00:00,2018/06/10 19:00:00,2018/06/10 23:00:00,3.036564701136901,3.036564701136901,0.0,0.0,1.1290606033228556,0.0,0.1854355004655871,0.03792404452399166,0.0,0.004059180489740367,0.5513214305361466,0.0,0.4113567663296152,0.0,0.0,0.0,0.0,0.7174071754689642,0.0,0.0,0.0,0.0,0.0,0.0,0.0,0.0,0.0,0.0,0.0,0.0,0.0,0.0,0.0,0.0,0.0,0.0,0.010361180549491485,0.010361180549491485
2018/06/10 19:00:00,2018/06/10 20:00:00,2018/06/11 00:00:00,2.3125576808272905,2.3125576808272905,0.0,0.0,0.9555751594464379,0.0,0.21169246292360147,0.04329394516773225,0.0,0.0046339450276083275,0.5005084163794185,0.0,0.354071749041621,0.0,0.0,0.0,0.0,0.2427820028408709,0.0,0.0,0.0,0.0,0.0,0.0,0.0,0.0,0.0,0.0,0.0,0.0,0.0,0.0,0.0,0.0,0.0,0.0,0.007890768029146173,0.007890768029146173
2018/06/10 20:00:00,2018/06/10 21:00:00,2018/06/11 01:00:00,1.8187836473336532,1.8187836473336532,0.0,0.0,0.70169418024238,0.0,0.2630250272863957,0.05379214239284531,0.0,0.005757614137496295,0.5283498628525346,0.0,0.2661648204220012,0.0,0.0,0.0,0.0,0.0,0.0,0.0,0.0,0.0,0.0,0.0,0.0,0.0,0.0,0.0,0.0,0.0,0.0,0.0,0.0,0.0,0.0,0.0,0.006205942439965494,0.006205942439965494
2018/06/10 21:00:00,2018/06/10 22:00:00,2018/06/11 02:00:00,2.332888642256824,2.332888642256824,0.0,0.0,0.4270809684715097,0.0,0.33411180980362465,0.06833034192034627,0.0,0.007313702804163992,1.328967382968734,0.0,0.16708443628844527,0.0,0.0,0.0,0.0,0.0,0.0,0.0,0.0,0.0,0.0,0.0,0.0,0.0,0.0,0.0,0.0,0.0,0.0,0.0,0.0,0.0,0.0,0.0,0.007960140093583751,0.007960140093583751
2018/06/10 22:00:00,2018/06/10 23:00:00,2018/06/11 03:00:00,1.7031503995833719,1.7031503995833719,0.0,0.0,0.17853379337789269,0.0,0.2788500201125949,0.05702856546731482,0.0,0.0061040230072602055,0.39843385714884805,0.0,0.07064265486900588,0.0,0.0,0.0,0.0,0.7135574856004552,0.0,0.0,0.0,0.0,0.0,0.0,0.0,0.0,0.0,0.0,0.0,0.0,0.0,0.0,0.0,0.0,0.0,0.0,0.005811385736788324,0.005811385736788324
2018/06/10 23:00:00,2018/06/11 00:00:00,2018/06/11 04:00:00,0.8820317698261834,0.8820317698261834,0.0,0.0,0.011912386423136957,0.0,0.13094360677997474,0.026779722120023,0.0,0.002866353705536267,0.33988697256011713,0.0,0.004712567841453834,0.0,0.0,0.0,0.0,0.3649301603959414,0.0,0.0,0.0,0.0,0.0,0.0,0.0,0.0,0.0,0.0,0.0,0.0,0.0,0.0,0.0,0.0,0.0,0.0,0.0030096149158735093,0.0030096149158735093
2018/06/11 00:00:00,2018/06/11 01:00:00,2018/06/11 05:00:00,0.7018605905271365,0.7018605905271365,0.15037849735740322,0.0,0.0,0.0,0.06501908921459039,0.013297274945155983,0.0,0.0014232669458539432,0.3050892066174897,0.0,0.0,0.0,0.0,0.0,0.0,0.1666532554466432,0.0,0.0,0.0,0.0,0.0,0.0,0.0,0.0,0.0,0.0,0.0,0.0,0.0,0.0,0.0,0.0,0.0,0.0,0.0023948458257127448,0.0023948458257127448
2018/06/11 01:00:00,2018/06/11 02:00:00,2018/06/11 06:00:00,1.1406854076095048,1.1406854076095048,0.8002402477692221,0.0,0.0,0.0,0.03901145352875434,0.00797836496709361,0.0,0.0008539601675123682,0.2926013811769224,0.0,0.0,0.0,0.0,0.0,0.0,0.0,0.0,0.0,0.0,0.0,0.0,0.0,0.0,0.0,0.0,0.0,0.0,0.0,0.0,0.0,0.0,0.0,0.0,0.0,0.003892177055864263,0.003892177055864263
2018/06/11 02:00:00,2018/06/11 03:00:00,2018/06/11 07:00:00,1.3212634788433182,1.3212634788433182,1.0268578411361424,0.0,0.0,0.0,0.026007635685836212,0.005318909978062404,0.0,0.0005693067783415784,0.2625097852649354,0.0,0.0,0.0,0.0,0.0,0.0,0.0,0.0,0.0,0.0,0.0,0.0,0.0,0.0,0.0,0.0,0.0,0.0,0.0,0.0,0.0,0.0,0.0,0.0,0.0,0.004508334517825131,0.004508334517825131
2018/06/11 03:00:00,2018/06/11 04:00:00,2018/06/11 08:00:00,1.6818642150556637,1.6818642150556637,1.399248437816624,0.0,0.0,0.0,0.026007635685836212,0.005318909978062404,0.0,0.0005693067783415784,0.25071992479679983,0.0,0.0,0.0,0.0,0.0,0.0,0.0,0.0,0.0,0.0,0.0,0.0,0.0,0.0,0.0,0.0,0.0,0.0,0.0,0.0,0.0,0.0,0.0,0.0,0.0,0.0057387543184560215,0.0057387543184560215
2018/06/11 04:00:00,2018/06/11 05:00:00,2018/06/11 09:00:00,2.0160274970030185,2.0160274970030185,1.7462262785320093,0.0,0.0,0.0,0.026843243274492543,0.00548980292637717,0.0,0.0005875982166715451,0.23688057405346816,0.0,0.0,0.0,0.0,0.0,0.0,0.0,0.0,0.0,0.0,0.0,0.0,0.0,0.0,0.0,0.0,0.0,0.0,0.0,0.0,0.0,0.0,0.0,0.0,0.0,0.006878965852882034,0.006878965852882034
2018/06/11 05:00:00,2018/06/11 06:00:00,2018/06/11 10:00:00,2.3256860184659374,2.3256860184659374,1.9832579674807858,0.0,0.0,0.0,0.06900948530167404,0.014113364412895239,0.0,0.0015106166599181724,0.25779458461066423,0.0,0.0,0.0,0.0,0.0,0.0,0.0,0.0,0.0,0.0,0.0,0.0,0.0,0.0,0.0,0.0,0.0,0.0,0.0,0.0,0.0,0.0,0.0,0.0,0.0,0.007935563740740191,0.007935563740740191
2018/06/11 06:00:00,2018/06/11 07:00:00,2018/06/11 11:00:00,2.2892359243404115,2.2892359243404115,1.775390175340606,0.0,0.0,0.0,0.16201522163153,0.03313428369051031,0.0,0.003546510916391187,0.31514973276137404,0.0,0.0,0.0,0.0,0.0,0.0,0.0,0.0,0.0,0.0,0.0,0.0,0.0,0.0,0.0,0.0,0.0,0.0,0.0,0.0,0.0,0.0,0.0,0.0,0.0,0.007811190956541279,0.007811190956541279
2018/06/11 07:00:00,2018/06/11 08:00:00,2018/06/11 12:00:00,2.183535259352636,2.183535259352636,1.1309080430623655,0.0,0.0,0.0,0.20502608639988215,0.041930581844827744,0.0,0.0044880181395291685,0.36010528653425383,0.0,0.0,0.0,0.0,0.0,0.0,0.44107724337177673,0.0,0.0,0.0,0.0,0.0,0.0,0.0,0.0,0.0,0.0,0.0,0.0,0.0,0.0,0.0,0.0,0.0,0.0,0.007450525605419462,0.007450525605419462
2018/06/11 08:00:00,2018/06/11 09:00:00,2018/06/11 13:00:00,1.8410787218983107,1.8410787218983107,0.11220676244965797,0.0,0.013254816077792796,0.0,0.20318552328194064,0.04155416202522051,0.0,0.004447728238837415,0.3700265833719114,0.0,0.005200937736950352,0.0,0.0,0.0,0.0,1.0912022087159998,0.0,0.0,0.0,0.0,0.0,0.0,0.0,0.0,0.0,0.0,0.0,0.0,0.0,0.0,0.0,0.0,0.0,0.0,0.006282016331242141,0.006282016331242141
2018/06/11 09:00:00,2018/06/11 10:00:00,2018/06/11 14:00:00,3.500281321632165,3.500281321632165,0.0,0.0,0.026834023390074988,0.0,0.19457144785868138,0.03979246817984311,0.0,0.0042591662493183975,1.9059961541888941,0.0,0.010007190934500138,0.0,0.0,0.0,0.0,1.3188208708308526,0.0,0.0,0.0,0.0,0.0,0.0,0.0,0.0,0.0,0.0,0.0,0.0,0.0,0.0,0.0,0.0,0.0,0.0,0.01194344607044435,0.01194344607044435
2018/06/11 10:00:00,2018/06/11 11:00:00,2018/06/11 15:00:00,2.4177590504928563,2.4177590504928563,0.0,0.0,0.19049087003869294,0.0,0.18848183893972803,0.03854706156031103,0.0,0.004125864795972619,0.6071832907401078,0.0,0.07010925358719146,0.0,0.0,0.0,0.0,1.3188208708308526,0.0,0.0,0.0,0.0,0.0,0.0,0.0,0.0,0.0,0.0,0.0,0.0,0.0,0.0,0.0,0.0,0.0,0.0,0.008249729715274785,0.008249729715274785
2018/06/11 11:00:00,2018/06/11 12:00:00,2018/06/11 16:00:00,2.4082201293818697,2.4082201293818697,0.0,0.0,0.37643341429656146,0.0,0.18004485089820238,0.03682158445731919,0.0,0.003941179246742044,0.35634925718399363,0.0,0.13580897246819867,0.0,0.0,0.0,0.0,1.3188208708308526,0.0,0.0,0.0,0.0,0.0,0.0,0.0,0.0,0.0,0.0,0.0,0.0,0.0,0.0,0.0,0.0,0.0,0.0,0.008217181591455363,0.008217181591455363
2018/06/11 12:00:00,2018/06/11 13:00:00,2018/06/11 17:00:00,2.6003912516286056,2.6003912516286056,0.0,0.0,0.6124704597203725,0.0,0.17395524197924905,0.03557617783778712,0.0,0.003807877793396267,1.0945620652891763,0.0,0.21774825749769885,0.0,0.0,0.0,0.0,0.4622711715109256,0.0,0.0,0.0,0.0,0.0,0.0,0.0,0.0,0.0,0.0,0.0,0.0,0.0,0.0,0.0,0.0,0.0,0.0,0.008872896153786721,0.008872896153786721
2018/06/11 13:00:00,2018/06/11 14:00:00,2018/06/11 18:00:00,1.5765305925519404,1.5765305925519404,0.0,0.0,0.8132451289739447,0.0,0.1721632852403147,0.035209698673971224,0.0,0.003768651885655419,0.26620885734512484,0.0,0.2859349704329295,0.0,0.0,0.0,0.0,0.0,0.0,0.0,0.0,0.0,0.0,0.0,0.0,0.0,0.0,0.0,0.0,0.0,0.0,0.0,0.0,0.0,0.0,0.0,0.005379341367273246,0.005379341367273246
2018/06/11 14:00:00,2018/06/11 15:00:00,2018/06/11 19:00:00,1.8017298721772952,1.8017298721772952,0.0,0.0,0.9574895163819817,0.0,0.17199652313011424,0.03517559358796407,0.0,0.0037650014654152042,0.2956372840816883,0.0,0.3376659535301317,0.0,0.0,0.0,0.0,0.0,0.0,0.0,0.0,0.0,0.0,0.0,0.0,0.0,0.0,0.0,0.0,0.0,0.0,0.0,0.0,0.0,0.0,0.0,0.006147752590304361,0.006147752590304361
2018/06/11 15:00:00,2018/06/11 16:00:00,2018/06/11 20:00:00,2.591754167034732,2.591754167034732,0.0,0.0,1.0765794101227033,0.0,0.17210040794950074,0.03519683942549728,0.0,0.0037672755026463456,0.28373458382035643,0.0,0.38185139370039517,0.0,0.0,0.0,0.0,0.6385242565136331,0.0,0.0,0.0,0.0,0.0,0.0,0.0,0.0,0.0,0.0,0.0,0.0,0.0,0.0,0.0,0.0,0.0,0.0,0.008843425221431863,0.008843425221431863
2018/06/11 16:00:00,2018/06/11 17:00:00,2018/06/11 21:00:00,2.131211371278655,2.131211371278655,0.0,0.0,1.133186665234823,0.0,0.1727083280322343,0.035321167228030935,0.0,0.003780582864683052,0.38388522406492354,0.0,0.4023294038539598,0.0,0.0,0.0,0.0,0.0,0.0,0.0,0.0,0.0,0.0,0.0,0.0,0.0,0.0,0.0,0.0,0.0,0.0,0.0,0.0,0.0,0.0,0.0,0.007271989231344204,0.007271989231344204
2018/06/11 17:00:00,2018/06/11 18:00:00,2018/06/11 22:00:00,2.2206007716316094,2.2206007716316094,0.0,0.0,1.0811987112011492,0.0,0.17552352094686682,0.035896911900275955,0.0,0.0038422073978778286,0.5350858754207735,0.0,0.38905354476466636,0.0,0.0,0.0,0.0,0.0,0.0,0.0,0.0,0.0,0.0,0.0,0.0,0.0,0.0,0.0,0.0,0.0,0.0,0.0,0.0,0.0,0.0,0.0,0.007576998281841623,0.007576998281841623
2018/06/11 18:00:00,2018/06/11 19:00:00,2018/06/11 23:00:00,2.2204349836406365,2.2204349836406365,0.0,0.0,0.9449232109214447,0.0,0.1854355004655871,0.03792404452399166,0.0,0.004059180489740367,0.5513214305361466,0.0,0.34735255644724644,0.0,0.0,0.0,0.0,0.1494190602564798,0.0,0.0,0.0,0.0,0.0,0.0,0.0,0.0,0.0,0.0,0.0,0.0,0.0,0.0,0.0,0.0,0.0,0.0,0.007576432590187904,0.007576432590187904
2018/06/11 19:00:00,2018/06/11 20:00:00,2018/06/12 00:00:00,3.1319875702995117,3.1319875702995117,0.0,0.0,0.7659316006231637,0.0,0.21169246292360147,0.04329394516773225,0.0,0.0046339450276083275,0.5005084163794185,0.0,0.2871063293471342,0.0,0.0,0.0,0.0,1.3188208708308526,0.0,0.0,0.0,0.0,0.0,0.0,0.0,0.0,0.0,0.0,0.0,0.0,0.0,0.0,0.0,0.0,0.0,0.0,0.010686776633636883,0.010686776633636883
2018/06/11 20:00:00,2018/06/11 21:00:00,2018/06/12 01:00:00,1.848921300424448,1.848921300424448,0.0,0.0,0.5107855172089599,0.0,0.2630250272863957,0.05379214239284531,0.0,0.005757614137496295,0.49005820397958605,0.0,0.19569086997266472,0.0,0.0,0.0,0.0,0.3298119254465002,0.0,0.0,0.0,0.0,0.0,0.0,0.0,0.0,0.0,0.0,0.0,0.0,0.0,0.0,0.0,0.0,0.0,0.0,0.006308776298534275,0.006308776298534275
2018/06/11 21:00:00,2018/06/11 22:00:00,2018/06/12 02:00:00,1.5636011937055514,1.5636011937055514,0.0,0.0,0.30888907836474333,0.0,0.33411180980362465,0.06833034192034627,0.0,0.007313702804163992,0.4657559093404247,0.0,0.12106689629665791,0.0,0.0,0.0,0.0,0.2581334551755906,0.0,0.0,0.0,0.0,0.0,0.0,0.0,0.0,0.0,0.0,0.0,0.0,0.0,0.0,0.0,0.0,0.0,0.0,0.005335224462471689,0.005335224462471689
2018/06/11 22:00:00,2018/06/11 23:00:00,2018/06/12 03:00:00,1.172211084651416,1.172211084651416,0.0,0.0,0.15676724210162976,0.0,0.2788500201125949,0.05702856546731482,0.0,0.0061040230072602055,0.39843385714884805,0.0,0.06198301550810824,0.0,0.0,0.0,0.0,0.21304436130566,0.0,0.0,0.0,0.0,0.0,0.0,0.0,0.0,0.0,0.0,0.0,0.0,0.0,0.0,0.0,0.0,0.0,0.0,0.0039997470449555225,0.0039997470449555225
2018/06/11 23:00:00,2018/06/12 00:00:00,2018/06/12 04:00:00,0.5456950921360095,0.5456950921360095,0.0,0.0,0.032409824695814694,0.0,0.13094360677997474,0.026779722120023,0.0,0.002866353705536267,0.33988697256011713,0.0,0.012808612274543777,0.0,0.0,0.0,0.0,0.0,0.0,0.0,0.0,0.0,0.0,0.0,0.0,0.0,0.0,0.0,0.0,0.0,0.0,0.0,0.0,0.0,0.0,0.0,0.0018619874532809035,0.0018619874532809035
2018/06/12 00:00:00,2018/06/12 01:00:00,2018/06/12 05:00:00,0.38482883772309007,0.38482883772309007,0.0,0.0,0.0,0.0,0.06501908921459039,0.013297274945155983,0.0,0.0014232669458539432,0.3050892066174897,0.0,0.0,0.0,0.0,0.0,0.0,0.0,0.0,0.0,0.0,0.0,0.0,0.0,0.0,0.0,0.0,0.0,0.0,0.0,0.0,0.0,0.0,0.0,0.0,0.0,0.0013130894483516335,0.0013130894483516335
2018/06/12 01:00:00,2018/06/12 02:00:00,2018/06/12 06:00:00,0.34044515984028273,0.34044515984028273,0.0,0.0,0.0,0.0,0.03901145352875434,0.00797836496709361,0.0,0.0008539601675123682,0.2926013811769224,0.0,0.0,0.0,0.0,0.0,0.0,0.0,0.0,0.0,0.0,0.0,0.0,0.0,0.0,0.0,0.0,0.0,0.0,0.0,0.0,0.0,0.0,0.0,0.0,0.0,0.001161646174370986,0.001161646174370986
2018/06/12 02:00:00,2018/06/12 03:00:00,2018/06/12 07:00:00,0.3305352454215247,0.3305352454215247,0.036129607714349074,0.0,0.0,0.0,0.026007635685836212,0.005318909978062404,0.0,0.0005693067783415784,0.2625097852649354,0.0,0.0,0.0,0.0,0.0,0.0,0.0,0.0,0.0,0.0,0.0,0.0,0.0,0.0,0.0,0.0,0.0,0.0,0.0,0.0,0.0,0.0,0.0,0.0,0.0,0.0011278321698532105,0.0011278321698532105
2018/06/12 03:00:00,2018/06/12 04:00:00,2018/06/12 08:00:00,0.6537273530559882,0.6537273530559882,0.37111157581694815,0.0,0.0,0.0,0.026007635685836212,0.005318909978062404,0.0,0.0005693067783415784,0.25071992479679983,0.0,0.0,0.0,0.0,0.0,0.0,0.0,0.0,0.0,0.0,0.0,0.0,0.0,0.0,0.0,0.0,0.0,0.0,0.0,0.0,0.0,0.0,0.0,0.0,0.0,0.002230608533590039,0.002230608533590039
2018/06/12 04:00:00,2018/06/12 05:00:00,2018/06/12 09:00:00,1.4591785767389112,1.4591785767389112,0.7503039491953543,0.0,0.0,0.0,0.026843243274492543,0.00548980292637717,0.0,0.0005875982166715451,0.23688057405346816,0.0,0.0,0.0,0.0,0.0,0.0,0.43907340907254727,0.0,0.0,0.0,0.0,0.0,0.0,0.0,0.0,0.0,0.0,0.0,0.0,0.0,0.0,0.0,0.0,0.0,0.0,0.004978919988723223,0.004978919988723223
2018/06/12 05:00:00,2018/06/12 06:00:00,2018/06/12 10:00:00,1.342271824018058,1.342271824018058,0.9998437730329062,0.0,0.0,0.0,0.06900948530167404,0.014113364412895239,0.0,0.0015106166599181724,0.25779458461066423,0.0,0.0,0.0,0.0,0.0,0.0,0.0,0.0,0.0,0.0,0.0,0.0,0.0,0.0,0.0,0.0,0.0,0.0,0.0,0.0,0.0,0.0,0.0,0.0,0.0,0.00458001790969227,0.00458001790969227
2018/06/12 06:00:00,2018/06/12 07:00:00,2018/06/12 11:00:00,1.5772415274124203,1.5772415274124203,1.063395778412615,0.0,0.0,0.0,0.16201522163153,0.03313428369051031,0.0,0.003546510916391187,0.31514973276137404,0.0,0.0,0.0,0.0,0.0,0.0,0.0,0.0,0.0,0.0,0.0,0.0,0.0,0.0,0.0,0.0,0.0,0.0,0.0,0.0,0.0,0.0,0.0,0.0,0.0,0.005381767175768484,0.005381767175768484
2018/06/12 07:00:00,2018/06/12 08:00:00,2018/06/12 12:00:00,1.8600584577062524,1.8600584577062524,0.5022198508186827,0.0,0.0,0.0,0.20502608639988215,0.041930581844827744,0.0,0.0044880181395291685,0.4581626503500126,0.0,0.0,0.0,0.0,0.0,0.0,0.648231270153318,0.0,0.0,0.0,0.0,0.0,0.0,0.0,0.0,0.0,0.0,0.0,0.0,0.0,0.0,0.0,0.0,0.0,0.0,0.006346777826168991,0.006346777826168991
2018/06/12 08:00:00,2018/06/12 09:00:00,2018/06/12 13:00:00,4.141814939821899,4.141814939821899,0.06642646451050559,0.0,0.0,0.0,0.20318552328194064,0.04155416202522051,0.0,0.004447728238837415,2.507380190934542,0.0,0.0,0.0,0.0,0.0,0.0,1.3188208708308526,0.0,0.0,0.0,0.0,0.0,0.0,0.0,0.0,0.0,0.0,0.0,0.0,0.0,0.0,0.0,0.0,0.0,0.0,0.01413244788691929,0.01413244788691929
2018/06/12 09:00:00,2018/06/12 10:00:00,2018/06/12 14:00:00,1.8539559081819899,1.8539559081819899,0.056057880218830895,0.0,0.0,0.0,0.19457144785868138,0.03979246817984311,0.0,0.0042591662493183975,0.24045407484446327,0.0,0.0,0.0,0.0,0.0,0.0,1.3188208708308526,0.0,0.0,0.0,0.0,0.0,0.0,0.0,0.0,0.0,0.0,0.0,0.0,0.0,0.0,0.0,0.0,0.0,0.0,0.006325955079527227,0.006325955079527227
2018/06/12 10:00:00,2018/06/12 11:00:00,2018/06/12 15:00:00,1.7870414268893624,1.7870414268893624,0.0,0.0,0.0,0.0,0.18848183893972803,0.03854706156031103,0.0,0.004125864795972619,0.23706579076249806,0.0,0.0,0.0,0.0,0.0,0.0,1.3188208708308526,0.0,0.0,0.0,0.0,0.0,0.0,0.0,0.0,0.0,0.0,0.0,0.0,0.0,0.0,0.0,0.0,0.0,0.0,0.006097633574706697,0.006097633574706697
2018/06/12 11:00:00,2018/06/12 12:00:00,2018/06/12 16:00:00,0.9745068355653715,0.9745068355653715,0.0,0.0,0.014864879162637788,0.0,0.18004485089820238,0.03682158445731919,0.0,0.003941179246742044,0.2521460954047706,0.0,0.005547932992562309,0.0,0.0,0.0,0.0,0.48114031340313723,0.0,0.0,0.0,0.0,0.0,0.0,0.0,0.0,0.0,0.0,0.0,0.0,0.0,0.0,0.0,0.0,0.0,0.0,0.0033251526852782214,0.0033251526852782214
2018/06/12 12:00:00,2018/06/12 13:00:00,2018/06/12 17:00:00,1.3683593736836372,1.3683593736836372,0.0,0.0,0.16260777595782688,0.0,0.17395524197924905,0.03557617783778712,0.0,0.003807877793396267,0.25819048102071934,0.0,0.05997060499343274,0.0,0.0,0.0,0.0,0.6742512141012258,0.0,0.0,0.0,0.0,0.0,0.0,0.0,0.0,0.0,0.0,0.0,0.0,0.0,0.0,0.0,0.0,0.0,0.0,0.004669032252801011,0.004669032252801011
2018/06/12 13:00:00,2018/06/12 14:00:00,2018/06/12 18:00:00,0.9627151274300695,0.9627151274300695,0.0,0.0,0.35547222994042565,0.0,0.1721632852403147,0.035209698673971224,0.0,0.003768651885655419,0.26620885734512484,0.0,0.12989240434457772,0.0,0.0,0.0,0.0,0.0,0.0,0.0,0.0,0.0,0.0,0.0,0.0,0.0,0.0,0.0,0.0,0.0,0.0,0.0,0.0,0.0,0.0,0.0,0.0032849177392120206,0.0032849177392120206
2018/06/12 14:00:00,2018/06/12 15:00:00,2018/06/12 19:00:00,1.386658964276028,1.386658964276028,0.0,0.0,0.6496461006621974,0.0,0.17199652313011424,0.03517559358796407,0.0,0.0037650014654152042,0.2956372840816883,0.0,0.23043846134864907,0.0,0.0,0.0,0.0,0.0,0.0,0.0,0.0,0.0,0.0,0.0,0.0,0.0,0.0,0.0,0.0,0.0,0.0,0.0,0.0,0.0,0.0,0.0,0.0047314729977779085,0.0047314729977779085
2018/06/12 15:00:00,2018/06/12 16:00:00,2018/06/12 20:00:00,1.77958089188797,1.77958089188797,0.0,0.0,0.9538439151797768,0.0,0.17210040794950074,0.03519683942549728,0.0,0.0037672755026463456,0.28373458382035643,0.0,0.3309378700101924,0.0,0.0,0.0,0.0,0.0,0.0,0.0,0.0,0.0,0.0,0.0,0.0,0.0,0.0,0.0,0.0,0.0,0.0,0.0,0.0,0.0,0.0,0.0,0.006072177192988143,0.006072177192988143
2018/06/12 16:00:00,2018/06/12 17:00:00,2018/06/12 21:00:00,2.2607635127521313,2.2607635127521313,0.0,0.0,1.2415524955105415,0.0,0.1727083280322343,0.035321167228030935,0.0,0.003780582864683052,0.38388522406492354,0.0,0.4235157150517183,0.0,0.0,0.0,0.0,0.0,0.0,0.0,0.0,0.0,0.0,0.0,0.0,0.0,0.0,0.0,0.0,0.0,0.0,0.0,0.0,0.0,0.0,0.0,0.007714039133286814,0.007714039133286814
2018/06/12 17:00:00,2018/06/12 18:00:00,2018/06/12 22:00:00,2.6631525914842444,2.6631525914842444,0.0,0.0,1.432123626645582,0.0,0.17552352094686682,0.035896911900275955,0.0,0.0038422073978778286,0.5350858754207735,0.0,0.4806804491728685,0.0,0.0,0.0,0.0,0.0,0.0,0.0,0.0,0.0,0.0,0.0,0.0,0.0,0.0,0.0,0.0,0.0,0.0,0.0,0.0,0.0,0.0,0.0,0.009087046563138709,0.009087046563138709
2018/06/12 18:00:00,2018/06/12 19:00:00,2018/06/12 23:00:00,2.669261853090974,2.669261853090974,0.0,0.0,1.4122292400479362,0.0,0.1854355004655871,0.03792404452399166,0.0,0.004059180489740367,0.5513214305361466,0.0,0.47829245702757245,0.0,0.0,0.0,0.0,0.0,0.0,0.0,0.0,0.0,0.0,0.0,0.0,0.0,0.0,0.0,0.0,0.0,0.0,0.0,0.0,0.0,0.0,0.0,0.009107892212338183,0.009107892212338183
2018/06/12 19:00:00,2018/06/12 20:00:00,2018/06/13 00:00:00,4.151268497013207,4.151268497013207,0.0,0.0,1.3756454425189697,0.0,0.21169246292360147,0.04329394516773225,0.0,0.0046339450276083275,0.8349704706675662,0.0,0.48006440032774494,0.0,0.0,0.0,0.0,1.2009678303799842,0.0,0.0,0.0,0.0,0.0,0.0,0.0,0.0,0.0,0.0,0.0,0.0,0.0,0.0,0.0,0.0,0.0,0.0,0.014164704737187431,0.014164704737187431
2018/06/12 20:00:00,2018/06/12 21:00:00,2018/06/13 01:00:00,11.371741781157619,11.371741781157619,0.0,0.0,1.1366177985752959,0.0,0.2630250272863957,0.05379214239284531,0.0,0.005757614137496295,8.183132010114784,0.0,0.4105963178199476,0.0,0.0,0.0,0.0,1.3188208708308526,0.0,0.0,0.0,0.0,0.0,0.0,0.0,0.0,0.0,0.0,0.0,0.0,0.0,0.0,0.0,0.0,0.0,0.0,0.03880196253109838,0.03880196253109838
2018/06/12 21:00:00,2018/06/12 22:00:00,2018/06/13 02:00:00,6.955395082305048,6.955395082305048,0.0,0.0,0.893705973743218,0.0,0.33411180980362465,0.06833034192034627,0.0,0.007313702804163992,4.00089833139563,0.0,0.33221405180721214,0.0,0.0,0.0,0.0,1.3188208708308526,0.0,0.0,0.0,0.0,0.0,0.0,0.0,0.0,0.0,0.0,0.0,0.0,0.0,0.0,0.0,0.0,0.0,0.0,0.023732774148967083,0.023732774148967083
2018/06/12 22:00:00,2018/06/12 23:00:00,2018/06/13 03:00:00,4.769664180128117,4.769664180128117,0.0,0.0,0.6587941543311564,0.0,0.2788500201125949,0.05702856546731482,0.0,0.0061040230072602055,2.199627452118412,0.0,0.25043909426052563,0.0,0.0,0.0,0.0,1.3188208708308526,0.0,0.0,0.0,0.0,0.0,0.0,0.0,0.0,0.0,0.0,0.0,0.0,0.0,0.0,0.0,0.0,0.0,0.0,0.016274756705248836,0.016274756705248836
2018/06/12 23:00:00,2018/06/13 00:00:00,2018/06/13 04:00:00,2.19583694035675,2.19583694035675,0.0,0.0,0.238298730080764,0.0,0.13094360677997474,0.026779722120023,0.0,0.002866353705536267,0.385747688988466,0.0,0.09237996785113335,0.0,0.0,0.0,0.0,1.3188208708308526,0.0,0.0,0.0,0.0,0.0,0.0,0.0,0.0,0.0,0.0,0.0,0.0,0.0,0.0,0.0,0.0,0.0,0.0,0.007492500649751026,0.007492500649751026
2018/06/13 00:00:00,2018/06/13 01:00:00,2018/06/13 05:00:00,1.7755994853071906,1.7755994853071906,0.0,0.0,0.051763036118401835,0.0,0.06501908921459039,0.013297274945155983,0.0,0.0014232669458539432,0.3050892066174897,0.0,0.02018674063484588,0.0,0.0,0.0,0.0,1.3188208708308526,0.0,0.0,0.0,0.0,0.0,0.0,0.0,0.0,0.0,0.0,0.0,0.0,0.0,0.0,0.0,0.0,0.0,0.0,0.006058592080703545,0.006058592080703545
2018/06/13 01:00:00,2018/06/13 02:00:00,2018/06/13 06:00:00,1.742312949971546,1.742312949971546,0.0,0.0,0.0,0.0,0.03901145352875434,0.00797836496709361,0.0,0.0008539601675123682,0.3756483004773328,0.0,0.0,0.0,0.0,0.0,0.0,1.3188208708308526,0.0,0.0,0.0,0.0,0.0,0.0,0.0,0.0,0.0,0.0,0.0,0.0,0.0,0.0,0.0,0.0,0.0,0.0,0.005945013798524834,0.005945013798524834
2018/06/13 02:00:00,2018/06/13 03:00:00,2018/06/13 07:00:00,3.2475458960038686,3.2475458960038686,0.0,0.0,0.0,0.0,0.026007635685836212,0.005318909978062404,0.0,0.0005693067783415784,2.2051022431309333,0.0,0.0,0.0,0.0,0.0,0.0,1.0105478004306951,0.0,0.0,0.0,0.0,0.0,0.0,0.0,0.0,0.0,0.0,0.0,0.0,0.0,0.0,0.0,0.0,0.0,0.0,0.011081077692386431,0.011081077692386431
2018/06/13 03:00:00,2018/06/13 04:00:00,2018/06/13 08:00:00,1.9461827280141102,1.9461827280141102,0.0,0.0,0.0,0.0,0.026007635685836212,0.005318909978062404,0.0,0.0005693067783415784,1.91428687557187,0.0,0.0,0.0,0.0,0.0,0.0,0.0,0.0,0.0,0.0,0.0,0.0,0.0,0.0,0.0,0.0,0.0,0.0,0.0,0.0,0.0,0.0,0.0,0.0,0.0,0.00664064579941482,0.00664064579941482
2018/06/13 04:00:00,2018/06/13 05:00:00,2018/06/13 09:00:00,1.9645914389820882,1.9645914389820882,0.0,0.0,0.0,0.0,0.026843243274492543,0.00548980292637717,0.0,0.0005875982166715451,1.931670794564547,0.0,0.0,0.0,0.0,0.0,0.0,0.0,0.0,0.0,0.0,0.0,0.0,0.0,0.0,0.0,0.0,0.0,0.0,0.0,0.0,0.0,0.0,0.0,0.0,0.0,0.006703458878270413,0.006703458878270413
2018/06/13 05:00:00,2018/06/13 06:00:00,2018/06/13 10:00:00,0.5517978329474473,0.5517978329474473,0.20936978196229555,0.0,0.0,0.0,0.06900948530167404,0.014113364412895239,0.0,0.0015106166599181724,0.25779458461066423,0.0,0.0,0.0,0.0,0.0,0.0,0.0,0.0,0.0,0.0,0.0,0.0,0.0,0.0,0.0,0.0,0.0,0.0,0.0,0.0,0.0,0.0,0.0,0.0,0.0,0.00188281085262108,0.00188281085262108
2018/06/13 06:00:00,2018/06/13 07:00:00,2018/06/13 11:00:00,0.6240367258559837,0.6240367258559837,0.11019097685617822,0.0,0.0,0.0,0.16201522163153,0.03313428369051031,0.0,0.003546510916391187,0.31514973276137404,0.0,0.0,0.0,0.0,0.0,0.0,0.0,0.0,0.0,0.0,0.0,0.0,0.0,0.0,0.0,0.0,0.0,0.0,0.0,0.0,0.0,0.0,0.0,0.0,0.0,0.0021292999894540585,0.0021292999894540585
2018/06/13 07:00:00,2018/06/13 08:00:00,2018/06/13 12:00:00,0.6769192751720862,0.6769192751720862,0.06536930225359326,0.0,0.0,0.0,0.20502608639988215,0.041930581844827744,0.0,0.0044880181395291685,0.36010528653425383,0.0,0.0,0.0,0.0,0.0,0.0,0.0,0.0,0.0,0.0,0.0,0.0,0.0,0.0,0.0,0.0,0.0,0.0,0.0,0.0,0.0,0.0,0.0,0.0,0.0,0.0023097425932873897,0.0023097425932873897
2018/06/13 08:00:00,2018/06/13 09:00:00,2018/06/13 13:00:00,0.6719125932345373,0.6719125932345373,0.12585881894237236,0.0,0.0,0.0,0.20318552328194064,0.04155416202522051,0.0,0.004447728238837415,0.29686636074616646,0.0,0.0,0.0,0.0,0.0,0.0,0.0,0.0,0.0,0.0,0.0,0.0,0.0,0.0,0.0,0.0,0.0,0.0,0.0,0.0,0.0,0.0,0.0,0.0,0.0,0.0022926590990712454,0.0022926590990712454
2018/06/13 09:00:00,2018/06/13 10:00:00,2018/06/13 14:00:00,0.973027199312994,0.973027199312994,0.09628938377829815,0.0,0.0,0.0,0.19457144785868138,0.03979246817984311,0.0,0.0042591662493183975,0.24045407484446327,0.0,0.0,0.0,0.0,0.0,0.0,0.39766065840238957,0.0,0.0,0.0,0.0,0.0,0.0,0.0,0.0,0.0,0.0,0.0,0.0,0.0,0.0,0.0,0.0,0.0,0.0,0.0033201039608585776,0.0033201039608585776
2018/06/13 10:00:00,2018/06/13 11:00:00,2018/06/13 15:00:00,0.4803216935393523,0.4803216935393523,0.008088676173139095,0.0,0.0,0.0,0.18848183893972803,0.03854706156031103,0.0,0.004125864795972619,0.23706579076249806,0.0,0.0,0.0,0.0,0.0,0.0,0.0040124613077033916,0.0,0.0,0.0,0.0,0.0,0.0,0.0,0.0,0.0,0.0,0.0,0.0,0.0,0.0,0.0,0.0,0.0,0.0,0.0016389243366806748,0.0016389243366806748
2018/06/13 11:00:00,2018/06/13 12:00:00,2018/06/13 16:00:00,0.8674512914392507,0.8674512914392507,0.0,0.0,0.0,0.0,0.18004485089820238,0.03682158445731919,0.0,0.003941179246742044,0.2521460954047706,0.0,0.0,0.0,0.0,0.0,0.0,0.3944975814322166,0.0,0.0,0.0,0.0,0.0,0.0,0.0,0.0,0.0,0.0,0.0,0.0,0.0,0.0,0.0,0.0,0.0,0.0,0.0029598642983390284,0.0029598642983390284
2018/06/13 12:00:00,2018/06/13 13:00:00,2018/06/13 17:00:00,1.7903506494620045,1.7903506494620045,0.0,0.0,0.0,0.0,0.17395524197924905,0.03557617783778712,0.0,0.003807877793396267,0.25819048102071934,0.0,0.0,0.0,0.0,0.0,0.0,1.3188208708308526,0.0,0.0,0.0,0.0,0.0,0.0,0.0,0.0,0.0,0.0,0.0,0.0,0.0,0.0,0.0,0.0,0.0,0.0,0.0061089251017868735,0.0061089251017868735
2018/06/13 13:00:00,2018/06/13 14:00:00,2018/06/13 18:00:00,0.760927193999967,0.760927193999967,0.0,0.0,0.0,0.0,0.1721632852403147,0.035209698673971224,0.0,0.003768651885655419,0.26620885734512484,0.0,0.0,0.0,0.0,0.0,0.0,0.2835767008549009,0.0,0.0,0.0,0.0,0.0,0.0,0.0,0.0,0.0,0.0,0.0,0.0,0.0,0.0,0.0,0.0,0.0,0.0,0.0025963892813150847,0.0025963892813150847
2018/06/13 14:00:00,2018/06/13 15:00:00,2018/06/13 19:00:00,0.579728208503807,0.579728208503807,0.0,0.0,0.05323253665917455,0.0,0.17199652313011424,0.03517559358796407,0.0,0.0037650014654152042,0.2956372840816883,0.0,0.01992126957945056,0.0,0.0,0.0,0.0,0.0,0.0,0.0,0.0,0.0,0.0,0.0,0.0,0.0,0.0,0.0,0.0,0.0,0.0,0.0,0.0,0.0,0.0,0.0,0.001978113173643977,0.001978113173643977
2018/06/13 15:00:00,2018/06/13 16:00:00,2018/06/13 20:00:00,0.8684510626199973,0.8684510626199973,0.0,0.0,0.20943379767902645,0.0,0.17210040794950074,0.03519683942549728,0.0,0.0037672755026463456,0.37050203793802905,0.0,0.07745070412529756,0.0,0.0,0.0,0.0,0.0,0.0,0.0,0.0,0.0,0.0,0.0,0.0,0.0,0.0,0.0,0.0,0.0,0.0,0.0,0.0,0.0,0.0,0.0,0.0029632756564793687,0.0029632756564793687
2018/06/13 16:00:00,2018/06/13 17:00:00,2018/06/13 21:00:00,3.7474459311637625,3.7474459311637625,0.0,0.0,0.4014312398234772,0.0,0.1727083280322343,0.035321167228030935,0.0,0.003780582864683052,2.489335845987811,0.0,0.14703192662908462,0.0,0.0,0.0,0.0,0.49783684059844185,0.0,0.0,0.0,0.0,0.0,0.0,0.0,0.0,0.0,0.0,0.0,0.0,0.0,0.0,0.0,0.0,0.0,0.0,0.012786806050174942,0.012786806050174942
2018/06/13 17:00:00,2018/06/13 18:00:00,2018/06/13 22:00:00,4.911563714674528,4.911563714674528,0.0,0.0,0.5068872189276702,0.0,0.17552352094686682,0.035896911900275955,0.0,0.0038422073978778286,3.904057115684472,0.0,0.18698848568483348,0.0,0.0,0.0,0.0,0.09836825413253042,0.0,0.0,0.0,0.0,0.0,0.0,0.0,0.0,0.0,0.0,0.0,0.0,0.0,0.0,0.0,0.0,0.0,0.0,0.01675893762745138,0.01675893762745138
2018/06/13 18:00:00,2018/06/13 19:00:00,2018/06/13 23:00:00,1.4421304381447015,1.4421304381447015,0.0,0.0,0.48436062289237547,0.0,0.1854355004655871,0.03792404452399166,0.0,0.004059180489740367,0.5513214305361466,0.0,0.17902965923686034,0.0,0.0,0.0,0.0,0.0,0.0,0.0,0.0,0.0,0.0,0.0,0.0,0.0,0.0,0.0,0.0,0.0,0.0,0.0,0.0,0.0,0.0,0.0,0.0049207493717950785,0.0049207493717950785
2018/06/13 19:00:00,2018/06/13 20:00:00,2018/06/14 00:00:00,1.4347683836288492,1.4347683836288492,0.0,0.0,0.48992014857031974,0.0,0.21169246292360147,0.04329394516773225,0.0,0.0046339450276083275,0.5057812013940799,0.0,0.17944668054550764,0.0,0.0,0.0,0.0,0.0,0.0,0.0,0.0,0.0,0.0,0.0,0.0,0.0,0.0,0.0,0.0,0.0,0.0,0.0,0.0,0.0,0.0,0.0,0.004895629019172463,0.004895629019172463
2018/06/13 20:00:00,2018/06/13 21:00:00,2018/06/14 01:00:00,1.5296180048458947,1.5296180048458947,0.0,0.0,0.4375950903218569,0.0,0.2630250272863957,0.05379214239284531,0.0,0.005757614137496295,0.6089229556408596,0.0,0.16052517506644076,0.0,0.0,0.0,0.0,0.0,0.0,0.0,0.0,0.0,0.0,0.0,0.0,0.0,0.0,0.0,0.0,0.0,0.0,0.0,0.0,0.0,0.0,0.0,0.005219269101701494,0.005219269101701494
2018/06/13 21:00:00,2018/06/13 22:00:00,2018/06/14 02:00:00,1.3379685317186243,1.3379685317186243,0.0,0.0,0.3370948442618469,0.0,0.33411180980362465,0.06833034192034627,0.0,0.007313702804163992,0.4657559093404247,0.0,0.1253619235882176,0.0,0.0,0.0,0.0,0.0,0.0,0.0,0.0,0.0,0.0,0.0,0.0,0.0,0.0,0.0,0.0,0.0,0.0,0.0,0.0,0.0,0.0,0.0,0.004565334478624598,0.004565334478624598
2018/06/13 22:00:00,2018/06/13 23:00:00,2018/06/14 03:00:00,1.0462686604199087,1.0462686604199087,0.0,0.0,0.22227458696115834,0.0,0.2788500201125949,0.05702856546731482,0.0,0.0061040230072602055,0.39843385714884805,0.0,0.08357760772273255,0.0,0.0,0.0,0.0,0.0,0.0,0.0,0.0,0.0,0.0,0.0,0.0,0.0,0.0,0.0,0.0,0.0,0.0,0.0,0.0,0.0,0.0,0.0,0.003570013999644572,0.003570013999644572
2018/06/13 23:00:00,2018/06/14 00:00:00,2018/06/14 04:00:00,0.6651867283570483,0.6651867283570483,0.0,0.0,0.11960789901732309,0.0,0.13094360677997474,0.026779722120023,0.0,0.002866353705536267,0.33988697256011713,0.0,0.04510217417407406,0.0,0.0,0.0,0.0,0.0,0.0,0.0,0.0,0.0,0.0,0.0,0.0,0.0,0.0,0.0,0.0,0.0,0.0,0.0,0.0,0.0,0.0,0.0,0.0022697095138636404,0.0022697095138636404
2018/06/14 00:00:00,2018/06/14 01:00:00,2018/06/14 05:00:00,1.4481717242480034,1.4481717242480034,0.0,0.0,0.02142514853895803,0.0,0.06501908921459039,0.013297274945155983,0.0,0.0014232669458539432,1.3389304601687144,0.0,0.00807648443473086,0.0,0.0,0.0,0.0,0.0,0.0,0.0,0.0,0.0,0.0,0.0,0.0,0.0,0.0,0.0,0.0,0.0,0.0,0.0,0.0,0.0,0.0,0.0,0.004941363079134827,0.004941363079134827
2018/06/14 01:00:00,2018/06/14 02:00:00,2018/06/14 06:00:00,0.34654646425808194,0.34654646425808194,0.0,0.0,0.0044321005552151495,0.0,0.03901145352875434,0.00797836496709361,0.0,0.0008539601675123682,0.2926013811769224,0.0,0.0016692038625840844,0.0,0.0,0.0,0.0,0.0,0.0,0.0,0.0,0.0,0.0,0.0,0.0,0.0,0.0,0.0,0.0,0.0,0.0,0.0,0.0,0.0,0.0,0.0,0.0011824646725365475,0.0011824646725365475
2018/06/14 02:00:00,2018/06/14 03:00:00,2018/06/14 07:00:00,0.29440563770717565,0.29440563770717565,0.0,0.0,0.0,0.0,0.026007635685836212,0.005318909978062404,0.0,0.0005693067783415784,0.2625097852649354,0.0,0.0,0.0,0.0,0.0,0.0,0.0,0.0,0.0,0.0,0.0,0.0,0.0,0.0,0.0,0.0,0.0,0.0,0.0,0.0,0.0,0.0,0.0,0.0,0.0,0.0010045529298058915,0.0010045529298058915
2018/06/14 03:00:00,2018/06/14 04:00:00,2018/06/14 08:00:00,0.684195309473204,0.684195309473204,0.0,0.0,0.0,0.0,0.026007635685836212,0.005318909978062404,0.0,0.0005693067783415784,0.25071992479679983,0.0,0.0,0.0,0.0,0.0,0.0,0.4015795322341639,0.0,0.0,0.0,0.0,0.0,0.0,0.0,0.0,0.0,0.0,0.0,0.0,0.0,0.0,0.0,0.0,0.0,0.0,0.002334569432988829,0.002334569432988829
2018/06/14 04:00:00,2018/06/14 05:00:00,2018/06/14 09:00:00,0.2698012184710094,0.2698012184710094,0.0,0.0,0.0,0.0,0.026843243274492543,0.00548980292637717,0.0,0.0005875982166715451,0.23688057405346816,0.0,0.0,0.0,0.0,0.0,0.0,0.0,0.0,0.0,0.0,0.0,0.0,0.0,0.0,0.0,0.0,0.0,0.0,0.0,0.0,0.0,0.0,0.0,0.0,0.0,0.0009205992337341918,0.0009205992337341918
2018/06/14 05:00:00,2018/06/14 06:00:00,2018/06/14 10:00:00,0.34242805098515167,0.34242805098515167,0.0,0.0,0.0,0.0,0.06900948530167404,0.014113364412895239,0.0,0.0015106166599181724,0.25779458461066423,0.0,0.0,0.0,0.0,0.0,0.0,0.0,0.0,0.0,0.0,0.0,0.0,0.0,0.0,0.0,0.0,0.0,0.0,0.0,0.0,0.0,0.0,0.0,0.0,0.0,0.001168412074387634,0.001168412074387634
2018/06/14 06:00:00,2018/06/14 07:00:00,2018/06/14 11:00:00,0.5230341265514844,0.5230341265514844,0.0,0.0,0.00668908580566586,0.0,0.16201522163153,0.03313428369051031,0.0,0.003546510916391187,0.31514973276137404,0.0,0.00249929174601301,0.0,0.0,0.0,0.0,0.0,0.0,0.0,0.0,0.0,0.0,0.0,0.0,0.0,0.0,0.0,0.0,0.0,0.0,0.0,0.0,0.0,0.0,0.0,0.0017846650910209557,0.0017846650910209557
2018/06/14 07:00:00,2018/06/14 08:00:00,2018/06/14 12:00:00,1.3450104778046292,1.3450104778046292,0.0,0.0,0.263560310218232,0.0,0.20502608639988215,0.041930581844827744,0.0,0.0044880181395291685,0.36010528653425383,0.0,0.09684242395017922,0.0,0.0,0.0,0.0,0.37305777071772517,0.0,0.0,0.0,0.0,0.0,0.0,0.0,0.0,0.0,0.0,0.0,0.0,0.0,0.0,0.0,0.0,0.0,0.0,0.004589362576820419,0.004589362576820419
2018/06/14 08:00:00,2018/06/14 09:00:00,2018/06/14 13:00:00,2.134462796276897,2.134462796276897,0.0,0.0,0.19811466126109523,0.0,0.20318552328194064,0.04155416202522051,0.0,0.004447728238837415,0.29686636074616646,0.0,0.07147348989278358,0.0,0.0,0.0,0.0,1.3188208708308526,0.0,0.0,0.0,0.0,0.0,0.0,0.0,0.0,0.0,0.0,0.0,0.0,0.0,0.0,0.0,0.0,0.0,0.0,0.007283083545072248,0.007283083545072248
2018/06/14 09:00:00,2018/06/14 10:00:00,2018/06/14 14:00:00,2.0657055781664106,2.0657055781664106,0.0,0.0,0.1966285304061454,0.0,0.19457144785868138,0.03979246817984311,0.0,0.0042591662493183975,0.24045407484446327,0.0,0.07117901979710656,0.0,0.0,0.0,0.0,1.3188208708308526,0.0,0.0,0.0,0.0,0.0,0.0,0.0,0.0,0.0,0.0,0.0,0.0,0.0,0.0,0.0,0.0,0.0,0.0,0.007048474366266743,0.007048474366266743
2018/06/14 10:00:00,2018/06/14 11:00:00,2018/06/14 15:00:00,1.4662360826729088,1.4662360826729088,0.0,0.0,0.22798105516970282,0.0,0.18848183893972803,0.03854706156031103,0.0,0.004125864795972619,0.23706579076249806,0.0,0.0834272450407358,0.0,0.0,0.0,0.0,0.6866072264039604,0.0,0.0,0.0,0.0,0.0,0.0,0.0,0.0,0.0,0.0,0.0,0.0,0.0,0.0,0.0,0.0,0.0,0.0,0.005003001179281712,0.005003001179281712
2018/06/14 11:00:00,2018/06/14 12:00:00,2018/06/14 16:00:00,0.9055609538143057,0.9055609538143057,0.0,0.0,0.31860372309687013,0.0,0.18004485089820238,0.03682158445731919,0.0,0.003941179246742044,0.2521460954047706,0.0,0.11400352071040125,0.0,0.0,0.0,0.0,0.0,0.0,0.0,0.0,0.0,0.0,0.0,0.0,0.0,0.0,0.0,0.0,0.0,0.0,0.0,0.0,0.0,0.0,0.0,0.0030898997599250336,0.0030898997599250336
2018/06/14 12:00:00,2018/06/14 13:00:00,2018/06/14 17:00:00,1.0776670244871427,1.0776670244871427,0.0,0.0,0.44810214560193107,0.0,0.17395524197924905,0.03557617783778712,0.0,0.003807877793396267,0.25819048102071934,0.0,0.15803510025406,0.0,0.0,0.0,0.0,0.0,0.0,0.0,0.0,0.0,0.0,0.0,0.0,0.0,0.0,0.0,0.0,0.0,0.0,0.0,0.0,0.0,0.0,0.0,0.0036771495791820255,0.0036771495791820255
2018/06/14 13:00:00,2018/06/14 14:00:00,2018/06/14 18:00:00,1.404415002394491,1.404415002394491,0.0,0.0,0.690039530993877,0.0,0.1721632852403147,0.035209698673971224,0.0,0.003768651885655419,0.26620885734512484,0.0,0.23702497825554808,0.0,0.0,0.0,0.0,0.0,0.0,0.0,0.0,0.0,0.0,0.0,0.0,0.0,0.0,0.0,0.0,0.0,0.0,0.0,0.0,0.0,0.0,0.0,0.004792059066212468,0.004792059066212468
2018/06/14 14:00:00,2018/06/14 15:00:00,2018/06/14 19:00:00,1.9326867122130862,1.9326867122130862,0.0,0.0,1.0357909043212685,0.0,0.17199652313011424,0.03517559358796407,0.0,0.0037650014654152042,0.3430287783537689,0.0,0.3429299113545552,0.0,0.0,0.0,0.0,0.0,0.0,0.0,0.0,0.0,0.0,0.0,0.0,0.0,0.0,0.0,0.0,0.0,0.0,0.0,0.0,0.0,0.0,0.0,0.006594595518859017,0.006594595518859017
2018/06/14 15:00:00,2018/06/14 16:00:00,2018/06/14 20:00:00,3.4217050213269222,3.4217050213269222,0.0,0.0,1.3963269431413952,0.0,0.17210040794950074,0.03519683942549728,0.0,0.0037672755026463456,1.3676688585304235,0.0,0.44664469677745916,0.0,0.0,0.0,0.0,0.0,0.0,0.0,0.0,0.0,0.0,0.0,0.0,0.0,0.0,0.0,0.0,0.0,0.0,0.0,0.0,0.0,0.0,0.0,0.011675332819286267,0.011675332819286267
2018/06/14 16:00:00,2018/06/14 17:00:00,2018/06/14 21:00:00,3.2334938638080666,3.2334938638080666,0.0,0.0,1.744520809072756,0.0,0.1727083280322343,0.035321167228030935,0.0,0.003780582864683052,0.7352097424206989,0.0,0.5419532341896639,0.0,0.0,0.0,0.0,0.0,0.0,0.0,0.0,0.0,0.0,0.0,0.0,0.0,0.0,0.0,0.0,0.0,0.0,0.0,0.0,0.0,0.0,0.0,0.01103313020665907,0.01103313020665907
2018/06/14 17:00:00,2018/06/14 18:00:00,2018/06/14 22:00:00,3.878822046905525,3.878822046905525,0.0,0.0,2.0847296287349026,0.0,0.17552352094686682,0.035896911900275955,0.0,0.0038422073978778286,0.5350858754207735,0.0,0.6415277993798613,0.0,0.0,0.0,0.0,0.4022161031249665,0.0,0.0,0.0,0.0,0.0,0.0,0.0,0.0,0.0,0.0,0.0,0.0,0.0,0.0,0.0,0.0,0.0,0.0,0.013235079605677198,0.013235079605677198
2018/06/14 18:00:00,2018/06/14 19:00:00,2018/06/14 23:00:00,4.155415416506048,4.155415416506048,0.0,0.0,2.2489432241441314,0.0,0.1854355004655871,0.03792404452399166,0.0,0.004059180489740367,0.5513214305361466,0.0,0.6969541412994572,0.0,0.0,0.0,0.0,0.4307778950469932,0.0,0.0,0.0,0.0,0.0,0.0,0.0,0.0,0.0,0.0,0.0,0.0,0.0,0.0,0.0,0.0,0.0,0.0,0.01417885460251829,0.01417885460251829
2018/06/14 19:00:00,2018/06/14 20:00:00,2018/06/15 00:00:00,4.67790964684199,4.67790964684199,0.0,0.0,1.9717809718032848,0.0,0.21169246292360147,0.04329394516773225,0.0,0.0046339450276083275,0.5005084163794185,0.0,0.6271790347094928,0.0,0.0,0.0,0.0,1.3188208708308526,0.0,0.0,0.0,0.0,0.0,0.0,0.0,0.0,0.0,0.0,0.0,0.0,0.0,0.0,0.0,0.0,0.0,0.0,0.015961677492658387,0.015961677492658387
2018/06/14 20:00:00,2018/06/14 21:00:00,2018/06/15 01:00:00,4.150115912233886,4.150115912233886,0.0,0.0,1.5201824162763835,0.0,0.2630250272863957,0.05379214239284531,0.0,0.005757614137496295,0.49005820397958605,0.0,0.4984796373303268,0.0,0.0,0.0,0.0,1.3188208708308526,0.0,0.0,0.0,0.0,0.0,0.0,0.0,0.0,0.0,0.0,0.0,0.0,0.0,0.0,0.0,0.0,0.0,0.0,0.014160771957822425,0.014160771957822425
2018/06/14 21:00:00,2018/06/14 22:00:00,2018/06/15 02:00:00,3.7664336469436797,3.7664336469436797,0.0,0.0,1.2047178783872332,0.0,0.33411180980362465,0.06833034192034627,0.0,0.007313702804163992,0.4657559093404247,0.0,0.40216143034116536,0.0,0.0,0.0,0.0,1.2840425743467212,0.0,0.0,0.0,0.0,0.0,0.0,0.0,0.0,0.0,0.0,0.0,0.0,0.0,0.0,0.0,0.0,0.0,0.0,0.012851594773874618,0.012851594773874618
2018/06/14 22:00:00,2018/06/14 23:00:00,2018/06/15 03:00:00,1.9873072172730448,1.9873072172730448,0.0,0.0,0.9291679630311378,0.0,0.2788500201125949,0.05702856546731482,0.0,0.0061040230072602055,0.39843385714884805,0.0,0.3177227885058888,0.0,0.0,0.0,0.0,0.0,0.0,0.0,0.0,0.0,0.0,0.0,0.0,0.0,0.0,0.0,0.0,0.0,0.0,0.0,0.0,0.0,0.0,0.0,0.006780968269098377,0.006780968269098377
2018/06/14 23:00:00,2018/06/15 00:00:00,2018/06/15 04:00:00,1.4378286357475767,1.4378286357475767,0.0,0.0,0.6959703967174312,0.0,0.13094360677997474,0.026779722120023,0.0,0.002866353705536267,0.33988697256011713,0.0,0.2413815838644945,0.0,0.0,0.0,0.0,0.0,0.0,0.0,0.0,0.0,0.0,0.0,0.0,0.0,0.0,0.0,0.0,0.0,0.0,0.0,0.0,0.0,0.0,0.0,0.0049060710244810376,0.0049060710244810376
2018/06/15 00:00:00,2018/06/15 01:00:00,2018/06/15 05:00:00,1.1233548753850515,1.1233548753850515,0.0,0.0,0.5465323774111269,0.0,0.06501908921459039,0.013297274945155983,0.0,0.0014232669458539432,0.3050892066174897,0.0,0.1919936602508346,0.0,0.0,0.0,0.0,0.0,0.0,0.0,0.0,0.0,0.0,0.0,0.0,0.0,0.0,0.0,0.0,0.0,0.0,0.0,0.0,0.0,0.0,0.0,0.003833042872644287,0.003833042872644287
2018/06/15 01:00:00,2018/06/15 02:00:00,2018/06/15 06:00:00,0.9018942181813256,0.9018942181813256,0.0,0.0,0.41449802328093205,0.0,0.03901145352875434,0.00797836496709361,0.0,0.0008539601675123682,0.2926013811769224,0.0,0.14695103506011084,0.0,0.0,0.0,0.0,0.0,0.0,0.0,0.0,0.0,0.0,0.0,0.0,0.0,0.0,0.0,0.0,0.0,0.0,0.0,0.0,0.0,0.0,0.0,0.0030773883486231975,0.0030773883486231975
2018/06/15 02:00:00,2018/06/15 03:00:00,2018/06/15 07:00:00,0.7235826848442889,0.7235826848442889,0.0,0.0,0.3169101800899848,0.0,0.026007635685836212,0.005318909978062404,0.0,0.0005693067783415784,0.2625097852649354,0.0,0.11226686704712849,0.0,0.0,0.0,0.0,0.0,0.0,0.0,0.0,0.0,0.0,0.0,0.0,0.0,0.0,0.0,0.0,0.0,0.0,0.0,0.0,0.0,0.0,0.0,0.00246896462879599,0.00246896462879599
2018/06/15 03:00:00,2018/06/15 04:00:00,2018/06/15 08:00:00,0.6463585459458888,0.6463585459458888,0.0,0.0,0.2686254406919554,0.0,0.026007635685836212,0.005318909978062404,0.0,0.0005693067783415784,0.25071992479679983,0.0,0.0951173280148934,0.0,0.0,0.0,0.0,0.0,0.0,0.0,0.0,0.0,0.0,0.0,0.0,0.0,0.0,0.0,0.0,0.0,0.0,0.0,0.0,0.0,0.0,0.0,0.0022054651401778947,0.0022054651401778947
2018/06/15 04:00:00,2018/06/15 05:00:00,2018/06/15 09:00:00,0.5939642139536642,0.5939642139536642,0.0,0.0,0.23942504811709822,0.0,0.026843243274492543,0.00548980292637717,0.0,0.0005875982166715451,0.23688057405346816,0.0,0.08473794736555645,0.0,0.0,0.0,0.0,0.0,0.0,0.0,0.0,0.0,0.0,0.0,0.0,0.0,0.0,0.0,0.0,0.0,0.0,0.0,0.0,0.0,0.0,0.0,0.0020266884016686883,0.0020266884016686883
2018/06/15 05:00:00,2018/06/15 06:00:00,2018/06/15 10:00:00,0.6569661900069994,0.6569661900069994,0.0,0.0,0.23203449536230447,0.0,0.06900948530167404,0.014113364412895239,0.0,0.0015106166599181724,0.25779458461066423,0.0,0.08250364365954327,0.0,0.0,0.0,0.0,0.0,0.0,0.0,0.0,0.0,0.0,0.0,0.0,0.0,0.0,0.0,0.0,0.0,0.0,0.0,0.0,0.0,0.0,0.0,0.002241659895152409,0.002241659895152409
2018/06/15 06:00:00,2018/06/15 07:00:00,2018/06/15 11:00:00,2.546176574965189,2.546176574965189,0.0,0.0,0.5540843822188715,0.0,0.16201522163153,0.03313428369051031,0.0,0.003546510916391187,0.31514973276137404,0.0,0.19764161391455065,0.0,0.0,0.0,0.0,1.280604829831961,0.0,0.0,0.0,0.0,0.0,0.0,0.0,0.0,0.0,0.0,0.0,0.0,0.0,0.0,0.0,0.0,0.0,0.0,0.008687908146407311,0.008687908146407311
2018/06/15 07:00:00,2018/06/15 08:00:00,2018/06/15 12:00:00,2.544914631428093,2.544914631428093,0.0,0.0,0.45449099520868197,0.0,0.20502608639988215,0.041930581844827744,0.0,0.0044880181395291685,0.36010528653425383,0.0,0.16005279247006504,0.0,0.0,0.0,0.0,1.3188208708308526,0.0,0.0,0.0,0.0,0.0,0.0,0.0,0.0,0.0,0.0,0.0,0.0,0.0,0.0,0.0,0.0,0.0,0.0,0.00868360221977047,0.00868360221977047
2018/06/15 08:00:00,2018/06/15 09:00:00,2018/06/15 13:00:00,2.827782120846247,2.827782120846247,0.0,0.0,0.7159346055066887,0.0,0.20318552328194064,0.04155416202522051,0.0,0.004447728238837415,0.29686636074616646,0.0,0.24697287021653966,0.0,0.0,0.0,0.0,1.3188208708308526,0.0,0.0,0.0,0.0,0.0,0.0,0.0,0.0,0.0,0.0,0.0,0.0,0.0,0.0,0.0,0.0,0.0,0.0,0.009648785384925999,0.009648785384925999
2018/06/15 09:00:00,2018/06/15 10:00:00,2018/06/15 14:00:00,3.1452118373310536,3.1452118373310536,0.0,0.0,1.0071674154174473,0.0,0.19457144785868138,0.03979246817984311,0.0,0.0042591662493183975,0.24045407484446327,0.0,0.34014639395044693,0.0,0.0,0.0,0.0,1.3188208708308526,0.0,0.0,0.0,0.0,0.0,0.0,0.0,0.0,0.0,0.0,0.0,0.0,0.0,0.0,0.0,0.0,0.0,0.0,0.01073189966964438,0.01073189966964438
2018/06/15 10:00:00,2018/06/15 11:00:00,2018/06/15 15:00:00,2.397353492967843,2.397353492967843,0.0,0.0,1.267265972341458,0.0,0.18848183893972803,0.03854706156031103,0.0,0.004125864795972619,0.23706579076249806,0.0,0.4186610943589558,0.0,0.0,0.0,0.0,0.2432058702089194,0.0,0.0,0.0,0.0,0.0,0.0,0.0,0.0,0.0,0.0,0.0,0.0,0.0,0.0,0.0,0.0,0.0,0.0,0.008180103118597775,0.008180103118597775
2018/06/15 11:00:00,2018/06/15 12:00:00,2018/06/15 16:00:00,2.865447856347892,2.865447856347892,0.0,0.0,1.5384090675457376,0.0,0.18004485089820238,0.03682158445731919,0.0,0.003941179246742044,0.2521460954047706,0.0,0.4966029403726243,0.0,0.0,0.0,0.0,0.35748213842249543,0.0,0.0,0.0,0.0,0.0,0.0,0.0,0.0,0.0,0.0,0.0,0.0,0.0,0.0,0.0,0.0,0.0,0.0,0.00977730610635697,0.00977730610635697
2018/06/15 12:00:00,2018/06/15 13:00:00,2018/06/15 17:00:00,3.710277913156094,3.710277913156094,0.0,0.0,1.7057778076666852,0.0,0.17395524197924905,0.03557617783778712,0.0,0.003807877793396267,0.25819048102071934,0.0,0.541384925484402,0.0,0.0,0.0,0.0,0.9915854013738556,0.0,0.0,0.0,0.0,0.0,0.0,0.0,0.0,0.0,0.0,0.0,0.0,0.0,0.0,0.0,0.0,0.0,0.0,0.01265998360996808,0.01265998360996808
2018/06/15 13:00:00,2018/06/15 14:00:00,2018/06/15 18:00:00,2.9809221390598757,2.9809221390598757,0.0,0.0,1.9063626196905141,0.0,0.1721632852403147,0.035209698673971224,0.0,0.003768651885655419,0.26620885734512484,0.0,0.5972090262242957,0.0,0.0,0.0,0.0,0.0,0.0,0.0,0.0,0.0,0.0,0.0,0.0,0.0,0.0,0.0,0.0,0.0,0.0,0.0,0.0,0.0,0.0,0.0,0.010171320398742682,0.010171320398742682
2018/06/15 14:00:00,2018/06/15 15:00:00,2018/06/15 19:00:00,4.118322573954795,4.118322573954795,0.0,0.0,2.105425010371831,0.0,0.17199652313011424,0.03517559358796407,0.0,0.0037650014654152042,0.6547996514717686,0.0,0.6561988121430226,0.0,0.0,0.0,0.0,0.49096198178467904,0.0,0.0,0.0,0.0,0.0,0.0,0.0,0.0,0.0,0.0,0.0,0.0,0.0,0.0,0.0,0.0,0.0,0.0,0.014052288671410843,0.014052288671410843
2018/06/15 15:00:00,2018/06/15 16:00:00,2018/06/15 20:00:00,3.4039985136652042,3.4039985136652042,0.0,0.0,2.2212006677443434,0.0,0.17210040794950074,0.03519683942549728,0.0,0.0037672755026463456,0.28373458382035643,0.0,0.6879987392228598,0.0,0.0,0.0,0.0,0.0,0.0,0.0,0.0,0.0,0.0,0.0,0.0,0.0,0.0,0.0,0.0,0.0,0.0,0.0,0.0,0.0,0.0,0.0,0.011614915755650072,0.011614915755650072
2018/06/15 16:00:00,2018/06/15 17:00:00,2018/06/15 21:00:00,3.6810002903937558,3.6810002903937558,0.0,0.0,2.3624298241786352,0.0,0.1727083280322343,0.035321167228030935,0.0,0.003780582864683052,0.38388522406492354,0.0,0.7228751640252484,0.0,0.0,0.0,0.0,0.0,0.0,0.0,0.0,0.0,0.0,0.0,0.0,0.0,0.0,0.0,0.0,0.0,0.0,0.0,0.0,0.0,0.0,0.0,0.012560084294341141,0.012560084294341141
2018/06/15 17:00:00,2018/06/15 18:00:00,2018/06/15 22:00:00,3.878742843209166,3.878742843209166,0.0,0.0,2.3984623143213057,0.0,0.17552352094686682,0.035896911900275955,0.0,0.0038422073978778286,0.5350858754207735,0.0,0.7299320132220664,0.0,0.0,0.0,0.0,0.0,0.0,0.0,0.0,0.0,0.0,0.0,0.0,0.0,0.0,0.0,0.0,0.0,0.0,0.0,0.0,0.0,0.0,0.0,0.013234809351663558,0.013234809351663558
2018/06/15 18:00:00,2018/06/15 19:00:00,2018/06/15 23:00:00,3.790458008759664,3.790458008759664,0.0,0.0,2.2967786159297456,0.0,0.1854355004655871,0.03792404452399166,0.0,0.004059180489740367,0.5513214305361466,0.0,0.7149392368144523,0.0,0.0,0.0,0.0,0.0,0.0,0.0,0.0,0.0,0.0,0.0,0.0,0.0,0.0,0.0,0.0,0.0,0.0,0.0,0.0,0.0,0.0,0.0,0.012933569233456699,0.012933569233456699
2018/06/15 19:00:00,2018/06/15 20:00:00,2018/06/16 00:00:00,4.335864843047473,4.335864843047473,0.0,0.0,2.0709567264916062,0.0,0.21169246292360147,0.04329394516773225,0.0,0.0046339450276083275,0.5005084163794185,0.0,0.6605986823577911,0.0,0.0,0.0,0.0,0.8441806646997153,0.0,0.0,0.0,0.0,0.0,0.0,0.0,0.0,0.0,0.0,0.0,0.0,0.0,0.0,0.0,0.0,0.0,0.0,0.014794573110919541,0.014794573110919541
2018/06/15 20:00:00,2018/06/15 21:00:00,2018/06/16 01:00:00,4.237279363737195,4.237279363737195,0.0,0.0,1.5890954980454566,0.0,0.2630250272863957,0.05379214239284531,0.0,0.005757614137496295,0.49005820397958605,0.0,0.5167300070645623,0.0,0.0,0.0,0.0,1.3188208708308526,0.0,0.0,0.0,0.0,0.0,0.0,0.0,0.0,0.0,0.0,0.0,0.0,0.0,0.0,0.0,0.0,0.0,0.0,0.01445818576165295,0.01445818576165295
2018/06/15 21:00:00,2018/06/15 22:00:00,2018/06/16 02:00:00,3.771149889212928,3.771149889212928,0.0,0.0,1.322225954211297,0.0,0.33411180980362465,0.06833034192034627,0.0,0.007313702804163992,0.4657559093404247,0.0,0.43127143742430635,0.0,0.0,0.0,0.0,1.1421407337087657,0.0,0.0,0.0,0.0,0.0,0.0,0.0,0.0,0.0,0.0,0.0,0.0,0.0,0.0,0.0,0.0,0.0,0.0,0.01286768724759946,0.01286768724759946
2018/06/15 22:00:00,2018/06/15 23:00:00,2018/06/16 03:00:00,2.2059401898195663,2.2059401898195663,0.0,0.0,1.1009464040339505,0.0,0.2788500201125949,0.05702856546731482,0.0,0.0061040230072602055,0.39843385714884805,0.0,0.36457732004959775,0.0,0.0,0.0,0.0,0.0,0.0,0.0,0.0,0.0,0.0,0.0,0.0,0.0,0.0,0.0,0.0,0.0,0.0,0.0,0.0,0.0,0.0,0.0,0.007526974340294025,0.007526974340294025
2018/06/15 23:00:00,2018/06/16 00:00:00,2018/06/16 04:00:00,1.6956612902368846,1.6956612902368846,0.0,0.0,0.8943979554429611,0.0,0.13094360677997474,0.026779722120023,0.0,0.002866353705536267,0.33988697256011713,0.0,0.30078667962827227,0.0,0.0,0.0,0.0,0.0,0.0,0.0,0.0,0.0,0.0,0.0,0.0,0.0,0.0,0.0,0.0,0.0,0.0,0.0,0.0,0.0,0.0,0.0,0.005785831855435232,0.005785831855435232
2018/06/16 00:00:00,2018/06/16 01:00:00,2018/06/16 05:00:00,1.4655597855398441,1.4655597855398441,0.0,0.0,0.8088191583943024,0.0,0.06501908921459039,0.013297274945155983,0.0,0.0014232669458539432,0.3050892066174897,0.0,0.27191178942245153,0.0,0.0,0.0,0.0,0.0,0.0,0.0,0.0,0.0,0.0,0.0,0.0,0.0,0.0,0.0,0.0,0.0,0.0,0.0,0.0,0.0,0.0,0.0,0.005000693559523713,0.005000693559523713
2018/06/16 01:00:00,2018/06/16 02:00:00,2018/06/16 06:00:00,1.2805700566701501,1.2805700566701501,0.0,0.0,0.7014197944567375,0.0,0.03901145352875434,0.00797836496709361,0.0,0.0008539601675123682,0.2926013811769224,0.0,0.23870510237312992,0.0,0.0,0.0,0.0,0.0,0.0,0.0,0.0,0.0,0.0,0.0,0.0,0.0,0.0,0.0,0.0,0.0,0.0,0.0,0.0,0.0,0.0,0.0,0.0043694829089149,0.0043694829089149
2018/06/16 02:00:00,2018/06/16 03:00:00,2018/06/16 07:00:00,1.0381072485120875,1.0381072485120875,0.0,0.0,0.5528114884727525,0.0,0.026007635685836212,0.005318909978062404,0.0,0.0005693067783415784,0.2625097852649354,0.0,0.19089012233215916,0.0,0.0,0.0,0.0,0.0,0.0,0.0,0.0,0.0,0.0,0.0,0.0,0.0,0.0,0.0,0.0,0.0,0.0,0.0,0.0,0.0,0.0,0.0,0.003542166128567085,0.003542166128567085
2018/06/16 03:00:00,2018/06/16 04:00:00,2018/06/16 08:00:00,0.8449803548193254,0.8449803548193254,0.0,0.0,0.41499930058658774,0.0,0.026007635685836212,0.005318909978062404,0.0,0.0005693067783415784,0.25071992479679983,0.0,0.1473652769936976,0.0,0.0,0.0,0.0,0.0,0.0,0.0,0.0,0.0,0.0,0.0,0.0,0.0,0.0,0.0,0.0,0.0,0.0,0.0,0.0,0.0,0.0,0.0,0.0028831903413019675,0.0028831903413019675
2018/06/16 04:00:00,2018/06/16 05:00:00,2018/06/16 09:00:00,0.6829813428968674,0.6829813428968674,0.0,0.0,0.30344068900264787,0.0,0.026843243274492543,0.00548980292637717,0.0,0.0005875982166715451,0.23688057405346816,0.0,0.10973943542321025,0.0,0.0,0.0,0.0,0.0,0.0,0.0,0.0,0.0,0.0,0.0,0.0,0.0,0.0,0.0,0.0,0.0,0.0,0.0,0.0,0.0,0.0,0.0,0.0023304272104062635,0.0023304272104062635
2018/06/16 05:00:00,2018/06/16 06:00:00,2018/06/16 10:00:00,0.6790999335882797,0.6790999335882797,0.0,0.0,0.24695682519160103,0.0,0.06900948530167404,0.014113364412895239,0.0,0.0015106166599181724,0.25779458461066423,0.0,0.08971505741152695,0.0,0.0,0.0,0.0,0.0,0.0,0.0,0.0,0.0,0.0,0.0,0.0,0.0,0.0,0.0,0.0,0.0,0.0,0.0,0.0,0.0,0.0,0.0,0.0023171833027043473,0.0023171833027043473
2018/06/16 06:00:00,2018/06/16 07:00:00,2018/06/16 11:00:00,0.8589332471119486,0.8589332471119486,0.0,0.0,0.25253026606577805,0.0,0.16201522163153,0.03313428369051031,0.0,0.003546510916391187,0.31514973276137404,0.0,0.09255723204636505,0.0,0.0,0.0,0.0,0.0,0.0,0.0,0.0,0.0,0.0,0.0,0.0,0.0,0.0,0.0,0.0,0.0,0.0,0.0,0.0,0.0,0.0,0.0,0.002930799547908812,0.002930799547908812
2018/06/16 07:00:00,2018/06/16 08:00:00,2018/06/16 12:00:00,2.124373006238729,2.124373006238729,0.0,0.0,0.4673445118516688,0.0,0.20502608639988215,0.041930581844827744,0.0,0.0044880181395291685,0.36010528653425383,0.0,0.1700268909050676,0.0,0.0,0.0,0.0,0.8754516305634994,0.0,0.0,0.0,0.0,0.0,0.0,0.0,0.0,0.0,0.0,0.0,0.0,0.0,0.0,0.0,0.0,0.0,0.0,0.007248655779955707,0.007248655779955707
2018/06/16 08:00:00,2018/06/16 09:00:00,2018/06/16 13:00:00,2.5315404671728277,2.5315404671728277,0.0,0.0,0.4906197569417602,0.0,0.20318552328194064,0.04155416202522051,0.0,0.004447728238837415,0.29686636074616646,0.0,0.17604606510804963,0.0,0.0,0.0,0.0,1.3188208708308526,0.0,0.0,0.0,0.0,0.0,0.0,0.0,0.0,0.0,0.0,0.0,0.0,0.0,0.0,0.0,0.0,0.0,0.0,0.008637967713614393,0.008637967713614393
2018/06/16 09:00:00,2018/06/16 10:00:00,2018/06/16 14:00:00,1.933720121810868,1.933720121810868,0.0,0.0,0.6881537571725787,0.0,0.19457144785868138,0.03979246817984311,0.0,0.0042591662493183975,0.24045407484446327,0.0,0.24465154320912583,0.0,0.0,0.0,0.0,0.5218376642968571,0.0,0.0,0.0,0.0,0.0,0.0,0.0,0.0,0.0,0.0,0.0,0.0,0.0,0.0,0.0,0.0,0.0,0.0,0.006598121655950772,0.006598121655950772
2018/06/16 10:00:00,2018/06/16 11:00:00,2018/06/16 15:00:00,1.46701401110712,1.46701401110712,0.0,0.0,0.7374620856210545,0.0,0.18848183893972803,0.03854706156031103,0.0,0.004125864795972619,0.23706579076249806,0.0,0.26133136942755564,0.0,0.0,0.0,0.0,0.0,0.0,0.0,0.0,0.0,0.0,0.0,0.0,0.0,0.0,0.0,0.0,0.0,0.0,0.0,0.0,0.0,0.0,0.0,0.005005655579156157,0.005005655579156157
2018/06/16 11:00:00,2018/06/16 12:00:00,2018/06/16 16:00:00,1.5357597964011007,1.5357597964011007,0.0,0.0,0.7835738626254688,0.0,0.18004485089820238,0.03682158445731919,0.0,0.003941179246742044,0.2521460954047706,0.0,0.27923222376859763,0.0,0.0,0.0,0.0,0.0,0.0,0.0,0.0,0.0,0.0,0.0,0.0,0.0,0.0,0.0,0.0,0.0,0.0,0.0,0.0,0.0,0.0,0.0,0.005240225747603689,0.005240225747603689
2018/06/16 12:00:00,2018/06/16 13:00:00,2018/06/16 17:00:00,1.4441956384465384,1.4441956384465384,0.0,0.0,0.7122623683343392,0.0,0.17395524197924905,0.03557617783778712,0.0,0.003807877793396267,0.25819048102071934,0.0,0.2604034914810476,0.0,0.0,0.0,0.0,0.0,0.0,0.0,0.0,0.0,0.0,0.0,0.0,0.0,0.0,0.0,0.0,0.0,0.0,0.0,0.0,0.0,0.0,0.0,0.004927796122088325,0.004927796122088325
2018/06/16 13:00:00,2018/06/16 14:00:00,2018/06/16 18:00:00,2.5153283929275454,2.5153283929275454,0.0,0.0,0.7174469553232669,0.0,0.1721632852403147,0.035209698673971224,0.0,0.003768651885655419,0.26620885734512484,0.0,0.2664084689003056,0.0,0.0,0.0,0.0,1.0541224755589071,0.0,0.0,0.0,0.0,0.0,0.0,0.0,0.0,0.0,0.0,0.0,0.0,0.0,0.0,0.0,0.0,0.0,0.0,0.008582649864376984,0.008582649864376984
2018/06/16 14:00:00,2018/06/16 15:00:00,2018/06/16 19:00:00,1.566260649114283,1.566260649114283,0.0,0.0,0.5746565224873432,0.0,0.17199652313011424,0.03517559358796407,0.0,0.0037650014654152042,0.2956372840816883,0.0,0.21827308813872523,0.0,0.0,0.0,0.0,0.2667566362230329,0.0,0.0,0.0,0.0,0.0,0.0,0.0,0.0,0.0,0.0,0.0,0.0,0.0,0.0,0.0,0.0,0.0,0.0,0.005344298893733725,0.005344298893733725
2018/06/16 15:00:00,2018/06/16 16:00:00,2018/06/16 20:00:00,1.1167369206744004,1.1167369206744004,0.0,0.0,0.44910954725557367,0.0,0.17210040794950074,0.03519683942549728,0.0,0.0037672755026463456,0.28373458382035643,0.0,0.17282826672082618,0.0,0.0,0.0,0.0,0.0,0.0,0.0,0.0,0.0,0.0,0.0,0.0,0.0,0.0,0.0,0.0,0.0,0.0,0.0,0.0,0.0,0.0,0.0,0.003810461491915024,0.003810461491915024
2018/06/16 16:00:00,2018/06/16 17:00:00,2018/06/16 21:00:00,1.209113786493798,1.209113786493798,0.0,0.0,0.44375427499718917,0.0,0.1727083280322343,0.035321167228030935,0.0,0.003780582864683052,0.38388522406492354,0.0,0.169664209306737,0.0,0.0,0.0,0.0,0.0,0.0,0.0,0.0,0.0,0.0,0.0,0.0,0.0,0.0,0.0,0.0,0.0,0.0,0.0,0.0,0.0,0.0,0.0,0.004125664189553105,0.004125664189553105
2018/06/16 17:00:00,2018/06/16 18:00:00,2018/06/16 22:00:00,1.3809447296016255,1.3809447296016255,0.0,0.0,0.45712122009726036,0.0,0.17552352094686682,0.035896911900275955,0.0,0.0038422073978778286,0.5350858754207735,0.0,0.17347499383857112,0.0,0.0,0.0,0.0,0.0,0.0,0.0,0.0,0.0,0.0,0.0,0.0,0.0,0.0,0.0,0.0,0.0,0.0,0.0,0.0,0.0,0.0,0.0,0.004711975235342126,0.004711975235342126
2018/06/16 18:00:00,2018/06/16 19:00:00,2018/06/16 23:00:00,2.802646677655106,2.802646677655106,0.0,0.0,0.5235839127633001,0.0,0.1854355004655871,0.03792404452399166,0.0,0.004059180489740367,0.5513214305361466,0.0,0.19888091214528597,0.0,0.0,0.0,0.0,1.3014416967310543,0.0,0.0,0.0,0.0,0.0,0.0,0.0,0.0,0.0,0.0,0.0,0.0,0.0,0.0,0.0,0.0,0.0,0.0,0.009563019761358885,0.009563019761358885
2018/06/16 19:00:00,2018/06/16 20:00:00,2018/06/17 00:00:00,3.032291383250601,3.032291383250601,0.0,0.0,0.3902429199013206,0.0,0.21169246292360147,0.04329394516773225,0.0,0.0046339450276083275,0.9147331025584201,0.0,0.1488741368410655,0.0,0.0,0.0,0.0,1.3188208708308526,0.0,0.0,0.0,0.0,0.0,0.0,0.0,0.0,0.0,0.0,0.0,0.0,0.0,0.0,0.0,0.0,0.0,0.0,0.010346599395284975,0.010346599395284975
2018/06/16 20:00:00,2018/06/16 21:00:00,2018/06/17 01:00:00,1.7980747793582692,1.7980747793582692,0.0,0.0,0.27051336442429563,0.0,0.2630250272863957,0.05379214239284531,0.0,0.005757614137496295,0.49005820397958605,0.0,0.10443144598572407,0.0,0.0,0.0,0.0,0.6104969811519262,0.0,0.0,0.0,0.0,0.0,0.0,0.0,0.0,0.0,0.0,0.0,0.0,0.0,0.0,0.0,0.0,0.0,0.0,0.0061352809059009635,0.0061352809059009635
2018/06/16 21:00:00,2018/06/16 22:00:00,2018/06/17 02:00:00,1.10685779979644,1.10685779979644,0.0,0.0,0.16665373351957302,0.0,0.33411180980362465,0.06833034192034627,0.0,0.007313702804163992,0.4657559093404247,0.0,0.06469230240830733,0.0,0.0,0.0,0.0,0.0,0.0,0.0,0.0,0.0,0.0,0.0,0.0,0.0,0.0,0.0,0.0,0.0,0.0,0.0,0.0,0.0,0.0,0.0,0.0037767525592357775,0.0037767525592357775
2018/06/16 22:00:00,2018/06/16 23:00:00,2018/06/17 03:00:00,0.8313698915803756,0.8313698915803756,0.0,0.0,0.06549063580770485,0.0,0.2788500201125949,0.05702856546731482,0.0,0.0061040230072602055,0.39843385714884805,0.0,0.025462790036652635,0.0,0.0,0.0,0.0,0.0,0.0,0.0,0.0,0.0,0.0,0.0,0.0,0.0,0.0,0.0,0.0,0.0,0.0,0.0,0.0,0.0,0.0,0.0,0.002836749550190822,0.002836749550190822
2018/06/16 23:00:00,2018/06/17 00:00:00,2018/06/17 04:00:00,0.5004766551656511,0.5004766551656511,0.0,0.0,0.0,0.0,0.13094360677997474,0.026779722120023,0.0,0.002866353705536267,0.33988697256011713,0.0,0.0,0.0,0.0,0.0,0.0,0.0,0.0,0.0,0.0,0.0,0.0,0.0,0.0,0.0,0.0,0.0,0.0,0.0,0.0,0.0,0.0,0.0,0.0,0.0,0.0017076958653426423,0.0017076958653426423
2018/06/17 00:00:00,2018/06/17 01:00:00,2018/06/17 05:00:00,0.38482883772309007,0.38482883772309007,0.0,0.0,0.0,0.0,0.06501908921459039,0.013297274945155983,0.0,0.0014232669458539432,0.3050892066174897,0.0,0.0,0.0,0.0,0.0,0.0,0.0,0.0,0.0,0.0,0.0,0.0,0.0,0.0,0.0,0.0,0.0,0.0,0.0,0.0,0.0,0.0,0.0,0.0,0.0,0.0013130894483516335,0.0013130894483516335
2018/06/17 01:00:00,2018/06/17 02:00:00,2018/06/17 06:00:00,0.6398015143334498,0.6398015143334498,0.29935635449316705,0.0,0.0,0.0,0.03901145352875434,0.00797836496709361,0.0,0.0008539601675123682,0.2926013811769224,0.0,0.0,0.0,0.0,0.0,0.0,0.0,0.0,0.0,0.0,0.0,0.0,0.0,0.0,0.0,0.0,0.0,0.0,0.0,0.0,0.0,0.0,0.0,0.0,0.0,0.0021830916375221577,0.0021830916375221577
2018/06/17 02:00:00,2018/06/17 03:00:00,2018/06/17 07:00:00,0.9465633193960825,0.9465633193960825,0.6521576816889068,0.0,0.0,0.0,0.026007635685836212,0.005318909978062404,0.0,0.0005693067783415784,0.2625097852649354,0.0,0.0,0.0,0.0,0.0,0.0,0.0,0.0,0.0,0.0,0.0,0.0,0.0,0.0,0.0,0.0,0.0,0.0,0.0,0.0,0.0,0.0,0.0,0.0,0.0,0.003229805526658733,0.003229805526658733
2018/06/17 03:00:00,2018/06/17 04:00:00,2018/06/17 08:00:00,1.4120273065579658,1.4120273065579658,1.1294115293189257,0.0,0.0,0.0,0.026007635685836212,0.005318909978062404,0.0,0.0005693067783415784,0.25071992479679983,0.0,0.0,0.0,0.0,0.0,0.0,0.0,0.0,0.0,0.0,0.0,0.0,0.0,0.0,0.0,0.0,0.0,0.0,0.0,0.0,0.0,0.0,0.0,0.0,0.0,0.004818033305393302,0.004818033305393302
2018/06/17 04:00:00,2018/06/17 05:00:00,2018/06/17 09:00:00,1.8000246789899395,1.8000246789899395,1.53022346051893,0.0,0.0,0.0,0.026843243274492543,0.00548980292637717,0.0,0.0005875982166715451,0.23688057405346816,0.0,0.0,0.0,0.0,0.0,0.0,0.0,0.0,0.0,0.0,0.0,0.0,0.0,0.0,0.0,0.0,0.0,0.0,0.0,0.0,0.0,0.0,0.0,0.0,0.0,0.006141934234291943,0.006141934234291943
2018/06/17 05:00:00,2018/06/17 06:00:00,2018/06/17 10:00:00,2.2240972362979186,2.2240972362979186,1.8816691853127672,0.0,0.0,0.0,0.06900948530167404,0.014113364412895239,0.0,0.0015106166599181724,0.25779458461066423,0.0,0.0,0.0,0.0,0.0,0.0,0.0,0.0,0.0,0.0,0.0,0.0,0.0,0.0,0.0,0.0,0.0,0.0,0.0,0.0,0.0,0.0,0.0,0.0,0.0,0.007588928704953958,0.007588928704953958
2018/06/17 06:00:00,2018/06/17 07:00:00,2018/06/17 11:00:00,2.9138984671479955,2.9138984671479955,1.8922614890246177,0.0,0.0,0.0,0.16201522163153,0.03313428369051031,0.0,0.003546510916391187,0.31514973276137404,0.0,0.0,0.0,0.0,0.0,0.0,0.5077912291235723,0.0,0.0,0.0,0.0,0.0,0.0,0.0,0.0,0.0,0.0,0.0,0.0,0.0,0.0,0.0,0.0,0.0,0.0,0.009942626320362311,0.009942626320362311
2018/06/17 07:00:00,2018/06/17 08:00:00,2018/06/17 12:00:00,2.723704304021083,2.723704304021083,0.8384949747703312,0.0,0.0,0.0,0.20502608639988215,0.041930581844827744,0.0,0.0044880181395291685,0.36010528653425383,0.0,0.0,0.0,0.0,0.0,0.0,1.273659356332259,0.0,0.0,0.0,0.0,0.0,0.0,0.0,0.0,0.0,0.0,0.0,0.0,0.0,0.0,0.0,0.0,0.0,0.0,0.009293657417154167,0.009293657417154167
2018/06/17 08:00:00,2018/06/17 09:00:00,2018/06/17 13:00:00,2.5447206764408574,2.5447206764408574,0.6798460313178392,0.0,0.0,0.0,0.20318552328194064,0.04155416202522051,0.0,0.004447728238837415,0.29686636074616646,0.0,0.0,0.0,0.0,0.0,0.0,1.3188208708308526,0.0,0.0,0.0,0.0,0.0,0.0,0.0,0.0,0.0,0.0,0.0,0.0,0.0,0.0,0.0,0.0,0.0,0.0,0.008682940418413013,0.008682940418413013
2018/06/17 09:00:00,2018/06/17 10:00:00,2018/06/17 14:00:00,1.918033498562878,1.918033498562878,0.1201354705997191,0.0,0.0,0.0,0.19457144785868138,0.03979246817984311,0.0,0.0042591662493183975,0.24045407484446327,0.0,0.0,0.0,0.0,0.0,0.0,1.3188208708308526,0.0,0.0,0.0,0.0,0.0,0.0,0.0,0.0,0.0,0.0,0.0,0.0,0.0,0.0,0.0,0.0,0.0,0.0,0.006544596718503063,0.006544596718503063
2018/06/17 10:00:00,2018/06/17 11:00:00,2018/06/17 15:00:00,1.0927293824726074,1.0927293824726074,0.0,0.0,0.0,0.0,0.18848183893972803,0.03854706156031103,0.0,0.004125864795972619,0.27140283443066526,0.0,0.0,0.0,0.0,0.0,0.0,0.5901717827459304,0.0,0.0,0.0,0.0,0.0,0.0,0.0,0.0,0.0,0.0,0.0,0.0,0.0,0.0,0.0,0.0,0.0,0.0,0.0037285444368414205,0.0037285444368414205
2018/06/17 11:00:00,2018/06/17 12:00:00,2018/06/17 16:00:00,1.3531237498840567,1.3531237498840567,0.0,0.0,0.07656107164455002,0.0,0.18004485089820238,0.03682158445731919,0.0,0.003941179246742044,1.0262084091630723,0.0,0.02954665447417047,0.0,0.0,0.0,0.0,0.0,0.0,0.0,0.0,0.0,0.0,0.0,0.0,0.0,0.0,0.0,0.0,0.0,0.0,0.0,0.0,0.0,0.0,0.0,0.004617046188116639,0.004617046188116639
2018/06/17 12:00:00,2018/06/17 13:00:00,2018/06/17 17:00:00,0.7843143901735558,0.7843143901735558,0.0,0.0,0.22639733199822895,0.0,0.17395524197924905,0.03557617783778712,0.0,0.003807877793396267,0.25819048102071934,0.0,0.08638727954417508,0.0,0.0,0.0,0.0,0.0,0.0,0.0,0.0,0.0,0.0,0.0,0.0,0.0,0.0,0.0,0.0,0.0,0.0,0.0,0.0,0.0,0.0,0.0,0.0026761896432208276,0.0026761896432208276
2018/06/17 13:00:00,2018/06/17 14:00:00,2018/06/17 18:00:00,1.5233448747107736,1.5233448747107736,0.0,0.0,0.4567432426620419,0.0,0.1721632852403147,0.035209698673971224,0.0,0.003768651885655419,0.26620885734512484,0.0,0.17160903626757185,0.0,0.0,0.0,0.0,0.4176421026360937,0.0,0.0,0.0,0.0,0.0,0.0,0.0,0.0,0.0,0.0,0.0,0.0,0.0,0.0,0.0,0.0,0.0,0.0,0.00519786431032125,0.00519786431032125
2018/06/17 14:00:00,2018/06/17 15:00:00,2018/06/17 19:00:00,1.4713846413660137,1.4713846413660137,0.0,0.0,0.7033152023636815,0.0,0.17199652313011424,0.03517559358796407,0.0,0.0037650014654152042,0.2956372840816883,0.0,0.2614950367371504,0.0,0.0,0.0,0.0,0.0,0.0,0.0,0.0,0.0,0.0,0.0,0.0,0.0,0.0,0.0,0.0,0.0,0.0,0.0,0.0,0.0,0.0,0.0,0.00502056877669498,0.00502056877669498
2018/06/17 15:00:00,2018/06/17 16:00:00,2018/06/17 20:00:00,1.8648719532089895,1.8648719532089895,0.0,0.0,0.9800011244058132,0.0,0.17210040794950074,0.03519683942549728,0.0,0.0037672755026463456,0.3141807946938977,0.0,0.3596255112316345,0.0,0.0,0.0,0.0,0.0,0.0,0.0,0.0,0.0,0.0,0.0,0.0,0.0,0.0,0.0,0.0,0.0,0.0,0.0,0.0,0.0,0.0,0.0,0.006363202141435303,0.006363202141435303
2018/06/17 16:00:00,2018/06/17 17:00:00,2018/06/17 21:00:00,2.9161617451068946,2.9161617451068946,0.0,0.0,1.199418800293739,0.0,0.1727083280322343,0.035321167228030935,0.0,0.003780582864683052,1.0702362291689236,0.0,0.43469663751928395,0.0,0.0,0.0,0.0,0.0,0.0,0.0,0.0,0.0,0.0,0.0,0.0,0.0,0.0,0.0,0.0,0.0,0.0,0.0,0.0,0.0,0.0,0.0,0.009950348939135116,0.009950348939135116
2018/06/17 17:00:00,2018/06/17 18:00:00,2018/06/17 22:00:00,2.514862725498371,2.514862725498371,0.0,0.0,1.296153844886522,0.0,0.17552352094686682,0.035896911900275955,0.0,0.0038422073978778286,0.5350858754207735,0.0,0.46836036494605454,0.0,0.0,0.0,0.0,0.0,0.0,0.0,0.0,0.0,0.0,0.0,0.0,0.0,0.0,0.0,0.0,0.0,0.0,0.0,0.0,0.0,0.0,0.0,0.008581060942425844,0.008581060942425844
2018/06/17 18:00:00,2018/06/17 19:00:00,2018/06/17 23:00:00,3.2399265004802125,3.2399265004802125,0.0,0.0,1.2841967014930795,0.0,0.1854355004655871,0.03792404452399166,0.0,0.004059180489740367,0.5513214305361466,0.0,0.464736548726784,0.0,0.0,0.0,0.0,0.712253094244883,0.0,0.0,0.0,0.0,0.0,0.0,0.0,0.0,0.0,0.0,0.0,0.0,0.0,0.0,0.0,0.0,0.0,0.0,0.011055079256499643,0.011055079256499643
2018/06/17 19:00:00,2018/06/17 20:00:00,2018/06/18 00:00:00,2.494877150546999,2.494877150546999,0.0,0.0,1.1003638180305886,0.0,0.21169246292360147,0.04329394516773225,0.0,0.0046339450276083275,0.5005084163794185,0.0,0.4032436031960498,0.0,0.0,0.0,0.0,0.23114095982200042,0.0,0.0,0.0,0.0,0.0,0.0,0.0,0.0,0.0,0.0,0.0,0.0,0.0,0.0,0.0,0.0,0.0,0.0,0.008512867384627115,0.008512867384627115
2018/06/17 20:00:00,2018/06/17 21:00:00,2018/06/18 01:00:00,1.9293411467480521,1.9293411467480521,0.0,0.0,0.7817538571026776,0.0,0.2630250272863957,0.05379214239284531,0.0,0.005757614137496295,0.5283498628525346,0.0,0.29666264297610245,0.0,0.0,0.0,0.0,0.0,0.0,0.0,0.0,0.0,0.0,0.0,0.0,0.0,0.0,0.0,0.0,0.0,0.0,0.0,0.0,0.0,0.0,0.0,0.006583179984781846,0.006583179984781846
2018/06/17 21:00:00,2018/06/17 22:00:00,2018/06/18 02:00:00,2.395506393113329,2.395506393113329,0.0,0.0,0.4713692933682908,0.0,0.33411180980362465,0.06833034192034627,0.0,0.007313702804163992,1.328967382968734,0.0,0.18541386224816978,0.0,0.0,0.0,0.0,0.0,0.0,0.0,0.0,0.0,0.0,0.0,0.0,0.0,0.0,0.0,0.0,0.0,0.0,0.0,0.0,0.0,0.0,0.0,0.008173800557325694,0.008173800557325694
2018/06/17 22:00:00,2018/06/17 23:00:00,2018/06/18 03:00:00,1.71571081439459,1.71571081439459,0.0,0.0,0.1969873790970893,0.0,0.2788500201125949,0.05702856546731482,0.0,0.0061040230072602055,0.39843385714884805,0.0,0.0779329862654226,0.0,0.0,0.0,0.0,0.7003739832960602,0.0,0.0,0.0,0.0,0.0,0.0,0.0,0.0,0.0,0.0,0.0,0.0,0.0,0.0,0.0,0.0,0.0,0.0,0.005854243616808735,0.005854243616808735
2018/06/17 23:00:00,2018/06/18 00:00:00,2018/06/18 04:00:00,0.8832211146792492,0.8832211146792492,0.0,0.0,0.018913448803308735,0.0,0.13094360677997474,0.026779722120023,0.0,0.002866353705536267,0.33988697256011713,0.0,0.007481205167270466,0.0,0.0,0.0,0.0,0.3563498055430189,0.0,0.0,0.0,0.0,0.0,0.0,0.0,0.0,0.0,0.0,0.0,0.0,0.0,0.0,0.0,0.0,0.0,0.0,0.003013673125716234,0.003013673125716234
2018/06/18 00:00:00,2018/06/18 01:00:00,2018/06/18 05:00:00,0.5492719591457788,0.5492719591457788,0.0,0.0,0.0,0.0,0.06501908921459039,0.013297274945155983,0.0,0.0014232669458539432,0.3050892066174897,0.0,0.0,0.0,0.0,0.0,0.0,0.1644431214226887,0.0,0.0,0.0,0.0,0.0,0.0,0.0,0.0,0.0,0.0,0.0,0.0,0.0,0.0,0.0,0.0,0.0,0.0,0.0018741922203572852,0.0018741922203572852
2018/06/18 01:00:00,2018/06/18 02:00:00,2018/06/18 06:00:00,0.7280575552772562,0.7280575552772562,0.38761239543697346,0.0,0.0,0.0,0.03901145352875434,0.00797836496709361,0.0,0.0008539601675123682,0.2926013811769224,0.0,0.0,0.0,0.0,0.0,0.0,0.0,0.0,0.0,0.0,0.0,0.0,0.0,0.0,0.0,0.0,0.0,0.0,0.0,0.0,0.0,0.0,0.0,0.0,0.0,0.002484233508288067,0.002484233508288067
2018/06/18 02:00:00,2018/06/18 03:00:00,2018/06/18 07:00:00,0.9292520587858466,0.9292520587858466,0.6348464210786708,0.0,0.0,0.0,0.026007635685836212,0.005318909978062404,0.0,0.0005693067783415784,0.2625097852649354,0.0,0.0,0.0,0.0,0.0,0.0,0.0,0.0,0.0,0.0,0.0,0.0,0.0,0.0,0.0,0.0,0.0,0.0,0.0,0.0,0.0,0.0,0.0,0.0,0.0,0.00317073710086336,0.00317073710086336
2018/06/18 03:00:00,2018/06/18 04:00:00,2018/06/18 08:00:00,1.301731895826381,1.301731895826381,1.019116118587341,0.0,0.0,0.0,0.026007635685836212,0.005318909978062404,0.0,0.0005693067783415784,0.25071992479679983,0.0,0.0,0.0,0.0,0.0,0.0,0.0,0.0,0.0,0.0,0.0,0.0,0.0,0.0,0.0,0.0,0.0,0.0,0.0,0.0,0.0,0.0,0.0,0.0,0.0,0.004441690043567725,0.004441690043567725
2018/06/18 04:00:00,2018/06/18 05:00:00,2018/06/18 09:00:00,1.647601174517314,1.647601174517314,1.3777999560463048,0.0,0.0,0.0,0.026843243274492543,0.00548980292637717,0.0,0.0005875982166715451,0.23688057405346816,0.0,0.0,0.0,0.0,0.0,0.0,0.0,0.0,0.0,0.0,0.0,0.0,0.0,0.0,0.0,0.0,0.0,0.0,0.0,0.0,0.0,0.0,0.0,0.0,0.0,0.005621844064885771,0.005621844064885771
2018/06/18 05:00:00,2018/06/18 06:00:00,2018/06/18 10:00:00,1.9713976369739676,1.9713976369739676,1.6289695859888158,0.0,0.0,0.0,0.06900948530167404,0.014113364412895239,0.0,0.0015106166599181724,0.25779458461066423,0.0,0.0,0.0,0.0,0.0,0.0,0.0,0.0,0.0,0.0,0.0,0.0,0.0,0.0,0.0,0.0,0.0,0.0,0.0,0.0,0.0,0.0,0.0,0.0,0.0,0.006726682571222862,0.006726682571222862
2018/06/18 06:00:00,2018/06/18 07:00:00,2018/06/18 11:00:00,1.9432403052383178,1.9432403052383178,1.4293945562385124,0.0,0.0,0.0,0.16201522163153,0.03313428369051031,0.0,0.003546510916391187,0.31514973276137404,0.0,0.0,0.0,0.0,0.0,0.0,0.0,0.0,0.0,0.0,0.0,0.0,0.0,0.0,0.0,0.0,0.0,0.0,0.0,0.0,0.0,0.0,0.0,0.0,0.0,0.006630605844191238,0.006630605844191238
2018/06/18 07:00:00,2018/06/18 08:00:00,2018/06/18 12:00:00,1.619322833886283,1.619322833886283,0.5712446026148701,0.0,0.0,0.0,0.20502608639988215,0.041930581844827744,0.0,0.0044880181395291685,0.36010528653425383,0.0,0.0,0.0,0.0,0.0,0.0,0.43652825835292,0.0,0.0,0.0,0.0,0.0,0.0,0.0,0.0,0.0,0.0,0.0,0.0,0.0,0.0,0.0,0.0,0.0,0.0,0.005525354438694558,0.005525354438694558
2018/06/18 08:00:00,2018/06/18 09:00:00,2018/06/18 13:00:00,1.8236921384915459,1.8236921384915459,0.03157512306261719,0.0,0.059396790193002355,0.0,0.20318552328194064,0.04155416202522051,0.0,0.004447728238837415,0.3700265833719114,0.0,0.023271383972736585,0.0,0.0,0.0,0.0,1.0902348443452798,0.0,0.0,0.0,0.0,0.0,0.0,0.0,0.0,0.0,0.0,0.0,0.0,0.0,0.0,0.0,0.0,0.0,0.0,0.006222690893602416,0.006222690893602416
2018/06/18 09:00:00,2018/06/18 10:00:00,2018/06/18 14:00:00,3.5589107262458004,3.5589107262458004,0.0,0.0,0.06919417345696782,0.0,0.19457144785868138,0.03979246817984311,0.0,0.0042591662493183975,1.9059961541888941,0.0,0.026276445481242666,0.0,0.0,0.0,0.0,1.3188208708308526,0.0,0.0,0.0,0.0,0.0,0.0,0.0,0.0,0.0,0.0,0.0,0.0,0.0,0.0,0.0,0.0,0.0,0.0,0.0121434977428107,0.0121434977428107
2018/06/18 10:00:00,2018/06/18 11:00:00,2018/06/18 15:00:00,2.5464069358096126,2.5464069358096126,0.0,0.0,0.2837582242259374,0.0,0.18848183893972803,0.03854706156031103,0.0,0.004125864795972619,0.6071832907401078,0.0,0.10548978471670309,0.0,0.0,0.0,0.0,1.3188208708308526,0.0,0.0,0.0,0.0,0.0,0.0,0.0,0.0,0.0,0.0,0.0,0.0,0.0,0.0,0.0,0.0,0.0,0.0,0.008688694169606393,0.008688694169606393
2018/06/18 11:00:00,2018/06/18 12:00:00,2018/06/18 16:00:00,2.521976948558158,2.521976948558158,0.0,0.0,0.4582738117927686,0.0,0.18004485089820238,0.03682158445731919,0.0,0.003941179246742044,0.35634925718399363,0.0,0.16772539414827878,0.0,0.0,0.0,0.0,1.3188208708308526,0.0,0.0,0.0,0.0,0.0,0.0,0.0,0.0,0.0,0.0,0.0,0.0,0.0,0.0,0.0,0.0,0.0,0.0,0.008605335659695727,0.008605335659695727
2018/06/18 12:00:00,2018/06/18 13:00:00,2018/06/18 17:00:00,2.5413013304206564,2.5413013304206564,0.0,0.0,0.64218296477697,0.0,0.17395524197924905,0.03557617783778712,0.0,0.003807877793396267,1.0945620652891763,0.0,0.22980671287774193,0.0,0.0,0.0,0.0,0.36141028986633544,0.0,0.0,0.0,0.0,0.0,0.0,0.0,0.0,0.0,0.0,0.0,0.0,0.0,0.0,0.0,0.0,0.0,0.0,0.008671273134833242,0.008671273134833242
2018/06/18 13:00:00,2018/06/18 14:00:00,2018/06/18 18:00:00,1.6275807282708652,1.6275807282708652,0.0,0.0,0.8526623557987419,0.0,0.1721632852403147,0.035209698673971224,0.0,0.003768651885655419,0.26620885734512484,0.0,0.29756787932705686,0.0,0.0,0.0,0.0,0.0,0.0,0.0,0.0,0.0,0.0,0.0,0.0,0.0,0.0,0.0,0.0,0.0,0.0,0.0,0.0,0.0,0.0,0.0,0.005553531521384498,0.005553531521384498
2018/06/18 14:00:00,2018/06/18 15:00:00,2018/06/18 19:00:00,1.8972054401136644,1.8972054401136644,0.0,0.0,1.0314649975831134,0.0,0.17199652313011424,0.03517559358796407,0.0,0.0037650014654152042,0.2956372840816883,0.0,0.35916604026536914,0.0,0.0,0.0,0.0,0.0,0.0,0.0,0.0,0.0,0.0,0.0,0.0,0.0,0.0,0.0,0.0,0.0,0.0,0.0,0.0,0.0,0.0,0.0,0.006473528489985863,0.006473528489985863
2018/06/18 15:00:00,2018/06/18 16:00:00,2018/06/18 20:00:00,2.768402560410021,2.768402560410021,0.0,0.0,1.2199316253455126,0.0,0.17210040794950074,0.03519683942549728,0.0,0.0037672755026463456,0.28373458382035643,0.0,0.42429346540522617,0.0,0.0,0.0,0.0,0.6293783629612818,0.0,0.0,0.0,0.0,0.0,0.0,0.0,0.0,0.0,0.0,0.0,0.0,0.0,0.0,0.0,0.0,0.0,0.0,0.009446174076693764,0.009446174076693764
2018/06/18 16:00:00,2018/06/18 17:00:00,2018/06/18 21:00:00,2.4247262361201782,2.4247262361201782,0.0,0.0,1.3581913649289614,0.0,0.1727083280322343,0.035321167228030935,0.0,0.003780582864683052,0.38388522406492354,0.0,0.4708395690013452,0.0,0.0,0.0,0.0,0.0,0.0,0.0,0.0,0.0,0.0,0.0,0.0,0.0,0.0,0.0,0.0,0.0,0.0,0.0,0.0,0.0,0.0,0.0,0.008273502720401097,0.008273502720401097
2018/06/18 17:00:00,2018/06/18 18:00:00,2018/06/18 22:00:00,2.717067652902732,2.717067652902732,0.0,0.0,1.4629078633620145,0.0,0.17552352094686682,0.035896911900275955,0.0,0.0038422073978778286,0.5350858754207735,0.0,0.5038112738749234,0.0,0.0,0.0,0.0,0.0,0.0,0.0,0.0,0.0,0.0,0.0,0.0,0.0,0.0,0.0,0.0,0.0,0.0,0.0,0.0,0.0,0.0,0.0,0.00927101224168484,0.00927101224168484
2018/06/18 18:00:00,2018/06/18 19:00:00,2018/06/18 23:00:00,2.886416791291423,2.886416791291423,0.0,0.0,1.4660914795540219,0.0,0.1854355004655871,0.03792404452399166,0.0,0.004059180489740367,0.5513214305361466,0.0,0.5063494962054719,0.0,0.0,0.0,0.0,0.13523565951646382,0.0,0.0,0.0,0.0,0.0,0.0,0.0,0.0,0.0,0.0,0.0,0.0,0.0,0.0,0.0,0.0,0.0,0.0,0.009848855025041011,0.009848855025041011
2018/06/18 19:00:00,2018/06/18 20:00:00,2018/06/19 00:00:00,3.874334763585905,3.874334763585905,0.0,0.0,1.3280262231623927,0.0,0.21169246292360147,0.04329394516773225,0.0,0.0046339450276083275,0.5005084163794185,0.0,0.4673589000942988,0.0,0.0,0.0,0.0,1.3188208708308526,0.0,0.0,0.0,0.0,0.0,0.0,0.0,0.0,0.0,0.0,0.0,0.0,0.0,0.0,0.0,0.0,0.0,0.0,0.01321976837169167,0.01321976837169167
2018/06/18 20:00:00,2018/06/18 21:00:00,2018/06/19 01:00:00,2.427801382850653,2.427801382850653,0.0,0.0,0.9575353554700795,0.0,0.2630250272863957,0.05379214239284531,0.0,0.005757614137496295,0.49005820397958605,0.0,0.350637708222526,0.0,0.0,0.0,0.0,0.306995331361724,0.0,0.0,0.0,0.0,0.0,0.0,0.0,0.0,0.0,0.0,0.0,0.0,0.0,0.0,0.0,0.0,0.0,0.0,0.008283995548193864,0.008283995548193864
2018/06/18 21:00:00,2018/06/18 22:00:00,2018/06/19 02:00:00,1.9571691906260247,1.9571691906260247,0.0,0.0,0.5987705741174497,0.0,0.33411180980362465,0.06833034192034627,0.0,0.007313702804163992,0.4657559093404247,0.0,0.22750714356019414,0.0,0.0,0.0,0.0,0.255379709079821,0.0,0.0,0.0,0.0,0.0,0.0,0.0,0.0,0.0,0.0,0.0,0.0,0.0,0.0,0.0,0.0,0.0,0.0,0.006678133135903867,0.006678133135903867
2018/06/18 22:00:00,2018/06/18 23:00:00,2018/06/19 03:00:00,1.4188030645942797,1.4188030645942797,0.0,0.0,0.33794263236801003,0.0,0.2788500201125949,0.05702856546731482,0.0,0.0061040230072602055,0.39843385714884805,0.0,0.1309398014338859,0.0,0.0,0.0,0.0,0.20950416505636574,0.0,0.0,0.0,0.0,0.0,0.0,0.0,0.0,0.0,0.0,0.0,0.0,0.0,0.0,0.0,0.0,0.0,0.0,0.004841153132989147,0.004841153132989147
2018/06/18 23:00:00,2018/06/19 00:00:00,2018/06/19 04:00:00,0.6825384549908192,0.6825384549908192,0.0,0.0,0.13084126384556666,0.0,0.13094360677997474,0.026779722120023,0.0,0.002866353705536267,0.33988697256011713,0.0,0.0512205359796014,0.0,0.0,0.0,0.0,0.0,0.0,0.0,0.0,0.0,0.0,0.0,0.0,0.0,0.0,0.0,0.0,0.0,0.0,0.0,0.0,0.0,0.0,0.0,0.002328916015352184,0.002328916015352184
2018/06/19 00:00:00,2018/06/19 01:00:00,2018/06/19 05:00:00,0.3878600485235217,0.3878600485235217,0.0,0.0,0.002176742438490921,0.0,0.06501908921459039,0.013297274945155983,0.0,0.0014232669458539432,0.3050892066174897,0.0,0.0008544683619406631,0.0,0.0,0.0,0.0,0.0,0.0,0.0,0.0,0.0,0.0,0.0,0.0,0.0,0.0,0.0,0.0,0.0,0.0,0.0,0.0,0.0,0.0,0.0,0.0013234323606482435,0.0013234323606482435
2018/06/19 01:00:00,2018/06/19 02:00:00,2018/06/19 06:00:00,0.34044515984028273,0.34044515984028273,0.0,0.0,0.0,0.0,0.03901145352875434,0.00797836496709361,0.0,0.0008539601675123682,0.2926013811769224,0.0,0.0,0.0,0.0,0.0,0.0,0.0,0.0,0.0,0.0,0.0,0.0,0.0,0.0,0.0,0.0,0.0,0.0,0.0,0.0,0.0,0.0,0.0,0.0,0.0,0.001161646174370986,0.001161646174370986
2018/06/19 02:00:00,2018/06/19 03:00:00,2018/06/19 07:00:00,0.29440563770717565,0.29440563770717565,0.0,0.0,0.0,0.0,0.026007635685836212,0.005318909978062404,0.0,0.0005693067783415784,0.2625097852649354,0.0,0.0,0.0,0.0,0.0,0.0,0.0,0.0,0.0,0.0,0.0,0.0,0.0,0.0,0.0,0.0,0.0,0.0,0.0,0.0,0.0,0.0,0.0,0.0,0.0,0.0010045529298058915,0.0010045529298058915
2018/06/19 03:00:00,2018/06/19 04:00:00,2018/06/19 08:00:00,0.28261577723904,0.28261577723904,0.0,0.0,0.0,0.0,0.026007635685836212,0.005318909978062404,0.0,0.0005693067783415784,0.25071992479679983,0.0,0.0,0.0,0.0,0.0,0.0,0.0,0.0,0.0,0.0,0.0,0.0,0.0,0.0,0.0,0.0,0.0,0.0,0.0,0.0,0.0,0.0,0.0,0.0,0.0,0.00096432428823671,0.00096432428823671
2018/06/19 04:00:00,2018/06/19 05:00:00,2018/06/19 09:00:00,0.7447424566647273,0.7447424566647273,0.040472188542346924,0.0,0.0,0.0,0.026843243274492543,0.00548980292637717,0.0,0.0005875982166715451,0.23688057405346816,0.0,0.0,0.0,0.0,0.0,0.0,0.4344690496513709,0.0,0.0,0.0,0.0,0.0,0.0,0.0,0.0,0.0,0.0,0.0,0.0,0.0,0.0,0.0,0.0,0.0,0.0,0.00254116470941193,0.00254116470941193
2018/06/19 05:00:00,2018/06/19 06:00:00,2018/06/19 10:00:00,0.4966151125241974,0.4966151125241974,0.15418706153904574,0.0,0.0,0.0,0.06900948530167404,0.014113364412895239,0.0,0.0015106166599181724,0.25779458461066423,0.0,0.0,0.0,0.0,0.0,0.0,0.0,0.0,0.0,0.0,0.0,0.0,0.0,0.0,0.0,0.0,0.0,0.0,0.0,0.0,0.0,0.0,0.0,0.0,0.0,0.001694519745468535,0.001694519745468535
2018/06/19 06:00:00,2018/06/19 07:00:00,2018/06/19 11:00:00,0.6810764982287949,0.6810764982287949,0.16723074922898953,0.0,0.0,0.0,0.16201522163153,0.03313428369051031,0.0,0.003546510916391187,0.31514973276137404,0.0,0.0,0.0,0.0,0.0,0.0,0.0,0.0,0.0,0.0,0.0,0.0,0.0,0.0,0.0,0.0,0.0,0.0,0.0,0.0,0.0,0.0,0.0,0.0,0.0,0.0023239276158093674,0.0023239276158093674
2018/06/19 07:00:00,2018/06/19 08:00:00,2018/06/19 12:00:00,1.3589326844695873,1.3589326844695873,0.0025572937548170036,0.0,0.0,0.0,0.20502608639988215,0.041930581844827744,0.0,0.0044880181395291685,0.4581626503500126,0.0,0.0,0.0,0.0,0.0,0.0,0.6467680539805186,0.0,0.0,0.0,0.0,0.0,0.0,0.0,0.0,0.0,0.0,0.0,0.0,0.0,0.0,0.0,0.0,0.0,0.0,0.004636867079803332,0.004636867079803332
2018/06/19 08:00:00,2018/06/19 09:00:00,2018/06/19 13:00:00,4.2209949182691116,4.2209949182691116,0.0,0.0,0.10491006483611051,0.0,0.20318552328194064,0.04155416202522051,0.0,0.004447728238837415,2.507380190934542,0.0,0.04069637812160775,0.0,0.0,0.0,0.0,1.3188208708308526,0.0,0.0,0.0,0.0,0.0,0.0,0.0,0.0,0.0,0.0,0.0,0.0,0.0,0.0,0.0,0.0,0.0,0.0,0.014402620971750732,0.014402620971750732
2018/06/19 09:00:00,2018/06/19 10:00:00,2018/06/19 14:00:00,1.9580716370016908,1.9580716370016908,0.0,0.0,0.1163379244570508,0.0,0.19457144785868138,0.03979246817984311,0.0,0.0042591662493183975,0.24045407484446327,0.0,0.043835684581481245,0.0,0.0,0.0,0.0,1.3188208708308526,0.0,0.0,0.0,0.0,0.0,0.0,0.0,0.0,0.0,0.0,0.0,0.0,0.0,0.0,0.0,0.0,0.0,0.0,0.006681212408290525,0.006681212408290525
2018/06/19 10:00:00,2018/06/19 11:00:00,2018/06/19 15:00:00,2.0958143059338963,2.0958143059338963,0.0,0.0,0.22495578976772235,0.0,0.18848183893972803,0.03854706156031103,0.0,0.004125864795972619,0.23706579076249806,0.0,0.08381708927681134,0.0,0.0,0.0,0.0,1.3188208708308526,0.0,0.0,0.0,0.0,0.0,0.0,0.0,0.0,0.0,0.0,0.0,0.0,0.0,0.0,0.0,0.0,0.0,0.0,0.007151209527614566,0.007151209527614566
2018/06/19 11:00:00,2018/06/19 12:00:00,2018/06/19 16:00:00,1.2251958872499538,1.2251958872499538,0.0,0.0,0.438696225097926,0.0,0.18004485089820238,0.03682158445731919,0.0,0.003941179246742044,0.2521460954047706,0.0,0.16200112781531847,0.0,0.0,0.0,0.0,0.15154482432967478,0.0,0.0,0.0,0.0,0.0,0.0,0.0,0.0,0.0,0.0,0.0,0.0,0.0,0.0,0.0,0.0,0.0,0.0,0.004180538551191854,0.004180538551191854
2018/06/19 12:00:00,2018/06/19 13:00:00,2018/06/19 17:00:00,2.27862307549375,2.27862307549375,0.0,0.0,0.6503779463507603,0.0,0.17395524197924905,0.03557617783778712,0.0,0.003807877793396267,0.25819048102071934,0.0,0.23658646402938302,0.0,0.0,0.0,0.0,0.9201288864824549,0.0,0.0,0.0,0.0,0.0,0.0,0.0,0.0,0.0,0.0,0.0,0.0,0.0,0.0,0.0,0.0,0.0,0.0,0.007774978442115503,0.007774978442115503
2018/06/19 13:00:00,2018/06/19 14:00:00,2018/06/19 18:00:00,1.554065754101866,1.554065754101866,0.0,0.0,0.7885654141648603,0.0,0.1721632852403147,0.035209698673971224,0.0,0.003768651885655419,0.26620885734512484,0.0,0.2881498467919398,0.0,0.0,0.0,0.0,0.0,0.0,0.0,0.0,0.0,0.0,0.0,0.0,0.0,0.0,0.0,0.0,0.0,0.0,0.0,0.0,0.0,0.0,0.0,0.005302688218038773,0.005302688218038773
2018/06/19 14:00:00,2018/06/19 15:00:00,2018/06/19 19:00:00,1.579383001004764,1.579383001004764,0.0,0.0,0.7825760864764342,0.0,0.17199652313011424,0.03517559358796407,0.0,0.0037650014654152042,0.2956372840816883,0.0,0.2902325122631483,0.0,0.0,0.0,0.0,0.0,0.0,0.0,0.0,0.0,0.0,0.0,0.0,0.0,0.0,0.0,0.0,0.0,0.0,0.0,0.0,0.0,0.0,0.0,0.00538907418112356,0.00538907418112356
2018/06/19 15:00:00,2018/06/19 16:00:00,2018/06/19 20:00:00,1.4741524218227213,1.4741524218227213,0.0,0.0,0.7114091069526022,0.0,0.17210040794950074,0.03519683942549728,0.0,0.0037672755026463456,0.28373458382035643,0.0,0.2679442081721181,0.0,0.0,0.0,0.0,0.0,0.0,0.0,0.0,0.0,0.0,0.0,0.0,0.0,0.0,0.0,0.0,0.0,0.0,0.0,0.0,0.0,0.0,0.0,0.005030012828067428,0.005030012828067428
2018/06/19 16:00:00,2018/06/19 17:00:00,2018/06/19 21:00:00,1.5215943647722976,1.5215943647722976,0.0,0.0,0.6710760912188565,0.0,0.1727083280322343,0.035321167228030935,0.0,0.003780582864683052,0.38388522406492354,0.0,0.2548229713635694,0.0,0.0,0.0,0.0,0.0,0.0,0.0,0.0,0.0,0.0,0.0,0.0,0.0,0.0,0.0,0.0,0.0,0.0,0.0,0.0,0.0,0.0,0.0,0.005191891327259359,0.005191891327259359
2018/06/19 17:00:00,2018/06/19 18:00:00,2018/06/19 22:00:00,1.5958713130295812,1.5958713130295812,0.0,0.0,0.6119516431608257,0.0,0.17552352094686682,0.035896911900275955,0.0,0.0038422073978778286,0.5350858754207735,0.0,0.2335711542029612,0.0,0.0,0.0,0.0,0.0,0.0,0.0,0.0,0.0,0.0,0.0,0.0,0.0,0.0,0.0,0.0,0.0,0.0,0.0,0.0,0.0,0.0,0.0,0.005445334592035114,0.005445334592035114
2018/06/19 18:00:00,2018/06/19 19:00:00,2018/06/19 23:00:00,1.4350542364122683,1.4350542364122683,0.0,0.0,0.4718939950719826,0.0,0.1854355004655871,0.03792404452399166,0.0,0.004059180489740367,0.5513214305361466,0.0,0.18442008532481996,0.0,0.0,0.0,0.0,0.0,0.0,0.0,0.0,0.0,0.0,0.0,0.0,0.0,0.0,0.0,0.0,0.0,0.0,0.0,0.0,0.0,0.0,0.0,0.004896604388575417,0.004896604388575417
2018/06/19 19:00:00,2018/06/19 20:00:00,2018/06/20 00:00:00,2.840505601983799,2.840505601983799,0.0,0.0,0.40249792650621485,0.0,0.21169246292360147,0.04329394516773225,0.0,0.0046339450276083275,0.8349704706675662,0.0,0.15887509008563983,0.0,0.0,0.0,0.0,1.1845417616054368,0.0,0.0,0.0,0.0,0.0,0.0,0.0,0.0,0.0,0.0,0.0,0.0,0.0,0.0,0.0,0.0,0.0,0.0,0.009692199669902332,0.009692199669902332
2018/06/19 20:00:00,2018/06/19 21:00:00,2018/06/20 01:00:00,10.221633022874546,10.221633022874546,0.0,0.0,0.28481686654845717,0.0,0.2630250272863957,0.05379214239284531,0.0,0.005757614137496295,8.183132010114784,0.0,0.11228849156371483,0.0,0.0,0.0,0.0,1.3188208708308526,0.0,0.0,0.0,0.0,0.0,0.0,0.0,0.0,0.0,0.0,0.0,0.0,0.0,0.0,0.0,0.0,0.0,0.0,0.034877631693800294,0.034877631693800294
2018/06/19 21:00:00,2018/06/19 22:00:00,2018/06/20 02:00:00,6.004166808425777,6.004166808425777,0.0,0.0,0.1970580138724122,0.0,0.33411180980362465,0.06833034192034627,0.0,0.007313702804163992,4.00089833139563,0.0,0.07763373779874647,0.0,0.0,0.0,0.0,1.3188208708308526,0.0,0.0,0.0,0.0,0.0,0.0,0.0,0.0,0.0,0.0,0.0,0.0,0.0,0.0,0.0,0.0,0.0,0.0,0.020487051149633593,0.020487051149633593
2018/06/19 22:00:00,2018/06/19 23:00:00,2018/06/20 03:00:00,4.070624726074696,4.070624726074696,0.0,0.0,0.15082667821985893,0.0,0.2788500201125949,0.05702856546731482,0.0,0.0061040230072602055,2.199627452118412,0.0,0.05936711631840195,0.0,0.0,0.0,0.0,1.3188208708308526,0.0,0.0,0.0,0.0,0.0,0.0,0.0,0.0,0.0,0.0,0.0,0.0,0.0,0.0,0.0,0.0,0.0,0.0,0.013889536989049902,0.013889536989049902
2018/06/19 23:00:00,2018/06/20 00:00:00,2018/06/20 04:00:00,1.8651582424248525,1.8651582424248525,0.0,0.0,0.0,0.0,0.13094360677997474,0.026779722120023,0.0,0.002866353705536267,0.385747688988466,0.0,0.0,0.0,0.0,0.0,0.0,1.3188208708308526,0.0,0.0,0.0,0.0,0.0,0.0,0.0,0.0,0.0,0.0,0.0,0.0,0.0,0.0,0.0,0.0,0.0,0.0,0.006364179000006378,0.006364179000006378
2018/06/20 00:00:00,2018/06/20 01:00:00,2018/06/20 05:00:00,2.099929732383586,2.099929732383586,0.39628002382964317,0.0,0.0,0.0,0.06501908921459039,0.013297274945155983,0.0,0.0014232669458539432,0.3050892066174897,0.0,0.0,0.0,0.0,0.0,0.0,1.3188208708308526,0.0,0.0,0.0,0.0,0.0,0.0,0.0,0.0,0.0,0.0,0.0,0.0,0.0,0.0,0.0,0.0,0.0,0.0,0.007165251934307703,0.007165251934307703
2018/06/20 01:00:00,2018/06/20 02:00:00,2018/06/20 06:00:00,2.8080247370082723,2.8080247370082723,1.0657117870367263,0.0,0.0,0.0,0.03901145352875434,0.00797836496709361,0.0,0.0008539601675123682,0.3756483004773328,0.0,0.0,0.0,0.0,0.0,0.0,1.3188208708308526,0.0,0.0,0.0,0.0,0.0,0.0,0.0,0.0,0.0,0.0,0.0,0.0,0.0,0.0,0.0,0.0,0.0,0.0,0.009581370446902708,0.009581370446902708
2018/06/20 02:00:00,2018/06/20 03:00:00,2018/06/20 07:00:00,3.9179414665016634,3.9179414665016634,0.8035364832340213,0.0,0.0,0.0,0.026007635685836212,0.005318909978062404,0.0,0.0005693067783415784,2.2051022431309333,0.0,0.0,0.0,0.0,0.0,0.0,0.8774068876944684,0.0,0.0,0.0,0.0,0.0,0.0,0.0,0.0,0.0,0.0,0.0,0.0,0.0,0.0,0.0,0.0,0.0,0.0,0.013368560499160268,0.013368560499160268
2018/06/20 03:00:00,2018/06/20 04:00:00,2018/06/20 08:00:00,2.9072271844686677,2.9072271844686677,0.9610444564545575,0.0,0.0,0.0,0.026007635685836212,0.005318909978062404,0.0,0.0005693067783415784,1.91428687557187,0.0,0.0,0.0,0.0,0.0,0.0,0.0,0.0,0.0,0.0,0.0,0.0,0.0,0.0,0.0,0.0,0.0,0.0,0.0,0.0,0.0,0.0,0.0,0.0,0.0,0.009919862977196485,0.009919862977196485
2018/06/20 04:00:00,2018/06/20 05:00:00,2018/06/20 09:00:00,3.0979338396497784,3.0979338396497784,1.13334240066769,0.0,0.0,0.0,0.026843243274492543,0.00548980292637717,0.0,0.0005875982166715451,1.931670794564547,0.0,0.0,0.0,0.0,0.0,0.0,0.0,0.0,0.0,0.0,0.0,0.0,0.0,0.0,0.0,0.0,0.0,0.0,0.0,0.0,0.0,0.0,0.0,0.0,0.0,0.01057058057448045,0.01057058057448045
2018/06/20 05:00:00,2018/06/20 06:00:00,2018/06/20 10:00:00,1.706666959025708,1.706666959025708,1.3642389080405561,0.0,0.0,0.0,0.06900948530167404,0.014113364412895239,0.0,0.0015106166599181724,0.25779458461066423,0.0,0.0,0.0,0.0,0.0,0.0,0.0,0.0,0.0,0.0,0.0,0.0,0.0,0.0,0.0,0.0,0.0,0.0,0.0,0.0,0.0,0.0,0.0,0.0,0.0,0.0058233847260676964,0.0058233847260676964
2018/06/20 06:00:00,2018/06/20 07:00:00,2018/06/20 11:00:00,1.8432782240667305,1.8432782240667305,1.329432475066925,0.0,0.0,0.0,0.16201522163153,0.03313428369051031,0.0,0.003546510916391187,0.31514973276137404,0.0,0.0,0.0,0.0,0.0,0.0,0.0,0.0,0.0,0.0,0.0,0.0,0.0,0.0,0.0,0.0,0.0,0.0,0.0,0.0,0.0,0.0,0.0,0.0,0.0,0.006289521338159155,0.006289521338159155
2018/06/20 07:00:00,2018/06/20 08:00:00,2018/06/20 12:00:00,1.6416790725206982,1.6416790725206982,1.030129099602205,0.0,0.0,0.0,0.20502608639988215,0.041930581844827744,0.0,0.0044880181395291685,0.36010528653425383,0.0,0.0,0.0,0.0,0.0,0.0,0.0,0.0,0.0,0.0,0.0,0.0,0.0,0.0,0.0,0.0,0.0,0.0,0.0,0.0,0.0,0.0,0.0,0.0,0.0,0.005601637030273115,0.005601637030273115
2018/06/20 08:00:00,2018/06/20 09:00:00,2018/06/20 13:00:00,1.1027332477837297,1.1027332477837297,0.5566794734915647,0.0,0.0,0.0,0.20318552328194064,0.04155416202522051,0.0,0.004447728238837415,0.29686636074616646,0.0,0.0,0.0,0.0,0.0,0.0,0.0,0.0,0.0,0.0,0.0,0.0,0.0,0.0,0.0,0.0,0.0,0.0,0.0,0.0,0.0,0.0,0.0,0.0,0.0,0.003762679014854043,0.003762679014854043
2018/06/20 09:00:00,2018/06/20 10:00:00,2018/06/20 14:00:00,0.9282560576396613,0.9282560576396613,0.09292342708140508,0.0,0.0,0.0,0.19457144785868138,0.03979246817984311,0.0,0.0042591662493183975,0.24045407484446327,0.0,0.0,0.0,0.0,0.0,0.0,0.3562554734259501,0.0,0.0,0.0,0.0,0.0,0.0,0.0,0.0,0.0,0.0,0.0,0.0,0.0,0.0,0.0,0.0,0.0,0.0,0.0031673386066046138,0.0031673386066046138
2018/06/20 10:00:00,2018/06/20 11:00:00,2018/06/20 15:00:00,0.5136253919386139,0.5136253919386139,0.0,0.0,0.0,0.0,0.18848183893972803,0.03854706156031103,0.0,0.004125864795972619,0.23706579076249806,0.0,0.0,0.0,0.0,0.0,0.0,0.04540483588010415,0.0,0.0,0.0,0.0,0.0,0.0,0.0,0.0,0.0,0.0,0.0,0.0,0.0,0.0,0.0,0.0,0.0,0.0,0.001752561181616456,0.001752561181616456
2018/06/20 11:00:00,2018/06/20 12:00:00,2018/06/20 16:00:00,1.0053695485317393,1.0053695485317393,0.0,0.0,0.10052599840321769,0.0,0.18004485089820238,0.03682158445731919,0.0,0.003941179246742044,0.2521460954047706,0.0,0.03863332713026121,0.0,0.0,0.0,0.0,0.3932565129912261,0.0,0.0,0.0,0.0,0.0,0.0,0.0,0.0,0.0,0.0,0.0,0.0,0.0,0.0,0.0,0.0,0.0,0.0,0.0034304605488557514,0.0034304605488557514
2018/06/20 12:00:00,2018/06/20 13:00:00,2018/06/20 17:00:00,2.070682763888309,2.070682763888309,0.0,0.0,0.2034039313240452,0.0,0.17395524197924905,0.03557617783778712,0.0,0.003807877793396267,0.25819048102071934,0.0,0.07692818310225938,0.0,0.0,0.0,0.0,1.3188208708308526,0.0,0.0,0.0,0.0,0.0,0.0,0.0,0.0,0.0,0.0,0.0,0.0,0.0,0.0,0.0,0.0,0.0,0.0,0.007065457215297963,0.007065457215297963
2018/06/20 13:00:00,2018/06/20 14:00:00,2018/06/20 18:00:00,1.3167346407911487,1.3167346407911487,0.0,0.0,0.43628236167595286,0.0,0.1721632852403147,0.035209698673971224,0.0,0.003768651885655419,0.26620885734512484,0.0,0.16323929842663723,0.0,0.0,0.0,0.0,0.2398624875434923,0.0,0.0,0.0,0.0,0.0,0.0,0.0,0.0,0.0,0.0,0.0,0.0,0.0,0.0,0.0,0.0,0.0,0.0,0.0044928814933200495,0.0044928814933200495
2018/06/20 14:00:00,2018/06/20 15:00:00,2018/06/20 19:00:00,1.411207280197801,1.411207280197801,0.0,0.0,0.6587637548800983,0.0,0.17199652313011424,0.03517559358796407,0.0,0.0037650014654152042,0.2956372840816883,0.0,0.24586912305252112,0.0,0.0,0.0,0.0,0.0,0.0,0.0,0.0,0.0,0.0,0.0,0.0,0.0,0.0,0.0,0.0,0.0,0.0,0.0,0.0,0.0,0.0,0.0,0.004815235261547957,0.004815235261547957
2018/06/20 15:00:00,2018/06/20 16:00:00,2018/06/20 20:00:00,1.784720644979252,1.784720644979252,0.0,0.0,0.8787966288127848,0.0,0.17210040794950074,0.03519683942549728,0.0,0.0037672755026463456,0.37050203793802905,0.0,0.32435745535079397,0.0,0.0,0.0,0.0,0.0,0.0,0.0,0.0,0.0,0.0,0.0,0.0,0.0,0.0,0.0,0.0,0.0,0.0,0.0,0.0,0.0,0.0,0.0,0.006089714744464863,0.006089714744464863
2018/06/20 16:00:00,2018/06/20 17:00:00,2018/06/20 21:00:00,4.642527975849015,4.642527975849015,0.0,0.0,1.0600887431713526,0.0,0.1727083280322343,0.035321167228030935,0.0,0.003780582864683052,2.489335845987811,0.0,0.39066361022640583,0.0,0.0,0.0,0.0,0.49062969833849757,0.0,0.0,0.0,0.0,0.0,0.0,0.0,0.0,0.0,0.0,0.0,0.0,0.0,0.0,0.0,0.0,0.0,0.0,0.015840950316595364,0.015840950316595364
2018/06/20 17:00:00,2018/06/20 18:00:00,2018/06/20 22:00:00,5.773905257801962,5.773905257801962,0.0,0.0,1.1380424760294314,0.0,0.17552352094686682,0.035896911900275955,0.0,0.0038422073978778286,3.904057115684472,0.0,0.4213271527175365,0.0,0.0,0.0,0.0,0.09521587312550099,0.0,0.0,0.0,0.0,0.0,0.0,0.0,0.0,0.0,0.0,0.0,0.0,0.0,0.0,0.0,0.0,0.0,0.0,0.019701366754788993,0.019701366754788993
2018/06/20 18:00:00,2018/06/20 19:00:00,2018/06/20 23:00:00,2.0056742771926213,2.0056742771926213,0.0,0.0,0.8902097696538259,0.0,0.1854355004655871,0.03792404452399166,0.0,0.004059180489740367,0.5513214305361466,0.0,0.33672435152332975,0.0,0.0,0.0,0.0,0.0,0.0,0.0,0.0,0.0,0.0,0.0,0.0,0.0,0.0,0.0,0.0,0.0,0.0,0.0,0.0,0.0,0.0,0.0,0.0068436392287913525,0.0068436392287913525
2018/06/20 19:00:00,2018/06/20 20:00:00,2018/06/21 00:00:00,1.6346094300386669,1.6346094300386669,0.0,0.0,0.6270113001554505,0.0,0.21169246292360147,0.04329394516773225,0.0,0.0046339450276083275,0.5057812013940799,0.0,0.2421965753701942,0.0,0.0,0.0,0.0,0.0,0.0,0.0,0.0,0.0,0.0,0.0,0.0,0.0,0.0,0.0,0.0,0.0,0.0,0.0,0.0,0.0,0.0,0.0,0.0055775144281269284,0.0055775144281269284
2018/06/20 20:00:00,2018/06/20 21:00:00,2018/06/21 01:00:00,1.5203975827961485,1.5203975827961485,0.0,0.0,0.42336634472958223,0.0,0.2630250272863957,0.05379214239284531,0.0,0.005757614137496295,0.6089229556408596,0.0,0.16553349860896915,0.0,0.0,0.0,0.0,0.0,0.0,0.0,0.0,0.0,0.0,0.0,0.0,0.0,0.0,0.0,0.0,0.0,0.0,0.0,0.0,0.0,0.0,0.0,0.005187807740919632,0.005187807740919632
2018/06/20 21:00:00,2018/06/20 22:00:00,2018/06/21 02:00:00,1.1902892453535778,1.1902892453535778,0.0,0.0,0.225544343191463,0.0,0.33411180980362465,0.06833034192034627,0.0,0.007313702804163992,0.4657559093404247,0.0,0.08923313829355536,0.0,0.0,0.0,0.0,0.0,0.0,0.0,0.0,0.0,0.0,0.0,0.0,0.0,0.0,0.0,0.0,0.0,0.0,0.0,0.0,0.0,0.0,0.0,0.00406143224038959,0.00406143224038959
2018/06/20 22:00:00,2018/06/20 23:00:00,2018/06/21 03:00:00,0.8352512582484706,0.8352512582484706,0.0,0.0,0.06792604324203584,0.0,0.2788500201125949,0.05702856546731482,0.0,0.0061040230072602055,0.39843385714884805,0.0,0.02690874927041673,0.0,0.0,0.0,0.0,0.0,0.0,0.0,0.0,0.0,0.0,0.0,0.0,0.0,0.0,0.0,0.0,0.0,0.0,0.0,0.0,0.0,0.0,0.0,0.0028499933123974546,0.0028499933123974546
2018/06/20 23:00:00,2018/06/21 00:00:00,2018/06/21 04:00:00,0.5004766551656511,0.5004766551656511,0.0,0.0,0.0,0.0,0.13094360677997474,0.026779722120023,0.0,0.002866353705536267,0.33988697256011713,0.0,0.0,0.0,0.0,0.0,0.0,0.0,0.0,0.0,0.0,0.0,0.0,0.0,0.0,0.0,0.0,0.0,0.0,0.0,0.0,0.0,0.0,0.0,0.0,0.0,0.0017076958653426423,0.0017076958653426423
2018/06/21 00:00:00,2018/06/21 01:00:00,2018/06/21 05:00:00,1.4186700912743149,1.4186700912743149,0.0,0.0,0.0,0.0,0.06501908921459039,0.013297274945155983,0.0,0.0014232669458539432,1.3389304601687144,0.0,0.0,0.0,0.0,0.0,0.0,0.0,0.0,0.0,0.0,0.0,0.0,0.0,0.0,0.0,0.0,0.0,0.0,0.0,0.0,0.0,0.0,0.0,0.0,0.0,0.0048406994095509795,0.0048406994095509795
2018/06/21 01:00:00,2018/06/21 02:00:00,2018/06/21 06:00:00,0.34044515984028273,0.34044515984028273,0.0,0.0,0.0,0.0,0.03901145352875434,0.00797836496709361,0.0,0.0008539601675123682,0.2926013811769224,0.0,0.0,0.0,0.0,0.0,0.0,0.0,0.0,0.0,0.0,0.0,0.0,0.0,0.0,0.0,0.0,0.0,0.0,0.0,0.0,0.0,0.0,0.0,0.0,0.0,0.001161646174370986,0.001161646174370986
2018/06/21 02:00:00,2018/06/21 03:00:00,2018/06/21 07:00:00,0.3687941107444874,0.3687941107444874,0.07438847303731184,0.0,0.0,0.0,0.026007635685836212,0.005318909978062404,0.0,0.0005693067783415784,0.2625097852649354,0.0,0.0,0.0,0.0,0.0,0.0,0.0,0.0,0.0,0.0,0.0,0.0,0.0,0.0,0.0,0.0,0.0,0.0,0.0,0.0,0.0,0.0,0.0,0.0,0.0,0.0012583767326222763,0.0012583767326222763
2018/06/21 03:00:00,2018/06/21 04:00:00,2018/06/21 08:00:00,0.9851314588017595,0.9851314588017595,0.30094386720798144,0.0,0.0,0.0,0.026007635685836212,0.005318909978062404,0.0,0.0005693067783415784,0.25071992479679983,0.0,0.0,0.0,0.0,0.0,0.0,0.40157181435473804,0.0,0.0,0.0,0.0,0.0,0.0,0.0,0.0,0.0,0.0,0.0,0.0,0.0,0.0,0.0,0.0,0.0,0.0,0.003361405375557247,0.003361405375557247
2018/06/21 04:00:00,2018/06/21 05:00:00,2018/06/21 09:00:00,0.7700163175129254,0.7700163175129254,0.5002150990419161,0.0,0.0,0.0,0.026843243274492543,0.00548980292637717,0.0,0.0005875982166715451,0.23688057405346816,0.0,0.0,0.0,0.0,0.0,0.0,0.0,0.0,0.0,0.0,0.0,0.0,0.0,0.0,0.0,0.0,0.0,0.0,0.0,0.0,0.0,0.0,0.0,0.0,0.0,0.0026274026332516105,0.0026274026332516105
2018/06/21 05:00:00,2018/06/21 06:00:00,2018/06/21 10:00:00,1.0342615297727509,1.0342615297727509,0.6918334787875993,0.0,0.0,0.0,0.06900948530167404,0.014113364412895239,0.0,0.0015106166599181724,0.25779458461066423,0.0,0.0,0.0,0.0,0.0,0.0,0.0,0.0,0.0,0.0,0.0,0.0,0.0,0.0,0.0,0.0,0.0,0.0,0.0,0.0,0.0,0.0,0.0,0.0,0.0,0.003529044002044996,0.003529044002044996
2018/06/21 06:00:00,2018/06/21 07:00:00,2018/06/21 11:00:00,1.1727985111979704,1.1727985111979704,0.6589527621981648,0.0,0.0,0.0,0.16201522163153,0.03313428369051031,0.0,0.003546510916391187,0.31514973276137404,0.0,0.0,0.0,0.0,0.0,0.0,0.0,0.0,0.0,0.0,0.0,0.0,0.0,0.0,0.0,0.0,0.0,0.0,0.0,0.0,0.0,0.0,0.0,0.0,0.0,0.00400175142592792,0.00400175142592792
2018/06/21 07:00:00,2018/06/21 08:00:00,2018/06/21 12:00:00,1.379870074490239,1.379870074490239,0.39051438004969646,0.0,0.004203906716420726,0.0,0.20502608639988215,0.041930581844827744,0.0,0.0044880181395291685,0.36010528653425383,0.0,0.0016654251617208326,0.0,0.0,0.0,0.0,0.37193638964390835,0.0,0.0,0.0,0.0,0.0,0.0,0.0,0.0,0.0,0.0,0.0,0.0,0.0,0.0,0.0,0.0,0.0,0.0,0.004708308362828809,0.004708308362828809
2018/06/21 08:00:00,2018/06/21 09:00:00,2018/06/21 13:00:00,1.872801799511516,1.872801799511516,0.007927154388498059,0.0,0.0,0.0,0.20318552328194064,0.04155416202522051,0.0,0.004447728238837415,0.29686636074616646,0.0,0.0,0.0,0.0,0.0,0.0,1.3188208708308526,0.0,0.0,0.0,0.0,0.0,0.0,0.0,0.0,0.0,0.0,0.0,0.0,0.0,0.0,0.0,0.0,0.0,0.0,0.00639025987850227,0.00639025987850227
2018/06/21 09:00:00,2018/06/21 10:00:00,2018/06/21 14:00:00,1.797898027963159,1.797898027963159,0.0,0.0,0.0,0.0,0.19457144785868138,0.03979246817984311,0.0,0.0042591662493183975,0.24045407484446327,0.0,0.0,0.0,0.0,0.0,0.0,1.3188208708308526,0.0,0.0,0.0,0.0,0.0,0.0,0.0,0.0,0.0,0.0,0.0,0.0,0.0,0.0,0.0,0.0,0.0,0.0,0.006134677805589474,0.006134677805589474
2018/06/21 10:00:00,2018/06/21 11:00:00,2018/06/21 15:00:00,1.118904160620777,1.118904160620777,0.0,0.0,0.0747992932938179,0.0,0.18848183893972803,0.03854706156031103,0.0,0.004125864795972619,0.23706579076249806,0.0,0.02819874857309016,0.0,0.0,0.0,0.0,0.5476855626953594,0.0,0.0,0.0,0.0,0.0,0.0,0.0,0.0,0.0,0.0,0.0,0.0,0.0,0.0,0.0,0.0,0.0,0.0,0.0038178564156490947,0.0038178564156490947
2018/06/21 11:00:00,2018/06/21 12:00:00,2018/06/21 16:00:00,0.8081254913149047,0.8081254913149047,0.0,0.0,0.24450207408391297,0.0,0.18004485089820238,0.03682158445731919,0.0,0.003941179246742044,0.2521460954047706,0.0,0.09066970722395762,0.0,0.0,0.0,0.0,0.0,0.0,0.0,0.0,0.0,0.0,0.0,0.0,0.0,0.0,0.0,0.0,0.0,0.0,0.0,0.0,0.0,0.0,0.0,0.002757436427758417,0.002757436427758417
2018/06/21 12:00:00,2018/06/21 13:00:00,2018/06/21 17:00:00,1.0954407376222068,1.0954407376222068,0.0,0.0,0.45744749653552946,0.0,0.17395524197924905,0.03557617783778712,0.0,0.003807877793396267,0.25819048102071934,0.0,0.16646346245552573,0.0,0.0,0.0,0.0,0.0,0.0,0.0,0.0,0.0,0.0,0.0,0.0,0.0,0.0,0.0,0.0,0.0,0.0,0.0,0.0,0.0,0.0,0.0,0.0037377959572283486,0.0037377959572283486
2018/06/21 13:00:00,2018/06/21 14:00:00,2018/06/21 18:00:00,1.4188477343758716,1.4188477343758716,0.0,0.0,0.6926665761809021,0.0,0.1721632852403147,0.035209698673971224,0.0,0.003768651885655419,0.26620885734512484,0.0,0.24883066504990334,0.0,0.0,0.0,0.0,0.0,0.0,0.0,0.0,0.0,0.0,0.0,0.0,0.0,0.0,0.0,0.0,0.0,0.0,0.0,0.0,0.0,0.0,0.0,0.004841305552488725,0.004841305552488725
2018/06/21 14:00:00,2018/06/21 15:00:00,2018/06/21 19:00:00,1.836549878226005,1.836549878226005,0.0,0.0,0.9478908086368316,0.0,0.17199652313011424,0.03517559358796407,0.0,0.0037650014654152042,0.3430287783537689,0.0,0.334693173051911,0.0,0.0,0.0,0.0,0.0,0.0,0.0,0.0,0.0,0.0,0.0,0.0,0.0,0.0,0.0,0.0,0.0,0.0,0.0,0.0,0.0,0.0,0.0,0.006266563287560373,0.006266563287560373
2018/06/21 15:00:00,2018/06/21 16:00:00,2018/06/21 20:00:00,3.1673186424354487,3.1673186424354487,0.0,0.0,1.1766963154632302,0.0,0.17210040794950074,0.03519683942549728,0.0,0.0037672755026463456,1.3676688585304235,0.0,0.41188894556415057,0.0,0.0,0.0,0.0,0.0,0.0,0.0,0.0,0.0,0.0,0.0,0.0,0.0,0.0,0.0,0.0,0.0,0.0,0.0,0.0,0.0,0.0,0.0,0.01080733115937134,0.01080733115937134
2018/06/21 16:00:00,2018/06/21 17:00:00,2018/06/21 21:00:00,2.7240611470144245,2.7240611470144245,0.0,0.0,1.318011004921513,0.0,0.1727083280322343,0.035321167228030935,0.0,0.003780582864683052,0.7352097424206989,0.0,0.4590303215472643,0.0,0.0,0.0,0.0,0.0,0.0,0.0,0.0,0.0,0.0,0.0,0.0,0.0,0.0,0.0,0.0,0.0,0.0,0.0,0.0,0.0,0.0,0.0,0.00929487501501416,0.00929487501501416
2018/06/21 17:00:00,2018/06/21 18:00:00,2018/06/21 22:00:00,3.041704261535043,3.041704261535043,0.0,0.0,1.4023583718362216,0.0,0.17552352094686682,0.035896911900275955,0.0,0.0038422073978778286,0.5350858754207735,0.0,0.4867836382777676,0.0,0.0,0.0,0.0,0.4022137357552599,0.0,0.0,0.0,0.0,0.0,0.0,0.0,0.0,0.0,0.0,0.0,0.0,0.0,0.0,0.0,0.0,0.0,0.0,0.010378717443472449,0.010378717443472449
2018/06/21 18:00:00,2018/06/21 19:00:00,2018/06/21 23:00:00,3.043799137243447,3.043799137243447,0.0,0.0,1.3598972307276904,0.0,0.1854355004655871,0.03792404452399166,0.0,0.004059180489740367,0.5513214305361466,0.0,0.4753401073012724,0.0,0.0,0.0,0.0,0.4298216431990188,0.0,0.0,0.0,0.0,0.0,0.0,0.0,0.0,0.0,0.0,0.0,0.0,0.0,0.0,0.0,0.0,0.0,0.0,0.010385865450374916,0.010385865450374916
2018/06/21 19:00:00,2018/06/21 20:00:00,2018/06/22 00:00:00,3.62995516703393,3.62995516703393,0.0,0.0,1.1438626124886295,0.0,0.21169246292360147,0.04329394516773225,0.0,0.0046339450276083275,0.5005084163794185,0.0,0.4071429142160872,0.0,0.0,0.0,0.0,1.3188208708308526,0.0,0.0,0.0,0.0,0.0,0.0,0.0,0.0,0.0,0.0,0.0,0.0,0.0,0.0,0.0,0.0,0.0,0.0,0.012385911243095371,0.012385911243095371
2018/06/21 20:00:00,2018/06/21 21:00:00,2018/06/22 01:00:00,3.24062775796915,3.24062775796915,0.0,0.0,0.8118921844877424,0.0,0.2630250272863957,0.05379214239284531,0.0,0.005757614137496295,0.49005820397958605,0.0,0.29728171485423177,0.0,0.0,0.0,0.0,1.3188208708308526,0.0,0.0,0.0,0.0,0.0,0.0,0.0,0.0,0.0,0.0,0.0,0.0,0.0,0.0,0.0,0.0,0.0,0.0,0.011057472044458961,0.011057472044458961
2018/06/21 21:00:00,2018/06/21 22:00:00,2018/06/22 02:00:00,2.8934037559666472,2.8934037559666472,0.0,0.0,0.5880315173731606,0.0,0.33411180980362465,0.06833034192034627,0.0,0.007313702804163992,0.4657559093404247,0.0,0.22171470408125044,0.0,0.0,0.0,0.0,1.2081457706436762,0.0,0.0,0.0,0.0,0.0,0.0,0.0,0.0,0.0,0.0,0.0,0.0,0.0,0.0,0.0,0.0,0.0,0.0,0.00987269551902614,0.00987269551902614
2018/06/21 22:00:00,2018/06/21 23:00:00,2018/06/22 03:00:00,1.3030346677947748,1.3030346677947748,0.0,0.0,0.4071759423444239,0.0,0.2788500201125949,0.05702856546731482,0.0,0.0061040230072602055,0.39843385714884805,0.0,0.15544225971433306,0.0,0.0,0.0,0.0,0.0,0.0,0.0,0.0,0.0,0.0,0.0,0.0,0.0,0.0,0.0,0.0,0.0,0.0,0.0,0.0,0.0,0.0,0.0,0.004446135282483363,0.004446135282483363
2018/06/21 23:00:00,2018/06/22 00:00:00,2018/06/22 04:00:00,0.8041511980476898,0.8041511980476898,0.0,0.0,0.21835642783288686,0.0,0.13094360677997474,0.026779722120023,0.0,0.002866353705536267,0.33988697256011713,0.0,0.08531811504915184,0.0,0.0,0.0,0.0,0.0,0.0,0.0,0.0,0.0,0.0,0.0,0.0,0.0,0.0,0.0,0.0,0.0,0.0,0.0,0.0,0.0,0.0,0.0,0.0027438755870877653,0.0027438755870877653
2018/06/22 00:00:00,2018/06/22 01:00:00,2018/06/22 05:00:00,0.418438237291758,0.418438237291758,0.0,0.0,0.024067493486546125,0.0,0.06501908921459039,0.013297274945155983,0.0,0.0014232669458539432,0.3050892066174897,0.0,0.009541906082121823,0.0,0.0,0.0,0.0,0.0,0.0,0.0,0.0,0.0,0.0,0.0,0.0,0.0,0.0,0.0,0.0,0.0,0.0,0.0,0.0,0.0,0.0,0.0,0.0014277693881403657,0.0014277693881403657
2018/06/22 01:00:00,2018/06/22 02:00:00,2018/06/22 06:00:00,0.34044515984028273,0.34044515984028273,0.0,0.0,0.0,0.0,0.03901145352875434,0.00797836496709361,0.0,0.0008539601675123682,0.2926013811769224,0.0,0.0,0.0,0.0,0.0,0.0,0.0,0.0,0.0,0.0,0.0,0.0,0.0,0.0,0.0,0.0,0.0,0.0,0.0,0.0,0.0,0.0,0.0,0.0,0.0,0.001161646174370986,0.001161646174370986
2018/06/22 02:00:00,2018/06/22 03:00:00,2018/06/22 07:00:00,0.29440563770717565,0.29440563770717565,0.0,0.0,0.0,0.0,0.026007635685836212,0.005318909978062404,0.0,0.0005693067783415784,0.2625097852649354,0.0,0.0,0.0,0.0,0.0,0.0,0.0,0.0,0.0,0.0,0.0,0.0,0.0,0.0,0.0,0.0,0.0,0.0,0.0,0.0,0.0,0.0,0.0,0.0,0.0,0.0010045529298058915,0.0010045529298058915
2018/06/22 03:00:00,2018/06/22 04:00:00,2018/06/22 08:00:00,0.28261577723904,0.28261577723904,0.0,0.0,0.0,0.0,0.026007635685836212,0.005318909978062404,0.0,0.0005693067783415784,0.25071992479679983,0.0,0.0,0.0,0.0,0.0,0.0,0.0,0.0,0.0,0.0,0.0,0.0,0.0,0.0,0.0,0.0,0.0,0.0,0.0,0.0,0.0,0.0,0.0,0.0,0.0,0.00096432428823671,0.00096432428823671
2018/06/22 04:00:00,2018/06/22 05:00:00,2018/06/22 09:00:00,0.2698012184710094,0.2698012184710094,0.0,0.0,0.0,0.0,0.026843243274492543,0.00548980292637717,0.0,0.0005875982166715451,0.23688057405346816,0.0,0.0,0.0,0.0,0.0,0.0,0.0,0.0,0.0,0.0,0.0,0.0,0.0,0.0,0.0,0.0,0.0,0.0,0.0,0.0,0.0,0.0,0.0,0.0,0.0,0.0009205992337341918,0.0009205992337341918
2018/06/22 05:00:00,2018/06/22 06:00:00,2018/06/22 10:00:00,0.34242805098515167,0.34242805098515167,0.0,0.0,0.0,0.0,0.06900948530167404,0.014113364412895239,0.0,0.0015106166599181724,0.25779458461066423,0.0,0.0,0.0,0.0,0.0,0.0,0.0,0.0,0.0,0.0,0.0,0.0,0.0,0.0,0.0,0.0,0.0,0.0,0.0,0.0,0.0,0.0,0.0,0.0,0.0,0.001168412074387634,0.001168412074387634
2018/06/22 06:00:00,2018/06/22 07:00:00,2018/06/22 11:00:00,1.888034330705677,1.888034330705677,0.0,0.0,0.0692767014904948,0.0,0.16201522163153,0.03313428369051031,0.0,0.003546510916391187,0.31514973276137404,0.0,0.02694200360481618,0.0,0.0,0.0,0.0,1.2779698766105605,0.0,0.0,0.0,0.0,0.0,0.0,0.0,0.0,0.0,0.0,0.0,0.0,0.0,0.0,0.0,0.0,0.0,0.0,0.0064422353907873766,0.0064422353907873766
2018/06/22 07:00:00,2018/06/22 08:00:00,2018/06/22 12:00:00,1.9303708437493454,1.9303708437493454,0.0,0.0,0.0,0.0,0.20502608639988215,0.041930581844827744,0.0,0.0044880181395291685,0.36010528653425383,0.0,0.0,0.0,0.0,0.0,0.0,1.3188208708308526,0.0,0.0,0.0,0.0,0.0,0.0,0.0,0.0,0.0,0.0,0.0,0.0,0.0,0.0,0.0,0.0,0.0,0.0,0.006586693453978692,0.006586693453978692
2018/06/22 08:00:00,2018/06/22 09:00:00,2018/06/22 13:00:00,1.8648746451230178,1.8648746451230178,0.0,0.0,0.0,0.0,0.20318552328194064,0.04155416202522051,0.0,0.004447728238837415,0.29686636074616646,0.0,0.0,0.0,0.0,0.0,0.0,1.3188208708308526,0.0,0.0,0.0,0.0,0.0,0.0,0.0,0.0,0.0,0.0,0.0,0.0,0.0,0.0,0.0,0.0,0.0,0.0,0.006363211326619884,0.006363211326619884
2018/06/22 09:00:00,2018/06/22 10:00:00,2018/06/22 14:00:00,1.797898027963159,1.797898027963159,0.0,0.0,0.0,0.0,0.19457144785868138,0.03979246817984311,0.0,0.0042591662493183975,0.24045407484446327,0.0,0.0,0.0,0.0,0.0,0.0,1.3188208708308526,0.0,0.0,0.0,0.0,0.0,0.0,0.0,0.0,0.0,0.0,0.0,0.0,0.0,0.0,0.0,0.0,0.0,0.0,0.006134677805589474,0.006134677805589474
2018/06/22 10:00:00,2018/06/22 11:00:00,2018/06/22 15:00:00,0.5633200961798425,0.5633200961798425,0.0,0.0,0.0,0.0,0.18848183893972803,0.03854706156031103,0.0,0.004125864795972619,0.23706579076249806,0.0,0.0,0.0,0.0,0.0,0.0,0.09509954012133276,0.0,0.0,0.0,0.0,0.0,0.0,0.0,0.0,0.0,0.0,0.0,0.0,0.0,0.0,0.0,0.0,0.0,0.0,0.0019221264152517448,0.0019221264152517448
2018/06/22 11:00:00,2018/06/22 12:00:00,2018/06/22 16:00:00,0.9019540518076382,0.9019540518076382,0.0,0.0,0.052470542572832846,0.0,0.18004485089820238,0.03682158445731919,0.0,0.003941179246742044,0.2521460954047706,0.0,0.02026540469130277,0.0,0.0,0.0,0.0,0.3562643945364683,0.0,0.0,0.0,0.0,0.0,0.0,0.0,0.0,0.0,0.0,0.0,0.0,0.0,0.0,0.0,0.0,0.0,0.0,0.0030775925092672712,0.0030775925092672712
2018/06/22 12:00:00,2018/06/22 13:00:00,2018/06/22 17:00:00,1.5081415084322705,1.5081415084322705,0.0,0.0,0.05178002330483071,0.0,0.17395524197924905,0.03557617783778712,0.0,0.003807877793396267,0.25819048102071934,0.0,0.01966270508842782,0.0,0.0,0.0,0.0,0.9651690014078602,0.0,0.0,0.0,0.0,0.0,0.0,0.0,0.0,0.0,0.0,0.0,0.0,0.0,0.0,0.0,0.0,0.0,0.0,0.005145988312779475,0.005145988312779475
2018/06/22 13:00:00,2018/06/22 14:00:00,2018/06/22 18:00:00,0.7273209815314452,0.7273209815314452,0.0,0.0,0.1815717177831397,0.0,0.1721632852403147,0.035209698673971224,0.0,0.003768651885655419,0.26620885734512484,0.0,0.06839877060323922,0.0,0.0,0.0,0.0,0.0,0.0,0.0,0.0,0.0,0.0,0.0,0.0,0.0,0.0,0.0,0.0,0.0,0.0,0.0,0.0,0.0,0.0,0.0,0.00248172021635475,0.00248172021635475
2018/06/22 14:00:00,2018/06/22 15:00:00,2018/06/22 19:00:00,1.74030225443878,1.74030225443878,0.0,0.0,0.2858015932820537,0.0,0.17199652313011424,0.03517559358796407,0.0,0.0037650014654152042,0.6547996514717686,0.0,0.1087882382085488,0.0,0.0,0.0,0.0,0.47997565329291547,0.0,0.0,0.0,0.0,0.0,0.0,0.0,0.0,0.0,0.0,0.0,0.0,0.0,0.0,0.0,0.0,0.0,0.0,0.005938153026074557,0.005938153026074557
2018/06/22 15:00:00,2018/06/22 16:00:00,2018/06/22 20:00:00,0.9309812051102117,0.9309812051102117,0.0,0.0,0.3162423690681128,0.0,0.17210040794950074,0.03519683942549728,0.0,0.0037672755026463456,0.28373458382035643,0.0,0.11993972934409791,0.0,0.0,0.0,0.0,0.0,0.0,0.0,0.0,0.0,0.0,0.0,0.0,0.0,0.0,0.0,0.0,0.0,0.0,0.0,0.0,0.0,0.0,0.0,0.003176637188306426,0.003176637188306426
2018/06/22 16:00:00,2018/06/22 17:00:00,2018/06/22 21:00:00,1.0785667907317393,1.0785667907317393,0.0,0.0,0.3505114191188708,0.0,0.1727083280322343,0.035321167228030935,0.0,0.003780582864683052,0.38388522406492354,0.0,0.13236006942299666,0.0,0.0,0.0,0.0,0.0,0.0,0.0,0.0,0.0,0.0,0.0,0.0,0.0,0.0,0.0,0.0,0.0,0.0,0.0,0.0,0.0,0.0,0.0,0.0036802197065891945,0.0036802197065891945
2018/06/22 17:00:00,2018/06/22 18:00:00,2018/06/22 22:00:00,1.251854128105587,1.251854128105587,0.0,0.0,0.36405541976771233,0.0,0.17552352094686682,0.035896911900275955,0.0,0.0038422073978778286,0.5350858754207735,0.0,0.1374501926720805,0.0,0.0,0.0,0.0,0.0,0.0,0.0,0.0,0.0,0.0,0.0,0.0,0.0,0.0,0.0,0.0,0.0,0.0,0.0,0.0,0.0,0.0,0.0,0.004271500171912016,0.004271500171912016
2018/06/22 18:00:00,2018/06/22 19:00:00,2018/06/22 23:00:00,1.3183045648963225,1.3183045648963225,0.0,0.0,0.39199766312250844,0.0,0.1854355004655871,0.03792404452399166,0.0,0.004059180489740367,0.5513214305361466,0.0,0.14756674575834822,0.0,0.0,0.0,0.0,0.0,0.0,0.0,0.0,0.0,0.0,0.0,0.0,0.0,0.0,0.0,0.0,0.0,0.0,0.0,0.0,0.0,0.0,0.0,0.004498238292434725,0.004498238292434725
2018/06/22 19:00:00,2018/06/22 20:00:00,2018/06/23 00:00:00,2.1945783178913425,2.1945783178913425,0.0,0.0,0.4290661865215965,0.0,0.21169246292360147,0.04329394516773225,0.0,0.0046339450276083275,0.5005084163794185,0.0,0.16223998278080207,0.0,0.0,0.0,0.0,0.8431433790905838,0.0,0.0,0.0,0.0,0.0,0.0,0.0,0.0,0.0,0.0,0.0,0.0,0.0,0.0,0.0,0.0,0.0,0.0,0.007488206055072093,0.007488206055072093
2018/06/22 20:00:00,2018/06/22 21:00:00,2018/06/23 01:00:00,2.432777523051931,2.432777523051931,0.0,0.0,0.21777214437184175,0.0,0.2630250272863957,0.05379214239284531,0.0,0.005757614137496295,0.49005820397958605,0.0,0.08355152005291328,0.0,0.0,0.0,0.0,1.3188208708308526,0.0,0.0,0.0,0.0,0.0,0.0,0.0,0.0,0.0,0.0,0.0,0.0,0.0,0.0,0.0,0.0,0.0,0.0,0.008300974829763502,0.008300974829763502
2018/06/22 21:00:00,2018/06/22 22:00:00,2018/06/23 02:00:00,2.1056856680163607,2.1056856680163607,0.0,0.0,0.10017728886906034,0.0,0.33411180980362465,0.06833034192034627,0.0,0.007313702804163992,0.4657559093404247,0.0,0.03903752167317312,0.0,0.0,0.0,0.0,1.0909590936055675,0.0,0.0,0.0,0.0,0.0,0.0,0.0,0.0,0.0,0.0,0.0,0.0,0.0,0.0,0.0,0.0,0.0,0.0,0.007184891986205857,0.007184891986205857
2018/06/22 22:00:00,2018/06/22 23:00:00,2018/06/23 03:00:00,0.7582034231550215,0.7582034231550215,0.0,0.0,0.01279402354263999,0.0,0.2788500201125949,0.05702856546731482,0.0,0.0061040230072602055,0.39843385714884805,0.0,0.004992933876363556,0.0,0.0,0.0,0.0,0.0,0.0,0.0,0.0,0.0,0.0,0.0,0.0,0.0,0.0,0.0,0.0,0.0,0.0,0.0,0.0,0.0,0.0,0.0,0.0025870953968510535,0.0025870953968510535
2018/06/22 23:00:00,2018/06/23 00:00:00,2018/06/23 04:00:00,0.5004766551656511,0.5004766551656511,0.0,0.0,0.0,0.0,0.13094360677997474,0.026779722120023,0.0,0.002866353705536267,0.33988697256011713,0.0,0.0,0.0,0.0,0.0,0.0,0.0,0.0,0.0,0.0,0.0,0.0,0.0,0.0,0.0,0.0,0.0,0.0,0.0,0.0,0.0,0.0,0.0,0.0,0.0,0.0017076958653426423,0.0017076958653426423
2018/06/23 00:00:00,2018/06/23 01:00:00,2018/06/23 05:00:00,0.38482883772309007,0.38482883772309007,0.0,0.0,0.0,0.0,0.06501908921459039,0.013297274945155983,0.0,0.0014232669458539432,0.3050892066174897,0.0,0.0,0.0,0.0,0.0,0.0,0.0,0.0,0.0,0.0,0.0,0.0,0.0,0.0,0.0,0.0,0.0,0.0,0.0,0.0,0.0,0.0,0.0,0.0,0.0,0.0013130894483516335,0.0013130894483516335
2018/06/23 01:00:00,2018/06/23 02:00:00,2018/06/23 06:00:00,0.5959054679994734,0.5959054679994734,0.25546030815919063,0.0,0.0,0.0,0.03901145352875434,0.00797836496709361,0.0,0.0008539601675123682,0.2926013811769224,0.0,0.0,0.0,0.0,0.0,0.0,0.0,0.0,0.0,0.0,0.0,0.0,0.0,0.0,0.0,0.0,0.0,0.0,0.0,0.0,0.0,0.0,0.0,0.0,0.0,0.0020333122301198093,0.0020333122301198093
2018/06/23 02:00:00,2018/06/23 03:00:00,2018/06/23 07:00:00,0.7108221908195416,0.7108221908195416,0.416416553112366,0.0,0.0,0.0,0.026007635685836212,0.005318909978062404,0.0,0.0005693067783415784,0.2625097852649354,0.0,0.0,0.0,0.0,0.0,0.0,0.0,0.0,0.0,0.0,0.0,0.0,0.0,0.0,0.0,0.0,0.0,0.0,0.0,0.0,0.0,0.0,0.0,0.0,0.0,0.0024254240507073314,0.0024254240507073314
2018/06/23 03:00:00,2018/06/23 04:00:00,2018/06/23 08:00:00,0.989335660868231,0.989335660868231,0.7067198836291909,0.0,0.0,0.0,0.026007635685836212,0.005318909978062404,0.0,0.0005693067783415784,0.25071992479679983,0.0,0.0,0.0,0.0,0.0,0.0,0.0,0.0,0.0,0.0,0.0,0.0,0.0,0.0,0.0,0.0,0.0,0.0,0.0,0.0,0.0,0.0,0.0,0.0,0.0,0.00337575069698608,0.00337575069698608
2018/06/23 04:00:00,2018/06/23 05:00:00,2018/06/23 09:00:00,1.2833855501824643,1.2833855501824643,1.0135843317114548,0.0,0.0,0.0,0.026843243274492543,0.00548980292637717,0.0,0.0005875982166715451,0.23688057405346816,0.0,0.0,0.0,0.0,0.0,0.0,0.0,0.0,0.0,0.0,0.0,0.0,0.0,0.0,0.0,0.0,0.0,0.0,0.0,0.0,0.0,0.0,0.0,0.0,0.0,0.004379089763860584,0.004379089763860584
2018/06/23 05:00:00,2018/06/23 06:00:00,2018/06/23 10:00:00,1.5750048756280126,1.5750048756280126,1.232576824642861,0.0,0.0,0.0,0.06900948530167404,0.014113364412895239,0.0,0.0015106166599181724,0.25779458461066423,0.0,0.0,0.0,0.0,0.0,0.0,0.0,0.0,0.0,0.0,0.0,0.0,0.0,0.0,0.0,0.0,0.0,0.0,0.0,0.0,0.0,0.0,0.0,0.0,0.0,0.005374135409201511,0.005374135409201511
2018/06/23 06:00:00,2018/06/23 07:00:00,2018/06/23 11:00:00,1.4704366850801693,1.4704366850801693,0.956590936080364,0.0,0.0,0.0,0.16201522163153,0.03313428369051031,0.0,0.003546510916391187,0.31514973276137404,0.0,0.0,0.0,0.0,0.0,0.0,0.0,0.0,0.0,0.0,0.0,0.0,0.0,0.0,0.0,0.0,0.0,0.0,0.0,0.0,0.0,0.0,0.0,0.0,0.0,0.005017334218173311,0.005017334218173311
2018/06/23 07:00:00,2018/06/23 08:00:00,2018/06/23 12:00:00,1.6455391419784962,1.6455391419784962,0.16004039989743846,0.0,0.0,0.0,0.20502608639988215,0.041930581844827744,0.0,0.0044880181395291685,0.36010528653425383,0.0,0.0,0.0,0.0,0.0,0.0,0.8739487691625648,0.0,0.0,0.0,0.0,0.0,0.0,0.0,0.0,0.0,0.0,0.0,0.0,0.0,0.0,0.0,0.0,0.0,0.0,0.005614808123439959,0.005614808123439959
2018/06/23 08:00:00,2018/06/23 09:00:00,2018/06/23 13:00:00,1.8648746451230178,1.8648746451230178,0.0,0.0,0.0,0.0,0.20318552328194064,0.04155416202522051,0.0,0.004447728238837415,0.29686636074616646,0.0,0.0,0.0,0.0,0.0,0.0,1.3188208708308526,0.0,0.0,0.0,0.0,0.0,0.0,0.0,0.0,0.0,0.0,0.0,0.0,0.0,0.0,0.0,0.0,0.0,0.0,0.006363211326619884,0.006363211326619884
2018/06/23 09:00:00,2018/06/23 10:00:00,2018/06/23 14:00:00,1.0855925267354236,1.0855925267354236,0.0,0.0,0.11185496320070229,0.0,0.19457144785868138,0.03979246817984311,0.0,0.0042591662493183975,0.24045407484446327,0.0,0.04355825070905623,0.0,0.0,0.0,0.0,0.451102155693359,0.0,0.0,0.0,0.0,0.0,0.0,0.0,0.0,0.0,0.0,0.0,0.0,0.0,0.0,0.0,0.0,0.0,0.0,0.003704192493732502,0.003704192493732502
2018/06/23 10:00:00,2018/06/23 11:00:00,2018/06/23 15:00:00,0.8124262899076269,0.8124262899076269,0.0,0.0,0.24798842279251582,0.0,0.18848183893972803,0.03854706156031103,0.0,0.004125864795972619,0.23706579076249806,0.0,0.09621731105660139,0.0,0.0,0.0,0.0,0.0,0.0,0.0,0.0,0.0,0.0,0.0,0.0,0.0,0.0,0.0,0.0,0.0,0.0,0.0,0.0,0.0,0.0,0.0,0.002772111349952405,0.002772111349952405
2018/06/23 11:00:00,2018/06/23 12:00:00,2018/06/23 16:00:00,0.9576032763791558,0.9576032763791558,0.0,0.0,0.3501651811744204,0.0,0.18004485089820238,0.03682158445731919,0.0,0.003941179246742044,0.2521460954047706,0.0,0.13448438519770112,0.0,0.0,0.0,0.0,0.0,0.0,0.0,0.0,0.0,0.0,0.0,0.0,0.0,0.0,0.0,0.0,0.0,0.0,0.0,0.0,0.0,0.0,0.0,0.0032674753933727256,0.0032674753933727256
2018/06/23 12:00:00,2018/06/23 13:00:00,2018/06/23 17:00:00,1.131446104221472,1.131446104221472,0.0,0.0,0.47937367904309164,0.0,0.17395524197924905,0.03557617783778712,0.0,0.003807877793396267,0.25819048102071934,0.0,0.18054264654722865,0.0,0.0,0.0,0.0,0.0,0.0,0.0,0.0,0.0,0.0,0.0,0.0,0.0,0.0,0.0,0.0,0.0,0.0,0.0,0.0,0.0,0.0,0.0,0.0038606512693334857,0.0038606512693334857
2018/06/23 13:00:00,2018/06/23 14:00:00,2018/06/23 18:00:00,2.457991281919363,2.457991281919363,0.0,0.0,0.676387957191231,0.0,0.1721632852403147,0.035209698673971224,0.0,0.003768651885655419,0.26620885734512484,0.0,0.25246186855037983,0.0,0.0,0.0,0.0,1.0517909630326858,0.0,0.0,0.0,0.0,0.0,0.0,0.0,0.0,0.0,0.0,0.0,0.0,0.0,0.0,0.0,0.0,0.0,0.0,0.008387007677296436,0.008387007677296436
2018/06/23 14:00:00,2018/06/23 15:00:00,2018/06/23 19:00:00,1.854538325214708,1.854538325214708,0.0,0.0,0.810470071064339,0.0,0.17199652313011424,0.03517559358796407,0.0,0.0037650014654152042,0.2956372840816883,0.0,0.29958130368363517,0.0,0.0,0.0,0.0,0.23791254820155222,0.0,0.0,0.0,0.0,0.0,0.0,0.0,0.0,0.0,0.0,0.0,0.0,0.0,0.0,0.0,0.0,0.0,0.0,0.006327942367342578,0.006327942367342578
2018/06/23 15:00:00,2018/06/23 16:00:00,2018/06/23 20:00:00,1.90955348855385,1.90955348855385,0.0,0.0,1.0345886426380717,0.0,0.17210040794950074,0.03519683942549728,0.0,0.0037672755026463456,0.28373458382035643,0.0,0.38016573921777747,0.0,0.0,0.0,0.0,0.0,0.0,0.0,0.0,0.0,0.0,0.0,0.0,0.0,0.0,0.0,0.0,0.0,0.0,0.0,0.0,0.0,0.0,0.0,0.006515661746449895,0.006515661746449895
2018/06/23 16:00:00,2018/06/23 17:00:00,2018/06/23 21:00:00,2.233662857813202,2.233662857813202,0.0,0.0,1.1972692278831898,0.0,0.1727083280322343,0.035321167228030935,0.0,0.003780582864683052,0.38388522406492354,0.0,0.4406983277401407,0.0,0.0,0.0,0.0,0.0,0.0,0.0,0.0,0.0,0.0,0.0,0.0,0.0,0.0,0.0,0.0,0.0,0.0,0.0,0.0,0.0,0.0,0.0,0.007621567934261618,0.007621567934261618
2018/06/23 17:00:00,2018/06/23 18:00:00,2018/06/23 22:00:00,2.518875319674681,2.518875319674681,0.0,0.0,1.293872515738125,0.0,0.17552352094686682,0.035896911900275955,0.0,0.0038422073978778286,0.5350858754207735,0.0,0.4746542882707617,0.0,0.0,0.0,0.0,0.0,0.0,0.0,0.0,0.0,0.0,0.0,0.0,0.0,0.0,0.0,0.0,0.0,0.0,0.0,0.0,0.0,0.0,0.0,0.008594752471118456,0.008594752471118456
2018/06/23 18:00:00,2018/06/23 19:00:00,2018/06/23 23:00:00,3.9446826192114153,3.9446826192114153,0.0,0.0,1.3647832547428278,0.0,0.1854355004655871,0.03792404452399166,0.0,0.004059180489740367,0.5513214305361466,0.0,0.5019321087633571,0.0,0.0,0.0,0.0,1.2992270996897641,0.0,0.0,0.0,0.0,0.0,0.0,0.0,0.0,0.0,0.0,0.0,0.0,0.0,0.0,0.0,0.0,0.0,0.0,0.013459805026643424,0.013459805026643424
2018/06/23 19:00:00,2018/06/23 20:00:00,2018/06/24 00:00:00,4.119665599244609,4.119665599244609,0.0,0.0,1.1855449766158206,0.0,0.21169246292360147,0.04329394516773225,0.0,0.0046339450276083275,0.9147331025584201,0.0,0.4409462961205737,0.0,0.0,0.0,0.0,1.3188208708308526,0.0,0.0,0.0,0.0,0.0,0.0,0.0,0.0,0.0,0.0,0.0,0.0,0.0,0.0,0.0,0.0,0.0,0.0,0.014056871260250493,0.014056871260250493
2018/06/23 20:00:00,2018/06/23 21:00:00,2018/06/24 01:00:00,2.5025680303895133,2.5025680303895133,0.0,0.0,0.8355224090864835,0.0,0.2630250272863957,0.05379214239284531,0.0,0.005757614137496295,0.49005820397958605,0.0,0.32024904193911413,0.0,0.0,0.0,0.0,0.5341635915675922,0.0,0.0,0.0,0.0,0.0,0.0,0.0,0.0,0.0,0.0,0.0,0.0,0.0,0.0,0.0,0.0,0.0,0.0,0.008539109734939262,0.008539109734939262
2018/06/23 21:00:00,2018/06/23 22:00:00,2018/06/24 02:00:00,1.5858840081423258,1.5858840081423258,0.0,0.0,0.5094041414629256,0.0,0.33411180980362465,0.06833034192034627,0.0,0.007313702804163992,0.4657559093404247,0.0,0.20096810281084054,0.0,0.0,0.0,0.0,0.0,0.0,0.0,0.0,0.0,0.0,0.0,0.0,0.0,0.0,0.0,0.0,0.0,0.0,0.0,0.0,0.0,0.0,0.0,0.005411256520489026,0.005411256520489026
2018/06/23 22:00:00,2018/06/23 23:00:00,2018/06/24 03:00:00,1.0990214276822377,1.0990214276822377,0.0,0.0,0.25687406154066383,0.0,0.2788500201125949,0.05702856546731482,0.0,0.0061040230072602055,0.39843385714884805,0.0,0.1017309004055558,0.0,0.0,0.0,0.0,0.0,0.0,0.0,0.0,0.0,0.0,0.0,0.0,0.0,0.0,0.0,0.0,0.0,0.0,0.0,0.0,0.0,0.0,0.0,0.003750013769083257,0.003750013769083257
2018/06/23 23:00:00,2018/06/24 00:00:00,2018/06/24 04:00:00,0.5859864680501728,0.5859864680501728,0.0,0.0,0.06125696973853301,0.0,0.13094360677997474,0.026779722120023,0.0,0.002866353705536267,0.33988697256011713,0.0,0.02425284314598856,0.0,0.0,0.0,0.0,0.0,0.0,0.0,0.0,0.0,0.0,0.0,0.0,0.0,0.0,0.0,0.0,0.0,0.0,0.0,0.0,0.0,0.0,0.0,0.0019994672245098113,0.0019994672245098113
2018/06/24 00:00:00,2018/06/24 01:00:00,2018/06/24 05:00:00,0.38482883772309007,0.38482883772309007,0.0,0.0,0.0,0.0,0.06501908921459039,0.013297274945155983,0.0,0.0014232669458539432,0.3050892066174897,0.0,0.0,0.0,0.0,0.0,0.0,0.0,0.0,0.0,0.0,0.0,0.0,0.0,0.0,0.0,0.0,0.0,0.0,0.0,0.0,0.0,0.0,0.0,0.0,0.0,0.0013130894483516335,0.0013130894483516335
2018/06/24 01:00:00,2018/06/24 02:00:00,2018/06/24 06:00:00,0.4540258527815252,0.4540258527815252,0.11358069294124241,0.0,0.0,0.0,0.03901145352875434,0.00797836496709361,0.0,0.0008539601675123682,0.2926013811769224,0.0,0.0,0.0,0.0,0.0,0.0,0.0,0.0,0.0,0.0,0.0,0.0,0.0,0.0,0.0,0.0,0.0,0.0,0.0,0.0,0.0,0.0,0.0,0.0,0.0,0.0015491992754328395,0.0015491992754328395
2018/06/24 02:00:00,2018/06/24 03:00:00,2018/06/24 07:00:00,0.6016357383444418,0.6016357383444418,0.30723010063726625,0.0,0.0,0.0,0.026007635685836212,0.005318909978062404,0.0,0.0005693067783415784,0.2625097852649354,0.0,0.0,0.0,0.0,0.0,0.0,0.0,0.0,0.0,0.0,0.0,0.0,0.0,0.0,0.0,0.0,0.0,0.0,0.0,0.0,0.0,0.0,0.0,0.0,0.0,0.0020528647084909722,0.0020528647084909722
2018/06/24 03:00:00,2018/06/24 04:00:00,2018/06/24 08:00:00,0.7852796717595181,0.7852796717595181,0.5026638945204781,0.0,0.0,0.0,0.026007635685836212,0.005318909978062404,0.0,0.0005693067783415784,0.25071992479679983,0.0,0.0,0.0,0.0,0.0,0.0,0.0,0.0,0.0,0.0,0.0,0.0,0.0,0.0,0.0,0.0,0.0,0.0,0.0,0.0,0.0,0.0,0.0,0.0,0.0,0.0026794833180730417,0.0026794833180730417
2018/06/24 04:00:00,2018/06/24 05:00:00,2018/06/24 09:00:00,0.9251295860233599,0.9251295860233599,0.6553283675523505,0.0,0.0,0.0,0.026843243274492543,0.00548980292637717,0.0,0.0005875982166715451,0.23688057405346816,0.0,0.0,0.0,0.0,0.0,0.0,0.0,0.0,0.0,0.0,0.0,0.0,0.0,0.0,0.0,0.0,0.0,0.0,0.0,0.0,0.0,0.0,0.0,0.0,0.0,0.0031566706511722033,0.0031566706511722033
2018/06/24 05:00:00,2018/06/24 06:00:00,2018/06/24 10:00:00,1.0683045110788678,1.0683045110788678,0.7258764600937162,0.0,0.0,0.0,0.06900948530167404,0.014113364412895239,0.0,0.0015106166599181724,0.25779458461066423,0.0,0.0,0.0,0.0,0.0,0.0,0.0,0.0,0.0,0.0,0.0,0.0,0.0,0.0,0.0,0.0,0.0,0.0,0.0,0.0,0.0,0.0,0.0,0.0,0.0,0.003645203382947889,0.003645203382947889
2018/06/24 06:00:00,2018/06/24 07:00:00,2018/06/24 11:00:00,1.5943962983746984,1.5943962983746984,0.5767413128634645,0.0,0.0,0.0,0.16201522163153,0.03313428369051031,0.0,0.003546510916391187,0.31514973276137404,0.0,0.0,0.0,0.0,0.0,0.0,0.5038092365114282,0.0,0.0,0.0,0.0,0.0,0.0,0.0,0.0,0.0,0.0,0.0,0.0,0.0,0.0,0.0,0.0,0.0,0.0,0.005440301637148079,0.005440301637148079
2018/06/24 07:00:00,2018/06/24 08:00:00,2018/06/24 12:00:00,2.0133469137899205,2.0133469137899205,0.13007079960387796,0.0,0.0,0.0,0.20502608639988215,0.041930581844827744,0.0,0.0044880181395291685,0.36010528653425383,0.0,0.0,0.0,0.0,0.0,0.0,1.2717261412675498,0.0,0.0,0.0,0.0,0.0,0.0,0.0,0.0,0.0,0.0,0.0,0.0,0.0,0.0,0.0,0.0,0.0,0.0,0.006869819330616776,0.006869819330616776
2018/06/24 08:00:00,2018/06/24 09:00:00,2018/06/24 13:00:00,2.05414614843436,2.05414614843436,0.1892715033113422,0.0,0.0,0.0,0.20318552328194064,0.04155416202522051,0.0,0.004447728238837415,0.29686636074616646,0.0,0.0,0.0,0.0,0.0,0.0,1.3188208708308526,0.0,0.0,0.0,0.0,0.0,0.0,0.0,0.0,0.0,0.0,0.0,0.0,0.0,0.0,0.0,0.0,0.0,0.0,0.0070090319863767,0.0070090319863767
2018/06/24 09:00:00,2018/06/24 10:00:00,2018/06/24 14:00:00,1.8070922647325922,1.8070922647325922,0.009194236769433446,0.0,0.0,0.0,0.19457144785868138,0.03979246817984311,0.0,0.0042591662493183975,0.24045407484446327,0.0,0.0,0.0,0.0,0.0,0.0,1.3188208708308526,0.0,0.0,0.0,0.0,0.0,0.0,0.0,0.0,0.0,0.0,0.0,0.0,0.0,0.0,0.0,0.0,0.0,0.0,0.006166049818557683,0.006166049818557683
2018/06/24 10:00:00,2018/06/24 11:00:00,2018/06/24 15:00:00,0.9786901448386595,0.9786901448386595,0.0,0.0,0.0,0.0,0.18848183893972803,0.03854706156031103,0.0,0.004125864795972619,0.27140283443066526,0.0,0.0,0.0,0.0,0.0,0.0,0.4761325451119825,0.0,0.0,0.0,0.0,0.0,0.0,0.0,0.0,0.0,0.0,0.0,0.0,0.0,0.0,0.0,0.0,0.0,0.0,0.0033394267175946312,0.0033394267175946312
2018/06/24 11:00:00,2018/06/24 12:00:00,2018/06/24 16:00:00,1.3241509957207298,1.3241509957207298,0.0,0.0,0.05604028233147138,0.0,0.18004485089820238,0.03682158445731919,0.0,0.003941179246742044,1.0262084091630723,0.0,0.02109468962392232,0.0,0.0,0.0,0.0,0.0,0.0,0.0,0.0,0.0,0.0,0.0,0.0,0.0,0.0,0.0,0.0,0.0,0.0,0.0,0.0,0.0,0.0,0.0,0.00451818712649682,0.00451818712649682
2018/06/24 12:00:00,2018/06/24 13:00:00,2018/06/24 17:00:00,0.6592301843712343,0.6592301843712343,0.0,0.0,0.13628582857304913,0.0,0.17395524197924905,0.03557617783778712,0.0,0.003807877793396267,0.25819048102071934,0.0,0.05141457716703332,0.0,0.0,0.0,0.0,0.0,0.0,0.0,0.0,0.0,0.0,0.0,0.0,0.0,0.0,0.0,0.0,0.0,0.0,0.0,0.0,0.0,0.0,0.0,0.0022493849583997303,0.0022493849583997303
2018/06/24 13:00:00,2018/06/24 14:00:00,2018/06/24 18:00:00,1.2775016864431676,1.2775016864431676,0.0,0.0,0.2653328332888288,0.0,0.1721632852403147,0.035209698673971224,0.0,0.003768651885655419,0.26620885734512484,0.0,0.10088783025015108,0.0,0.0,0.0,0.0,0.43393052975912155,0.0,0.0,0.0,0.0,0.0,0.0,0.0,0.0,0.0,0.0,0.0,0.0,0.0,0.0,0.0,0.0,0.0,0.0,0.0043590132034933265,0.0043590132034933265
2018/06/24 14:00:00,2018/06/24 15:00:00,2018/06/24 19:00:00,1.1152366895367831,1.1152366895367831,0.0,0.0,0.44384881348185984,0.0,0.17199652313011424,0.03517559358796407,0.0,0.0037650014654152042,0.2956372840816883,0.0,0.16481347378974168,0.0,0.0,0.0,0.0,0.0,0.0,0.0,0.0,0.0,0.0,0.0,0.0,0.0,0.0,0.0,0.0,0.0,0.0,0.0,0.0,0.0,0.0,0.0,0.003805342494886243,0.003805342494886243
2018/06/24 15:00:00,2018/06/24 16:00:00,2018/06/24 20:00:00,1.38381943093705,1.38381943093705,0.0,0.0,0.6301430936130394,0.0,0.17210040794950074,0.03519683942549728,0.0,0.0037672755026463456,0.3141807946938977,0.0,0.2284310197524685,0.0,0.0,0.0,0.0,0.0,0.0,0.0,0.0,0.0,0.0,0.0,0.0,0.0,0.0,0.0,0.0,0.0,0.0,0.0,0.0,0.0,0.0,0.0,0.004721784115604432,0.004721784115604432
2018/06/24 16:00:00,2018/06/24 17:00:00,2018/06/24 21:00:00,2.5521219842831147,2.5521219842831147,0.0,0.0,0.9395372649968579,0.0,0.1727083280322343,0.035321167228030935,0.0,0.003780582864683052,1.0702362291689236,0.0,0.33053841199238443,0.0,0.0,0.0,0.0,0.0,0.0,0.0,0.0,0.0,0.0,0.0,0.0,0.0,0.0,0.0,0.0,0.0,0.0,0.0,0.0,0.0,0.0,0.0,0.008708194708837743,0.008708194708837743
2018/06/24 17:00:00,2018/06/24 18:00:00,2018/06/24 22:00:00,2.3957455176183102,2.3957455176183102,0.0,0.0,1.224815498707559,0.0,0.17552352094686682,0.035896911900275955,0.0,0.0038422073978778286,0.5350858754207735,0.0,0.4205815032449571,0.0,0.0,0.0,0.0,0.0,0.0,0.0,0.0,0.0,0.0,0.0,0.0,0.0,0.0,0.0,0.0,0.0,0.0,0.0,0.0,0.0,0.0,0.0,0.008174616483351901,0.008174616483351901
2018/06/24 18:00:00,2018/06/24 19:00:00,2018/06/24 23:00:00,3.3527225280926625,3.3527225280926625,0.0,0.0,1.3947035232660703,0.0,0.1854355004655871,0.03792404452399166,0.0,0.004059180489740367,0.5513214305361466,0.0,0.4766633964440844,0.0,0.0,0.0,0.0,0.7026154523670424,0.0,0.0,0.0,0.0,0.0,0.0,0.0,0.0,0.0,0.0,0.0,0.0,0.0,0.0,0.0,0.0,0.0,0.0,0.011439954970466962,0.011439954970466962
2018/06/24 19:00:00,2018/06/24 20:00:00,2018/06/25 00:00:00,2.816356786150516,2.816356786150516,0.0,0.0,1.3690643094554296,0.0,0.21169246292360147,0.04329394516773225,0.0,0.0046339450276083275,0.5005084163794185,0.0,0.46801809960953916,0.0,0.0,0.0,0.0,0.21914560758718674,0.0,0.0,0.0,0.0,0.0,0.0,0.0,0.0,0.0,0.0,0.0,0.0,0.0,0.0,0.0,0.0,0.0,0.0,0.009609800555926138,0.009609800555926138
2018/06/24 20:00:00,2018/06/24 21:00:00,2018/06/25 01:00:00,2.3640099554103267,2.3640099554103267,0.0,0.0,1.1218752692652447,0.0,0.2630250272863957,0.05379214239284531,0.0,0.005757614137496295,0.5283498628525346,0.0,0.3912100394758104,0.0,0.0,0.0,0.0,0.0,0.0,0.0,0.0,0.0,0.0,0.0,0.0,0.0,0.0,0.0,0.0,0.0,0.0,0.0,0.0,0.0,0.0,0.0,0.008066330336920237,0.008066330336920237
2018/06/24 21:00:00,2018/06/24 22:00:00,2018/06/25 02:00:00,2.871919191740084,2.871919191740084,0.0,0.0,0.8329242432101875,0.0,0.33411180980362465,0.06833034192034627,0.0,0.007313702804163992,1.328967382968734,0.0,0.3002717110330276,0.0,0.0,0.0,0.0,0.0,0.0,0.0,0.0,0.0,0.0,0.0,0.0,0.0,0.0,0.0,0.0,0.0,0.0,0.0,0.0,0.0,0.0,0.0,0.009799387201605728,0.009799387201605728
2018/06/24 22:00:00,2018/06/24 23:00:00,2018/06/25 03:00:00,2.2163952017122273,2.2163952017122273,0.0,0.0,0.5764423712338014,0.0,0.2788500201125949,0.05702856546731482,0.0,0.0061040230072602055,0.39843385714884805,0.0,0.21310942192363735,0.0,0.0,0.0,0.0,0.6864269428187706,0.0,0.0,0.0,0.0,0.0,0.0,0.0,0.0,0.0,0.0,0.0,0.0,0.0,0.0,0.0,0.0,0.0,0.0,0.007562648293108659,0.007562648293108659
2018/06/24 23:00:00,2018/06/25 00:00:00,2018/06/25 04:00:00,1.3781696607724598,1.3781696607724598,0.0,0.0,0.3852369336559621,0.0,0.13094360677997474,0.026779722120023,0.0,0.002866353705536267,0.33988697256011713,0.0,0.1443071607493872,0.0,0.0,0.0,0.0,0.34814891120145935,0.0,0.0,0.0,0.0,0.0,0.0,0.0,0.0,0.0,0.0,0.0,0.0,0.0,0.0,0.0,0.0,0.0,0.0,0.004702506315030471,0.004702506315030471
2018/06/25 00:00:00,2018/06/25 01:00:00,2018/06/25 05:00:00,0.8967221466288632,0.8967221466288632,0.0,0.0,0.2544326838948625,0.0,0.06501908921459039,0.013297274945155983,0.0,0.0014232669458539432,0.3050892066174897,0.0,0.0946375578355637,0.0,0.0,0.0,0.0,0.16282306717534686,0.0,0.0,0.0,0.0,0.0,0.0,0.0,0.0,0.0,0.0,0.0,0.0,0.0,0.0,0.0,0.0,0.0,0.0,0.0030597405220677853,0.0030597405220677853
2018/06/25 01:00:00,2018/06/25 02:00:00,2018/06/25 06:00:00,0.6253520611841701,0.6253520611841701,0.0,0.0,0.2084933239500948,0.0,0.03901145352875434,0.00797836496709361,0.0,0.0008539601675123682,0.2926013811769224,0.0,0.07641357739379255,0.0,0.0,0.0,0.0,0.0,0.0,0.0,0.0,0.0,0.0,0.0,0.0,0.0,0.0,0.0,0.0,0.0,0.0,0.0,0.0,0.0,0.0,0.0,0.0021337880962984017,0.0021337880962984017
2018/06/25 02:00:00,2018/06/25 03:00:00,2018/06/25 07:00:00,0.5018147818075892,0.5018147818075892,0.0,0.0,0.15117350451189504,0.0,0.026007635685836212,0.005318909978062404,0.0,0.0005693067783415784,0.2625097852649354,0.0,0.05623563958851852,0.0,0.0,0.0,0.0,0.0,0.0,0.0,0.0,0.0,0.0,0.0,0.0,0.0,0.0,0.0,0.0,0.0,0.0,0.0,0.0,0.0,0.0,0.0,0.0017122617393152979,0.0017122617393152979
2018/06/25 03:00:00,2018/06/25 04:00:00,2018/06/25 08:00:00,0.39784095024815347,0.39784095024815347,0.0,0.0,0.08355070572279305,0.0,0.026007635685836212,0.005318909978062404,0.0,0.0005693067783415784,0.25071992479679983,0.0,0.03167446728632039,0.0,0.0,0.0,0.0,0.0,0.0,0.0,0.0,0.0,0.0,0.0,0.0,0.0,0.0,0.0,0.0,0.0,0.0,0.0,0.0,0.0,0.0,0.0,0.0013574885837140396,0.0013574885837140396
2018/06/25 04:00:00,2018/06/25 05:00:00,2018/06/25 09:00:00,0.3275165709290653,0.3275165709290653,0.0,0.0,0.04177789571260744,0.0,0.026843243274492543,0.00548980292637717,0.0,0.0005875982166715451,0.23688057405346816,0.0,0.015937456745448473,0.0,0.0,0.0,0.0,0.0,0.0,0.0,0.0,0.0,0.0,0.0,0.0,0.0,0.0,0.0,0.0,0.0,0.0,0.0,0.0,0.0,0.0,0.0,0.0011175320331807377,0.0011175320331807377
2018/06/25 05:00:00,2018/06/25 06:00:00,2018/06/25 10:00:00,0.3779703336887482,0.3779703336887482,0.0,0.0,0.025766680318843816,0.0,0.06900948530167404,0.014113364412895239,0.0,0.0015106166599181724,0.25779458461066423,0.0,0.00977560238475267,0.0,0.0,0.0,0.0,0.0,0.0,0.0,0.0,0.0,0.0,0.0,0.0,0.0,0.0,0.0,0.0,0.0,0.0,0.0,0.0,0.0,0.0,0.0,0.0012896872799168144,0.0012896872799168144
2018/06/25 06:00:00,2018/06/25 07:00:00,2018/06/25 11:00:00,0.601907980662121,0.601907980662121,0.0,0.0,0.06381774456041599,0.0,0.16201522163153,0.03313428369051031,0.0,0.003546510916391187,0.31514973276137404,0.0,0.024244487101899487,0.0,0.0,0.0,0.0,0.0,0.0,0.0,0.0,0.0,0.0,0.0,0.0,0.0,0.0,0.0,0.0,0.0,0.0,0.0,0.0,0.0,0.0,0.0,0.0020537936370942813,0.0020537936370942813
2018/06/25 07:00:00,2018/06/25 08:00:00,2018/06/25 12:00:00,1.2316702525983716,1.2316702525983716,0.0,0.0,0.13805549473869777,0.0,0.20502608639988215,0.041930581844827744,0.0,0.0044880181395291685,0.36010528653425383,0.0,0.0518974611284961,0.0,0.0,0.0,0.0,0.4301673238126848,0.0,0.0,0.0,0.0,0.0,0.0,0.0,0.0,0.0,0.0,0.0,0.0,0.0,0.0,0.0,0.0,0.0,0.0,0.004202629985072124,0.004202629985072124
2018/06/25 08:00:00,2018/06/25 09:00:00,2018/06/25 13:00:00,2.204336594289782,2.204336594289782,0.0,0.0,0.3597022140878185,0.0,0.20318552328194064,0.04155416202522051,0.0,0.004447728238837415,0.3700265833719114,0.0,0.13463460797088286,0.0,0.0,0.0,0.0,1.0907857753131704,0.0,0.0,0.0,0.0,0.0,0.0,0.0,0.0,0.0,0.0,0.0,0.0,0.0,0.0,0.0,0.0,0.0,0.0,0.007521502649601501,0.007521502649601501
2018/06/25 09:00:00,2018/06/25 10:00:00,2018/06/25 14:00:00,3.9086080650751254,3.9086080650751254,0.0,0.0,0.3254095337015144,0.0,0.19457144785868138,0.03979246817984311,0.0,0.0042591662493183975,1.9059961541888941,0.0,0.11975842406602119,0.0,0.0,0.0,0.0,1.3188208708308526,0.0,0.0,0.0,0.0,0.0,0.0,0.0,0.0,0.0,0.0,0.0,0.0,0.0,0.0,0.0,0.0,0.0,0.0,0.013336713637051573,0.013336713637051573
2018/06/25 10:00:00,2018/06/25 11:00:00,2018/06/25 15:00:00,2.981876051949148,2.981876051949148,0.0,0.0,0.6060487520117018,0.0,0.18848183893972803,0.03854706156031103,0.0,0.004125864795972619,0.6071832907401078,0.0,0.21866837307047376,0.0,0.0,0.0,0.0,1.3188208708308526,0.0,0.0,0.0,0.0,0.0,0.0,0.0,0.0,0.0,0.0,0.0,0.0,0.0,0.0,0.0,0.0,0.0,0.0,0.01017457528202264,0.01017457528202264
2018/06/25 11:00:00,2018/06/25 12:00:00,2018/06/25 16:00:00,2.9657732036296074,2.9657732036296074,0.0,0.0,0.7901188457408593,0.0,0.18004485089820238,0.03682158445731919,0.0,0.003941179246742044,0.35634925718399363,0.0,0.2796766152716381,0.0,0.0,0.0,0.0,1.3188208708308526,0.0,0.0,0.0,0.0,0.0,0.0,0.0,0.0,0.0,0.0,0.0,0.0,0.0,0.0,0.0,0.0,0.0,0.0,0.010119630126815715,0.010119630126815715
2018/06/25 12:00:00,2018/06/25 13:00:00,2018/06/25 17:00:00,2.899562737265501,2.899562737265501,0.0,0.0,0.9559024299978163,0.0,0.17395524197924905,0.03557617783778712,0.0,0.003807877793396267,1.0945620652891763,0.0,0.3335867435775908,0.0,0.0,0.0,0.0,0.30217220079048523,0.0,0.0,0.0,0.0,0.0,0.0,0.0,0.0,0.0,0.0,0.0,0.0,0.0,0.0,0.0,0.0,0.0,0.0,0.009893710818721377,0.009893710818721377
2018/06/25 13:00:00,2018/06/25 14:00:00,2018/06/25 18:00:00,1.925722308848007,1.925722308848007,0.0,0.0,1.0747041854430237,0.0,0.1721632852403147,0.035209698673971224,0.0,0.003768651885655419,0.26620885734512484,0.0,0.37366763025991745,0.0,0.0,0.0,0.0,0.0,0.0,0.0,0.0,0.0,0.0,0.0,0.0,0.0,0.0,0.0,0.0,0.0,0.0,0.0,0.0,0.0,0.0,0.0,0.006570832007197944,0.006570832007197944
2018/06/25 14:00:00,2018/06/25 15:00:00,2018/06/25 19:00:00,2.0927459196960743,2.0927459196960743,0.0,0.0,1.1783708394130132,0.0,0.17199652313011424,0.03517559358796407,0.0,0.0037650014654152042,0.2956372840816883,0.0,0.4078006780178793,0.0,0.0,0.0,0.0,0.0,0.0,0.0,0.0,0.0,0.0,0.0,0.0,0.0,0.0,0.0,0.0,0.0,0.0,0.0,0.0,0.0,0.0,0.0,0.007140739767561786,0.007140739767561786
2018/06/25 15:00:00,2018/06/25 16:00:00,2018/06/25 20:00:00,2.805234273882921,2.805234273882921,0.0,0.0,1.2534516074000188,0.0,0.17210040794950074,0.03519683942549728,0.0,0.0037672755026463456,0.28373458382035643,0.0,0.4381544639810648,0.0,0.0,0.0,0.0,0.6188290958038359,0.0,0.0,0.0,0.0,0.0,0.0,0.0,0.0,0.0,0.0,0.0,0.0,0.0,0.0,0.0,0.0,0.0,0.0,0.009571848999114146,0.009571848999114146
2018/06/25 16:00:00,2018/06/25 17:00:00,2018/06/25 21:00:00,2.35727483287992,2.35727483287992,0.0,0.0,1.3018333791549717,0.0,0.1727083280322343,0.035321167228030935,0.0,0.003780582864683052,0.38388522406492354,0.0,0.45974615153507636,0.0,0.0,0.0,0.0,0.0,0.0,0.0,0.0,0.0,0.0,0.0,0.0,0.0,0.0,0.0,0.0,0.0,0.0,0.0,0.0,0.0,0.0,0.0,0.008043349163314955,0.008043349163314955
2018/06/25 17:00:00,2018/06/25 18:00:00,2018/06/25 22:00:00,2.4281063046557922,2.4281063046557922,0.0,0.0,1.2354739234473726,0.0,0.17552352094686682,0.035896911900275955,0.0,0.0038422073978778286,0.5350858754207735,0.0,0.44228386554262544,0.0,0.0,0.0,0.0,0.0,0.0,0.0,0.0,0.0,0.0,0.0,0.0,0.0,0.0,0.0,0.0,0.0,0.0,0.0,0.0,0.0,0.0,0.0,0.00828503598374768,0.00828503598374768
2018/06/25 18:00:00,2018/06/25 19:00:00,2018/06/25 23:00:00,2.3399043751825026,2.3399043751825026,0.0,0.0,1.061665558147297,0.0,0.1854355004655871,0.03792404452399166,0.0,0.004059180489740367,0.5513214305361466,0.0,0.3883831395636415,0.0,0.0,0.0,0.0,0.11111552145609842,0.0,0.0,0.0,0.0,0.0,0.0,0.0,0.0,0.0,0.0,0.0,0.0,0.0,0.0,0.0,0.0,0.0,0.0,0.007984078748835442,0.007984078748835442
2018/06/25 19:00:00,2018/06/25 20:00:00,2018/06/26 00:00:00,3.260420992405362,3.260420992405362,0.0,0.0,0.8614055061334347,0.0,0.21169246292360147,0.04329394516773225,0.0,0.0046339450276083275,0.5005084163794185,0.0,0.3200658459427141,0.0,0.0,0.0,0.0,1.3188208708308526,0.0,0.0,0.0,0.0,0.0,0.0,0.0,0.0,0.0,0.0,0.0,0.0,0.0,0.0,0.0,0.0,0.0,0.0,0.01112500930970321,0.01112500930970321
2018/06/25 20:00:00,2018/06/25 21:00:00,2018/06/26 01:00:00,1.749072511444032,1.749072511444032,0.0,0.0,0.46574287970537726,0.0,0.2630250272863957,0.05379214239284531,0.0,0.005757614137496295,0.49005820397958605,0.0,0.17831172935322603,0.0,0.0,0.0,0.0,0.29238491458910537,0.0,0.0,0.0,0.0,0.0,0.0,0.0,0.0,0.0,0.0,0.0,0.0,0.0,0.0,0.0,0.0,0.0,0.0,0.0059680783611951406,0.0059680783611951406
2018/06/25 21:00:00,2018/06/25 22:00:00,2018/06/26 02:00:00,1.4382188620132157,1.4382188620132157,0.0,0.0,0.22361715031629392,0.0,0.33411180980362465,0.06833034192034627,0.0,0.007313702804163992,0.4657559093404247,0.0,0.08828846945591311,0.0,0.0,0.0,0.0,0.25080147837244876,0.0,0.0,0.0,0.0,0.0,0.0,0.0,0.0,0.0,0.0,0.0,0.0,0.0,0.0,0.0,0.0,0.0,0.0,0.0049074025307031584,0.0049074025307031584
2018/06/25 22:00:00,2018/06/25 23:00:00,2018/06/26 03:00:00,1.0103841986853623,1.0103841986853623,0.0,0.0,0.046967084804961264,0.0,0.2788500201125949,0.05702856546731482,0.0,0.0061040230072602055,0.39843385714884805,0.0,0.01863545439757712,0.0,0.0,0.0,0.0,0.20436519374680595,0.0,0.0,0.0,0.0,0.0,0.0,0.0,0.0,0.0,0.0,0.0,0.0,0.0,0.0,0.0,0.0,0.0,0.0,0.003447571231731954,0.003447571231731954
2018/06/25 23:00:00,2018/06/26 00:00:00,2018/06/26 04:00:00,0.5004766551656511,0.5004766551656511,0.0,0.0,0.0,0.0,0.13094360677997474,0.026779722120023,0.0,0.002866353705536267,0.33988697256011713,0.0,0.0,0.0,0.0,0.0,0.0,0.0,0.0,0.0,0.0,0.0,0.0,0.0,0.0,0.0,0.0,0.0,0.0,0.0,0.0,0.0,0.0,0.0,0.0,0.0,0.0017076958653426423,0.0017076958653426423
2018/06/26 00:00:00,2018/06/26 01:00:00,2018/06/26 05:00:00,0.5685674139885842,0.5685674139885842,0.1837385762654942,0.0,0.0,0.0,0.06501908921459039,0.013297274945155983,0.0,0.0014232669458539432,0.3050892066174897,0.0,0.0,0.0,0.0,0.0,0.0,0.0,0.0,0.0,0.0,0.0,0.0,0.0,0.0,0.0,0.0,0.0,0.0,0.0,0.0,0.0,0.0,0.0,0.0,0.0,0.0019400309924855444,0.0019400309924855444
2018/06/26 01:00:00,2018/06/26 02:00:00,2018/06/26 06:00:00,1.347902808852972,1.347902808852972,1.0074576490126894,0.0,0.0,0.0,0.03901145352875434,0.00797836496709361,0.0,0.0008539601675123682,0.2926013811769224,0.0,0.0,0.0,0.0,0.0,0.0,0.0,0.0,0.0,0.0,0.0,0.0,0.0,0.0,0.0,0.0,0.0,0.0,0.0,0.0,0.0,0.0,0.0,0.0,0.0,0.004599231612112031,0.004599231612112031
2018/06/26 02:00:00,2018/06/26 03:00:00,2018/06/26 07:00:00,1.7580134065141464,1.7580134065141464,1.4636077688069709,0.0,0.0,0.0,0.026007635685836212,0.005318909978062404,0.0,0.0005693067783415784,0.2625097852649354,0.0,0.0,0.0,0.0,0.0,0.0,0.0,0.0,0.0,0.0,0.0,0.0,0.0,0.0,0.0,0.0,0.0,0.0,0.0,0.0,0.0,0.0,0.0,0.0,0.0,0.005998585937095246,0.005998585937095246
2018/06/26 03:00:00,2018/06/26 04:00:00,2018/06/26 08:00:00,2.368414043318168,2.368414043318168,2.085798266079128,0.0,0.0,0.0,0.026007635685836212,0.005318909978062404,0.0,0.0005693067783415784,0.25071992479679983,0.0,0.0,0.0,0.0,0.0,0.0,0.0,0.0,0.0,0.0,0.0,0.0,0.0,0.0,0.0,0.0,0.0,0.0,0.0,0.0,0.0,0.0,0.0,0.0,0.0,0.008081357696604648,0.008081357696604648
2018/06/26 04:00:00,2018/06/26 05:00:00,2018/06/26 09:00:00,3.2834395264429865,3.2834395264429865,2.5856338122008258,0.0,0.0,0.0,0.026843243274492543,0.00548980292637717,0.0,0.0005875982166715451,0.23688057405346816,0.0,0.0,0.0,0.0,0.0,0.0,0.42800449577115157,0.0,0.0,0.0,0.0,0.0,0.0,0.0,0.0,0.0,0.0,0.0,0.0,0.0,0.0,0.0,0.0,0.0,0.0,0.011203551745192612,0.011203551745192612
2018/06/26 05:00:00,2018/06/26 06:00:00,2018/06/26 10:00:00,3.2314598947211004,3.2314598947211004,2.889031843735949,0.0,0.0,0.0,0.06900948530167404,0.014113364412895239,0.0,0.0015106166599181724,0.25779458461066423,0.0,0.0,0.0,0.0,0.0,0.0,0.0,0.0,0.0,0.0,0.0,0.0,0.0,0.0,0.0,0.0,0.0,0.0,0.0,0.0,0.0,0.0,0.0,0.0,0.0,0.011026190021609086,0.011026190021609086
2018/06/26 06:00:00,2018/06/26 07:00:00,2018/06/26 11:00:00,3.2225629446264823,3.2225629446264823,2.708717195626677,0.0,0.0,0.0,0.16201522163153,0.03313428369051031,0.0,0.003546510916391187,0.31514973276137404,0.0,0.0,0.0,0.0,0.0,0.0,0.0,0.0,0.0,0.0,0.0,0.0,0.0,0.0,0.0,0.0,0.0,0.0,0.0,0.0,0.0,0.0,0.0,0.0,0.0,0.01099583239206948,0.01099583239206948
2018/06/26 07:00:00,2018/06/26 08:00:00,2018/06/26 12:00:00,2.7651655681042526,2.7651655681042526,1.409564316874866,0.0,0.0,0.0,0.20502608639988215,0.041930581844827744,0.0,0.0044880181395291685,0.4581626503500126,0.0,0.0,0.0,0.0,0.0,0.0,0.6459939144951344,0.0,0.0,0.0,0.0,0.0,0.0,0.0,0.0,0.0,0.0,0.0,0.0,0.0,0.0,0.0,0.0,0.0,0.0,0.00943512900931719,0.00943512900931719
2018/06/26 08:00:00,2018/06/26 09:00:00,2018/06/26 13:00:00,4.301874051946489,4.301874051946489,0.22648557663509583,0.0,0.0,0.0,0.20318552328194064,0.04155416202522051,0.0,0.004447728238837415,2.507380190934542,0.0,0.0,0.0,0.0,0.0,0.0,1.3188208708308526,0.0,0.0,0.0,0.0,0.0,0.0,0.0,0.0,0.0,0.0,0.0,0.0,0.0,0.0,0.0,0.0,0.0,0.0,0.01467859181024596,0.01467859181024596
2018/06/26 09:00:00,2018/06/26 10:00:00,2018/06/26 14:00:00,1.8184184734903528,1.8184184734903528,0.020520445527193867,0.0,0.0,0.0,0.19457144785868138,0.03979246817984311,0.0,0.0042591662493183975,0.24045407484446327,0.0,0.0,0.0,0.0,0.0,0.0,1.3188208708308526,0.0,0.0,0.0,0.0,0.0,0.0,0.0,0.0,0.0,0.0,0.0,0.0,0.0,0.0,0.0,0.0,0.0,0.0,0.0062046964160882585,0.0062046964160882585
2018/06/26 10:00:00,2018/06/26 11:00:00,2018/06/26 15:00:00,1.7870414268893624,1.7870414268893624,0.0,0.0,0.0,0.0,0.18848183893972803,0.03854706156031103,0.0,0.004125864795972619,0.23706579076249806,0.0,0.0,0.0,0.0,0.0,0.0,1.3188208708308526,0.0,0.0,0.0,0.0,0.0,0.0,0.0,0.0,0.0,0.0,0.0,0.0,0.0,0.0,0.0,0.0,0.0,0.0,0.006097633574706697,0.006097633574706697
2018/06/26 11:00:00,2018/06/26 12:00:00,2018/06/26 16:00:00,0.598686974214021,0.598686974214021,0.0,0.0,0.03470996926909668,0.0,0.18004485089820238,0.03682158445731919,0.0,0.003941179246742044,0.2521460954047706,0.0,0.013749180995655754,0.0,0.0,0.0,0.0,0.0772741139422343,0.0,0.0,0.0,0.0,0.0,0.0,0.0,0.0,0.0,0.0,0.0,0.0,0.0,0.0,0.0,0.0,0.0,0.0,0.0020428031156845628,0.0020428031156845628
2018/06/26 12:00:00,2018/06/26 13:00:00,2018/06/26 17:00:00,1.5897370284914378,1.5897370284914378,0.0,0.0,0.1569099691507346,0.0,0.17395524197924905,0.03557617783778712,0.0,0.003807877793396267,0.25819048102071934,0.0,0.06144077465596445,0.0,0.0,0.0,0.0,0.8998565060535869,0.0,0.0,0.0,0.0,0.0,0.0,0.0,0.0,0.0,0.0,0.0,0.0,0.0,0.0,0.0,0.0,0.0,0.0,0.005424403561117887,0.005424403561117887
2018/06/26 13:00:00,2018/06/26 14:00:00,2018/06/26 18:00:00,0.8927551445676101,0.8927551445676101,0.0,0.0,0.2998275899085654,0.0,0.1721632852403147,0.035209698673971224,0.0,0.003768651885655419,0.26620885734512484,0.0,0.11557706151397845,0.0,0.0,0.0,0.0,0.0,0.0,0.0,0.0,0.0,0.0,0.0,0.0,0.0,0.0,0.0,0.0,0.0,0.0,0.0,0.0,0.0,0.0,0.0,0.003046204560004649,0.003046204560004649
2018/06/26 14:00:00,2018/06/26 15:00:00,2018/06/26 19:00:00,1.1423586332973579,1.1423586332973579,0.0,0.0,0.45963248525337713,0.0,0.17199652313011424,0.03517559358796407,0.0,0.0037650014654152042,0.2956372840816883,0.0,0.17615174577879888,0.0,0.0,0.0,0.0,0.0,0.0,0.0,0.0,0.0,0.0,0.0,0.0,0.0,0.0,0.0,0.0,0.0,0.0,0.0,0.0,0.0,0.0,0.0,0.003897886334327983,0.003897886334327983
2018/06/26 15:00:00,2018/06/26 16:00:00,2018/06/26 20:00:00,1.395580572024122,1.395580572024122,0.0,0.0,0.6530537396445745,0.0,0.17210040794950074,0.03519683942549728,0.0,0.0037672755026463456,0.28373458382035643,0.0,0.24772772568154663,0.0,0.0,0.0,0.0,0.0,0.0,0.0,0.0,0.0,0.0,0.0,0.0,0.0,0.0,0.0,0.0,0.0,0.0,0.0,0.0,0.0,0.0,0.0,0.004761914762656205,0.004761914762656205
2018/06/26 16:00:00,2018/06/26 17:00:00,2018/06/26 21:00:00,1.6978130194900347,1.6978130194900347,0.0,0.0,0.7968847073829265,0.0,0.1727083280322343,0.035321167228030935,0.0,0.003780582864683052,0.38388522406492354,0.0,0.30523300991723656,0.0,0.0,0.0,0.0,0.0,0.0,0.0,0.0,0.0,0.0,0.0,0.0,0.0,0.0,0.0,0.0,0.0,0.0,0.0,0.0,0.0,0.0,0.0,0.005793173854529526,0.005793173854529526
2018/06/26 17:00:00,2018/06/26 18:00:00,2018/06/26 22:00:00,1.9364034407520707,1.9364034407520707,0.0,0.0,0.855872580287744,0.0,0.17552352094686682,0.035896911900275955,0.0,0.0038422073978778286,0.5350858754207735,0.0,0.33018234479853253,0.0,0.0,0.0,0.0,0.0,0.0,0.0,0.0,0.0,0.0,0.0,0.0,0.0,0.0,0.0,0.0,0.0,0.0,0.0,0.0,0.0,0.0,0.0,0.0066072775129003255,0.0066072775129003255
2018/06/26 18:00:00,2018/06/26 19:00:00,2018/06/26 23:00:00,1.959578489142528,1.959578489142528,0.0,0.0,0.850243258453595,0.0,0.1854355004655871,0.03792404452399166,0.0,0.004059180489740367,0.5513214305361466,0.0,0.3305950746734674,0.0,0.0,0.0,0.0,0.0,0.0,0.0,0.0,0.0,0.0,0.0,0.0,0.0,0.0,0.0,0.0,0.0,0.0,0.0,0.0,0.0,0.0,0.0,0.006686353997101973,0.006686353997101973
2018/06/26 19:00:00,2018/06/26 20:00:00,2018/06/27 00:00:00,3.4825975363227646,3.4825975363227646,0.0,0.0,0.8677871957203834,0.0,0.21169246292360147,0.04329394516773225,0.0,0.0046339450276083275,0.8349704706675662,0.0,0.338365734330831,0.0,0.0,0.0,0.0,1.1818537824850417,0.0,0.0,0.0,0.0,0.0,0.0,0.0,0.0,0.0,0.0,0.0,0.0,0.0,0.0,0.0,0.0,0.0,0.0,0.011883106538630473,0.011883106538630473
2018/06/26 20:00:00,2018/06/26 21:00:00,2018/06/27 01:00:00,10.828868425012704,10.828868425012704,0.0,0.0,0.7210046070111332,0.0,0.2630250272863957,0.05379214239284531,0.0,0.005757614137496295,8.183132010114784,0.0,0.28333615323919703,0.0,0.0,0.0,0.0,1.3188208708308526,0.0,0.0,0.0,0.0,0.0,0.0,0.0,0.0,0.0,0.0,0.0,0.0,0.0,0.0,0.0,0.0,0.0,0.0,0.036949603232967865,0.036949603232967865
2018/06/26 21:00:00,2018/06/26 22:00:00,2018/06/27 02:00:00,6.427109538419197,6.427109538419197,0.0,0.0,0.4982854180424101,0.0,0.33411180980362465,0.06833034192034627,0.0,0.007313702804163992,4.00089833139563,0.0,0.19934906362216911,0.0,0.0,0.0,0.0,1.3188208708308526,0.0,0.0,0.0,0.0,0.0,0.0,0.0,0.0,0.0,0.0,0.0,0.0,0.0,0.0,0.0,0.0,0.0,0.0,0.02193019049256146,0.02193019049256146
2018/06/26 22:00:00,2018/06/26 23:00:00,2018/06/27 03:00:00,4.313094819659595,4.313094819659595,0.0,0.0,0.3230860444345464,0.0,0.2788500201125949,0.05702856546731482,0.0,0.0061040230072602055,2.199627452118412,0.0,0.1295778436886137,0.0,0.0,0.0,0.0,1.3188208708308526,0.0,0.0,0.0,0.0,0.0,0.0,0.0,0.0,0.0,0.0,0.0,0.0,0.0,0.0,0.0,0.0,0.0,0.0,0.014716878628286053,0.014716878628286053
2018/06/26 23:00:00,2018/06/27 00:00:00,2018/06/27 04:00:00,1.870600914461267,1.870600914461267,0.0,0.0,0.0038851006206558378,0.0,0.13094360677997474,0.026779722120023,0.0,0.002866353705536267,0.385747688988466,0.0,0.0015575714157583117,0.0,0.0,0.0,0.0,1.3188208708308526,0.0,0.0,0.0,0.0,0.0,0.0,0.0,0.0,0.0,0.0,0.0,0.0,0.0,0.0,0.0,0.0,0.0,0.0,0.006382750153000366,0.006382750153000366
2018/06/27 00:00:00,2018/06/27 01:00:00,2018/06/27 05:00:00,1.7669879955518089,1.7669879955518089,0.06333828699786609,0.0,0.0,0.0,0.06501908921459039,0.013297274945155983,0.0,0.0014232669458539432,0.3050892066174897,0.0,0.0,0.0,0.0,0.0,0.0,1.3188208708308526,0.0,0.0,0.0,0.0,0.0,0.0,0.0,0.0,0.0,0.0,0.0,0.0,0.0,0.0,0.0,0.0,0.0,0.0,0.006029208481492832,0.006029208481492832
2018/06/27 01:00:00,2018/06/27 02:00:00,2018/06/27 06:00:00,2.6959431924443438,2.6959431924443438,0.9536302424727979,0.0,0.0,0.0,0.03901145352875434,0.00797836496709361,0.0,0.0008539601675123682,0.3756483004773328,0.0,0.0,0.0,0.0,0.0,0.0,1.3188208708308526,0.0,0.0,0.0,0.0,0.0,0.0,0.0,0.0,0.0,0.0,0.0,0.0,0.0,0.0,0.0,0.0,0.0,0.0,0.00919893264834108,0.00919893264834108
2018/06/27 02:00:00,2018/06/27 03:00:00,2018/06/27 07:00:00,3.8396653179302715,3.8396653179302715,0.8494180212255299,0.0,0.0,0.0,0.026007635685836212,0.005318909978062404,0.0,0.0005693067783415784,2.2051022431309333,0.0,0.0,0.0,0.0,0.0,0.0,0.7532492011315686,0.0,0.0,0.0,0.0,0.0,0.0,0.0,0.0,0.0,0.0,0.0,0.0,0.0,0.0,0.0,0.0,0.0,0.0,0.013101471407410189,0.013101471407410189
2018/06/27 03:00:00,2018/06/27 04:00:00,2018/06/27 08:00:00,3.268912652526061,3.268912652526061,1.3227299245119506,0.0,0.0,0.0,0.026007635685836212,0.005318909978062404,0.0,0.0005693067783415784,1.91428687557187,0.0,0.0,0.0,0.0,0.0,0.0,0.0,0.0,0.0,0.0,0.0,0.0,0.0,0.0,0.0,0.0,0.0,0.0,0.0,0.0,0.0,0.0,0.0,0.0,0.0,0.01115398403355564,0.01115398403355564
2018/06/27 04:00:00,2018/06/27 05:00:00,2018/06/27 09:00:00,3.815297521499785,3.815297521499785,1.8507060825176969,0.0,0.0,0.0,0.026843243274492543,0.00548980292637717,0.0,0.0005875982166715451,1.931670794564547,0.0,0.0,0.0,0.0,0.0,0.0,0.0,0.0,0.0,0.0,0.0,0.0,0.0,0.0,0.0,0.0,0.0,0.0,0.0,0.0,0.0,0.0,0.0,0.0,0.0,0.013018325101219183,0.013018325101219183
2018/06/27 05:00:00,2018/06/27 06:00:00,2018/06/27 10:00:00,2.6558372044305747,2.6558372044305747,2.313409153445423,0.0,0.0,0.0,0.06900948530167404,0.014113364412895239,0.0,0.0015106166599181724,0.25779458461066423,0.0,0.0,0.0,0.0,0.0,0.0,0.0,0.0,0.0,0.0,0.0,0.0,0.0,0.0,0.0,0.0,0.0,0.0,0.0,0.0,0.0,0.0,0.0,0.0,0.0,0.009062085446379332,0.009062085446379332
2018/06/27 06:00:00,2018/06/27 07:00:00,2018/06/27 11:00:00,2.8225364831932,2.8225364831932,2.308690734193395,0.0,0.0,0.0,0.16201522163153,0.03313428369051031,0.0,0.003546510916391187,0.31514973276137404,0.0,0.0,0.0,0.0,0.0,0.0,0.0,0.0,0.0,0.0,0.0,0.0,0.0,0.0,0.0,0.0,0.0,0.0,0.0,0.0,0.0,0.0,0.0,0.0,0.0,0.00963088654061681,0.00963088654061681
2018/06/27 07:00:00,2018/06/27 08:00:00,2018/06/27 12:00:00,2.1774572530330265,2.1774572530330265,1.5659072801145337,0.0,0.0,0.0,0.20502608639988215,0.041930581844827744,0.0,0.0044880181395291685,0.36010528653425383,0.0,0.0,0.0,0.0,0.0,0.0,0.0,0.0,0.0,0.0,0.0,0.0,0.0,0.0,0.0,0.0,0.0,0.0,0.0,0.0,0.0,0.0,0.0,0.0,0.0,0.007429786603601111,0.007429786603601111
2018/06/27 08:00:00,2018/06/27 09:00:00,2018/06/27 13:00:00,1.0426828940990667,1.0426828940990667,0.49662911980690155,0.0,0.0,0.0,0.20318552328194064,0.04155416202522051,0.0,0.004447728238837415,0.29686636074616646,0.0,0.0,0.0,0.0,0.0,0.0,0.0,0.0,0.0,0.0,0.0,0.0,0.0,0.0,0.0,0.0,0.0,0.0,0.0,0.0,0.0,0.0,0.0,0.0,0.0,0.0035577788668826643,0.0035577788668826643
2018/06/27 09:00:00,2018/06/27 10:00:00,2018/06/27 14:00:00,0.7148777430996146,0.7148777430996146,0.0,0.0,0.0,0.0,0.19457144785868138,0.03979246817984311,0.0,0.0042591662493183975,0.24045407484446327,0.0,0.0,0.0,0.0,0.0,0.0,0.23580058596730857,0.0,0.0,0.0,0.0,0.0,0.0,0.0,0.0,0.0,0.0,0.0,0.0,0.0,0.0,0.0,0.0,0.0,0.0,0.0024392621584170097,0.0024392621584170097
2018/06/27 10:00:00,2018/06/27 11:00:00,2018/06/27 15:00:00,0.6736888229248206,0.6736888229248206,0.0,0.0,0.028595180972295606,0.0,0.18848183893972803,0.03854706156031103,0.0,0.004125864795972619,0.23706579076249806,0.0,0.011122613811137085,0.0,0.0,0.0,0.0,0.1657504720828782,0.0,0.0,0.0,0.0,0.0,0.0,0.0,0.0,0.0,0.0,0.0,0.0,0.0,0.0,0.0,0.0,0.0,0.0,0.002298719841498865,0.002298719841498865
2018/06/27 11:00:00,2018/06/27 12:00:00,2018/06/27 16:00:00,1.1984870824057208,1.1984870824057208,0.0,0.0,0.2409178003709234,0.0,0.18004485089820238,0.03682158445731919,0.0,0.003941179246742044,0.2521460954047706,0.0,0.0929472703277891,0.0,0.0,0.0,0.0,0.39166830169997413,0.0,0.0,0.0,0.0,0.0,0.0,0.0,0.0,0.0,0.0,0.0,0.0,0.0,0.0,0.0,0.0,0.0,0.0,0.004089404399119079,0.004089404399119079
2018/06/27 12:00:00,2018/06/27 13:00:00,2018/06/27 17:00:00,2.3230513126256787,2.3230513126256787,0.0,0.0,0.3853423447573279,0.0,0.17395524197924905,0.03557617783778712,0.0,0.003807877793396267,0.25819048102071934,0.0,0.14735831840634628,0.0,0.0,0.0,0.0,1.3188208708308526,0.0,0.0,0.0,0.0,0.0,0.0,0.0,0.0,0.0,0.0,0.0,0.0,0.0,0.0,0.0,0.0,0.0,0.0,0.007926573758443585,0.007926573758443585
2018/06/27 13:00:00,2018/06/27 14:00:00,2018/06/27 18:00:00,1.4907698269435432,1.4907698269435432,0.0,0.0,0.5915628072546776,0.0,0.1721632852403147,0.035209698673971224,0.0,0.003768651885655419,0.26620885734512484,0.0,0.2242608407818494,0.0,0.0,0.0,0.0,0.19759568576194994,0.0,0.0,0.0,0.0,0.0,0.0,0.0,0.0,0.0,0.0,0.0,0.0,0.0,0.0,0.0,0.0,0.0,0.0,0.005086713722554022,0.005086713722554022
2018/06/27 14:00:00,2018/06/27 15:00:00,2018/06/27 19:00:00,1.5806282441478872,1.5806282441478872,0.0,0.0,0.7807660423509271,0.0,0.17199652313011424,0.03517559358796407,0.0,0.0037650014654152042,0.2956372840816883,0.0,0.2932877995317783,0.0,0.0,0.0,0.0,0.0,0.0,0.0,0.0,0.0,0.0,0.0,0.0,0.0,0.0,0.0,0.0,0.0,0.0,0.0,0.0,0.0,0.0,0.0,0.005393323123696424,0.005393323123696424
2018/06/27 15:00:00,2018/06/27 16:00:00,2018/06/27 20:00:00,1.9092042488715784,1.9092042488715784,0.0,0.0,0.9660445647366644,0.0,0.17210040794950074,0.03519683942549728,0.0,0.0037672755026463456,0.37050203793802905,0.0,0.3615931233192406,0.0,0.0,0.0,0.0,0.0,0.0,0.0,0.0,0.0,0.0,0.0,0.0,0.0,0.0,0.0,0.0,0.0,0.0,0.0,0.0,0.0,0.0,0.0,0.0065144700921433984,0.0065144700921433984
2018/06/27 16:00:00,2018/06/27 17:00:00,2018/06/27 21:00:00,4.702967480384406,4.702967480384406,0.0,0.0,1.106886542269905,0.0,0.1727083280322343,0.035321167228030935,0.0,0.003780582864683052,2.489335845987811,0.0,0.41732436431552056,0.0,0.0,0.0,0.0,0.4776106496862214,0.0,0.0,0.0,0.0,0.0,0.0,0.0,0.0,0.0,0.0,0.0,0.0,0.0,0.0,0.0,0.0,0.0,0.0,0.01604717830132381,0.01604717830132381
2018/06/27 17:00:00,2018/06/27 18:00:00,2018/06/27 22:00:00,5.7167388901257725,5.7167388901257725,0.0,0.0,1.0875696294863666,0.0,0.17552352094686682,0.035896911900275955,0.0,0.0038422073978778286,3.904057115684472,0.0,0.4146770184167039,0.0,0.0,0.0,0.0,0.0951724862932085,0.0,0.0,0.0,0.0,0.0,0.0,0.0,0.0,0.0,0.0,0.0,0.0,0.0,0.0,0.0,0.0,0.0,0.0,0.019506307167674035,0.019506307167674035
2018/06/27 18:00:00,2018/06/27 19:00:00,2018/06/27 23:00:00,2.050520641699253,2.050520641699253,0.0,0.0,0.9177295254496732,0.0,0.1854355004655871,0.03792404452399166,0.0,0.004059180489740367,0.5513214305361466,0.0,0.3540509602341141,0.0,0.0,0.0,0.0,0.0,0.0,0.0,0.0,0.0,0.0,0.0,0.0,0.0,0.0,0.0,0.0,0.0,0.0,0.0,0.0,0.0,0.0,0.0,0.006996661253801242,0.006996661253801242
2018/06/27 19:00:00,2018/06/27 20:00:00,2018/06/28 00:00:00,1.7814955936593901,1.7814955936593901,0.0,0.0,0.729934681296919,0.0,0.21169246292360147,0.04329394516773225,0.0,0.0046339450276083275,0.5057812013940799,0.0,0.28615935784944885,0.0,0.0,0.0,0.0,0.0,0.0,0.0,0.0,0.0,0.0,0.0,0.0,0.0,0.0,0.0,0.0,0.0,0.0,0.0,0.0,0.0,0.0,0.0,0.006078710421390846,0.006078710421390846
2018/06/27 20:00:00,2018/06/27 21:00:00,2018/06/28 01:00:00,1.5871841855164661,1.5871841855164661,0.0,0.0,0.4675043196631955,0.0,0.2630250272863957,0.05379214239284531,0.0,0.005757614137496295,0.6089229556408596,0.0,0.1881821263956737,0.0,0.0,0.0,0.0,0.0,0.0,0.0,0.0,0.0,0.0,0.0,0.0,0.0,0.0,0.0,0.0,0.0,0.0,0.0,0.0,0.0,0.0,0.0,0.005415692906288672,0.005415692906288672
2018/06/27 21:00:00,2018/06/27 22:00:00,2018/06/28 02:00:00,1.1824784763312453,1.1824784763312453,0.0,0.0,0.21849366886636604,0.0,0.33411180980362465,0.06833034192034627,0.0,0.007313702804163992,0.4657559093404247,0.0,0.08847304359631948,0.0,0.0,0.0,0.0,0.0,0.0,0.0,0.0,0.0,0.0,0.0,0.0,0.0,0.0,0.0,0.0,0.0,0.0,0.0,0.0,0.0,0.0,0.0,0.004034780811542886,0.004034780811542886
2018/06/27 22:00:00,2018/06/27 23:00:00,2018/06/28 03:00:00,0.7885067838322144,0.7885067838322144,0.0,0.0,0.03423229067601794,0.0,0.2788500201125949,0.05702856546731482,0.0,0.0061040230072602055,0.39843385714884805,0.0,0.013858027420178373,0.0,0.0,0.0,0.0,0.0,0.0,0.0,0.0,0.0,0.0,0.0,0.0,0.0,0.0,0.0,0.0,0.0,0.0,0.0,0.0,0.0,0.0,0.0,0.002690494672721975,0.002690494672721975
2018/06/27 23:00:00,2018/06/28 00:00:00,2018/06/28 04:00:00,0.5004766551656511,0.5004766551656511,0.0,0.0,0.0,0.0,0.13094360677997474,0.026779722120023,0.0,0.002866353705536267,0.33988697256011713,0.0,0.0,0.0,0.0,0.0,0.0,0.0,0.0,0.0,0.0,0.0,0.0,0.0,0.0,0.0,0.0,0.0,0.0,0.0,0.0,0.0,0.0,0.0,0.0,0.0,0.0017076958653426423,0.0017076958653426423
2018/06/28 00:00:00,2018/06/28 01:00:00,2018/06/28 05:00:00,2.1296712438726124,2.1296712438726124,0.7110011525982973,0.0,0.0,0.0,0.06501908921459039,0.013297274945155983,0.0,0.0014232669458539432,1.3389304601687144,0.0,0.0,0.0,0.0,0.0,0.0,0.0,0.0,0.0,0.0,0.0,0.0,0.0,0.0,0.0,0.0,0.0,0.0,0.0,0.0,0.0,0.0,0.0,0.0,0.0,0.007266734102705829,0.007266734102705829
2018/06/28 01:00:00,2018/06/28 02:00:00,2018/06/28 06:00:00,1.4009110238899556,1.4009110238899556,1.0604658640496725,0.0,0.0,0.0,0.03901145352875434,0.00797836496709361,0.0,0.0008539601675123682,0.2926013811769224,0.0,0.0,0.0,0.0,0.0,0.0,0.0,0.0,0.0,0.0,0.0,0.0,0.0,0.0,0.0,0.0,0.0,0.0,0.0,0.0,0.0,0.0,0.0,0.0,0.0,0.004780103004840406,0.004780103004840406
2018/06/28 02:00:00,2018/06/28 03:00:00,2018/06/28 07:00:00,1.5713312636793821,1.5713312636793821,1.2769256259722066,0.0,0.0,0.0,0.026007635685836212,0.005318909978062404,0.0,0.0005693067783415784,0.2625097852649354,0.0,0.0,0.0,0.0,0.0,0.0,0.0,0.0,0.0,0.0,0.0,0.0,0.0,0.0,0.0,0.0,0.0,0.0,0.0,0.0,0.0,0.0,0.0,0.0,0.0,0.0053616005349555315,0.0053616005349555315
2018/06/28 03:00:00,2018/06/28 04:00:00,2018/06/28 08:00:00,2.3533590112665994,2.3533590112665994,1.6691734448429425,0.0,0.0,0.0,0.026007635685836212,0.005318909978062404,0.0,0.0005693067783415784,0.25071992479679983,0.0,0.0,0.0,0.0,0.0,0.0,0.4015697891846169,0.0,0.0,0.0,0.0,0.0,0.0,0.0,0.0,0.0,0.0,0.0,0.0,0.0,0.0,0.0,0.0,0.0,0.0,0.008029987836049303,0.008029987836049303
2018/06/28 04:00:00,2018/06/28 05:00:00,2018/06/28 09:00:00,2.2998856953232765,2.2998856953232765,2.030084476852267,0.0,0.0,0.0,0.026843243274492543,0.00548980292637717,0.0,0.0005875982166715451,0.23688057405346816,0.0,0.0,0.0,0.0,0.0,0.0,0.0,0.0,0.0,0.0,0.0,0.0,0.0,0.0,0.0,0.0,0.0,0.0,0.0,0.0,0.0,0.0,0.0,0.0,0.0,0.007847529454424393,0.007847529454424393
2018/06/28 05:00:00,2018/06/28 06:00:00,2018/06/28 10:00:00,2.5780329342328963,2.5780329342328963,2.2356048832477446,0.0,0.0,0.0,0.06900948530167404,0.014113364412895239,0.0,0.0015106166599181724,0.25779458461066423,0.0,0.0,0.0,0.0,0.0,0.0,0.0,0.0,0.0,0.0,0.0,0.0,0.0,0.0,0.0,0.0,0.0,0.0,0.0,0.0,0.0,0.0,0.0,0.0,0.0,0.00879660646918588,0.00879660646918588
2018/06/28 06:00:00,2018/06/28 07:00:00,2018/06/28 11:00:00,2.510910767043535,2.510910767043535,1.9970650180437297,0.0,0.0,0.0,0.16201522163153,0.03313428369051031,0.0,0.003546510916391187,0.31514973276137404,0.0,0.0,0.0,0.0,0.0,0.0,0.0,0.0,0.0,0.0,0.0,0.0,0.0,0.0,0.0,0.0,0.0,0.0,0.0,0.0,0.0,0.0,0.0,0.0,0.0,0.008567576311237411,0.008567576311237411
2018/06/28 07:00:00,2018/06/28 08:00:00,2018/06/28 12:00:00,1.7990115964230768,1.7990115964230768,0.8192170886512752,0.0,0.0,0.0,0.20502608639988215,0.041930581844827744,0.0,0.0044880181395291685,0.36010528653425383,0.0,0.0,0.0,0.0,0.0,0.0,0.36824453485330894,0.0,0.0,0.0,0.0,0.0,0.0,0.0,0.0,0.0,0.0,0.0,0.0,0.0,0.0,0.0,0.0,0.0,0.0,0.006138477455853179,0.006138477455853179
2018/06/28 08:00:00,2018/06/28 09:00:00,2018/06/28 13:00:00,1.8648746451230178,1.8648746451230178,0.0,0.0,0.0,0.0,0.20318552328194064,0.04155416202522051,0.0,0.004447728238837415,0.29686636074616646,0.0,0.0,0.0,0.0,0.0,0.0,1.3188208708308526,0.0,0.0,0.0,0.0,0.0,0.0,0.0,0.0,0.0,0.0,0.0,0.0,0.0,0.0,0.0,0.0,0.0,0.0,0.006363211326619884,0.006363211326619884
2018/06/28 09:00:00,2018/06/28 10:00:00,2018/06/28 14:00:00,1.8284994969459816,1.8284994969459816,0.0,0.0,0.022116744587086387,0.0,0.19457144785868138,0.03979246817984311,0.0,0.0042591662493183975,0.24045407484446327,0.0,0.008484724395736208,0.0,0.0,0.0,0.0,1.3188208708308526,0.0,0.0,0.0,0.0,0.0,0.0,0.0,0.0,0.0,0.0,0.0,0.0,0.0,0.0,0.0,0.0,0.0,0.0,0.006239094268407467,0.006239094268407467
2018/06/28 10:00:00,2018/06/28 11:00:00,2018/06/28 15:00:00,1.2238548906545477,1.2238548906545477,0.0,0.0,0.19733643397763298,0.0,0.18848183893972803,0.03854706156031103,0.0,0.004125864795972619,0.23706579076249806,0.0,0.0739722026040614,0.0,0.0,0.0,0.0,0.4843256980143436,0.0,0.0,0.0,0.0,0.0,0.0,0.0,0.0,0.0,0.0,0.0,0.0,0.0,0.0,0.0,0.0,0.0,0.0,0.0041759628845393195,0.0041759628845393195
2018/06/28 11:00:00,2018/06/28 12:00:00,2018/06/28 16:00:00,0.9715130747163067,0.9715130747163067,0.0,0.0,0.36439678704724865,0.0,0.18004485089820238,0.03682158445731919,0.0,0.003941179246742044,0.2521460954047706,0.0,0.1341625776620237,0.0,0.0,0.0,0.0,0.0,0.0,0.0,0.0,0.0,0.0,0.0,0.0,0.0,0.0,0.0,0.0,0.0,0.0,0.0,0.0,0.0,0.0,0.0,0.003314937557417601,0.003314937557417601
2018/06/28 12:00:00,2018/06/28 13:00:00,2018/06/28 17:00:00,1.1883818035554072,1.1883818035554072,0.0,0.0,0.5254391556509669,0.0,0.17395524197924905,0.03557617783778712,0.0,0.003807877793396267,0.25819048102071934,0.0,0.19141286927328865,0.0,0.0,0.0,0.0,0.0,0.0,0.0,0.0,0.0,0.0,0.0,0.0,0.0,0.0,0.0,0.0,0.0,0.0,0.0,0.0,0.0,0.0,0.0,0.004054923784024049,0.004054923784024049
2018/06/28 13:00:00,2018/06/28 14:00:00,2018/06/28 18:00:00,1.4386241821675125,1.4386241821675125,0.0,0.0,0.7067166829771282,0.0,0.1721632852403147,0.035209698673971224,0.0,0.003768651885655419,0.26620885734512484,0.0,0.2545570060453184,0.0,0.0,0.0,0.0,0.0,0.0,0.0,0.0,0.0,0.0,0.0,0.0,0.0,0.0,0.0,0.0,0.0,0.0,0.0,0.0,0.0,0.0,0.0,0.004908785539369975,0.004908785539369975
2018/06/28 14:00:00,2018/06/28 15:00:00,2018/06/28 19:00:00,1.7597228132074756,1.7597228132074756,0.0,0.0,0.8875819910987066,0.0,0.17199652313011424,0.03517559358796407,0.0,0.0037650014654152042,0.3430287783537689,0.0,0.31817492557150673,0.0,0.0,0.0,0.0,0.0,0.0,0.0,0.0,0.0,0.0,0.0,0.0,0.0,0.0,0.0,0.0,0.0,0.0,0.0,0.0,0.0,0.0,0.0,0.0060044186701753155,0.0060044186701753155
2018/06/28 15:00:00,2018/06/28 16:00:00,2018/06/28 20:00:00,3.071470912780774,3.071470912780774,0.0,0.0,1.1009141711203496,0.0,0.17210040794950074,0.03519683942549728,0.0,0.0037672755026463456,1.3676688585304235,0.0,0.3918233602523567,0.0,0.0,0.0,0.0,0.0,0.0,0.0,0.0,0.0,0.0,0.0,0.0,0.0,0.0,0.0,0.0,0.0,0.0,0.0,0.0,0.0,0.0,0.0,0.010480285392212447,0.010480285392212447
2018/06/28 16:00:00,2018/06/28 17:00:00,2018/06/28 21:00:00,2.532929762359253,2.532929762359253,0.0,0.0,1.1712427694922447,0.0,0.1727083280322343,0.035321167228030935,0.0,0.003780582864683052,0.7352097424206989,0.0,0.41466717232136097,0.0,0.0,0.0,0.0,0.0,0.0,0.0,0.0,0.0,0.0,0.0,0.0,0.0,0.0,0.0,0.0,0.0,0.0,0.0,0.0,0.0,0.0,0.0,0.008642708181768325,0.008642708181768325
2018/06/28 17:00:00,2018/06/28 18:00:00,2018/06/28 22:00:00,2.7494217363567506,2.7494217363567506,0.0,0.0,1.1771327924776307,0.0,0.17552352094686682,0.035896911900275955,0.0,0.0038422073978778286,0.5350858754207735,0.0,0.4197982094251175,0.0,0.0,0.0,0.0,0.402142218788208,0.0,0.0,0.0,0.0,0.0,0.0,0.0,0.0,0.0,0.0,0.0,0.0,0.0,0.0,0.0,0.0,0.0,0.0,0.00938140886852269,0.00938140886852269
2018/06/28 18:00:00,2018/06/28 19:00:00,2018/06/28 23:00:00,2.820956053863661,2.820956053863661,0.0,0.0,1.1871584246004392,0.0,0.1854355004655871,0.03792404452399166,0.0,0.004059180489740367,0.5513214305361466,0.0,0.4255307350416629,0.0,0.0,0.0,0.0,0.4295267382060927,0.0,0.0,0.0,0.0,0.0,0.0,0.0,0.0,0.0,0.0,0.0,0.0,0.0,0.0,0.0,0.0,0.0,0.0,0.009625493896217389,0.009625493896217389
2018/06/28 19:00:00,2018/06/28 20:00:00,2018/06/29 00:00:00,3.513080391111029,3.513080391111029,0.0,0.0,1.0558450327816455,0.0,0.21169246292360147,0.04329394516773225,0.0,0.0046339450276083275,0.5005084163794185,0.0,0.37828571800017025,0.0,0.0,0.0,0.0,1.3188208708308526,0.0,0.0,0.0,0.0,0.0,0.0,0.0,0.0,0.0,0.0,0.0,0.0,0.0,0.0,0.0,0.0,0.0,0.0,0.011987118273340716,0.011987118273340716
2018/06/28 20:00:00,2018/06/28 21:00:00,2018/06/29 01:00:00,3.178382082077593,3.178382082077593,0.0,0.0,0.7669060251498732,0.0,0.2630250272863957,0.05379214239284531,0.0,0.005757614137496295,0.49005820397958605,0.0,0.28002219830054437,0.0,0.0,0.0,0.0,1.3188208708308526,0.0,0.0,0.0,0.0,0.0,0.0,0.0,0.0,0.0,0.0,0.0,0.0,0.0,0.0,0.0,0.0,0.0,0.0,0.010845081152179905,0.010845081152179905
2018/06/28 21:00:00,2018/06/28 22:00:00,2018/06/29 02:00:00,2.773020445533421,2.773020445533421,0.0,0.0,0.5504370078842546,0.0,0.33411180980362465,0.06833034192034627,0.0,0.007313702804163992,0.4657559093404247,0.0,0.20730766036324413,0.0,0.0,0.0,0.0,1.139764013417362,0.0,0.0,0.0,0.0,0.0,0.0,0.0,0.0,0.0,0.0,0.0,0.0,0.0,0.0,0.0,0.0,0.0,0.0,0.009461930942174826,0.009461930942174826
2018/06/28 22:00:00,2018/06/28 23:00:00,2018/06/29 03:00:00,1.2624183305096912,1.2624183305096912,0.0,0.0,0.3779093483075082,0.0,0.2788500201125949,0.05702856546731482,0.0,0.0061040230072602055,0.39843385714884805,0.0,0.14409251646616508,0.0,0.0,0.0,0.0,0.0,0.0,0.0,0.0,0.0,0.0,0.0,0.0,0.0,0.0,0.0,0.0,0.0,0.0,0.0,0.0,0.0,0.0,0.0,0.004307546697918629,0.004307546697918629
2018/06/28 23:00:00,2018/06/29 00:00:00,2018/06/29 04:00:00,0.8349581269439551,0.8349581269439551,0.0,0.0,0.24219755335759963,0.0,0.13094360677997474,0.026779722120023,0.0,0.002866353705536267,0.33988697256011713,0.0,0.09228391842070435,0.0,0.0,0.0,0.0,0.0,0.0,0.0,0.0,0.0,0.0,0.0,0.0,0.0,0.0,0.0,0.0,0.0,0.0,0.0,0.0,0.0,0.0,0.0,0.0028489931076695085,0.0028489931076695085
2018/06/29 00:00:00,2018/06/29 01:00:00,2018/06/29 05:00:00,0.5934212455339866,0.5934212455339866,0.0,0.0,0.15127793899792358,0.0,0.06501908921459039,0.013297274945155983,0.0,0.0014232669458539432,0.3050892066174897,0.0,0.05731446881297295,0.0,0.0,0.0,0.0,0.0,0.0,0.0,0.0,0.0,0.0,0.0,0.0,0.0,0.0,0.0,0.0,0.0,0.0,0.0,0.0,0.0,0.0,0.0,0.00202483571800058,0.00202483571800058
2018/06/29 01:00:00,2018/06/29 02:00:00,2018/06/29 06:00:00,0.41233133342779904,0.41233133342779904,0.0,0.0,0.05208843270944645,0.0,0.03901145352875434,0.00797836496709361,0.0,0.0008539601675123682,0.2926013811769224,0.0,0.019797740878069795,0.0,0.0,0.0,0.0,0.0,0.0,0.0,0.0,0.0,0.0,0.0,0.0,0.0,0.0,0.0,0.0,0.0,0.0,0.0,0.0,0.0,0.0,0.0,0.001406931783886725,0.001406931783886725
2018/06/29 02:00:00,2018/06/29 03:00:00,2018/06/29 07:00:00,0.3064614743044173,0.3064614743044173,0.0,0.0,0.008709377621746646,0.0,0.026007635685836212,0.005318909978062404,0.0,0.0005693067783415784,0.2625097852649354,0.0,0.003346458975495013,0.0,0.0,0.0,0.0,0.0,0.0,0.0,0.0,0.0,0.0,0.0,0.0,0.0,0.0,0.0,0.0,0.0,0.0,0.0,0.0,0.0,0.0,0.0,0.001045689118872576,0.001045689118872576
2018/06/29 03:00:00,2018/06/29 04:00:00,2018/06/29 08:00:00,0.28261577723904,0.28261577723904,0.0,0.0,0.0,0.0,0.026007635685836212,0.005318909978062404,0.0,0.0005693067783415784,0.25071992479679983,0.0,0.0,0.0,0.0,0.0,0.0,0.0,0.0,0.0,0.0,0.0,0.0,0.0,0.0,0.0,0.0,0.0,0.0,0.0,0.0,0.0,0.0,0.0,0.0,0.0,0.00096432428823671,0.00096432428823671
2018/06/29 04:00:00,2018/06/29 05:00:00,2018/06/29 09:00:00,0.2698012184710094,0.2698012184710094,0.0,0.0,0.0,0.0,0.026843243274492543,0.00548980292637717,0.0,0.0005875982166715451,0.23688057405346816,0.0,0.0,0.0,0.0,0.0,0.0,0.0,0.0,0.0,0.0,0.0,0.0,0.0,0.0,0.0,0.0,0.0,0.0,0.0,0.0,0.0,0.0,0.0,0.0,0.0,0.0009205992337341918,0.0009205992337341918
2018/06/29 05:00:00,2018/06/29 06:00:00,2018/06/29 10:00:00,0.34242805098515167,0.34242805098515167,0.0,0.0,0.0,0.0,0.06900948530167404,0.014113364412895239,0.0,0.0015106166599181724,0.25779458461066423,0.0,0.0,0.0,0.0,0.0,0.0,0.0,0.0,0.0,0.0,0.0,0.0,0.0,0.0,0.0,0.0,0.0,0.0,0.0,0.0,0.0,0.0,0.0,0.0,0.0,0.001168412074387634,0.001168412074387634
2018/06/29 06:00:00,2018/06/29 07:00:00,2018/06/29 11:00:00,1.949611799460645,1.949611799460645,0.0,0.0,0.11386861877620237,0.0,0.16201522163153,0.03313428369051031,0.0,0.003546510916391187,0.31514973276137404,0.0,0.04483377335281903,0.0,0.0,0.0,0.0,1.2770636583318182,0.0,0.0,0.0,0.0,0.0,0.0,0.0,0.0,0.0,0.0,0.0,0.0,0.0,0.0,0.0,0.0,0.0,0.0,0.006652346267500137,0.006652346267500137
2018/06/29 07:00:00,2018/06/29 08:00:00,2018/06/29 12:00:00,1.9619735741009092,1.9619735741009092,0.0,0.0,0.022876170496509297,0.0,0.20502608639988215,0.041930581844827744,0.0,0.0044880181395291685,0.36010528653425383,0.0,0.008726559855054208,0.0,0.0,0.0,0.0,1.3188208708308526,0.0,0.0,0.0,0.0,0.0,0.0,0.0,0.0,0.0,0.0,0.0,0.0,0.0,0.0,0.0,0.0,0.0,0.0,0.006694526359665453,0.006694526359665453
2018/06/29 08:00:00,2018/06/29 09:00:00,2018/06/29 13:00:00,2.157163699447281,2.157163699447281,0.0,0.0,0.21310306723850386,0.0,0.20318552328194064,0.04155416202522051,0.0,0.004447728238837415,0.29686636074616646,0.0,0.07918598708575943,0.0,0.0,0.0,0.0,1.3188208708308526,0.0,0.0,0.0,0.0,0.0,0.0,0.0,0.0,0.0,0.0,0.0,0.0,0.0,0.0,0.0,0.0,0.0,0.0,0.007360542179922614,0.007360542179922614
2018/06/29 09:00:00,2018/06/29 10:00:00,2018/06/29 14:00:00,2.483419973094619,2.483419973094619,0.0,0.0,0.5044998275267917,0.0,0.19457144785868138,0.03979246817984311,0.0,0.0042591662493183975,0.24045407484446327,0.0,0.18102211760466833,0.0,0.0,0.0,0.0,1.3188208708308526,0.0,0.0,0.0,0.0,0.0,0.0,0.0,0.0,0.0,0.0,0.0,0.0,0.0,0.0,0.0,0.0,0.0,0.0,0.0084737739037185,0.0084737739037185
2018/06/29 10:00:00,2018/06/29 11:00:00,2018/06/29 15:00:00,1.5983319771441638,1.5983319771441638,0.0,0.0,0.8280823597371444,0.0,0.18848183893972803,0.03854706156031103,0.0,0.004125864795972619,0.23706579076249806,0.0,0.2865998895027649,0.0,0.0,0.0,0.0,0.01542917184574484,0.0,0.0,0.0,0.0,0.0,0.0,0.0,0.0,0.0,0.0,0.0,0.0,0.0,0.0,0.0,0.0,0.0,0.0,0.005453730719788723,0.005453730719788723
2018/06/29 11:00:00,2018/06/29 12:00:00,2018/06/29 16:00:00,2.3528308020915034,2.3528308020915034,0.0,0.0,1.142825025301172,0.0,0.18004485089820238,0.03682158445731919,0.0,0.003941179246742044,0.2521460954047706,0.0,0.3821548113012724,0.0,0.0,0.0,0.0,0.35489725548202483,0.0,0.0,0.0,0.0,0.0,0.0,0.0,0.0,0.0,0.0,0.0,0.0,0.0,0.0,0.0,0.0,0.0,0.0,0.008028185512973818,0.008028185512973818
2018/06/29 12:00:00,2018/06/29 13:00:00,2018/06/29 17:00:00,3.2024546044505215,3.2024546044505215,0.0,0.0,1.349474342413521,0.0,0.17395524197924905,0.03557617783778712,0.0,0.003807877793396267,0.25819048102071934,0.0,0.4387018751960973,0.0,0.0,0.0,0.0,0.9427486082097517,0.0,0.0,0.0,0.0,0.0,0.0,0.0,0.0,0.0,0.0,0.0,0.0,0.0,0.0,0.0,0.0,0.0,0.0,0.010927219942271946,0.010927219942271946
2018/06/29 13:00:00,2018/06/29 14:00:00,2018/06/29 18:00:00,2.586953796030633,2.586953796030633,0.0,0.0,1.602215379218881,0.0,0.1721632852403147,0.035209698673971224,0.0,0.003768651885655419,0.26620885734512484,0.0,0.5073879236666862,0.0,0.0,0.0,0.0,0.0,0.0,0.0,0.0,0.0,0.0,0.0,0.0,0.0,0.0,0.0,0.0,0.0,0.0,0.0,0.0,0.0,0.0,0.0,0.008827045688777941,0.008827045688777941
2018/06/29 14:00:00,2018/06/29 15:00:00,2018/06/29 19:00:00,3.8307764782048124,3.8307764782048124,0.0,0.0,1.8973211474989824,0.0,0.17199652313011424,0.03517559358796407,0.0,0.0037650014654152042,0.6547996514717686,0.0,0.5901380958951562,0.0,0.0,0.0,0.0,0.47758046515541175,0.0,0.0,0.0,0.0,0.0,0.0,0.0,0.0,0.0,0.0,0.0,0.0,0.0,0.0,0.0,0.0,0.0,0.0,0.013071141451576713,0.013071141451576713
2018/06/29 15:00:00,2018/06/29 16:00:00,2018/06/29 20:00:00,3.276010727036208,3.276010727036208,0.0,0.0,2.127882238008259,0.0,0.17210040794950074,0.03519683942549728,0.0,0.0037672755026463456,0.28373458382035643,0.0,0.653329382329948,0.0,0.0,0.0,0.0,0.0,0.0,0.0,0.0,0.0,0.0,0.0,0.0,0.0,0.0,0.0,0.0,0.0,0.0,0.0,0.0,0.0,0.0,0.0,0.011178203649731063,0.011178203649731063
2018/06/29 16:00:00,2018/06/29 17:00:00,2018/06/29 21:00:00,3.649947040458506,3.649947040458506,0.0,0.0,2.3398070927408945,0.0,0.1727083280322343,0.035321167228030935,0.0,0.003780582864683052,0.38388522406492354,0.0,0.7144446455277398,0.0,0.0,0.0,0.0,0.0,0.0,0.0,0.0,0.0,0.0,0.0,0.0,0.0,0.0,0.0,0.0,0.0,0.0,0.0,0.0,0.0,0.0,0.0,0.012454126292159551,0.012454126292159551
2018/06/29 17:00:00,2018/06/29 18:00:00,2018/06/29 22:00:00,3.870638836459876,3.870638836459876,0.0,0.0,2.3903583075720154,0.0,0.17552352094686682,0.035896911900275955,0.0,0.0038422073978778286,0.5350858754207735,0.0,0.7299320132220664,0.0,0.0,0.0,0.0,0.0,0.0,0.0,0.0,0.0,0.0,0.0,0.0,0.0,0.0,0.0,0.0,0.0,0.0,0.0,0.0,0.0,0.0,0.0,0.013207157354960754,0.013207157354960754
2018/06/29 18:00:00,2018/06/29 19:00:00,2018/06/29 23:00:00,3.8797700475131855,3.8797700475131855,0.0,0.0,2.371097878275653,0.0,0.1854355004655871,0.03792404452399166,0.0,0.004059180489740367,0.5513214305361466,0.0,0.7299320132220664,0.0,0.0,0.0,0.0,0.0,0.0,0.0,0.0,0.0,0.0,0.0,0.0,0.0,0.0,0.0,0.0,0.0,0.0,0.0,0.0,0.0,0.0,0.0,0.01323831431543106,0.01323831431543106
2018/06/29 19:00:00,2018/06/29 20:00:00,2018/06/30 00:00:00,4.611964676932279,4.611964676932279,0.0,0.0,2.2899386319161965,0.0,0.21169246292360147,0.04329394516773225,0.0,0.0046339450276083275,0.5005084163794185,0.0,0.7198413845369706,0.0,0.0,0.0,0.0,0.8420558909807513,0.0,0.0,0.0,0.0,0.0,0.0,0.0,0.0,0.0,0.0,0.0,0.0,0.0,0.0,0.0,0.0,0.0,0.0,0.01573666409534481,0.01573666409534481
2018/06/29 20:00:00,2018/06/29 21:00:00,2018/06/30 01:00:00,4.55156496834917,4.55156496834917,0.0,0.0,1.8240832925513402,0.0,0.2630250272863957,0.05379214239284531,0.0,0.005757614137496295,0.49005820397958605,0.0,0.5960278171706539,0.0,0.0,0.0,0.0,1.3188208708308526,0.0,0.0,0.0,0.0,0.0,0.0,0.0,0.0,0.0,0.0,0.0,0.0,0.0,0.0,0.0,0.0,0.0,0.0,0.015530571899933345,0.015530571899933345
2018/06/29 21:00:00,2018/06/29 22:00:00,2018/06/30 02:00:00,3.6708251453041685,3.6708251453041685,0.0,0.0,1.3216477048758226,0.0,0.33411180980362465,0.06833034192034627,0.0,0.007313702804163992,0.4657559093404247,0.0,0.45053989070838585,0.0,0.0,0.0,0.0,1.0231257858514007,0.0,0.0,0.0,0.0,0.0,0.0,0.0,0.0,0.0,0.0,0.0,0.0,0.0,0.0,0.0,0.0,0.0,0.0,0.012525365285933052,0.012525365285933052
2018/06/29 22:00:00,2018/06/29 23:00:00,2018/06/30 03:00:00,2.0477115880311216,2.0477115880311216,0.0,0.0,0.9678429455573536,0.0,0.2788500201125949,0.05702856546731482,0.0,0.0061040230072602055,0.39843385714884805,0.0,0.33945217673774986,0.0,0.0,0.0,0.0,0.0,0.0,0.0,0.0,0.0,0.0,0.0,0.0,0.0,0.0,0.0,0.0,0.0,0.0,0.0,0.0,0.0,0.0,0.0,0.006987076372498424,0.006987076372498424
2018/06/29 23:00:00,2018/06/30 00:00:00,2018/06/30 04:00:00,1.4471050669894363,1.4471050669894363,0.0,0.0,0.697882489716198,0.0,0.13094360677997474,0.026779722120023,0.0,0.002866353705536267,0.33988697256011713,0.0,0.24874592210758723,0.0,0.0,0.0,0.0,0.0,0.0,0.0,0.0,0.0,0.0,0.0,0.0,0.0,0.0,0.0,0.0,0.0,0.0,0.0,0.0,0.0,0.0,0.0,0.004937723496406258,0.004937723496406258
2018/06/30 00:00:00,2018/06/30 01:00:00,2018/06/30 05:00:00,1.0969724512564227,1.0969724512564227,0.0,0.0,0.5227636802529664,0.0,0.06501908921459039,0.013297274945155983,0.0,0.0014232669458539432,0.3050892066174897,0.0,0.1893799332803664,0.0,0.0,0.0,0.0,0.0,0.0,0.0,0.0,0.0,0.0,0.0,0.0,0.0,0.0,0.0,0.0,0.0,0.0,0.0,0.0,0.0,0.0,0.0,0.0037430223769085503,0.0037430223769085503
2018/06/30 01:00:00,2018/06/30 02:00:00,2018/06/30 06:00:00,0.8750174235809582,0.8750174235809582,0.0,0.0,0.39158888861614155,0.0,0.03901145352875434,0.00797836496709361,0.0,0.0008539601675123682,0.2926013811769224,0.0,0.14298337512453405,0.0,0.0,0.0,0.0,0.0,0.0,0.0,0.0,0.0,0.0,0.0,0.0,0.0,0.0,0.0,0.0,0.0,0.0,0.0,0.0,0.0,0.0,0.0,0.002985680992168141,0.002985680992168141
2018/06/30 02:00:00,2018/06/30 03:00:00,2018/06/30 07:00:00,0.713486130764675,0.713486130764675,0.0,0.0,0.3080035496513328,0.0,0.026007635685836212,0.005318909978062404,0.0,0.0005693067783415784,0.2625097852649354,0.0,0.11107694340616664,0.0,0.0,0.0,0.0,0.0,0.0,0.0,0.0,0.0,0.0,0.0,0.0,0.0,0.0,0.0,0.0,0.0,0.0,0.0,0.0,0.0,0.0,0.0,0.0024345137838304876,0.0024345137838304876
2018/06/30 03:00:00,2018/06/30 04:00:00,2018/06/30 08:00:00,0.6232048851194788,0.6232048851194788,0.0,0.0,0.24983739417550663,0.0,0.026007635685836212,0.005318909978062404,0.0,0.0005693067783415784,0.25071992479679983,0.0,0.09075171370493212,0.0,0.0,0.0,0.0,0.0,0.0,0.0,0.0,0.0,0.0,0.0,0.0,0.0,0.0,0.0,0.0,0.0,0.0,0.0,0.0,0.0,0.0,0.0,0.0021264616333155828,0.0021264616333155828
2018/06/30 04:00:00,2018/06/30 05:00:00,2018/06/30 09:00:00,0.5181808509328487,0.5181808509328487,0.0,0.0,0.18111086377598626,0.0,0.026843243274492543,0.00548980292637717,0.0,0.0005875982166715451,0.23688057405346816,0.0,0.067268768685853,0.0,0.0,0.0,0.0,0.0,0.0,0.0,0.0,0.0,0.0,0.0,0.0,0.0,0.0,0.0,0.0,0.0,0.0,0.0,0.0,0.0,0.0,0.0,0.0017681050404736046,0.0017681050404736046
2018/06/30 05:00:00,2018/06/30 06:00:00,2018/06/30 10:00:00,0.539210518745637,0.539210518745637,0.0,0.0,0.14319377857298582,0.0,0.06900948530167404,0.014113364412895239,0.0,0.0015106166599181724,0.25779458461066423,0.0,0.05358868918749943,0.0,0.0,0.0,0.0,0.0,0.0,0.0,0.0,0.0,0.0,0.0,0.0,0.0,0.0,0.0,0.0,0.0,0.0,0.0,0.0,0.0,0.0,0.0,0.0018398611881435519,0.0018398611881435519
2018/06/30 06:00:00,2018/06/30 07:00:00,2018/06/30 11:00:00,0.7785960081288698,0.7785960081288698,0.0,0.0,0.19235650361905812,0.0,0.16201522163153,0.03313428369051031,0.0,0.003546510916391187,0.31514973276137404,0.0,0.07239375551000612,0.0,0.0,0.0,0.0,0.0,0.0,0.0,0.0,0.0,0.0,0.0,0.0,0.0,0.0,0.0,0.0,0.0,0.0,0.0,0.0,0.0,0.0,0.0,0.0026566777293815544,0.0026566777293815544
2018/06/30 07:00:00,2018/06/30 08:00:00,2018/06/30 12:00:00,2.1257603488367764,2.1257603488367764,0.0,0.0,0.4648582772805635,0.0,0.20502608639988215,0.041930581844827744,0.0,0.0044880181395291685,0.36010528653425383,0.0,0.17455109878857833,0.0,0.0,0.0,0.0,0.8748009998491418,0.0,0.0,0.0,0.0,0.0,0.0,0.0,0.0,0.0,0.0,0.0,0.0,0.0,0.0,0.0,0.0,0.0,0.0,0.007253389585606873,0.007253389585606873
2018/06/30 08:00:00,2018/06/30 09:00:00,2018/06/30 13:00:00,2.482699247313351,2.482699247313351,0.0,0.0,0.45375858603351343,0.0,0.20318552328194064,0.04155416202522051,0.0,0.004447728238837415,0.29686636074616646,0.0,0.1640660161568196,0.0,0.0,0.0,0.0,1.3188208708308526,0.0,0.0,0.0,0.0,0.0,0.0,0.0,0.0,0.0,0.0,0.0,0.0,0.0,0.0,0.0,0.0,0.0,0.0,0.00847131468724154,0.00847131468724154
2018/06/30 09:00:00,2018/06/30 10:00:00,2018/06/30 14:00:00,1.6504088415228655,1.6504088415228655,0.0,0.0,0.5584869716177413,0.0,0.19457144785868138,0.03979246817984311,0.0,0.0042591662493183975,0.24045407484446327,0.0,0.19448596554797695,0.0,0.0,0.0,0.0,0.41835874722484123,0.0,0.0,0.0,0.0,0.0,0.0,0.0,0.0,0.0,0.0,0.0,0.0,0.0,0.0,0.0,0.0,0.0,0.0,0.005631424214703253,0.005631424214703253
2018/06/30 10:00:00,2018/06/30 11:00:00,2018/06/30 15:00:00,1.3789659546166813,1.3789659546166813,0.0,0.0,0.676006409114456,0.0,0.18848183893972803,0.03854706156031103,0.0,0.004125864795972619,0.23706579076249806,0.0,0.23473898944371574,0.0,0.0,0.0,0.0,0.0,0.0,0.0,0.0,0.0,0.0,0.0,0.0,0.0,0.0,0.0,0.0,0.0,0.0,0.0,0.0,0.0,0.0,0.0,0.00470522338023489,0.00470522338023489
2018/06/30 11:00:00,2018/06/30 12:00:00,2018/06/30 16:00:00,1.5377844132940417,1.5377844132940417,0.0,0.0,0.7895480898710089,0.0,0.18004485089820238,0.03682158445731919,0.0,0.003941179246742044,0.2521460954047706,0.0,0.27528261341599863,0.0,0.0,0.0,0.0,0.0,0.0,0.0,0.0,0.0,0.0,0.0,0.0,0.0,0.0,0.0,0.0,0.0,0.0,0.0,0.0,0.0,0.0,0.0,0.0052471340216686075,0.0052471340216686075
2018/06/30 12:00:00,2018/06/30 13:00:00,2018/06/30 17:00:00,1.655667990506164,1.655667990506164,0.0,0.0,0.8764082696199555,0.0,0.17395524197924905,0.03557617783778712,0.0,0.003807877793396267,0.25819048102071934,0.0,0.3077299422550567,0.0,0.0,0.0,0.0,0.0,0.0,0.0,0.0,0.0,0.0,0.0,0.0,0.0,0.0,0.0,0.0,0.0,0.0,0.0,0.0,0.0,0.0,0.0,0.005649369161548031,0.005649369161548031
2018/06/30 13:00:00,2018/06/30 14:00:00,2018/06/30 18:00:00,2.8108788659845825,2.8108788659845825,0.0,0.0,0.9443427972204111,0.0,0.1721632852403147,0.035209698673971224,0.0,0.003768651885655419,0.26620885734512484,0.0,0.3371714329967994,0.0,0.0,0.0,0.0,1.0520141426223057,0.0,0.0,0.0,0.0,0.0,0.0,0.0,0.0,0.0,0.0,0.0,0.0,0.0,0.0,0.0,0.0,0.0,0.0,0.009591109131418146,0.009591109131418146
2018/06/30 14:00:00,2018/06/30 15:00:00,2018/06/30 19:00:00,1.827304503778551,1.827304503778551,0.0,0.0,0.8080297797140353,0.0,0.17199652313011424,0.03517559358796407,0.0,0.0037650014654152042,0.2956372840816883,0.0,0.2943761196595545,0.0,0.0,0.0,0.0,0.21832420213977952,0.0,0.0,0.0,0.0,0.0,0.0,0.0,0.0,0.0,0.0,0.0,0.0,0.0,0.0,0.0,0.0,0.0,0.0,0.006235016785731559,0.006235016785731559
2018/06/30 15:00:00,2018/06/30 16:00:00,2018/06/30 20:00:00,1.559871983141413,1.559871983141413,0.0,0.0,0.7799817643896159,0.0,0.17210040794950074,0.03519683942549728,0.0,0.0037672755026463456,0.28373458382035643,0.0,0.28509111205379634,0.0,0.0,0.0,0.0,0.0,0.0,0.0,0.0,0.0,0.0,0.0,0.0,0.0,0.0,0.0,0.0,0.0,0.0,0.0,0.0,0.0,0.0,0.0,0.0053224998780267594,0.0053224998780267594
2018/06/30 16:00:00,2018/06/30 17:00:00,2018/06/30 21:00:00,1.7782028961641914,1.7782028961641914,0.0,0.0,0.866758513215508,0.0,0.1727083280322343,0.035321167228030935,0.0,0.003780582864683052,0.38388522406492354,0.0,0.3157490807588114,0.0,0.0,0.0,0.0,0.0,0.0,0.0,0.0,0.0,0.0,0.0,0.0,0.0,0.0,0.0,0.0,0.0,0.0,0.0,0.0,0.0,0.0,0.0,0.006067475280170296,0.006067475280170296
2018/06/30 17:00:00,2018/06/30 18:00:00,2018/06/30 22:00:00,2.126447864545939,2.126447864545939,0.0,0.0,1.0085463341348153,0.0,0.17552352094686682,0.035896911900275955,0.0,0.0038422073978778286,0.5350858754207735,0.0,0.36755301474532964,0.0,0.0,0.0,0.0,0.0,0.0,0.0,0.0,0.0,0.0,0.0,0.0,0.0,0.0,0.0,0.0,0.0,0.0,0.0,0.0,0.0,0.0,0.0,0.007255735484704817,0.007255735484704817
2018/06/30 18:00:00,2018/06/30 19:00:00,2018/06/30 23:00:00,3.6490992843348957,3.6490992843348957,0.0,0.0,1.150311536184146,0.0,0.1854355004655871,0.03792404452399166,0.0,0.004059180489740367,0.5513214305361466,0.0,0.41941060122370044,0.0,0.0,0.0,0.0,1.3006369909115838,0.0,0.0,0.0,0.0,0.0,0.0,0.0,0.0,0.0,0.0,0.0,0.0,0.0,0.0,0.0,0.0,0.0,0.0,0.01245123363050957,0.01245123363050957
2018/06/30 19:00:00,2018/06/30 20:00:00,2018/07/01 00:00:00,3.7983899349809507,3.7983899349809507,0.0,0.0,0.9550618612184856,0.0,0.21169246292360147,0.04329394516773225,0.0,0.0046339450276083275,0.9147331025584201,0.0,0.3501537472542504,0.0,0.0,0.0,0.0,1.3188208708308526,0.0,0.0,0.0,0.0,0.0,0.0,0.0,0.0,0.0,0.0,0.0,0.0,0.0,0.0,0.0,0.0,0.0,0.0,0.012960634067495385,0.012960634067495385
2018/06/30 20:00:00,2018/06/30 21:00:00,2018/07/01 01:00:00,2.2749986470647987,2.2749986470647987,0.0,0.0,0.707657471414796,0.0,0.2630250272863957,0.05379214239284531,0.0,0.005757614137496295,0.49005820397958605,0.0,0.2633074156250403,0.0,0.0,0.0,0.0,0.4914007722286389,0.0,0.0,0.0,0.0,0.0,0.0,0.0,0.0,0.0,0.0,0.0,0.0,0.0,0.0,0.0,0.0,0.0,0.0,0.007762611388870428,0.007762611388870428
2018/06/30 21:00:00,2018/06/30 22:00:00,2018/07/01 02:00:00,1.544303179194514,1.544303179194514,0.0,0.0,0.48503584228978147,0.0,0.33411180980362465,0.06833034192034627,0.0,0.007313702804163992,0.4657559093404247,0.0,0.18375557303617276,0.0,0.0,0.0,0.0,0.0,0.0,0.0,0.0,0.0,0.0,0.0,0.0,0.0,0.0,0.0,0.0,0.0,0.0,0.0,0.0,0.0,0.0,0.0,0.005269376956399876,0.005269376956399876
2018/06/30 22:00:00,2018/06/30 23:00:00,2018/07/01 03:00:00,1.1546152377128196,1.1546152377128196,0.0,0.0,0.2990050859605457,0.0,0.2788500201125949,0.05702856546731482,0.0,0.0061040230072602055,0.39843385714884805,0.0,0.11519368601625596,0.0,0.0,0.0,0.0,0.0,0.0,0.0,0.0,0.0,0.0,0.0,0.0,0.0,0.0,0.0,0.0,0.0,0.0,0.0,0.0,0.0,0.0,0.0,0.00393970757107777,0.00393970757107777
2018/06/30 23:00:00,2018/07/01 00:00:00,2018/07/01 04:00:00,0.6887304170209302,0.6887304170209302,0.0,0.0,0.13533392329066715,0.0,0.13094360677997474,0.026779722120023,0.0,0.002866353705536267,0.33988697256011713,0.0,0.052919838564611965,0.0,0.0,0.0,0.0,0.0,0.0,0.0,0.0,0.0,0.0,0.0,0.0,0.0,0.0,0.0,0.0,0.0,0.0,0.0,0.0,0.0,0.0,0.0,0.0023500438498836053,0.0023500438498836053
2018/07/01 00:00:00,2018/07/01 01:00:00,2018/07/01 05:00:00,0.3891730199539495,0.3891730199539495,0.0,0.0,0.004191260265273952,0.0,0.06501908921459039,0.013297274945155983,0.0,0.0014232669458539432,0.30359413995633894,0.0,0.0016479886267362527,0.0,0.0,0.0,0.0,0.0,0.0,0.0,0.0,0.0,0.0,0.0,0.0,0.0,0.0,0.0,0.0,0.0,0.0,0.0,0.0,0.0,0.0,0.0,0.001327912401545081,0.001327912401545081
2018/07/01 01:00:00,2018/07/01 02:00:00,2018/07/01 06:00:00,0.33906652822060673,0.33906652822060673,0.0,0.0,0.0,0.0,0.03901145352875434,0.00797836496709361,0.0,0.0008539601675123682,0.2912227495572465,0.0,0.0,0.0,0.0,0.0,0.0,0.0,0.0,0.0,0.0,0.0,0.0,0.0,0.0,0.0,0.0,0.0,0.0,0.0,0.0,0.0,0.0,0.0,0.0,0.0,0.001156942091788009,0.001156942091788009
2018/07/01 02:00:00,2018/07/01 03:00:00,2018/07/01 07:00:00,0.33735286242943785,0.33735286242943785,0.0443504565813009,0.0,0.0,0.0,0.026007635685836212,0.005318909978062404,0.0,0.0005693067783415784,0.2611065534058968,0.0,0.0,0.0,0.0,0.0,0.0,0.0,0.0,0.0,0.0,0.0,0.0,0.0,0.0,0.0,0.0,0.0,0.0,0.0,0.0,0.0,0.0,0.0,0.0,0.0,0.001151094826074507,0.001151094826074507
2018/07/01 03:00:00,2018/07/01 04:00:00,2018/07/01 08:00:00,0.7576606188416473,0.7576606188416473,0.47640926178115395,0.0,0.0,0.0,0.026007635685836212,0.005318909978062404,0.0,0.0005693067783415784,0.249355504618253,0.0,0.0,0.0,0.0,0.0,0.0,0.0,0.0,0.0,0.0,0.0,0.0,0.0,0.0,0.0,0.0,0.0,0.0,0.0,0.0,0.0,0.0,0.0,0.0,0.0,0.0025852432731364467,0.0025852432731364467
2018/07/01 04:00:00,2018/07/01 05:00:00,2018/07/01 09:00:00,1.2309910438558316,1.2309910438558316,0.9625956003496933,0.0,0.0,0.0,0.02669452379982011,0.005459387801091553,0.0,0.0005843427494685605,0.23565718915575795,0.0,0.0,0.0,0.0,0.0,0.0,0.0,0.0,0.0,0.0,0.0,0.0,0.0,0.0,0.0,0.0,0.0,0.0,0.0,0.0,0.0,0.0,0.0,0.0,0.0,0.004200312430498163,0.004200312430498163
2018/07/01 05:00:00,2018/07/01 06:00:00,2018/07/01 10:00:00,1.6268698726336128,1.6268698726336128,1.2866583186684892,0.0,0.0,0.0,0.06826790434137907,0.013961701169957616,0.0,0.0014943834631568494,0.25648756499062997,0.0,0.0,0.0,0.0,0.0,0.0,0.0,0.0,0.0,0.0,0.0,0.0,0.0,0.0,0.0,0.0,0.0,0.0,0.0,0.0,0.0,0.0,0.0,0.0,0.0,0.005551105983209915,0.005551105983209915
2018/07/01 06:00:00,2018/07/01 07:00:00,2018/07/01 11:00:00,1.9390509481879277,1.9390509481879277,0.9290269696923922,0.0,0.0,0.0,0.16027419424790706,0.03277822026226586,0.0,0.0035083998515197806,0.3136858324949231,0.0,0.0,0.0,0.0,0.0,0.0,0.49977733163891963,0.0,0.0,0.0,0.0,0.0,0.0,0.0,0.0,0.0,0.0,0.0,0.0,0.0,0.0,0.0,0.0,0.0,0.0,0.006616311176019299,0.006616311176019299
2018/07/01 07:00:00,2018/07/01 08:00:00,2018/07/01 12:00:00,1.925719933344972,1.925719933344972,0.02573153246495338,0.0,0.016268855833399598,0.0,0.20282286112768447,0.04147999275530918,0.0,0.004439789569395871,0.35862554090222465,0.0,0.006396530798047337,0.0,0.0,0.0,0.0,1.2699548298939574,0.0,0.0,0.0,0.0,0.0,0.0,0.0,0.0,0.0,0.0,0.0,0.0,0.0,0.0,0.0,0.0,0.0,0.0,0.006570823901651622,0.006570823901651622
2018/07/01 08:00:00,2018/07/01 09:00:00,2018/07/01 13:00:00,1.9312406590154632,1.9312406590154632,0.0,0.0,0.05133339838380512,0.0,0.1999580326166028,0.04089409693851532,0.0,0.0043770785136948995,0.2959239672796783,0.0,0.01993321445231393,0.0,0.0,0.0,0.0,1.3188208708308526,0.0,0.0,0.0,0.0,0.0,0.0,0.0,0.0,0.0,0.0,0.0,0.0,0.0,0.0,0.0,0.0,0.0,0.0,0.006589661384486997,0.006589661384486997
2018/07/01 09:00:00,2018/07/01 10:00:00,2018/07/01 14:00:00,2.1798414698342365,2.1798414698342365,0.0,0.0,0.281477113126321,0.0,0.19039248045726945,0.038937813351627694,0.0,0.0041676887118432026,0.2399550100229572,0.0,0.10609049333336534,0.0,0.0,0.0,0.0,1.3188208708308526,0.0,0.0,0.0,0.0,0.0,0.0,0.0,0.0,0.0,0.0,0.0,0.0,0.0,0.0,0.0,0.0,0.0,0.0,0.007437921882502698,0.007437921882502698
2018/07/01 10:00:00,2018/07/01 11:00:00,2018/07/01 15:00:00,1.6180431082620892,1.6180431082620892,0.0,0.0,0.5438116713172826,0.0,0.18436831091973133,0.037705789962427363,0.0,0.004035819725633622,0.2708157574499429,0.0,0.19826833271512528,0.0,0.0,0.0,0.0,0.3790374261719458,0.0,0.0,0.0,0.0,0.0,0.0,0.0,0.0,0.0,0.0,0.0,0.0,0.0,0.0,0.0,0.0,0.0,0.0,0.005520987837106546,0.005520987837106546
2018/07/01 11:00:00,2018/07/01 12:00:00,2018/07/01 16:00:00,2.2762473379253794,2.2762473379253794,0.0,0.0,0.7629992944243303,0.0,0.17602198736681157,0.03599885496218284,0.0,0.0038531188207798638,1.0256481211401582,0.0,0.27172596121111686,0.0,0.0,0.0,0.0,0.0,0.0,0.0,0.0,0.0,0.0,0.0,0.0,0.0,0.0,0.0,0.0,0.0,0.0,0.0,0.0,0.0,0.0,0.0,0.007766872095534158,0.007766872095534158
2018/07/01 12:00:00,2018/07/01 13:00:00,2018/07/01 17:00:00,1.7057454966321153,1.7057454966321153,0.0,0.0,0.9175703910704524,0.0,0.16999781782927342,0.03476683157298252,0.0,0.003721249834570283,0.2577264052368096,0.0,0.32196280108802716,0.0,0.0,0.0,0.0,0.0,0.0,0.0,0.0,0.0,0.0,0.0,0.0,0.0,0.0,0.0,0.0,0.0,0.0,0.0,0.0,0.0,0.0,0.0,0.005820240568386483,0.005820240568386483
2018/07/01 13:00:00,2018/07/01 14:00:00,2018/07/01 18:00:00,2.4132431117115822,2.4132431117115822,0.0,0.0,1.111172935581914,0.0,0.16822511758810177,0.034404290620979855,0.0,0.00368244545129386,0.26549933396158615,0.0,0.38318269306328573,0.0,0.0,0.0,0.0,0.4470762954444211,0.0,0.0,0.0,0.0,0.0,0.0,0.0,0.0,0.0,0.0,0.0,0.0,0.0,0.0,0.0,0.0,0.0,0.0,0.008234320704873751,0.008234320704873751
2018/07/01 14:00:00,2018/07/01 15:00:00,2018/07/01 19:00:00,2.2608974055991613,2.2608974055991613,0.0,0.0,1.3113937692874247,0.0,0.16806084117025163,0.03437069389236452,0.0,0.0036788494428241364,0.29490152653433727,0.0,0.44849172527195863,0.0,0.0,0.0,0.0,0.0,0.0,0.0,0.0,0.0,0.0,0.0,0.0,0.0,0.0,0.0,0.0,0.0,0.0,0.0,0.0,0.0,0.0,0.0,0.007714495994279053,0.007714495994279053
2018/07/01 15:00:00,2018/07/01 16:00:00,2018/07/01 20:00:00,2.559463951756057,2.559463951756057,0.0,0.0,1.522142429760683,0.0,0.1681697315801018,0.03439296344021823,0.0,0.003681233052359925,0.3132996244288172,0.0,0.517777969493877,0.0,0.0,0.0,0.0,0.0,0.0,0.0,0.0,0.0,0.0,0.0,0.0,0.0,0.0,0.0,0.0,0.0,0.0,0.0,0.0,0.0,0.0,0.0,0.008733246521679791,0.008733246521679791
2018/07/01 16:00:00,2018/07/01 17:00:00,2018/07/01 21:00:00,3.5630758422893267,3.5630758422893267,0.0,0.0,1.7076515222595994,0.0,0.16880266044279316,0.034522405873349746,0.0,0.0036950878562371755,1.0694769809702034,0.0,0.5789271848871437,0.0,0.0,0.0,0.0,0.0,0.0,0.0,0.0,0.0,0.0,0.0,0.0,0.0,0.0,0.0,0.0,0.0,0.0,0.0,0.0,0.0,0.0,0.0,0.012157709697300062,0.012157709697300062
2018/07/01 17:00:00,2018/07/01 18:00:00,2018/07/01 22:00:00,3.1779473839344963,3.1779473839344963,0.0,0.0,1.8201661045666169,0.0,0.1717145238173748,0.035117920949956714,0.0,0.003758828504436762,0.5342588683228459,0.0,0.6129311377732656,0.0,0.0,0.0,0.0,0.0,0.0,0.0,0.0,0.0,0.0,0.0,0.0,0.0,0.0,0.0,0.0,0.0,0.0,0.0,0.0,0.0,0.0,0.0,0.010843597901734602,0.010843597901734602
2018/07/01 18:00:00,2018/07/01 19:00:00,2018/07/01 23:00:00,3.9443485526293327,3.9443485526293327,0.0,0.0,1.8458289261290868,0.0,0.1818979459965967,0.03720056723484694,0.0,0.003981743472309152,0.5498357040003157,0.0,0.6235192063764302,0.0,0.0,0.0,0.0,0.7020844594197471,0.0,0.0,0.0,0.0,0.0,0.0,0.0,0.0,0.0,0.0,0.0,0.0,0.0,0.0,0.0,0.0,0.0,0.0,0.013458665145062368,0.013458665145062368
2018/07/01 19:00:00,2018/07/01 20:00:00,2018/07/02 00:00:00,3.234481425477098,3.234481425477098,0.0,0.0,1.6884518616071877,0.0,0.20868362281410827,0.042678597049429695,0.0,0.004568081560049322,0.49840003857373244,0.0,0.5853694259976108,0.0,0.0,0.0,0.0,0.20632979787498076,0.0,0.0,0.0,0.0,0.0,0.0,0.0,0.0,0.0,0.0,0.0,0.0,0.0,0.0,0.0,0.0,0.0,0.0,0.011036499904249496,0.011036499904249496
2018/07/01 20:00:00,2018/07/01 21:00:00,2018/07/02 01:00:00,2.6539881756940065,2.6539881756940065,0.0,0.0,1.328552591821624,0.0,0.26064649742492013,0.05330570116588627,0.0,0.005705548152376266,0.5258812363301948,0.0,0.47989660079900487,0.0,0.0,0.0,0.0,0.0,0.0,0.0,0.0,0.0,0.0,0.0,0.0,0.0,0.0,0.0,0.0,0.0,0.0,0.0,0.0,0.0,0.0,0.0,0.009055776303493752,0.009055776303493752
2018/07/01 21:00:00,2018/07/01 22:00:00,2018/07/02 02:00:00,2.985458364526096,2.985458364526096,0.0,0.0,0.9108137508019847,0.0,0.3319434669994661,0.06788688676293725,0.0,0.007266237810764074,1.3264943790095027,0.0,0.34105364314144115,0.0,0.0,0.0,0.0,0.0,0.0,0.0,0.0,0.0,0.0,0.0,0.0,0.0,0.0,0.0,0.0,0.0,0.0,0.0,0.0,0.0,0.0,0.0,0.010186798630130642,0.010186798630130642
2018/07/01 22:00:00,2018/07/01 23:00:00,2018/07/02 03:00:00,2.2180330215314474,2.2180330215314474,0.0,0.0,0.5807268689677805,0.0,0.2775611504815452,0.05676497435800282,0.0,0.006075809669215224,0.39627516927644474,0.0,0.2223921105435246,0.0,0.0,0.0,0.0,0.6782369382349343,0.0,0.0,0.0,0.0,0.0,0.0,0.0,0.0,0.0,0.0,0.0,0.0,0.0,0.0,0.0,0.0,0.0,0.0,0.007568236761830606,0.007568236761830606
2018/07/01 23:00:00,2018/07/02 00:00:00,2018/07/02 04:00:00,1.2998839080335622,1.2998839080335622,0.0,0.0,0.33285660488674157,0.0,0.13094360677997474,0.026779722120023,0.0,0.002866353705536267,0.3380365894132003,0.0,0.12965918436271473,0.0,0.0,0.0,0.0,0.3387418467653716,0.0,0.0,0.0,0.0,0.0,0.0,0.0,0.0,0.0,0.0,0.0,0.0,0.0,0.0,0.0,0.0,0.0,0.0,0.004435384452526808,0.004435384452526808
2018/07/02 00:00:00,2018/07/02 01:00:00,2018/07/02 05:00:00,0.7095429585210978,0.7095429585210978,0.0,0.0,0.11740082399028687,0.0,0.06501908921459039,0.013297274945155983,0.0,0.0014232669458539432,0.30359413995633894,0.0,0.04621734439818807,0.0,0.0,0.0,0.0,0.16259101907068366,0.0,0.0,0.0,0.0,0.0,0.0,0.0,0.0,0.0,0.0,0.0,0.0,0.0,0.0,0.0,0.0,0.0,0.0,0.002421059132415304,0.002421059132415304
2018/07/02 01:00:00,2018/07/02 02:00:00,2018/07/02 06:00:00,0.35482202832974974,0.35482202832974974,0.0,0.0,0.011291827262584308,0.0,0.03901145352875434,0.00797836496709361,0.0,0.0008539601675123682,0.2912227495572465,0.0,0.0044636728465586445,0.0,0.0,0.0,0.0,0.0,0.0,0.0,0.0,0.0,0.0,0.0,0.0,0.0,0.0,0.0,0.0,0.0,0.0,0.0,0.0,0.0,0.0,0.0,0.0012107020466532038,0.0012107020466532038
2018/07/02 02:00:00,2018/07/02 03:00:00,2018/07/02 07:00:00,0.29300240584813697,0.29300240584813697,0.0,0.0,0.0,0.0,0.026007635685836212,0.005318909978062404,0.0,0.0005693067783415784,0.2611065534058968,0.0,0.0,0.0,0.0,0.0,0.0,0.0,0.0,0.0,0.0,0.0,0.0,0.0,0.0,0.0,0.0,0.0,0.0,0.0,0.0,0.0,0.0,0.0,0.0,0.0,0.0009997649077891518,0.0009997649077891518
2018/07/02 03:00:00,2018/07/02 04:00:00,2018/07/02 08:00:00,0.2812513570604932,0.2812513570604932,0.0,0.0,0.0,0.0,0.026007635685836212,0.005318909978062404,0.0,0.0005693067783415784,0.249355504618253,0.0,0.0,0.0,0.0,0.0,0.0,0.0,0.0,0.0,0.0,0.0,0.0,0.0,0.0,0.0,0.0,0.0,0.0,0.0,0.0,0.0,0.0,0.0,0.0,0.0,0.0009596686970648835,0.0009596686970648835
2018/07/02 04:00:00,2018/07/02 05:00:00,2018/07/02 09:00:00,0.30490834233648445,0.30490834233648445,0.03651289883034627,0.0,0.0,0.0,0.02669452379982011,0.005459387801091553,0.0,0.0005843427494685605,0.23565718915575795,0.0,0.0,0.0,0.0,0.0,0.0,0.0,0.0,0.0,0.0,0.0,0.0,0.0,0.0,0.0,0.0,0.0,0.0,0.0,0.0,0.0,0.0,0.0,0.0,0.0,0.001040389616862652,0.001040389616862652
2018/07/02 05:00:00,2018/07/02 06:00:00,2018/07/02 10:00:00,0.5278340670583086,0.5278340670583086,0.1876225130931851,0.0,0.0,0.0,0.06826790434137907,0.013961701169957616,0.0,0.0014943834631568494,0.25648756499062997,0.0,0.0,0.0,0.0,0.0,0.0,0.0,0.0,0.0,0.0,0.0,0.0,0.0,0.0,0.0,0.0,0.0,0.0,0.0,0.0,0.0,0.0,0.0,0.0,0.0,0.001801043154758377,0.001801043154758377
2018/07/02 06:00:00,2018/07/02 07:00:00,2018/07/02 11:00:00,0.5707622370990681,0.5707622370990681,0.06051559024245234,0.0,0.0,0.0,0.16027419424790706,0.03277822026226586,0.0,0.0035083998515197806,0.3136858324949231,0.0,0.0,0.0,0.0,0.0,0.0,0.0,0.0,0.0,0.0,0.0,0.0,0.0,0.0,0.0,0.0,0.0,0.0,0.0,0.0,0.0,0.0,0.0,0.0,0.0,0.0019475200338069448,0.0019475200338069448
2018/07/02 07:00:00,2018/07/02 08:00:00,2018/07/02 12:00:00,1.0316519885525375,1.0316519885525375,0.0,0.0,0.0,0.0,0.20282286112768447,0.04147999275530918,0.0,0.004439789569395871,0.35862554090222465,0.0,0.0,0.0,0.0,0.0,0.0,0.4242838041979233,0.0,0.0,0.0,0.0,0.0,0.0,0.0,0.0,0.0,0.0,0.0,0.0,0.0,0.0,0.0,0.0,0.0,0.0,0.003520139884927436,0.003520139884927436
2018/07/02 08:00:00,2018/07/02 09:00:00,2018/07/02 13:00:00,2.073433195334064,2.073433195334064,0.0,0.0,0.26796756092694546,0.0,0.1999580326166028,0.04089409693851532,0.0,0.0043770785136948995,0.36908418990542324,0.0,0.1019949330050556,0.0,0.0,0.0,0.0,1.0891573034278266,0.0,0.0,0.0,0.0,0.0,0.0,0.0,0.0,0.0,0.0,0.0,0.0,0.0,0.0,0.0,0.0,0.0,0.0,0.007074842069435205,0.007074842069435205
2018/07/02 09:00:00,2018/07/02 10:00:00,2018/07/02 14:00:00,3.983131829737782,3.983131829737782,0.0,0.0,0.38453141897237725,0.0,0.19039248045726945,0.038937813351627694,0.0,0.0041676887118432026,1.9054970893673877,0.0,0.14078446804642342,0.0,0.0,0.0,0.0,1.3188208708308526,0.0,0.0,0.0,0.0,0.0,0.0,0.0,0.0,0.0,0.0,0.0,0.0,0.0,0.0,0.0,0.0,0.0,0.0,0.013590999073686102,0.013590999073686102
2018/07/02 10:00:00,2018/07/02 11:00:00,2018/07/02 15:00:00,3.0577219489766803,3.0577219489766803,0.0,0.0,0.6679053504306518,0.0,0.18436831091973133,0.037705789962427363,0.0,0.004035819725633622,0.6065962137593854,0.0,0.2382895933479983,0.0,0.0,0.0,0.0,1.3188208708308526,0.0,0.0,0.0,0.0,0.0,0.0,0.0,0.0,0.0,0.0,0.0,0.0,0.0,0.0,0.0,0.0,0.0,0.0,0.010433372017934829,0.010433372017934829
2018/07/02 11:00:00,2018/07/02 12:00:00,2018/07/02 16:00:00,3.090211930293055,3.090211930293055,0.0,0.0,0.8909587982518743,0.0,0.17602198736681157,0.03599885496218284,0.0,0.0038531188207798638,0.3557889691610797,0.0,0.3087693308994738,0.0,0.0,0.0,0.0,1.3188208708308526,0.0,0.0,0.0,0.0,0.0,0.0,0.0,0.0,0.0,0.0,0.0,0.0,0.0,0.0,0.0,0.0,0.0,0.0,0.010544232347155716,0.010544232347155716
2018/07/02 12:00:00,2018/07/02 13:00:00,2018/07/02 17:00:00,3.015574495180975,3.015574495180975,0.0,0.0,1.1294292979671947,0.0,0.16999781782927342,0.03476683157298252,0.0,0.003721249834570283,1.0940979895052667,0.0,0.38059097246554835,0.0,0.0,0.0,0.0,0.20297033600613906,0.0,0.0,0.0,0.0,0.0,0.0,0.0,0.0,0.0,0.0,0.0,0.0,0.0,0.0,0.0,0.0,0.0,0.0,0.01028955905115854,0.01028955905115854
2018/07/02 13:00:00,2018/07/02 14:00:00,2018/07/02 18:00:00,2.2735744350712785,2.2735744350712785,0.0,0.0,1.352970578238888,0.0,0.16822511758810177,0.034404290620979855,0.0,0.00368244545129386,0.26549933396158615,0.0,0.44879266921042904,0.0,0.0,0.0,0.0,0.0,0.0,0.0,0.0,0.0,0.0,0.0,0.0,0.0,0.0,0.0,0.0,0.0,0.0,0.0,0.0,0.0,0.0,0.0,0.007757751779720626,0.007757751779720626
2018/07/02 14:00:00,2018/07/02 15:00:00,2018/07/02 19:00:00,2.5866875603813804,2.5866875603813804,0.0,0.0,1.57093874867415,0.0,0.16806084117025163,0.03437069389236452,0.0,0.0036788494428241364,0.29490152653433727,0.0,0.514736900667453,0.0,0.0,0.0,0.0,0.0,0.0,0.0,0.0,0.0,0.0,0.0,0.0,0.0,0.0,0.0,0.0,0.0,0.0,0.0,0.0,0.0,0.0,0.0,0.008826137255761651,0.008826137255761651
2018/07/02 15:00:00,2018/07/02 16:00:00,2018/07/02 20:00:00,3.5049255572998885,3.5049255572998885,0.0,0.0,1.8163263060046078,0.0,0.1681697315801018,0.03439296344021823,0.0,0.003681233052359925,0.2828534135552759,0.0,0.5880946763177239,0.0,0.0,0.0,0.0,0.6114072333496008,0.0,0.0,0.0,0.0,0.0,0.0,0.0,0.0,0.0,0.0,0.0,0.0,0.0,0.0,0.0,0.0,0.0,0.0,0.011959292847642824,0.011959292847642824
2018/07/02 16:00:00,2018/07/02 17:00:00,2018/07/02 21:00:00,3.11686957754611,3.11686957754611,0.0,0.0,1.9008813392520827,0.0,0.16880266044279316,0.034522405873349746,0.0,0.0036950878562371755,0.38312597586620323,0.0,0.6258421082554441,0.0,0.0,0.0,0.0,0.0,0.0,0.0,0.0,0.0,0.0,0.0,0.0,0.0,0.0,0.0,0.0,0.0,0.0,0.0,0.0,0.0,0.0,0.0,0.010635191942421428,0.010635191942421428
2018/07/02 17:00:00,2018/07/02 18:00:00,2018/07/02 22:00:00,3.2747513538371753,3.2747513538371753,0.0,0.0,1.8960380879817844,0.0,0.1717145238173748,0.035117920949956714,0.0,0.003758828504436762,0.5342588683228459,0.0,0.633863124260777,0.0,0.0,0.0,0.0,0.0,0.0,0.0,0.0,0.0,0.0,0.0,0.0,0.0,0.0,0.0,0.0,0.0,0.0,0.0,0.0,0.0,0.0,0.0,0.011173906493444723,0.011173906493444723
2018/07/02 18:00:00,2018/07/02 19:00:00,2018/07/02 23:00:00,2.997595175404716,2.997595175404716,0.0,0.0,1.583994795629703,0.0,0.1818979459965967,0.03720056723484694,0.0,0.003981743472309152,0.5498357040003157,0.0,0.5438214084364957,0.0,0.0,0.0,0.0,0.09686301063444933,0.0,0.0,0.0,0.0,0.0,0.0,0.0,0.0,0.0,0.0,0.0,0.0,0.0,0.0,0.0,0.0,0.0,0.0,0.010228211114692996,0.010228211114692996
2018/07/02 19:00:00,2018/07/02 20:00:00,2018/07/03 00:00:00,3.7326940596586273,3.7326940596586273,0.0,0.0,1.224817591841869,0.0,0.20868362281410827,0.042678597049429695,0.0,0.004568081560049322,0.49840003857373244,0.0,0.4347252569885861,0.0,0.0,0.0,0.0,1.3188208708308526,0.0,0.0,0.0,0.0,0.0,0.0,0.0,0.0,0.0,0.0,0.0,0.0,0.0,0.0,0.0,0.0,0.0,0.0,0.012736470615514063,0.012736470615514063
2018/07/02 20:00:00,2018/07/02 21:00:00,2018/07/03 01:00:00,2.3506310597142077,2.3506310597142077,0.0,0.0,0.9307913444680498,0.0,0.26064649742492013,0.05330570116588627,0.0,0.005705548152376266,0.48758957745724624,0.0,0.3377521628203139,0.0,0.0,0.0,0.0,0.27484022822541476,0.0,0.0,0.0,0.0,0.0,0.0,0.0,0.0,0.0,0.0,0.0,0.0,0.0,0.0,0.0,0.0,0.0,0.0,0.008020679686430752,0.008020679686430752
2018/07/02 21:00:00,2018/07/02 22:00:00,2018/07/03 02:00:00,2.103704592187294,2.103704592187294,0.0,0.0,0.7208599733535549,0.0,0.3319434669994661,0.06788688676293725,0.0,0.007266237810764074,0.4632829053811929,0.0,0.26394332548211186,0.0,0.0,0.0,0.0,0.24852179639726665,0.0,0.0,0.0,0.0,0.0,0.0,0.0,0.0,0.0,0.0,0.0,0.0,0.0,0.0,0.0,0.0,0.0,0.0,0.00717813228029888,0.00717813228029888
2018/07/02 22:00:00,2018/07/02 23:00:00,2018/07/03 03:00:00,1.6786732370088373,1.6786732370088373,0.0,0.0,0.5410734014832189,0.0,0.2775611504815452,0.05676497435800282,0.0,0.006075809669215224,0.39627516927644474,0.0,0.1991173596928074,0.0,0.0,0.0,0.0,0.201805372047603,0.0,0.0,0.0,0.0,0.0,0.0,0.0,0.0,0.0,0.0,0.0,0.0,0.0,0.0,0.0,0.0,0.0,0.0,0.005727866258122496,0.005727866258122496
2018/07/02 23:00:00,2018/07/03 00:00:00,2018/07/03 04:00:00,1.025476158902308,1.025476158902308,0.0,0.0,0.3841320600419982,0.0,0.13094360677997474,0.026779722120023,0.0,0.002866353705536267,0.3380365894132003,0.0,0.14271782684157558,0.0,0.0,0.0,0.0,0.0,0.0,0.0,0.0,0.0,0.0,0.0,0.0,0.0,0.0,0.0,0.0,0.0,0.0,0.0,0.0,0.0,0.0,0.0,0.0034990670963170128,0.0034990670963170128
2018/07/03 00:00:00,2018/07/03 01:00:00,2018/07/03 05:00:00,0.7405440828646099,0.7405440828646099,0.0,0.0,0.25983402356136875,0.0,0.06501908921459039,0.013297274945155983,0.0,0.0014232669458539432,0.30359413995633894,0.0,0.09737628824130197,0.0,0.0,0.0,0.0,0.0,0.0,0.0,0.0,0.0,0.0,0.0,0.0,0.0,0.0,0.0,0.0,0.0,0.0,0.0,0.0,0.0,0.0,0.0,0.002526839274837464,0.002526839274837464
2018/07/03 01:00:00,2018/07/03 02:00:00,2018/07/03 06:00:00,0.5859085177825843,0.5859085177825843,0.0,0.0,0.17967415760209815,0.0,0.03901145352875434,0.00797836496709361,0.0,0.0008539601675123682,0.2912227495572465,0.0,0.06716783195987942,0.0,0.0,0.0,0.0,0.0,0.0,0.0,0.0,0.0,0.0,0.0,0.0,0.0,0.0,0.0,0.0,0.0,0.0,0.0,0.0,0.0,0.0,0.0,0.001999201247369241,0.001999201247369241
2018/07/03 02:00:00,2018/07/03 03:00:00,2018/07/03 07:00:00,0.47536885826941316,0.47536885826941316,0.0,0.0,0.1327575571598067,0.0,0.026007635685836212,0.005318909978062404,0.0,0.0005693067783415784,0.2611065534058968,0.0,0.04960889526146948,0.0,0.0,0.0,0.0,0.0,0.0,0.0,0.0,0.0,0.0,0.0,0.0,0.0,0.0,0.0,0.0,0.0,0.0,0.0,0.0,0.0,0.0,0.0,0.0016220245747739007,0.0016220245747739007
2018/07/03 03:00:00,2018/07/03 04:00:00,2018/07/03 08:00:00,0.4176083130886101,0.4176083130886101,0.0,0.0,0.09917531242808166,0.0,0.026007635685836212,0.005318909978062404,0.0,0.0005693067783415784,0.249355504618253,0.0,0.037181643600035175,0.0,0.0,0.0,0.0,0.0,0.0,0.0,0.0,0.0,0.0,0.0,0.0,0.0,0.0,0.0,0.0,0.0,0.0,0.0,0.0,0.0,0.0,0.0,0.0014249375714799177,0.0014249375714799177
2018/07/03 04:00:00,2018/07/03 05:00:00,2018/07/03 09:00:00,0.7857375257875082,0.7857375257875082,0.0,0.0,0.06819864973073977,0.0,0.02669452379982011,0.005459387801091553,0.0,0.0005843427494685605,0.23565718915575795,0.0,0.025691548775567286,0.0,0.0,0.0,0.0,0.42345188377506304,0.0,0.0,0.0,0.0,0.0,0.0,0.0,0.0,0.0,0.0,0.0,0.0,0.0,0.0,0.0,0.0,0.0,0.0,0.0026810455796140325,0.0026810455796140325
2018/07/03 05:00:00,2018/07/03 06:00:00,2018/07/03 10:00:00,0.4149254534893706,0.4149254534893706,0.0,0.0,0.05421107722185443,0.0,0.06826790434137907,0.013961701169957616,0.0,0.0014943834631568494,0.25648756499062997,0.0,0.020502822302392632,0.0,0.0,0.0,0.0,0.0,0.0,0.0,0.0,0.0,0.0,0.0,0.0,0.0,0.0,0.0,0.0,0.0,0.0,0.0,0.0,0.0,0.0,0.0,0.0014157832818689473,0.0014157832818689473
2018/07/03 06:00:00,2018/07/03 07:00:00,2018/07/03 11:00:00,0.6125788023327046,0.6125788023327046,0.0,0.0,0.07426060707140693,0.0,0.16027419424790706,0.03277822026226586,0.0,0.0035083998515197806,0.3136858324949231,0.0,0.02807154840468184,0.0,0.0,0.0,0.0,0.0,0.0,0.0,0.0,0.0,0.0,0.0,0.0,0.0,0.0,0.0,0.0,0.0,0.0,0.0,0.0,0.0,0.0,0.0,0.002090203962847903,0.002090203962847903
2018/07/03 07:00:00,2018/07/03 08:00:00,2018/07/03 12:00:00,1.6261433028732932,1.6261433028732932,0.0,0.0,0.20011509319539628,0.0,0.20282286112768447,0.04147999275530918,0.0,0.004439789569395871,0.4566829047179834,0.0,0.07512656500846722,0.0,0.0,0.0,0.0,0.6454760964990566,0.0,0.0,0.0,0.0,0.0,0.0,0.0,0.0,0.0,0.0,0.0,0.0,0.0,0.0,0.0,0.0,0.0,0.0,0.005548626826264683,0.005548626826264683
2018/07/03 08:00:00,2018/07/03 09:00:00,2018/07/03 13:00:00,4.557059934374711,4.557059934374711,0.0,0.0,0.35496161093248224,0.0,0.1999580326166028,0.04089409693851532,0.0,0.0043770785136948995,2.506437797468054,0.0,0.13161044707450853,0.0,0.0,0.0,0.0,1.3188208708308526,0.0,0.0,0.0,0.0,0.0,0.0,0.0,0.0,0.0,0.0,0.0,0.0,0.0,0.0,0.0,0.0,0.0,0.0,0.015549321487282046,0.015549321487282046
2018/07/03 09:00:00,2018/07/03 10:00:00,2018/07/03 14:00:00,2.223786864731487,2.223786864731487,0.0,0.0,0.3166763789298694,0.0,0.19039248045726945,0.038937813351627694,0.0,0.0041676887118432026,0.2399550100229572,0.0,0.11483662242706759,0.0,0.0,0.0,0.0,1.3188208708308526,0.0,0.0,0.0,0.0,0.0,0.0,0.0,0.0,0.0,0.0,0.0,0.0,0.0,0.0,0.0,0.0,0.0,0.0,0.007587869674057622,0.007587869674057622
2018/07/03 10:00:00,2018/07/03 11:00:00,2018/07/03 15:00:00,2.383212400653515,2.383212400653515,0.0,0.0,0.4411759324073404,0.0,0.18436831091973133,0.037705789962427363,0.0,0.004035819725633622,0.23647871378177573,0.0,0.16062696302575374,0.0,0.0,0.0,0.0,1.3188208708308526,0.0,0.0,0.0,0.0,0.0,0.0,0.0,0.0,0.0,0.0,0.0,0.0,0.0,0.0,0.0,0.0,0.0,0.0,0.00813185174737525,0.00813185174737525
2018/07/03 11:00:00,2018/07/03 12:00:00,2018/07/03 16:00:00,1.2136729257356038,1.2136729257356038,0.0,0.0,0.5378065004867261,0.0,0.17602198736681157,0.03599885496218284,0.0,0.0038531188207798638,0.25158580738185676,0.0,0.19729576587615288,0.0,0.0,0.0,0.0,0.011110890841093865,0.0,0.0,0.0,0.0,0.0,0.0,0.0,0.0,0.0,0.0,0.0,0.0,0.0,0.0,0.0,0.0,0.0,0.0,0.004141220605926166,0.004141220605926166
2018/07/03 12:00:00,2018/07/03 13:00:00,2018/07/03 17:00:00,2.239259774295513,2.239259774295513,0.0,0.0,0.6530889993673997,0.0,0.16999781782927342,0.03476683157298252,0.0,0.003721249834570283,0.2577264052368096,0.0,0.23688622370050155,0.0,0.0,0.0,0.0,0.883072246753976,0.0,0.0,0.0,0.0,0.0,0.0,0.0,0.0,0.0,0.0,0.0,0.0,0.0,0.0,0.0,0.0,0.0,0.0,0.007640665390730086,0.007640665390730086
2018/07/03 13:00:00,2018/07/03 14:00:00,2018/07/03 18:00:00,1.4351857705085742,1.4351857705085742,0.0,0.0,0.7084426945959864,0.0,0.16822511758810177,0.034404290620979855,0.0,0.00368244545129386,0.26549933396158615,0.0,0.2549318882906263,0.0,0.0,0.0,0.0,0.0,0.0,0.0,0.0,0.0,0.0,0.0,0.0,0.0,0.0,0.0,0.0,0.0,0.0,0.0,0.0,0.0,0.0,0.0,0.004897053201182549,0.004897053201182549
2018/07/03 14:00:00,2018/07/03 15:00:00,2018/07/03 19:00:00,1.5272103225516787,1.5272103225516787,0.0,0.0,0.7556667618553602,0.0,0.16806084117025163,0.03437069389236452,0.0,0.0036788494428241364,0.29490152653433727,0.0,0.27053164965654086,0.0,0.0,0.0,0.0,0.0,0.0,0.0,0.0,0.0,0.0,0.0,0.0,0.0,0.0,0.0,0.0,0.0,0.0,0.0,0.0,0.0,0.0,0.0,0.005211053755278331,0.005211053755278331
2018/07/03 15:00:00,2018/07/03 16:00:00,2018/07/03 20:00:00,1.6358319974233593,1.6358319974233593,0.0,0.0,0.8451475711245997,0.0,0.1681697315801018,0.03439296344021823,0.0,0.003681233052359925,0.2828534135552759,0.0,0.3015870846708039,0.0,0.0,0.0,0.0,0.0,0.0,0.0,0.0,0.0,0.0,0.0,0.0,0.0,0.0,0.0,0.0,0.0,0.0,0.0,0.0,0.0,0.0,0.0,0.005581685997862286,0.005581685997862286
2018/07/03 16:00:00,2018/07/03 17:00:00,2018/07/03 21:00:00,1.8560681186786216,1.8560681186786216,0.0,0.0,0.9328195878939043,0.0,0.16880266044279316,0.034522405873349746,0.0,0.0036950878562371755,0.38312597586620323,0.0,0.3331024007461338,0.0,0.0,0.0,0.0,0.0,0.0,0.0,0.0,0.0,0.0,0.0,0.0,0.0,0.0,0.0,0.0,0.0,0.0,0.0,0.0,0.0,0.0,0.0,0.00633316223513499,0.00633316223513499
2018/07/03 17:00:00,2018/07/03 18:00:00,2018/07/03 22:00:00,2.257807301572034,2.257807301572034,0.0,0.0,1.1204379869338317,0.0,0.1717145238173748,0.035117920949956714,0.0,0.003758828504436762,0.5342588683228459,0.0,0.39251917304358824,0.0,0.0,0.0,0.0,0.0,0.0,0.0,0.0,0.0,0.0,0.0,0.0,0.0,0.0,0.0,0.0,0.0,0.0,0.0,0.0,0.0,0.0,0.0,0.007703952130112487,0.007703952130112487
2018/07/03 18:00:00,2018/07/03 19:00:00,2018/07/03 23:00:00,2.470771615910163,2.470771615910163,0.0,0.0,1.2596759899813306,0.0,0.1818979459965967,0.03720056723484694,0.0,0.003981743472309152,0.5498357040003157,0.0,0.4381796652247643,0.0,0.0,0.0,0.0,0.0,0.0,0.0,0.0,0.0,0.0,0.0,0.0,0.0,0.0,0.0,0.0,0.0,0.0,0.0,0.0,0.0,0.0,0.0,0.008430615952105106,0.008430615952105106
2018/07/03 19:00:00,2018/07/03 20:00:00,2018/07/04 00:00:00,4.065782528352568,4.065782528352568,0.0,0.0,1.331870564543471,0.0,0.20868362281410827,0.042678597049429695,0.0,0.004568081560049322,0.8328620928618802,0.0,0.465349330758305,0.0,0.0,0.0,0.0,1.179770238765325,0.0,0.0,0.0,0.0,0.0,0.0,0.0,0.0,0.0,0.0,0.0,0.0,0.0,0.0,0.0,0.0,0.0,0.0,0.013873014737824194,0.013873014737824194
2018/07/03 20:00:00,2018/07/03 21:00:00,2018/07/04 01:00:00,11.443539693407656,11.443539693407656,0.0,0.0,1.1993252513851569,0.0,0.26064649742492013,0.05330570116588627,0.0,0.005705548152376266,8.180663383592446,0.0,0.42507244085601953,0.0,0.0,0.0,0.0,1.3188208708308526,0.0,0.0,0.0,0.0,0.0,0.0,0.0,0.0,0.0,0.0,0.0,0.0,0.0,0.0,0.0,0.0,0.0,0.0,0.03904694698067084,0.03904694698067084
2018/07/03 21:00:00,2018/07/03 22:00:00,2018/07/04 02:00:00,7.140883359537154,7.140883359537154,0.0,0.0,1.0419187628534547,0.0,0.3319434669994661,0.06788688676293725,0.0,0.007266237810764074,3.9984253274364,0.0,0.3746218068432786,0.0,0.0,0.0,0.0,1.3188208708308526,0.0,0.0,0.0,0.0,0.0,0.0,0.0,0.0,0.0,0.0,0.0,0.0,0.0,0.0,0.0,0.0,0.0,0.0,0.024365685915838518,0.024365685915838518
2018/07/03 22:00:00,2018/07/03 23:00:00,2018/07/04 03:00:00,5.06130021129327,5.06130021129327,0.0,0.0,0.8840324390724613,0.0,0.2775611504815452,0.05676497435800282,0.0,0.006075809669215224,2.1974687642460076,0.0,0.32057620263518505,0.0,0.0,0.0,0.0,1.3188208708308526,0.0,0.0,0.0,0.0,0.0,0.0,0.0,0.0,0.0,0.0,0.0,0.0,0.0,0.0,0.0,0.0,0.0,0.0,0.017269859352825535,0.017269859352825535
2018/07/03 23:00:00,2018/07/04 00:00:00,2018/07/04 04:00:00,2.538843561787422,2.538843561787422,0.0,0.0,0.4945047787319394,0.0,0.13094360677997474,0.026779722120023,0.0,0.002866353705536267,0.3838973058415493,0.0,0.18103092377754654,0.0,0.0,0.0,0.0,1.3188208708308526,0.0,0.0,0.0,0.0,0.0,0.0,0.0,0.0,0.0,0.0,0.0,0.0,0.0,0.0,0.0,0.0,0.0,0.0,0.008662886886864184,0.008662886886864184
2018/07/04 00:00:00,2018/07/04 01:00:00,2018/07/04 05:00:00,2.199610025137431,2.199610025137431,0.0,0.0,0.36381136453780183,0.0,0.06501908921459039,0.013297274945155983,0.0,0.0014232669458539432,0.30359413995633894,0.0,0.13364401870683693,0.0,0.0,0.0,0.0,1.3188208708308526,0.0,0.0,0.0,0.0,0.0,0.0,0.0,0.0,0.0,0.0,0.0,0.0,0.0,0.0,0.0,0.0,0.0,0.0,0.007505374939117075,0.007505374939117075
2018/07/04 01:00:00,2018/07/04 02:00:00,2018/07/04 06:00:00,2.135849763152442,2.135849763152442,0.0,0.0,0.288448652395316,0.0,0.03901145352875434,0.00797836496709361,0.0,0.0008539601675123682,0.3742696688576567,0.0,0.10646679240525647,0.0,0.0,0.0,0.0,1.3188208708308526,0.0,0.0,0.0,0.0,0.0,0.0,0.0,0.0,0.0,0.0,0.0,0.0,0.0,0.0,0.0,0.0,0.0,0.0,0.007287816068706047,0.007287816068706047
2018/07/04 02:00:00,2018/07/04 03:00:00,2018/07/04 07:00:00,3.221779322751098,3.221779322751098,0.0,0.0,0.264228716145424,0.0,0.026007635685836212,0.005318909978062404,0.0,0.0005693067783415784,2.203699011271895,0.0,0.09829299324372788,0.0,0.0,0.0,0.0,0.6236627496478113,0.0,0.0,0.0,0.0,0.0,0.0,0.0,0.0,0.0,0.0,0.0,0.0,0.0,0.0,0.0,0.0,0.0,0.0,0.010993158565382913,0.010993158565382913
2018/07/04 03:00:00,2018/07/04 04:00:00,2018/07/04 08:00:00,2.2490388704109647,2.2490388704109647,0.0,0.0,0.22184404471443467,0.0,0.026007635685836212,0.005318909978062404,0.0,0.0005693067783415784,1.9129224553933235,0.0,0.08237651786096634,0.0,0.0,0.0,0.0,0.0,0.0,0.0,0.0,0.0,0.0,0.0,0.0,0.0,0.0,0.0,0.0,0.0,0.0,0.0,0.0,0.0,0.0,0.0,0.0076740330250258705,0.0076740330250258705
2018/07/04 04:00:00,2018/07/04 05:00:00,2018/07/04 09:00:00,2.1931230181241395,2.1931230181241395,0.0,0.0,0.16760868047430047,0.0,0.02669452379982011,0.005459387801091553,0.0,0.0005843427494685605,1.930447409666837,0.0,0.06232867363262194,0.0,0.0,0.0,0.0,0.0,0.0,0.0,0.0,0.0,0.0,0.0,0.0,0.0,0.0,0.0,0.0,0.0,0.0,0.0,0.0,0.0,0.0,0.0,0.0074832403701202855,0.0074832403701202855
2018/07/04 05:00:00,2018/07/04 06:00:00,2018/07/04 10:00:00,0.492123961059288,0.492123961059288,0.0,0.0,0.11064914079619868,0.0,0.06826790434137907,0.013961701169957616,0.0,0.0014943834631568494,0.25648756499062997,0.0,0.041263266297965846,0.0,0.0,0.0,0.0,0.0,0.0,0.0,0.0,0.0,0.0,0.0,0.0,0.0,0.0,0.0,0.0,0.0,0.0,0.0,0.0,0.0,0.0,0.0,0.0016791953128339804,0.0016791953128339804
2018/07/04 06:00:00,2018/07/04 07:00:00,2018/07/04 11:00:00,0.6762341095703508,0.6762341095703508,0.0,0.0,0.12072951038742229,0.0,0.16027419424790706,0.03277822026226586,0.0,0.0035083998515197806,0.3136858324949231,0.0,0.0452579523263128,0.0,0.0,0.0,0.0,0.0,0.0,0.0,0.0,0.0,0.0,0.0,0.0,0.0,0.0,0.0,0.0,0.0,0.0,0.0,0.0,0.0,0.0,0.0,0.002307404713082426,0.002307404713082426
2018/07/04 07:00:00,2018/07/04 08:00:00,2018/07/04 12:00:00,0.8133922311922676,0.8133922311922676,0.0,0.0,0.14993283163321308,0.0,0.20282286112768447,0.04147999275530918,0.0,0.004439789569395871,0.35862554090222465,0.0,0.056091215204440215,0.0,0.0,0.0,0.0,0.0,0.0,0.0,0.0,0.0,0.0,0.0,0.0,0.0,0.0,0.0,0.0,0.0,0.0,0.0,0.0,0.0,0.0,0.0,0.0027754072757881433,0.0027754072757881433
2018/07/04 08:00:00,2018/07/04 09:00:00,2018/07/04 13:00:00,0.8758298849867587,0.8758298849867587,0.0,0.0,0.24493603512226822,0.0,0.1999580326166028,0.04089409693851532,0.0,0.0043770785136948995,0.2959239672796783,0.0,0.08974067451599922,0.0,0.0,0.0,0.0,0.0,0.0,0.0,0.0,0.0,0.0,0.0,0.0,0.0,0.0,0.0,0.0,0.0,0.0,0.0,0.0,0.0,0.0,0.0,0.0029884532233383975,0.0029884532233383975
2018/07/04 09:00:00,2018/07/04 10:00:00,2018/07/04 14:00:00,1.6574258539448372,1.6574258539448372,0.0,0.0,0.5769999145209486,0.0,0.19039248045726945,0.038937813351627694,0.0,0.0041676887118432026,0.2399550100229572,0.0,0.2053957342814259,0.0,0.0,0.0,0.0,0.4015772125987653,0.0,0.0,0.0,0.0,0.0,0.0,0.0,0.0,0.0,0.0,0.0,0.0,0.0,0.0,0.0,0.0,0.0,0.0,0.0056553672357740215,0.0056553672357740215
2018/07/04 10:00:00,2018/07/04 11:00:00,2018/07/04 15:00:00,1.614918536408831,1.614918536408831,0.0,0.0,0.8538539099858223,0.0,0.18436831091973133,0.037705789962427363,0.0,0.004035819725633622,0.23647871378177573,0.0,0.2984759920334408,0.0,0.0,0.0,0.0,0.0,0.0,0.0,0.0,0.0,0.0,0.0,0.0,0.0,0.0,0.0,0.0,0.0,0.0,0.0,0.0,0.0,0.0,0.0,0.005510326363929523,0.005510326363929523
2018/07/04 11:00:00,2018/07/04 12:00:00,2018/07/04 16:00:00,2.4058792416877117,2.4058792416877117,0.0,0.0,1.1501191200162917,0.0,0.17602198736681157,0.03599885496218284,0.0,0.0038531188207798638,0.25158580738185676,0.0,0.3949687249994961,0.0,0.0,0.0,0.0,0.39333162814029266,0.0,0.0,0.0,0.0,0.0,0.0,0.0,0.0,0.0,0.0,0.0,0.0,0.0,0.0,0.0,0.0,0.0,0.0,0.008209194157485597,0.008209194157485597
2018/07/04 12:00:00,2018/07/04 13:00:00,2018/07/04 17:00:00,3.4398185441609925,3.4398185441609925,0.0,0.0,1.2321561786405526,0.0,0.16999781782927342,0.03476683157298252,0.0,0.003721249834570283,0.2577264052368096,0.0,0.42262919021595136,0.0,0.0,0.0,0.0,1.3188208708308526,0.0,0.0,0.0,0.0,0.0,0.0,0.0,0.0,0.0,0.0,0.0,0.0,0.0,0.0,0.0,0.0,0.0,0.0,0.011737138675226327,0.011737138675226327
2018/07/04 13:00:00,2018/07/04 14:00:00,2018/07/04 18:00:00,2.424833958883409,2.424833958883409,0.0,0.0,1.3192466285998252,0.0,0.16822511758810177,0.034404290620979855,0.0,0.00368244545129386,0.26549933396158615,0.0,0.4549776241684313,0.0,0.0,0.0,0.0,0.17879851849319064,0.0,0.0,0.0,0.0,0.0,0.0,0.0,0.0,0.0,0.0,0.0,0.0,0.0,0.0,0.0,0.0,0.0,0.0,0.0082738702854323,0.0082738702854323
2018/07/04 14:00:00,2018/07/04 15:00:00,2018/07/04 19:00:00,2.4357769862838072,2.4357769862838072,0.0,0.0,1.4411079200909858,0.0,0.16806084117025163,0.03437069389236452,0.0,0.0036788494428241364,0.29490152653433727,0.0,0.4936571551530441,0.0,0.0,0.0,0.0,0.0,0.0,0.0,0.0,0.0,0.0,0.0,0.0,0.0,0.0,0.0,0.0,0.0,0.0,0.0,0.0,0.0,0.0,0.0,0.008311209414946355,0.008311209414946355
2018/07/04 15:00:00,2018/07/04 16:00:00,2018/07/04 20:00:00,2.7397736176014442,2.7397736176014442,0.0,0.0,1.6162992967220124,0.0,0.1681697315801018,0.03439296344021823,0.0,0.003681233052359925,0.3696208676729485,0.0,0.5476095251338038,0.0,0.0,0.0,0.0,0.0,0.0,0.0,0.0,0.0,0.0,0.0,0.0,0.0,0.0,0.0,0.0,0.0,0.0,0.0,0.0,0.0,0.0,0.0,0.009348488147172923,0.009348488147172923
2018/07/04 16:00:00,2018/07/04 17:00:00,2018/07/04 21:00:00,5.567648439660252,5.567648439660252,0.0,0.0,1.7990560907422872,0.0,0.16880266044279316,0.034522405873349746,0.0,0.0036950878562371755,2.4885765977890912,0.0,0.6070676297692008,0.0,0.0,0.0,0.0,0.4659279671872942,0.0,0.0,0.0,0.0,0.0,0.0,0.0,0.0,0.0,0.0,0.0,0.0,0.0,0.0,0.0,0.0,0.0,0.0,0.018997589841512695,0.018997589841512695
2018/07/04 17:00:00,2018/07/04 18:00:00,2018/07/04 22:00:00,6.729443337608289,6.729443337608289,0.0,0.0,1.8842494801764826,0.0,0.1717145238173748,0.035117920949956714,0.0,0.003758828504436762,3.903230108586545,0.0,0.6361937217328839,0.0,0.0,0.0,0.0,0.0951787538406078,0.0,0.0,0.0,0.0,0.0,0.0,0.0,0.0,0.0,0.0,0.0,0.0,0.0,0.0,0.0,0.0,0.0,0.0,0.022961795410592362,0.022961795410592362
2018/07/04 18:00:00,2018/07/04 19:00:00,2018/07/04 23:00:00,3.0852304568038864,3.0852304568038864,0.0,0.0,1.7225351561070419,0.0,0.1818979459965967,0.03720056723484694,0.0,0.003981743472309152,0.5498357040003157,0.0,0.5897793399927762,0.0,0.0,0.0,0.0,0.0,0.0,0.0,0.0,0.0,0.0,0.0,0.0,0.0,0.0,0.0,0.0,0.0,0.0,0.0,0.0,0.0,0.0,0.0,0.010527234867666985,0.010527234867666985
2018/07/04 19:00:00,2018/07/04 20:00:00,2018/07/05 00:00:00,2.7171492863284987,2.7171492863284987,0.0,0.0,1.449807998619121,0.0,0.20868362281410827,0.042678597049429695,0.0,0.004568081560049322,0.5036728235883939,0.0,0.5077381626973974,0.0,0.0,0.0,0.0,0.0,0.0,0.0,0.0,0.0,0.0,0.0,0.0,0.0,0.0,0.0,0.0,0.0,0.0,0.0,0.0,0.0,0.0,0.0,0.009271290786272717,0.009271290786272717
2018/07/04 20:00:00,2018/07/04 21:00:00,2018/07/05 01:00:00,2.460226682017249,2.460226682017249,0.0,0.0,1.1278963734349965,0.0,0.26064649742492013,0.05330570116588627,0.0,0.005705548152376266,0.6064543291185197,0.0,0.40621823272054974,0.0,0.0,0.0,0.0,0.0,0.0,0.0,0.0,0.0,0.0,0.0,0.0,0.0,0.0,0.0,0.0,0.0,0.0,0.0,0.0,0.0,0.0,0.0,0.008394635172935136,0.008394635172935136
2018/07/04 21:00:00,2018/07/04 22:00:00,2018/07/05 02:00:00,1.9926337500849,1.9926337500849,0.0,0.0,0.8209094003343949,0.0,0.3319434669994661,0.06788688676293725,0.0,0.007266237810764074,0.4632829053811929,0.0,0.3013448527961451,0.0,0.0,0.0,0.0,0.0,0.0,0.0,0.0,0.0,0.0,0.0,0.0,0.0,0.0,0.0,0.0,0.0,0.0,0.0,0.0,0.0,0.0,0.0,0.006799143138926035,0.006799143138926035
2018/07/04 22:00:00,2018/07/04 23:00:00,2018/07/05 03:00:00,1.5399440573431138,1.5399440573431138,0.0,0.0,0.5860314222787102,0.0,0.2775611504815452,0.05676497435800282,0.0,0.006075809669215224,0.39627516927644474,0.0,0.21723553127919573,0.0,0.0,0.0,0.0,0.0,0.0,0.0,0.0,0.0,0.0,0.0,0.0,0.0,0.0,0.0,0.0,0.0,0.0,0.0,0.0,0.0,0.0,0.0,0.00525450302714598,0.00525450302714598
2018/07/04 23:00:00,2018/07/05 00:00:00,2018/07/05 04:00:00,1.0443162652363625,1.0443162652363625,0.0,0.0,0.39763344767999115,0.0,0.13094360677997474,0.026779722120023,0.0,0.002866353705536267,0.3380365894132003,0.0,0.14805654553763695,0.0,0.0,0.0,0.0,0.0,0.0,0.0,0.0,0.0,0.0,0.0,0.0,0.0,0.0,0.0,0.0,0.0,0.0,0.0,0.0,0.0,0.0,0.0,0.0035633521560839497,0.0035633521560839497
2018/07/05 00:00:00,2018/07/05 01:00:00,2018/07/05 05:00:00,1.7636238772456971,1.7636238772456971,0.0,0.0,0.2517946960928463,0.0,0.06501908921459039,0.013297274945155983,0.0,0.0014232669458539432,1.3374353935075636,0.0,0.09465415653968676,0.0,0.0,0.0,0.0,0.0,0.0,0.0,0.0,0.0,0.0,0.0,0.0,0.0,0.0,0.0,0.0,0.0,0.0,0.0,0.0,0.0,0.0,0.0,0.006017729642544851,0.006017729642544851
2018/07/05 01:00:00,2018/07/05 02:00:00,2018/07/05 06:00:00,0.5361362190992119,0.5361362190992119,0.0,0.0,0.14288353868477133,0.0,0.03901145352875434,0.00797836496709361,0.0,0.0008539601675123682,0.2912227495572465,0.0,0.0541861521938339,0.0,0.0,0.0,0.0,0.0,0.0,0.0,0.0,0.0,0.0,0.0,0.0,0.0,0.0,0.0,0.0,0.0,0.0,0.0,0.0,0.0,0.0,0.0,0.0018293712507192247,0.0018293712507192247
2018/07/05 02:00:00,2018/07/05 03:00:00,2018/07/05 07:00:00,0.4068402163230406,0.4068402163230406,0.0,0.0,0.08249768379964036,0.0,0.026007635685836212,0.005318909978062404,0.0,0.0005693067783415784,0.2611065534058968,0.0,0.03134012667526332,0.0,0.0,0.0,0.0,0.0,0.0,0.0,0.0,0.0,0.0,0.0,0.0,0.0,0.0,0.0,0.0,0.0,0.0,0.0,0.0,0.0,0.0,0.0,0.0013881953295903611,0.0013881953295903611
2018/07/05 03:00:00,2018/07/05 04:00:00,2018/07/05 08:00:00,0.7122115857790947,0.7122115857790947,0.0,0.0,0.02141898205772365,0.0,0.026007635685836212,0.005318909978062404,0.0,0.0005693067783415784,0.249355504618253,0.0,0.00815815466745913,0.0,0.0,0.0,0.0,0.40138309199341876,0.0,0.0,0.0,0.0,0.0,0.0,0.0,0.0,0.0,0.0,0.0,0.0,0.0,0.0,0.0,0.0,0.0,0.0,0.002430164859301034,0.002430164859301034
2018/07/05 04:00:00,2018/07/05 05:00:00,2018/07/05 09:00:00,0.2683954435061382,0.2683954435061382,0.0,0.0,0.0,0.0,0.02669452379982011,0.005459387801091553,0.0,0.0005843427494685605,0.23565718915575795,0.0,0.0,0.0,0.0,0.0,0.0,0.0,0.0,0.0,0.0,0.0,0.0,0.0,0.0,0.0,0.0,0.0,0.0,0.0,0.0,0.0,0.0,0.0,0.0,0.0,0.0009158025342871051,0.0009158025342871051
2018/07/05 05:00:00,2018/07/05 06:00:00,2018/07/05 10:00:00,0.34021155396512354,0.34021155396512354,0.0,0.0,0.0,0.0,0.06826790434137907,0.013961701169957616,0.0,0.0014943834631568494,0.25648756499062997,0.0,0.0,0.0,0.0,0.0,0.0,0.0,0.0,0.0,0.0,0.0,0.0,0.0,0.0,0.0,0.0,0.0,0.0,0.0,0.0,0.0,0.0,0.0,0.0,0.0,0.0011608490786762886,0.0011608490786762886
2018/07/05 06:00:00,2018/07/05 07:00:00,2018/07/05 11:00:00,0.5102466468566158,0.5102466468566158,0.0,0.0,0.0,0.0,0.16027419424790706,0.03277822026226586,0.0,0.0035083998515197806,0.3136858324949231,0.0,0.0,0.0,0.0,0.0,0.0,0.0,0.0,0.0,0.0,0.0,0.0,0.0,0.0,0.0,0.0,0.0,0.0,0.0,0.0,0.0,0.0,0.0,0.0,0.0,0.001741032434077442,0.001741032434077442
2018/07/05 07:00:00,2018/07/05 08:00:00,2018/07/05 12:00:00,1.2351048376069944,1.2351048376069944,0.0,0.0,0.188005175395419,0.0,0.20282286112768447,0.04147999275530918,0.0,0.004439789569395871,0.35862554090222465,0.0,0.07122940349500058,0.0,0.0,0.0,0.0,0.3685020743619608,0.0,0.0,0.0,0.0,0.0,0.0,0.0,0.0,0.0,0.0,0.0,0.0,0.0,0.0,0.0,0.0,0.0,0.0,0.004214349266197138,0.004214349266197138
2018/07/05 08:00:00,2018/07/05 09:00:00,2018/07/05 13:00:00,2.1803320332340084,2.1803320332340084,0.0,0.0,0.23369726110989478,0.0,0.1999580326166028,0.04089409693851532,0.0,0.0043770785136948995,0.2959239672796783,0.0,0.08666072594476922,0.0,0.0,0.0,0.0,1.3188208708308526,0.0,0.0,0.0,0.0,0.0,0.0,0.0,0.0,0.0,0.0,0.0,0.0,0.0,0.0,0.0,0.0,0.0,0.0,0.007439595752963653,0.007439595752963653
2018/07/05 09:00:00,2018/07/05 10:00:00,2018/07/05 14:00:00,2.4124087686927926,2.4124087686927926,0.0,0.0,0.457118365837712,0.0,0.19039248045726945,0.038937813351627694,0.0,0.0041676887118432026,0.2399550100229572,0.0,0.1630165394805304,0.0,0.0,0.0,0.0,1.3188208708308526,0.0,0.0,0.0,0.0,0.0,0.0,0.0,0.0,0.0,0.0,0.0,0.0,0.0,0.0,0.0,0.0,0.0,0.0,0.008231473810600545,0.008231473810600545
2018/07/05 10:00:00,2018/07/05 11:00:00,2018/07/05 15:00:00,1.859687130751987,1.859687130751987,0.0,0.0,0.6501053675432072,0.0,0.18436831091973133,0.037705789962427363,0.0,0.004035819725633622,0.23647871378177573,0.0,0.22844780761650482,0.0,0.0,0.0,0.0,0.5185453212027069,0.0,0.0,0.0,0.0,0.0,0.0,0.0,0.0,0.0,0.0,0.0,0.0,0.0,0.0,0.0,0.0,0.0,0.0,0.006345510807022456,0.006345510807022456
2018/07/05 11:00:00,2018/07/05 12:00:00,2018/07/05 16:00:00,1.593129428771009,1.593129428771009,0.0,0.0,0.8372609379625031,0.0,0.17602198736681157,0.03599885496218284,0.0,0.0038531188207798638,0.25158580738185676,0.0,0.28840872227687475,0.0,0.0,0.0,0.0,0.0,0.0,0.0,0.0,0.0,0.0,0.0,0.0,0.0,0.0,0.0,0.0,0.0,0.0,0.0,0.0,0.0,0.0,0.0,0.005435978902087774,0.005435978902087774
2018/07/05 12:00:00,2018/07/05 13:00:00,2018/07/05 17:00:00,1.826475413256527,1.826475413256527,0.0,0.0,1.0132981907667982,0.0,0.16999781782927342,0.03476683157298252,0.0,0.003721249834570283,0.2577264052368096,0.0,0.346964918016093,0.0,0.0,0.0,0.0,0.0,0.0,0.0,0.0,0.0,0.0,0.0,0.0,0.0,0.0,0.0,0.0,0.0,0.0,0.0,0.0,0.0,0.0,0.0,0.0062321878137069076,0.0062321878137069076
2018/07/05 13:00:00,2018/07/05 14:00:00,2018/07/05 18:00:00,2.0254494893574324,2.0254494893574324,0.0,0.0,1.1579044877157583,0.0,0.16822511758810177,0.034404290620979855,0.0,0.00368244545129386,0.26549933396158615,0.0,0.39573381401971275,0.0,0.0,0.0,0.0,0.0,0.0,0.0,0.0,0.0,0.0,0.0,0.0,0.0,0.0,0.0,0.0,0.0,0.0,0.0,0.0,0.0,0.0,0.0,0.006911114999542226,0.006911114999542226
2018/07/05 14:00:00,2018/07/05 15:00:00,2018/07/05 19:00:00,2.3932842309548614,2.3932842309548614,0.0,0.0,1.3835521402534743,0.0,0.16806084117025163,0.03437069389236452,0.0,0.0036788494428241364,0.34229302080641794,0.0,0.46132868538952865,0.0,0.0,0.0,0.0,0.0,0.0,0.0,0.0,0.0,0.0,0.0,0.0,0.0,0.0,0.0,0.0,0.0,0.0,0.0,0.0,0.0,0.0,0.0,0.008166218231375085,0.008166218231375085
2018/07/05 15:00:00,2018/07/05 16:00:00,2018/07/05 20:00:00,3.737080658760819,3.737080658760819,0.0,0.0,1.6313568520904371,0.0,0.1681697315801018,0.03439296344021823,0.0,0.003681233052359925,1.366787688265343,0.0,0.5326921903323593,0.0,0.0,0.0,0.0,0.0,0.0,0.0,0.0,0.0,0.0,0.0,0.0,0.0,0.0,0.0,0.0,0.0,0.0,0.0,0.0,0.0,0.0,0.0,0.012751438300964344,0.012751438300964344
2018/07/05 16:00:00,2018/07/05 17:00:00,2018/07/05 21:00:00,3.159637834441535,3.159637834441535,0.0,0.0,1.6709883163368546,0.0,0.16880266044279316,0.034522405873349746,0.0,0.0036950878562371755,0.7344504942219786,0.0,0.5471788697103216,0.0,0.0,0.0,0.0,0.0,0.0,0.0,0.0,0.0,0.0,0.0,0.0,0.0,0.0,0.0,0.0,0.0,0.0,0.0,0.0,0.0,0.0,0.0,0.010781123175605633,0.010781123175605633
2018/07/05 17:00:00,2018/07/05 18:00:00,2018/07/05 22:00:00,3.499722151302372,3.499722151302372,0.0,0.0,1.7941828112353349,0.0,0.1717145238173748,0.035117920949956714,0.0,0.003758828504436762,0.5342588683228459,0.0,0.5949447525435362,0.0,0.0,0.0,0.0,0.36574444592888705,0.0,0.0,0.0,0.0,0.0,0.0,0.0,0.0,0.0,0.0,0.0,0.0,0.0,0.0,0.0,0.0,0.0,0.0,0.011941538103608427,0.011941538103608427
2018/07/05 18:00:00,2018/07/05 19:00:00,2018/07/05 23:00:00,3.818961794703249,3.818961794703249,0.0,0.0,1.9434482763009249,0.0,0.1818979459965967,0.03720056723484694,0.0,0.003981743472309152,0.5498357040003157,0.0,0.6385741432098133,0.0,0.0,0.0,0.0,0.4640234144884413,0.0,0.0,0.0,0.0,0.0,0.0,0.0,0.0,0.0,0.0,0.0,0.0,0.0,0.0,0.0,0.0,0.0,0.0,0.01303082811036947,0.01303082811036947
2018/07/05 19:00:00,2018/07/05 20:00:00,2018/07/06 00:00:00,4.494031874542577,4.494031874542577,0.0,0.0,1.814255145634043,0.0,0.20868362281410827,0.042678597049429695,0.0,0.004568081560049322,0.49840003857373244,0.0,0.6066255180803611,0.0,0.0,0.0,0.0,1.3188208708308526,0.0,0.0,0.0,0.0,0.0,0.0,0.0,0.0,0.0,0.0,0.0,0.0,0.0,0.0,0.0,0.0,0.0,0.0,0.01533426099232194,0.01533426099232194
2018/07/05 20:00:00,2018/07/05 21:00:00,2018/07/06 01:00:00,3.9893782716999944,3.9893782716999944,0.0,0.0,1.386445296336139,0.0,0.26064649742492013,0.05330570116588627,0.0,0.005705548152376266,0.48758957745724624,0.0,0.4768647803325736,0.0,0.0,0.0,0.0,1.3188208708308526,0.0,0.0,0.0,0.0,0.0,0.0,0.0,0.0,0.0,0.0,0.0,0.0,0.0,0.0,0.0,0.0,0.0,0.0,0.013612312801313304,0.013612312801313304
2018/07/05 21:00:00,2018/07/05 22:00:00,2018/07/06 02:00:00,3.361017340599032,3.361017340599032,0.0,0.0,1.0500168316639047,0.0,0.3319434669994661,0.06788688676293725,0.0,0.007266237810764074,0.4632829053811929,0.0,0.36780383869853056,0.0,0.0,0.0,0.0,1.0728171732822367,0.0,0.0,0.0,0.0,0.0,0.0,0.0,0.0,0.0,0.0,0.0,0.0,0.0,0.0,0.0,0.0,0.0,0.0,0.011468258022916495,0.011468258022916495
2018/07/05 22:00:00,2018/07/05 23:00:00,2018/07/06 03:00:00,1.790198834099972,1.790198834099972,0.0,0.0,0.7758375121669936,0.0,0.2775611504815452,0.05676497435800282,0.0,0.006075809669215224,0.39627516927644474,0.0,0.27768421814777017,0.0,0.0,0.0,0.0,0.0,0.0,0.0,0.0,0.0,0.0,0.0,0.0,0.0,0.0,0.0,0.0,0.0,0.0,0.0,0.0,0.0,0.0,0.0,0.006108407086683946,0.006108407086683946
2018/07/05 23:00:00,2018/07/06 00:00:00,2018/07/06 04:00:00,1.2465601444078716,1.2465601444078716,0.0,0.0,0.5485963286097628,0.0,0.13094360677997474,0.026779722120023,0.0,0.002866353705536267,0.3380365894132003,0.0,0.19933754377937443,0.0,0.0,0.0,0.0,0.0,0.0,0.0,0.0,0.0,0.0,0.0,0.0,0.0,0.0,0.0,0.0,0.0,0.0,0.0,0.0,0.0,0.0,0.0,0.004253436364182986,0.004253436364182986
2018/07/06 00:00:00,2018/07/06 01:00:00,2018/07/06 05:00:00,0.9142012607691758,0.9142012607691758,0.0,0.0,0.38841296725100205,0.0,0.06501908921459039,0.013297274945155983,0.0,0.0014232669458539432,0.30359413995633894,0.0,0.14245452245623455,0.0,0.0,0.0,0.0,0.0,0.0,0.0,0.0,0.0,0.0,0.0,0.0,0.0,0.0,0.0,0.0,0.0,0.0,0.0,0.0,0.0,0.0,0.0,0.003119381687423209,0.003119381687423209
2018/07/06 01:00:00,2018/07/06 02:00:00,2018/07/06 06:00:00,0.6926289491107843,0.6926289491107843,0.0,0.0,0.257790183465585,0.0,0.03901145352875434,0.00797836496709361,0.0,0.0008539601675123682,0.2912227495572465,0.0,0.09577223742459257,0.0,0.0,0.0,0.0,0.0,0.0,0.0,0.0,0.0,0.0,0.0,0.0,0.0,0.0,0.0,0.0,0.0,0.0,0.0,0.0,0.0,0.0,0.0,0.0023633461828936153,0.0023633461828936153
2018/07/06 02:00:00,2018/07/06 03:00:00,2018/07/06 07:00:00,0.5101944101460133,0.5101944101460133,0.0,0.0,0.15767264690299138,0.0,0.026007635685836212,0.005318909978062404,0.0,0.0005693067783415784,0.2611065534058968,0.0,0.05951935739488495,0.0,0.0,0.0,0.0,0.0,0.0,0.0,0.0,0.0,0.0,0.0,0.0,0.0,0.0,0.0,0.0,0.0,0.0,0.0,0.0,0.0,0.0,0.0,0.0017408541951650085,0.0017408541951650085
2018/07/06 03:00:00,2018/07/06 04:00:00,2018/07/06 08:00:00,0.3982058615076109,0.3982058615076109,0.0,0.0,0.08474165260097444,0.0,0.026007635685836212,0.005318909978062404,0.0,0.0005693067783415784,0.249355504618253,0.0,0.03221285184614326,0.0,0.0,0.0,0.0,0.0,0.0,0.0,0.0,0.0,0.0,0.0,0.0,0.0,0.0,0.0,0.0,0.0,0.0,0.0,0.0,0.0,0.0,0.0,0.0013587337116187292,0.0013587337116187292
2018/07/06 04:00:00,2018/07/06 05:00:00,2018/07/06 09:00:00,0.30136175970126433,0.30136175970126433,0.0,0.0,0.02386858790386918,0.0,0.02669452379982011,0.005459387801091553,0.0,0.0005843427494685605,0.23565718915575795,0.0,0.00909772829125699,0.0,0.0,0.0,0.0,0.0,0.0,0.0,0.0,0.0,0.0,0.0,0.0,0.0,0.0,0.0,0.0,0.0,0.0,0.0,0.0,0.0,0.0,0.0,0.001028288184278835,0.001028288184278835
2018/07/06 05:00:00,2018/07/06 06:00:00,2018/07/06 10:00:00,0.34021155396512354,0.34021155396512354,0.0,0.0,0.0,0.0,0.06826790434137907,0.013961701169957616,0.0,0.0014943834631568494,0.25648756499062997,0.0,0.0,0.0,0.0,0.0,0.0,0.0,0.0,0.0,0.0,0.0,0.0,0.0,0.0,0.0,0.0,0.0,0.0,0.0,0.0,0.0,0.0,0.0,0.0,0.0,0.0011608490786762886,0.0011608490786762886
2018/07/06 06:00:00,2018/07/06 07:00:00,2018/07/06 11:00:00,2.1505101845141574,2.1505101845141574,0.0,0.0,0.261666830849071,0.0,0.16027419424790706,0.03277822026226586,0.0,0.0035083998515197806,0.3136858324949231,0.0,0.10085625156207308,0.0,0.0,0.0,0.0,1.2777404552463978,0.0,0.0,0.0,0.0,0.0,0.0,0.0,0.0,0.0,0.0,0.0,0.0,0.0,0.0,0.0,0.0,0.0,0.0,0.007337839462774839,0.007337839462774839
2018/07/06 07:00:00,2018/07/06 08:00:00,2018/07/06 12:00:00,2.259765799815633,2.259765799815633,0.0,0.0,0.24226715994843764,0.0,0.20282286112768447,0.04147999275530918,0.0,0.004439789569395871,0.35862554090222465,0.0,0.09130958468172883,0.0,0.0,0.0,0.0,1.3188208708308526,0.0,0.0,0.0,0.0,0.0,0.0,0.0,0.0,0.0,0.0,0.0,0.0,0.0,0.0,0.0,0.0,0.0,0.0,0.007710634798161746,0.007710634798161746
2018/07/06 08:00:00,2018/07/06 09:00:00,2018/07/06 13:00:00,2.5777704232900462,2.5777704232900462,0.0,0.0,0.526217332324608,0.0,0.1999580326166028,0.04089409693851532,0.0,0.0043770785136948995,0.2959239672796783,0.0,0.19157904478609386,0.0,0.0,0.0,0.0,1.3188208708308526,0.0,0.0,0.0,0.0,0.0,0.0,0.0,0.0,0.0,0.0,0.0,0.0,0.0,0.0,0.0,0.0,0.0,0.0,0.008795710745385207,0.008795710745385207
2018/07/06 09:00:00,2018/07/06 10:00:00,2018/07/06 14:00:00,2.9497816067222598,2.9497816067222598,0.0,0.0,0.8574405389960719,0.0,0.19039248045726945,0.038937813351627694,0.0,0.0041676887118432026,0.2399550100229572,0.0,0.30023749064741034,0.0,0.0,0.0,0.0,1.3186505845350798,0.0,0.0,0.0,0.0,0.0,0.0,0.0,0.0,0.0,0.0,0.0,0.0,0.0,0.0,0.0,0.0,0.0,0.0,0.010065064576880393,0.010065064576880393
2018/07/06 10:00:00,2018/07/06 11:00:00,2018/07/06 15:00:00,2.0352013308175856,2.0352013308175856,0.0,0.0,1.177798836410383,0.0,0.18436831091973133,0.037705789962427363,0.0,0.004035819725633622,0.23647871378177573,0.0,0.3948138600176346,0.0,0.0,0.0,0.0,0.0,0.0,0.0,0.0,0.0,0.0,0.0,0.0,0.0,0.0,0.0,0.0,0.0,0.0,0.0,0.0,0.0,0.0,0.0,0.006944389637168367,0.006944389637168367
2018/07/06 11:00:00,2018/07/06 12:00:00,2018/07/06 16:00:00,2.770029045197784,2.770029045197784,0.0,0.0,1.469102117541237,0.0,0.17602198736681157,0.03599885496218284,0.0,0.0038531188207798638,0.25158580738185676,0.0,0.47977780300232464,0.0,0.0,0.0,0.0,0.3536893561225913,0.0,0.0,0.0,0.0,0.0,0.0,0.0,0.0,0.0,0.0,0.0,0.0,0.0,0.0,0.0,0.0,0.0,0.0,0.009451723868713905,0.009451723868713905
2018/07/06 12:00:00,2018/07/06 13:00:00,2018/07/06 17:00:00,3.523866373692621,3.523866373692621,0.0,0.0,1.6137348994038254,0.0,0.16999781782927342,0.03476683157298252,0.0,0.003721249834570283,0.2577264052368096,0.0,0.5210450570923358,0.0,0.0,0.0,0.0,0.922874112722824,0.0,0.0,0.0,0.0,0.0,0.0,0.0,0.0,0.0,0.0,0.0,0.0,0.0,0.0,0.0,0.0,0.0,0.0,0.012023921544118943,0.012023921544118943
2018/07/06 13:00:00,2018/07/06 14:00:00,2018/07/06 18:00:00,2.847816781339188,2.847816781339188,0.0,0.0,1.8048444605054703,0.0,0.16822511758810177,0.034404290620979855,0.0,0.00368244545129386,0.26549933396158615,0.0,0.5711611332117561,0.0,0.0,0.0,0.0,0.0,0.0,0.0,0.0,0.0,0.0,0.0,0.0,0.0,0.0,0.0,0.0,0.0,0.0,0.0,0.0,0.0,0.0,0.0,0.009717146429410711,0.009717146429410711
2018/07/06 14:00:00,2018/07/06 15:00:00,2018/07/06 19:00:00,4.020801138321748,4.020801138321748,0.0,0.0,2.0464771945537046,0.0,0.16806084117025163,0.03437069389236452,0.0,0.0036788494428241364,0.6540638939244177,0.0,0.6407275602666956,0.0,0.0,0.0,0.0,0.47342210507149046,0.0,0.0,0.0,0.0,0.0,0.0,0.0,0.0,0.0,0.0,0.0,0.0,0.0,0.0,0.0,0.0,0.0,0.0,0.013719531986970268,0.013719531986970268
2018/07/06 15:00:00,2018/07/06 16:00:00,2018/07/06 20:00:00,3.3999205327074855,3.3999205327074855,0.0,0.0,2.220140784765457,0.0,0.1681697315801018,0.03439296344021823,0.0,0.003681233052359925,0.2828534135552759,0.0,0.6906824063140731,0.0,0.0,0.0,0.0,0.0,0.0,0.0,0.0,0.0,0.0,0.0,0.0,0.0,0.0,0.0,0.0,0.0,0.0,0.0,0.0,0.0,0.0,0.0,0.011601001118176846,0.011601001118176846
2018/07/06 16:00:00,2018/07/06 17:00:00,2018/07/06 21:00:00,3.6508503263610357,3.6508503263610357,0.0,0.0,2.333102170276191,0.0,0.16880266044279316,0.034522405873349746,0.0,0.0036950878562371755,0.38312597586620323,0.0,0.7276020260462613,0.0,0.0,0.0,0.0,0.0,0.0,0.0,0.0,0.0,0.0,0.0,0.0,0.0,0.0,0.0,0.0,0.0,0.0,0.0,0.0,0.0,0.0,0.0,0.01245720842912848,0.01245720842912848
2018/07/06 17:00:00,2018/07/06 18:00:00,2018/07/06 22:00:00,3.8033499592840423,3.8033499592840423,0.0,0.0,2.3285678044673617,0.0,0.1717145238173748,0.035117920949956714,0.0,0.003758828504436762,0.5342588683228459,0.0,0.7299320132220664,0.0,0.0,0.0,0.0,0.0,0.0,0.0,0.0,0.0,0.0,0.0,0.0,0.0,0.0,0.0,0.0,0.0,0.0,0.0,0.0,0.0,0.0,0.0,0.012977558359381856,0.012977558359381856
2018/07/06 18:00:00,2018/07/06 19:00:00,2018/07/06 23:00:00,3.8109256616664626,3.8109256616664626,0.0,0.0,2.30834200292622,0.0,0.1818979459965967,0.03720056723484694,0.0,0.003981743472309152,0.5498357040003157,0.0,0.7296676980361744,0.0,0.0,0.0,0.0,0.0,0.0,0.0,0.0,0.0,0.0,0.0,0.0,0.0,0.0,0.0,0.0,0.0,0.0,0.0,0.0,0.0,0.0,0.0,0.01300340770820162,0.01300340770820162
2018/07/06 19:00:00,2018/07/06 20:00:00,2018/07/07 00:00:00,4.5246578935716455,4.5246578935716455,0.0,0.0,2.2177373872697657,0.0,0.20868362281410827,0.042678597049429695,0.0,0.004568081560049322,0.49840003857373244,0.0,0.7109324806741526,0.0,0.0,0.0,0.0,0.8416576856304079,0.0,0.0,0.0,0.0,0.0,0.0,0.0,0.0,0.0,0.0,0.0,0.0,0.0,0.0,0.0,0.0,0.0,0.0,0.01543876122330781,0.01543876122330781
2018/07/06 20:00:00,2018/07/06 21:00:00,2018/07/07 01:00:00,4.510902128263999,4.510902128263999,0.0,0.0,1.7945014258287533,0.0,0.26064649742492013,0.05330570116588627,0.0,0.005705548152376266,0.48758957745724624,0.0,0.5903325074039645,0.0,0.0,0.0,0.0,1.3188208708308526,0.0,0.0,0.0,0.0,0.0,0.0,0.0,0.0,0.0,0.0,0.0,0.0,0.0,0.0,0.0,0.0,0.0,0.0,0.015391824641355316,0.015391824641355316
2018/07/06 21:00:00,2018/07/06 22:00:00,2018/07/07 02:00:00,3.6488010364809695,3.6488010364809695,0.0,0.0,1.3484131464408564,0.0,0.3319434669994661,0.06788688676293725,0.0,0.007266237810764074,0.4632829053811929,0.0,0.4539071623545818,0.0,0.0,0.0,0.0,0.9761012307311708,0.0,0.0,0.0,0.0,0.0,0.0,0.0,0.0,0.0,0.0,0.0,0.0,0.0,0.0,0.0,0.0,0.0,0.0,0.012450215967404327,0.012450215967404327
2018/07/06 22:00:00,2018/07/06 23:00:00,2018/07/07 03:00:00,2.0867185696365507,2.0867185696365507,0.0,0.0,1.0037701562719212,0.0,0.2775611504815452,0.05676497435800282,0.0,0.006075809669215224,0.39627516927644474,0.0,0.34627130957942176,0.0,0.0,0.0,0.0,0.0,0.0,0.0,0.0,0.0,0.0,0.0,0.0,0.0,0.0,0.0,0.0,0.0,0.0,0.0,0.0,0.0,0.0,0.0,0.007120173611939173,0.007120173611939173
2018/07/06 23:00:00,2018/07/07 00:00:00,2018/07/07 04:00:00,1.442742712033417,1.442742712033417,0.0,0.0,0.6948029589139905,0.0,0.13094360677997474,0.026779722120023,0.0,0.002866353705536267,0.3380365894132003,0.0,0.24931348110069207,0.0,0.0,0.0,0.0,0.0,0.0,0.0,0.0,0.0,0.0,0.0,0.0,0.0,0.0,0.0,0.0,0.0,0.0,0.0,0.0,0.0,0.0,0.0,0.004922838535350311,0.004922838535350311
2018/07/07 00:00:00,2018/07/07 01:00:00,2018/07/07 05:00:00,1.052244783976566,1.052244783976566,0.0,0.0,0.48982421523303527,0.0,0.06501908921459039,0.013297274945155983,0.0,0.0014232669458539432,0.30359413995633894,0.0,0.1790867976815914,0.0,0.0,0.0,0.0,0.0,0.0,0.0,0.0,0.0,0.0,0.0,0.0,0.0,0.0,0.0,0.0,0.0,0.0,0.0,0.0,0.0,0.0,0.0,0.0035904053633238676,0.0035904053633238676
2018/07/07 01:00:00,2018/07/07 02:00:00,2018/07/07 06:00:00,0.803048064787415,0.803048064787415,0.0,0.0,0.33894254866769896,0.0,0.03901145352875434,0.00797836496709361,0.0,0.0008539601675123682,0.2912227495572465,0.0,0.12503898789910917,0.0,0.0,0.0,0.0,0.0,0.0,0.0,0.0,0.0,0.0,0.0,0.0,0.0,0.0,0.0,0.0,0.0,0.0,0.0,0.0,0.0,0.0,0.0,0.0027401115431747287,0.0027401115431747287
2018/07/07 02:00:00,2018/07/07 03:00:00,2018/07/07 07:00:00,0.5994561934514943,0.5994561934514943,0.0,0.0,0.22317943671371457,0.0,0.026007635685836212,0.005318909978062404,0.0,0.0005693067783415784,0.2611065534058968,0.0,0.08327435088964268,0.0,0.0,0.0,0.0,0.0,0.0,0.0,0.0,0.0,0.0,0.0,0.0,0.0,0.0,0.0,0.0,0.0,0.0,0.0,0.0,0.0,0.0,0.0,0.002045427798570002,0.002045427798570002
2018/07/07 03:00:00,2018/07/07 04:00:00,2018/07/07 08:00:00,0.4831157911252738,0.4831157911252738,0.0,0.0,0.1468898215318995,0.0,0.026007635685836212,0.005318909978062404,0.0,0.0005693067783415784,0.249355504618253,0.0,0.054974612532881065,0.0,0.0,0.0,0.0,0.0,0.0,0.0,0.0,0.0,0.0,0.0,0.0,0.0,0.0,0.0,0.0,0.0,0.0,0.0,0.0,0.0,0.0,0.0,0.0016484581857535406,0.0016484581857535406
2018/07/07 04:00:00,2018/07/07 05:00:00,2018/07/07 09:00:00,0.3982612778595739,0.3982612778595739,0.0,0.0,0.09438398330830283,0.0,0.02669452379982011,0.005459387801091553,0.0,0.0005843427494685605,0.23565718915575795,0.0,0.03548185104513291,0.0,0.0,0.0,0.0,0.0,0.0,0.0,0.0,0.0,0.0,0.0,0.0,0.0,0.0,0.0,0.0,0.0,0.0,0.0,0.0,0.0,0.0,0.0,0.0013589227999091476,0.0013589227999091476
2018/07/07 05:00:00,2018/07/07 06:00:00,2018/07/07 10:00:00,0.42559368919024243,0.42559368919024243,0.0,0.0,0.06192565530382303,0.0,0.06826790434137907,0.013961701169957616,0.0,0.0014943834631568494,0.25648756499062997,0.0,0.02345647992129593,0.0,0.0,0.0,0.0,0.0,0.0,0.0,0.0,0.0,0.0,0.0,0.0,0.0,0.0,0.0,0.0,0.0,0.0,0.0,0.0,0.0,0.0,0.0,0.0014521847839347123,0.0014521847839347123
2018/07/07 06:00:00,2018/07/07 07:00:00,2018/07/07 11:00:00,0.6924580153981604,0.6924580153981604,0.0,0.0,0.13223691400144152,0.0,0.16027419424790706,0.03277822026226586,0.0,0.0035083998515197806,0.3136858324949231,0.0,0.04997445454010306,0.0,0.0,0.0,0.0,0.0,0.0,0.0,0.0,0.0,0.0,0.0,0.0,0.0,0.0,0.0,0.0,0.0,0.0,0.0,0.0,0.0,0.0,0.0,0.0023627629333228656,0.0023627629333228656
2018/07/07 07:00:00,2018/07/07 08:00:00,2018/07/07 12:00:00,2.1212416249028725,2.1212416249028725,0.0,0.0,0.46654023371057596,0.0,0.20282286112768447,0.04147999275530918,0.0,0.004439789569395871,0.35862554090222465,0.0,0.17284297620377387,0.0,0.0,0.0,0.0,0.8744902306339084,0.0,0.0,0.0,0.0,0.0,0.0,0.0,0.0,0.0,0.0,0.0,0.0,0.0,0.0,0.0,0.0,0.0,0.0,0.007237971071878198,0.007237971071878198
2018/07/07 08:00:00,2018/07/07 09:00:00,2018/07/07 13:00:00,2.8129683578576947,2.8129683578576947,0.0,0.0,0.7018932322238596,0.0,0.1999580326166028,0.04089409693851532,0.0,0.0043770785136948995,0.2959239672796783,0.0,0.25110107945449106,0.0,0.0,0.0,0.0,1.3188208708308526,0.0,0.0,0.0,0.0,0.0,0.0,0.0,0.0,0.0,0.0,0.0,0.0,0.0,0.0,0.0,0.0,0.0,0.0,0.009598238767926764,0.009598238767926764
2018/07/07 09:00:00,2018/07/07 10:00:00,2018/07/07 14:00:00,2.262545140005818,2.262545140005818,0.0,0.0,1.0554677283234342,0.0,0.19039248045726945,0.038937813351627694,0.0,0.0041676887118432026,0.2399550100229572,0.0,0.35938034844808325,0.0,0.0,0.0,0.0,0.37424407069060317,0.0,0.0,0.0,0.0,0.0,0.0,0.0,0.0,0.0,0.0,0.0,0.0,0.0,0.0,0.0,0.0,0.0,0.0,0.007720118292950505,0.007720118292950505
2018/07/07 10:00:00,2018/07/07 11:00:00,2018/07/07 15:00:00,2.190187026027343,2.190187026027343,0.0,0.0,1.2981504838183453,0.0,0.18436831091973133,0.037705789962427363,0.0,0.004035819725633622,0.23647871378177573,0.0,0.4294479078194294,0.0,0.0,0.0,0.0,0.0,0.0,0.0,0.0,0.0,0.0,0.0,0.0,0.0,0.0,0.0,0.0,0.0,0.0,0.0,0.0,0.0,0.0,0.0,0.007473222357266681,0.007473222357266681
2018/07/07 11:00:00,2018/07/07 12:00:00,2018/07/07 16:00:00,2.32443199426809,2.32443199426809,0.0,0.0,1.3967501008629433,0.0,0.17602198736681157,0.03599885496218284,0.0,0.0038531188207798638,0.25158580738185676,0.0,0.46022212487351555,0.0,0.0,0.0,0.0,0.0,0.0,0.0,0.0,0.0,0.0,0.0,0.0,0.0,0.0,0.0,0.0,0.0,0.0,0.0,0.0,0.0,0.0,0.0,0.007931284835988891,0.007931284835988891
2018/07/07 12:00:00,2018/07/07 13:00:00,2018/07/07 17:00:00,2.51306113236906,2.51306113236906,0.0,0.0,1.5449115569029341,0.0,0.16999781782927342,0.03476683157298252,0.0,0.003721249834570283,0.2577264052368096,0.0,0.5019372709924903,0.0,0.0,0.0,0.0,0.0,0.0,0.0,0.0,0.0,0.0,0.0,0.0,0.0,0.0,0.0,0.0,0.0,0.0,0.0,0.0,0.0,0.0,0.0,0.008574913656421193,0.008574913656421193
2018/07/07 13:00:00,2018/07/07 14:00:00,2018/07/07 18:00:00,3.869514955815491,3.869514955815491,0.0,0.0,1.782229851143233,0.0,0.16822511758810177,0.034404290620979855,0.0,0.00368244545129386,0.26549933396158615,0.0,0.5643577355136434,0.0,0.0,0.0,0.0,1.0511161815366532,0.0,0.0,0.0,0.0,0.0,0.0,0.0,0.0,0.0,0.0,0.0,0.0,0.0,0.0,0.0,0.0,0.0,0.0,0.01320332251809125,0.01320332251809125
2018/07/07 14:00:00,2018/07/07 15:00:00,2018/07/07 19:00:00,3.2037442057728107,3.2037442057728107,0.0,0.0,1.9048289653095298,0.0,0.16806084117025163,0.03437069389236452,0.0,0.0036788494428241364,0.29490152653433727,0.0,0.5964396546846902,0.0,0.0,0.0,0.0,0.20146367473881285,0.0,0.0,0.0,0.0,0.0,0.0,0.0,0.0,0.0,0.0,0.0,0.0,0.0,0.0,0.0,0.0,0.0,0.0,0.010931620241113625,0.010931620241113625
2018/07/07 15:00:00,2018/07/07 16:00:00,2018/07/07 20:00:00,3.2229008625159663,3.2229008625159663,0.0,0.0,2.0777448219391434,0.0,0.1681697315801018,0.03439296344021823,0.0,0.003681233052359925,0.2828534135552759,0.0,0.6560586989488668,0.0,0.0,0.0,0.0,0.0,0.0,0.0,0.0,0.0,0.0,0.0,0.0,0.0,0.0,0.0,0.0,0.0,0.0,0.0,0.0,0.0,0.0,0.0,0.010996985414846349,0.010996985414846349
2018/07/07 16:00:00,2018/07/07 17:00:00,2018/07/07 21:00:00,3.5138846504232597,3.5138846504232597,0.0,0.0,2.2232146798858423,0.0,0.16880266044279316,0.034522405873349746,0.0,0.0036950878562371755,0.38312597586620323,0.0,0.7005238404988339,0.0,0.0,0.0,0.0,0.0,0.0,0.0,0.0,0.0,0.0,0.0,0.0,0.0,0.0,0.0,0.0,0.0,0.0,0.0,0.0,0.0,0.0,0.0,0.011989862517828413,0.011989862517828413
2018/07/07 17:00:00,2018/07/07 18:00:00,2018/07/07 22:00:00,3.6815610427265626,3.6815610427265626,0.0,0.0,2.22735147103349,0.0,0.1717145238173748,0.035117920949956714,0.0,0.003758828504436762,0.5342588683228459,0.0,0.7093594300984581,0.0,0.0,0.0,0.0,0.0,0.0,0.0,0.0,0.0,0.0,0.0,0.0,0.0,0.0,0.0,0.0,0.0,0.0,0.0,0.0,0.0,0.0,0.0,0.012561997659191094,0.012561997659191094
2018/07/07 18:00:00,2018/07/07 19:00:00,2018/07/07 23:00:00,4.880584832422006,4.880584832422006,0.0,0.0,2.117096604440393,0.0,0.1818979459965967,0.03720056723484694,0.0,0.003981743472309152,0.5498357040003157,0.0,0.6918306421720557,0.0,0.0,0.0,0.0,1.2987416251054875,0.0,0.0,0.0,0.0,0.0,0.0,0.0,0.0,0.0,0.0,0.0,0.0,0.0,0.0,0.0,0.0,0.0,0.0,0.01665323337813318,0.01665323337813318
2018/07/07 19:00:00,2018/07/07 20:00:00,2018/07/08 00:00:00,5.036825186623986,5.036825186623986,0.0,0.0,1.913212517379932,0.0,0.20868362281410827,0.042678597049429695,0.0,0.004568081560049322,0.9126247247527343,0.0,0.6362367722368801,0.0,0.0,0.0,0.0,1.3188208708308526,0.0,0.0,0.0,0.0,0.0,0.0,0.0,0.0,0.0,0.0,0.0,0.0,0.0,0.0,0.0,0.0,0.0,0.0,0.017186347168989383,0.017186347168989383
2018/07/07 20:00:00,2018/07/07 21:00:00,2018/07/08 01:00:00,3.2819982668686047,3.2819982668686047,0.0,0.0,1.5111057132072867,0.0,0.26064649742492013,0.05330570116588627,0.0,0.005705548152376266,0.48758957745724624,0.0,0.5186937632580806,0.0,0.0,0.0,0.0,0.4449514662028085,0.0,0.0,0.0,0.0,0.0,0.0,0.0,0.0,0.0,0.0,0.0,0.0,0.0,0.0,0.0,0.0,0.0,0.0,0.011198633967328942,0.011198633967328942
2018/07/07 21:00:00,2018/07/07 22:00:00,2018/07/08 02:00:00,2.2937507934231975,2.2937507934231975,0.0,0.0,1.0488556674255227,0.0,0.3319434669994661,0.06788688676293725,0.0,0.007266237810764074,0.4632829053811929,0.0,0.3745156290433149,0.0,0.0,0.0,0.0,0.0,0.0,0.0,0.0,0.0,0.0,0.0,0.0,0.0,0.0,0.0,0.0,0.0,0.0,0.0,0.0,0.0,0.0,0.0,0.007826596316982489,0.007826596316982489
2018/07/07 22:00:00,2018/07/07 23:00:00,2018/07/08 03:00:00,1.6988712265037913,1.6988712265037913,0.0,0.0,0.7020834710567121,0.0,0.2775611504815452,0.05676497435800282,0.0,0.006075809669215224,0.39627516927644474,0.0,0.2601106516618712,0.0,0.0,0.0,0.0,0.0,0.0,0.0,0.0,0.0,0.0,0.0,0.0,0.0,0.0,0.0,0.0,0.0,0.0,0.0,0.0,0.0,0.0,0.0,0.0057967846038490325,0.0057967846038490325
2018/07/07 23:00:00,2018/07/08 00:00:00,2018/07/08 04:00:00,1.1009761579818091,1.1009761579818091,0.0,0.0,0.43682076041431794,0.0,0.13094360677997474,0.026779722120023,0.0,0.002866353705536267,0.3380365894132003,0.0,0.16552912554875684,0.0,0.0,0.0,0.0,0.0,0.0,0.0,0.0,0.0,0.0,0.0,0.0,0.0,0.0,0.0,0.0,0.0,0.0,0.0,0.0,0.0,0.0,0.0,0.0037566835803841125,0.0037566835803841125
2018/07/08 00:00:00,2018/07/08 01:00:00,2018/07/08 05:00:00,0.6944347594240687,0.6944347594240687,0.0,0.0,0.22479031693164248,0.0,0.06501908921459039,0.013297274945155983,0.0,0.0014232669458539432,0.30359413995633894,0.0,0.086310671430487,0.0,0.0,0.0,0.0,0.0,0.0,0.0,0.0,0.0,0.0,0.0,0.0,0.0,0.0,0.0,0.0,0.0,0.0,0.0,0.0,0.0,0.0,0.0,0.0023695078585157644,0.0023695078585157644
2018/07/08 01:00:00,2018/07/08 02:00:00,2018/07/08 06:00:00,0.45004608295012755,0.45004608295012755,0.0,0.0,0.07986306233931692,0.0,0.03901145352875434,0.00797836496709361,0.0,0.0008539601675123682,0.2912227495572465,0.0,0.031116492390203865,0.0,0.0,0.0,0.0,0.0,0.0,0.0,0.0,0.0,0.0,0.0,0.0,0.0,0.0,0.0,0.0,0.0,0.0,0.0,0.0,0.0,0.0,0.0,0.0015356197479644829,0.0015356197479644829
2018/07/08 02:00:00,2018/07/08 03:00:00,2018/07/08 07:00:00,0.30815767153194285,0.30815767153194285,0.0,0.0,0.010866235216167284,0.0,0.026007635685836212,0.005318909978062404,0.0,0.0005693067783415784,0.2611065534058968,0.0,0.004289030467638608,0.0,0.0,0.0,0.0,0.0,0.0,0.0,0.0,0.0,0.0,0.0,0.0,0.0,0.0,0.0,0.0,0.0,0.0,0.0,0.0,0.0,0.0,0.0,0.0010514767794204836,0.0010514767794204836
2018/07/08 03:00:00,2018/07/08 04:00:00,2018/07/08 08:00:00,0.2812513570604932,0.2812513570604932,0.0,0.0,0.0,0.0,0.026007635685836212,0.005318909978062404,0.0,0.0005693067783415784,0.249355504618253,0.0,0.0,0.0,0.0,0.0,0.0,0.0,0.0,0.0,0.0,0.0,0.0,0.0,0.0,0.0,0.0,0.0,0.0,0.0,0.0,0.0,0.0,0.0,0.0,0.0,0.0009596686970648835,0.0009596686970648835
2018/07/08 04:00:00,2018/07/08 05:00:00,2018/07/08 09:00:00,0.2683954435061382,0.2683954435061382,0.0,0.0,0.0,0.0,0.02669452379982011,0.005459387801091553,0.0,0.0005843427494685605,0.23565718915575795,0.0,0.0,0.0,0.0,0.0,0.0,0.0,0.0,0.0,0.0,0.0,0.0,0.0,0.0,0.0,0.0,0.0,0.0,0.0,0.0,0.0,0.0,0.0,0.0,0.0,0.0009158025342871051,0.0009158025342871051
2018/07/08 05:00:00,2018/07/08 06:00:00,2018/07/08 10:00:00,0.43383203687478195,0.43383203687478195,0.09362048290965848,0.0,0.0,0.0,0.06826790434137907,0.013961701169957616,0.0,0.0014943834631568494,0.25648756499062997,0.0,0.0,0.0,0.0,0.0,0.0,0.0,0.0,0.0,0.0,0.0,0.0,0.0,0.0,0.0,0.0,0.0,0.0,0.0,0.0,0.0,0.0,0.0,0.0,0.0,0.0014802951705690033,0.0014802951705690033
2018/07/08 06:00:00,2018/07/08 07:00:00,2018/07/08 11:00:00,1.0413816324666725,1.0413816324666725,0.030183587298962804,0.0,0.0,0.0,0.16027419424790706,0.03277822026226586,0.0,0.0035083998515197806,0.3136858324949231,0.0,0.0,0.0,0.0,0.0,0.0,0.5009513983110939,0.0,0.0,0.0,0.0,0.0,0.0,0.0,0.0,0.0,0.0,0.0,0.0,0.0,0.0,0.0,0.0,0.0,0.0,0.003553338781443249,0.003553338781443249
2018/07/08 07:00:00,2018/07/08 08:00:00,2018/07/08 12:00:00,2.0635704476838677,2.0635704476838677,0.0,0.0,0.13633522261900238,0.0,0.20282286112768447,0.04147999275530918,0.0,0.004439789569395871,0.35862554090222465,0.0,0.05306981647567869,0.0,0.0,0.0,0.0,1.2667972242345726,0.0,0.0,0.0,0.0,0.0,0.0,0.0,0.0,0.0,0.0,0.0,0.0,0.0,0.0,0.0,0.0,0.0,0.0,0.007041189004483387,0.007041189004483387
2018/07/08 08:00:00,2018/07/08 09:00:00,2018/07/08 13:00:00,2.1454569173259666,2.1454569173259666,0.0,0.0,0.20733833542150254,0.0,0.1999580326166028,0.04089409693851532,0.0,0.0043770785136948995,0.2959239672796783,0.0,0.07814453572512,0.0,0.0,0.0,0.0,1.3188208708308526,0.0,0.0,0.0,0.0,0.0,0.0,0.0,0.0,0.0,0.0,0.0,0.0,0.0,0.0,0.0,0.0,0.0,0.0,0.007320597013212653,0.007320597013212653
2018/07/08 09:00:00,2018/07/08 10:00:00,2018/07/08 14:00:00,2.4221369459727695,2.4221369459727695,0.0,0.0,0.46124834588104924,0.0,0.19039248045726945,0.038937813351627694,0.0,0.0041676887118432026,0.2399550100229572,0.0,0.16861473671716973,0.0,0.0,0.0,0.0,1.3188208708308526,0.0,0.0,0.0,0.0,0.0,0.0,0.0,0.0,0.0,0.0,0.0,0.0,0.0,0.0,0.0,0.0,0.0,0.0,0.008264667702756889,0.008264667702756889
2018/07/08 10:00:00,2018/07/08 11:00:00,2018/07/08 15:00:00,1.8055048236397342,1.8055048236397342,0.0,0.0,0.7292810144322887,0.0,0.18436831091973133,0.037705789962427363,0.0,0.004035819725633622,0.2708157574499429,0.0,0.2603240117482452,0.0,0.0,0.0,0.0,0.31897411940146536,0.0,0.0,0.0,0.0,0.0,0.0,0.0,0.0,0.0,0.0,0.0,0.0,0.0,0.0,0.0,0.0,0.0,0.0,0.00616063324904786,0.00616063324904786
2018/07/08 11:00:00,2018/07/08 12:00:00,2018/07/08 16:00:00,2.5282992356561143,2.5282992356561143,0.0,0.0,0.9554224658453327,0.0,0.17602198736681157,0.03599885496218284,0.0,0.0038531188207798638,1.0256481211401582,0.0,0.331354687520849,0.0,0.0,0.0,0.0,0.0,0.0,0.0,0.0,0.0,0.0,0.0,0.0,0.0,0.0,0.0,0.0,0.0,0.0,0.0,0.0,0.0,0.0,0.0,0.008626908181461236,0.008626908181461236
2018/07/08 12:00:00,2018/07/08 13:00:00,2018/07/08 17:00:00,2.0119442612164433,2.0119442612164433,0.0,0.0,1.1558791021400467,0.0,0.16999781782927342,0.03476683157298252,0.0,0.003721249834570283,0.2577264052368096,0.0,0.38985285460276065,0.0,0.0,0.0,0.0,0.0,0.0,0.0,0.0,0.0,0.0,0.0,0.0,0.0,0.0,0.0,0.0,0.0,0.0,0.0,0.0,0.0,0.0,0.0,0.006865033285202837,0.006865033285202837
2018/07/08 13:00:00,2018/07/08 14:00:00,2018/07/08 18:00:00,2.688371655009225,2.688371655009225,0.0,0.0,1.3230347577627084,0.0,0.16822511758810177,0.034404290620979855,0.0,0.00368244545129386,0.26549933396158615,0.0,0.4455436282819059,0.0,0.0,0.0,0.0,0.4479820813426495,0.0,0.0,0.0,0.0,0.0,0.0,0.0,0.0,0.0,0.0,0.0,0.0,0.0,0.0,0.0,0.0,0.0,0.0,0.009173097510900036,0.009173097510900036
2018/07/08 14:00:00,2018/07/08 15:00:00,2018/07/08 19:00:00,2.469289682494293,2.469289682494293,0.0,0.0,1.4755763140300329,0.0,0.16806084117025163,0.03437069389236452,0.0,0.0036788494428241364,0.29490152653433727,0.0,0.4927014574244823,0.0,0.0,0.0,0.0,0.0,0.0,0.0,0.0,0.0,0.0,0.0,0.0,0.0,0.0,0.0,0.0,0.0,0.0,0.0,0.0,0.0,0.0,0.0,0.008425559389444542,0.008425559389444542
2018/07/08 15:00:00,2018/07/08 16:00:00,2018/07/08 20:00:00,2.6830458849857672,2.6830458849857672,0.0,0.0,1.6257716075196464,0.0,0.1681697315801018,0.03439296344021823,0.0,0.003681233052359925,0.3132996244288172,0.0,0.5377307249646237,0.0,0.0,0.0,0.0,0.0,0.0,0.0,0.0,0.0,0.0,0.0,0.0,0.0,0.0,0.0,0.0,0.0,0.0,0.0,0.0,0.0,0.0,0.0,0.009154925243812345,0.009154925243812345
2018/07/08 16:00:00,2018/07/08 17:00:00,2018/07/08 21:00:00,3.6254827831909955,3.6254827831909955,0.0,0.0,1.7649524090673807,0.0,0.16880266044279316,0.034522405873349746,0.0,0.0036950878562371755,1.0694769809702034,0.0,0.5840332389810315,0.0,0.0,0.0,0.0,0.0,0.0,0.0,0.0,0.0,0.0,0.0,0.0,0.0,0.0,0.0,0.0,0.0,0.0,0.0,0.0,0.0,0.0,0.0,0.01237065084819388,0.01237065084819388
2018/07/08 17:00:00,2018/07/08 18:00:00,2018/07/08 22:00:00,3.104093008439562,3.104093008439562,0.0,0.0,1.7661721033929951,0.0,0.1717145238173748,0.035117920949956714,0.0,0.003758828504436762,0.5342588683228459,0.0,0.5930707634519532,0.0,0.0,0.0,0.0,0.0,0.0,0.0,0.0,0.0,0.0,0.0,0.0,0.0,0.0,0.0,0.0,0.0,0.0,0.0,0.0,0.0,0.0,0.0,0.010591596513920783,0.010591596513920783
2018/07/08 18:00:00,2018/07/08 19:00:00,2018/07/08 23:00:00,3.6443489125212842,3.6443489125212842,0.0,0.0,1.6198805828828704,0.0,0.1818979459965967,0.03720056723484694,0.0,0.003981743472309152,0.5498357040003157,0.0,0.553199911105997,0.0,0.0,0.0,0.0,0.6983524578283483,0.0,0.0,0.0,0.0,0.0,0.0,0.0,0.0,0.0,0.0,0.0,0.0,0.0,0.0,0.0,0.0,0.0,0.0,0.01243502470203865,0.01243502470203865
2018/07/08 19:00:00,2018/07/08 20:00:00,2018/07/09 00:00:00,2.7858400428481422,2.7858400428481422,0.0,0.0,1.364957696840481,0.0,0.20868362281410827,0.042678597049429695,0.0,0.004568081560049322,0.49840003857373244,0.0,0.47180733644999634,0.0,0.0,0.0,0.0,0.19474466956034528,0.0,0.0,0.0,0.0,0.0,0.0,0.0,0.0,0.0,0.0,0.0,0.0,0.0,0.0,0.0,0.0,0.0,0.0,0.009505673188898523,0.009505673188898523
2018/07/08 20:00:00,2018/07/08 21:00:00,2018/07/09 01:00:00,2.3501909190076558,2.3501909190076558,0.0,0.0,1.1148555535033633,0.0,0.26064649742492013,0.05330570116588627,0.0,0.005705548152376266,0.5258812363301948,0.0,0.38979638243091463,0.0,0.0,0.0,0.0,0.0,0.0,0.0,0.0,0.0,0.0,0.0,0.0,0.0,0.0,0.0,0.0,0.0,0.0,0.0,0.0,0.0,0.0,0.0,0.008019177865202948,0.008019177865202948
2018/07/08 21:00:00,2018/07/08 22:00:00,2018/07/09 02:00:00,2.94141934523914,2.94141934523914,0.0,0.0,0.8922953362781924,0.0,0.3319434669994661,0.06788688676293725,0.0,0.007266237810764074,1.3264943790095027,0.0,0.31553303837827795,0.0,0.0,0.0,0.0,0.0,0.0,0.0,0.0,0.0,0.0,0.0,0.0,0.0,0.0,0.0,0.0,0.0,0.0,0.0,0.0,0.0,0.0,0.0,0.010036531379153299,0.010036531379153299
2018/07/08 22:00:00,2018/07/08 23:00:00,2018/07/09 03:00:00,2.3141413022065396,2.3141413022065396,0.0,0.0,0.6677815805436559,0.0,0.2775611504815452,0.05676497435800282,0.0,0.006075809669215224,0.39627516927644474,0.0,0.2403068548244073,0.0,0.0,0.0,0.0,0.6693757630532683,0.0,0.0,0.0,0.0,0.0,0.0,0.0,0.0,0.0,0.0,0.0,0.0,0.0,0.0,0.0,0.0,0.0,0.0,0.007896171565262592,0.007896171565262592
2018/07/08 23:00:00,2018/07/09 00:00:00,2018/07/09 04:00:00,1.461822121352809,1.461822121352809,0.0,0.0,0.46100096213233954,0.0,0.13094360677997474,0.026779722120023,0.0,0.002866353705536267,0.3380365894132003,0.0,0.17120968966922148,0.0,0.0,0.0,0.0,0.3309851975325138,0.0,0.0,0.0,0.0,0.0,0.0,0.0,0.0,0.0,0.0,0.0,0.0,0.0,0.0,0.0,0.0,0.0,0.0,0.004987940130143222,0.004987940130143222
2018/07/09 00:00:00,2018/07/09 01:00:00,2018/07/09 05:00:00,0.9037740083268855,0.9037740083268855,0.0,0.0,0.2590225668020902,0.0,0.06501908921459039,0.013297274945155983,0.0,0.0014232669458539432,0.30359413995633894,0.0,0.09923682916718582,0.0,0.0,0.0,0.0,0.16218084129567026,0.0,0.0,0.0,0.0,0.0,0.0,0.0,0.0,0.0,0.0,0.0,0.0,0.0,0.0,0.0,0.0,0.0,0.0,0.003083802453709122,0.003083802453709122
2018/07/09 01:00:00,2018/07/09 02:00:00,2018/07/09 06:00:00,0.5278857053050968,0.5278857053050968,0.0,0.0,0.13630012758072446,0.0,0.03901145352875434,0.00797836496709361,0.0,0.0008539601675123682,0.2912227495572465,0.0,0.052519049503765604,0.0,0.0,0.0,0.0,0.0,0.0,0.0,0.0,0.0,0.0,0.0,0.0,0.0,0.0,0.0,0.0,0.0,0.0,0.0,0.0,0.0,0.0,0.0,0.0018012193516291472,0.0018012193516291472
2018/07/09 02:00:00,2018/07/09 03:00:00,2018/07/09 07:00:00,0.4218998296424197,0.4218998296424197,0.0,0.0,0.09319371084167902,0.0,0.026007635685836212,0.005318909978062404,0.0,0.0005693067783415784,0.2611065534058968,0.0,0.0357037129526037,0.0,0.0,0.0,0.0,0.0,0.0,0.0,0.0,0.0,0.0,0.0,0.0,0.0,0.0,0.0,0.0,0.0,0.0,0.0,0.0,0.0,0.0,0.0,0.0014395808220678285,0.0014395808220678285
2018/07/09 03:00:00,2018/07/09 04:00:00,2018/07/09 08:00:00,0.3582809653749384,0.3582809653749384,0.0,0.0,0.055706004352834924,0.0,0.026007635685836212,0.005318909978062404,0.0,0.0005693067783415784,0.249355504618253,0.0,0.02132360396161035,0.0,0.0,0.0,0.0,0.0,0.0,0.0,0.0,0.0,0.0,0.0,0.0,0.0,0.0,0.0,0.0,0.0,0.0,0.0,0.0,0.0,0.0,0.0,0.0012225044203095618,0.0012225044203095618
2018/07/09 04:00:00,2018/07/09 05:00:00,2018/07/09 09:00:00,0.31314790793655356,0.31314790793655356,0.0,0.0,0.03236961479792514,0.0,0.02669452379982011,0.005459387801091553,0.0,0.0005843427494685605,0.23565718915575795,0.0,0.012382849632490266,0.0,0.0,0.0,0.0,0.0,0.0,0.0,0.0,0.0,0.0,0.0,0.0,0.0,0.0,0.0,0.0,0.0,0.0,0.0,0.0,0.0,0.0,0.0,0.0010685041591939027,0.0010685041591939027
2018/07/09 05:00:00,2018/07/09 06:00:00,2018/07/09 10:00:00,0.38170921995107926,0.38170921995107926,0.0,0.0,0.030054806472860376,0.0,0.06826790434137907,0.013961701169957616,0.0,0.0014943834631568494,0.25648756499062997,0.0,0.011442859513095401,0.0,0.0,0.0,0.0,0.0,0.0,0.0,0.0,0.0,0.0,0.0,0.0,0.0,0.0,0.0,0.0,0.0,0.0,0.0,0.0,0.0,0.0,0.0,0.0013024448791879649,0.0013024448791879649
2018/07/09 06:00:00,2018/07/09 07:00:00,2018/07/09 11:00:00,0.6034144664210198,0.6034144664210198,0.0,0.0,0.06766152132973802,0.0,0.16027419424790706,0.03277822026226586,0.0,0.0035083998515197806,0.3136858324949231,0.0,0.025506298234666023,0.0,0.0,0.0,0.0,0.0,0.0,0.0,0.0,0.0,0.0,0.0,0.0,0.0,0.0,0.0,0.0,0.0,0.0,0.0,0.0,0.0,0.0,0.0,0.0020589339757596634,0.0020589339757596634
2018/07/09 07:00:00,2018/07/09 08:00:00,2018/07/09 12:00:00,1.1910365595523076,1.1910365595523076,0.0,0.0,0.11824363305580661,0.0,0.20282286112768447,0.04147999275530918,0.0,0.004439789569395871,0.35862554090222465,0.0,0.04438771435509234,0.0,0.0,0.0,0.0,0.4210370277867943,0.0,0.0,0.0,0.0,0.0,0.0,0.0,0.0,0.0,0.0,0.0,0.0,0.0,0.0,0.0,0.0,0.0,0.0,0.004063982180240152,0.004063982180240152
2018/07/09 08:00:00,2018/07/09 09:00:00,2018/07/09 13:00:00,2.244865385816769,2.244865385816769,0.0,0.0,0.39516731229539964,0.0,0.1999580326166028,0.04089409693851532,0.0,0.0043770785136948995,0.36908418990542324,0.0,0.14573335393139797,0.0,0.0,0.0,0.0,1.0896513216157353,0.0,0.0,0.0,0.0,0.0,0.0,0.0,0.0,0.0,0.0,0.0,0.0,0.0,0.0,0.0,0.0,0.0,0.0,0.007659792515879205,0.007659792515879205
2018/07/09 09:00:00,2018/07/09 10:00:00,2018/07/09 14:00:00,3.9725431208189774,3.9725431208189774,0.0,0.0,0.3779063873007264,0.0,0.19039248045726945,0.038937813351627694,0.0,0.0041676887118432026,1.9054970893673877,0.0,0.13682079079927015,0.0,0.0,0.0,0.0,1.3188208708308526,0.0,0.0,0.0,0.0,0.0,0.0,0.0,0.0,0.0,0.0,0.0,0.0,0.0,0.0,0.0,0.0,0.0,0.0,0.013554868928047293,0.013554868928047293
2018/07/09 10:00:00,2018/07/09 11:00:00,2018/07/09 15:00:00,2.952857226379562,2.952857226379562,0.0,0.0,0.5898736641898076,0.0,0.18436831091973133,0.037705789962427363,0.0,0.004035819725633622,0.6065962137593854,0.0,0.21145655699172403,0.0,0.0,0.0,0.0,1.3188208708308526,0.0,0.0,0.0,0.0,0.0,0.0,0.0,0.0,0.0,0.0,0.0,0.0,0.0,0.0,0.0,0.0,0.0,0.0,0.01007555901836519,0.01007555901836519
2018/07/09 11:00:00,2018/07/09 12:00:00,2018/07/09 16:00:00,2.923082037548329,2.923082037548329,0.0,0.0,0.762285954077742,0.0,0.17602198736681157,0.03599885496218284,0.0,0.0038531188207798638,0.3557889691610797,0.0,0.27031228232887994,0.0,0.0,0.0,0.0,1.3188208708308526,0.0,0.0,0.0,0.0,0.0,0.0,0.0,0.0,0.0,0.0,0.0,0.0,0.0,0.0,0.0,0.0,0.0,0.0,0.009973961938197556,0.009973961938197556
2018/07/09 12:00:00,2018/07/09 13:00:00,2018/07/09 17:00:00,2.818866056916616,2.818866056916616,0.0,0.0,1.0233933561946973,0.0,0.16999781782927342,0.03476683157298252,0.0,0.003721249834570283,1.0940979895052667,0.0,0.3488947221315802,0.0,0.0,0.0,0.0,0.14399408984824535,0.0,0.0,0.0,0.0,0.0,0.0,0.0,0.0,0.0,0.0,0.0,0.0,0.0,0.0,0.0,0.0,0.0,0.0,0.009618362536326355,0.009618362536326355
2018/07/09 13:00:00,2018/07/09 14:00:00,2018/07/09 18:00:00,2.2049863842695654,2.2049863842695654,0.0,0.0,1.3019854323754592,0.0,0.16822511758810177,0.034404290620979855,0.0,0.00368244545129386,0.26549933396158615,0.0,0.43118976427214456,0.0,0.0,0.0,0.0,0.0,0.0,0.0,0.0,0.0,0.0,0.0,0.0,0.0,0.0,0.0,0.0,0.0,0.0,0.0,0.0,0.0,0.0,0.0,0.007523719823270571,0.007523719823270571
2018/07/09 14:00:00,2018/07/09 15:00:00,2018/07/09 19:00:00,2.5757285251498114,2.5757285251498114,0.0,0.0,1.5657808198139382,0.0,0.16806084117025163,0.03437069389236452,0.0,0.0036788494428241364,0.29490152653433727,0.0,0.5089357942960954,0.0,0.0,0.0,0.0,0.0,0.0,0.0,0.0,0.0,0.0,0.0,0.0,0.0,0.0,0.0,0.0,0.0,0.0,0.0,0.0,0.0,0.0,0.0,0.008788743505304099,0.008788743505304099
2018/07/09 15:00:00,2018/07/09 16:00:00,2018/07/09 20:00:00,3.6097236724016386,3.6097236724016386,0.0,0.0,1.9114573432021225,0.0,0.1681697315801018,0.03439296344021823,0.0,0.003681233052359925,0.2828534135552759,0.0,0.6054279042135445,0.0,0.0,0.0,0.0,0.6037410833580157,0.0,0.0,0.0,0.0,0.0,0.0,0.0,0.0,0.0,0.0,0.0,0.0,0.0,0.0,0.0,0.0,0.0,0.0,0.01231687857318626,0.01231687857318626
2018/07/09 16:00:00,2018/07/09 17:00:00,2018/07/09 21:00:00,3.4360630236484844,3.4360630236484844,0.0,0.0,2.170536201281997,0.0,0.16880266044279316,0.034522405873349746,0.0,0.0036950878562371755,0.38312597586620323,0.0,0.6753806923279041,0.0,0.0,0.0,0.0,0.0,0.0,0.0,0.0,0.0,0.0,0.0,0.0,0.0,0.0,0.0,0.0,0.0,0.0,0.0,0.0,0.0,0.0,0.0,0.011724324317583018,0.011724324317583018
2018/07/09 17:00:00,2018/07/09 18:00:00,2018/07/09 22:00:00,3.6513250411131373,3.6513250411131373,0.0,0.0,2.2114788697843974,0.0,0.1717145238173748,0.035117920949956714,0.0,0.003758828504436762,0.5342588683228459,0.0,0.6949960297341256,0.0,0.0,0.0,0.0,0.0,0.0,0.0,0.0,0.0,0.0,0.0,0.0,0.0,0.0,0.0,0.0,0.0,0.0,0.0,0.0,0.0,0.0,0.0,0.012458828221802151,0.012458828221802151
2018/07/09 18:00:00,2018/07/09 19:00:00,2018/07/09 23:00:00,3.6617640256088873,3.6617640256088873,0.0,0.0,2.1292669053316726,0.0,0.1818979459965967,0.03720056723484694,0.0,0.003981743472309152,0.5498357040003157,0.0,0.6761002971129707,0.0,0.0,0.0,0.0,0.08348086246017518,0.0,0.0,0.0,0.0,0.0,0.0,0.0,0.0,0.0,0.0,0.0,0.0,0.0,0.0,0.0,0.0,0.0,0.0,0.012494447486912265,0.012494447486912265
2018/07/09 19:00:00,2018/07/09 20:00:00,2018/07/10 00:00:00,4.640683240351079,4.640683240351079,0.0,0.0,1.945268506247041,0.0,0.20868362281410827,0.042678597049429695,0.0,0.004568081560049322,0.49840003857373244,0.0,0.6222635232758661,0.0,0.0,0.0,0.0,1.3188208708308526,0.0,0.0,0.0,0.0,0.0,0.0,0.0,0.0,0.0,0.0,0.0,0.0,0.0,0.0,0.0,0.0,0.0,0.0,0.01583465582283634,0.01583465582283634
2018/07/09 20:00:00,2018/07/09 21:00:00,2018/07/10 01:00:00,3.1733948171427824,3.1733948171427824,0.0,0.0,1.587526430875429,0.0,0.26064649742492013,0.05330570116588627,0.0,0.005705548152376266,0.48758957745724624,0.0,0.5176856077424933,0.0,0.0,0.0,0.0,0.2609354543244309,0.0,0.0,0.0,0.0,0.0,0.0,0.0,0.0,0.0,0.0,0.0,0.0,0.0,0.0,0.0,0.0,0.0,0.0,0.01082806391147419,0.01082806391147419
2018/07/09 21:00:00,2018/07/09 22:00:00,2018/07/10 02:00:00,2.8078518762474465,2.8078518762474465,0.0,0.0,1.2685048679630553,0.0,0.3319434669994661,0.06788688676293725,0.0,0.007266237810764074,0.4632829053811929,0.0,0.4235170204925252,0.0,0.0,0.0,0.0,0.24545049083750564,0.0,0.0,0.0,0.0,0.0,0.0,0.0,0.0,0.0,0.0,0.0,0.0,0.0,0.0,0.0,0.0,0.0,0.0,0.009580780621975819,0.009580780621975819
2018/07/09 22:00:00,2018/07/09 23:00:00,2018/07/10 03:00:00,2.2631398466397776,2.2631398466397776,0.0,0.0,0.9894261064133412,0.0,0.2775611504815452,0.05676497435800282,0.0,0.006075809669215224,0.39627516927644474,0.0,0.33790133443236,0.0,0.0,0.0,0.0,0.1991353020088682,0.0,0.0,0.0,0.0,0.0,0.0,0.0,0.0,0.0,0.0,0.0,0.0,0.0,0.0,0.0,0.0,0.0,0.0,0.007722147514592359,0.007722147514592359
2018/07/09 23:00:00,2018/07/10 00:00:00,2018/07/10 04:00:00,1.527715957516342,1.527715957516342,0.0,0.0,0.7641534161675515,0.0,0.13094360677997474,0.026779722120023,0.0,0.002866353705536267,0.3380365894132003,0.0,0.2649362693300558,0.0,0.0,0.0,0.0,0.0,0.0,0.0,0.0,0.0,0.0,0.0,0.0,0.0,0.0,0.0,0.0,0.0,0.0,0.0,0.0,0.0,0.0,0.0,0.005212779052012186,0.005212779052012186
2018/07/10 00:00:00,2018/07/10 01:00:00,2018/07/10 05:00:00,1.2674457335931595,1.2674457335931595,0.0,0.0,0.65684997235819,0.0,0.06501908921459039,0.013297274945155983,0.0,0.0014232669458539432,0.30359413995633894,0.0,0.22726199017303042,0.0,0.0,0.0,0.0,0.0,0.0,0.0,0.0,0.0,0.0,0.0,0.0,0.0,0.0,0.0,0.0,0.0,0.0,0.0,0.0,0.0,0.0,0.0,0.004324700895562889,0.004324700895562889
2018/07/10 01:00:00,2018/07/10 02:00:00,2018/07/10 06:00:00,1.1280455417678659,1.1280455417678659,0.0,0.0,0.5869930221139739,0.0,0.03901145352875434,0.00797836496709361,0.0,0.0008539601675123682,0.2912227495572465,0.0,0.20198599143328502,0.0,0.0,0.0,0.0,0.0,0.0,0.0,0.0,0.0,0.0,0.0,0.0,0.0,0.0,0.0,0.0,0.0,0.0,0.0,0.0,0.0,0.0,0.0,0.003849048077892037,0.003849048077892037
2018/07/10 02:00:00,2018/07/10 03:00:00,2018/07/10 07:00:00,0.9843567949393491,0.9843567949393491,0.0,0.0,0.5137479495624294,0.0,0.026007635685836212,0.005318909978062404,0.0,0.0005693067783415784,0.2611065534058968,0.0,0.17760643952878274,0.0,0.0,0.0,0.0,0.0,0.0,0.0,0.0,0.0,0.0,0.0,0.0,0.0,0.0,0.0,0.0,0.0,0.0,0.0,0.0,0.0,0.0,0.0,0.0033587621148552455,0.0033587621148552455
2018/07/10 03:00:00,2018/07/10 04:00:00,2018/07/10 08:00:00,0.9024490911853241,0.9024490911853241,0.0,0.0,0.4604383410913765,0.0,0.026007635685836212,0.005318909978062404,0.0,0.0005693067783415784,0.249355504618253,0.0,0.1607593930334544,0.0,0.0,0.0,0.0,0.0,0.0,0.0,0.0,0.0,0.0,0.0,0.0,0.0,0.0,0.0,0.0,0.0,0.0,0.0,0.0,0.0,0.0,0.0,0.0030792816523865967,0.0030792816523865967
2018/07/10 04:00:00,2018/07/10 05:00:00,2018/07/10 09:00:00,1.2529265573297983,1.2529265573297983,0.0,0.0,0.4147141348713854,0.0,0.02669452379982011,0.005459387801091553,0.0,0.0005843427494685605,0.23565718915575795,0.0,0.14538842107468772,0.0,0.0,0.0,0.0,0.42442855787758704,0.0,0.0,0.0,0.0,0.0,0.0,0.0,0.0,0.0,0.0,0.0,0.0,0.0,0.0,0.0,0.0,0.0,0.0,0.004275159449389108,0.004275159449389108
2018/07/10 05:00:00,2018/07/10 06:00:00,2018/07/10 10:00:00,0.8657578408144444,0.8657578408144444,0.0,0.0,0.38855344608507025,0.0,0.06826790434137907,0.013961701169957616,0.0,0.0014943834631568494,0.25648756499062997,0.0,0.13699284076425064,0.0,0.0,0.0,0.0,0.0,0.0,0.0,0.0,0.0,0.0,0.0,0.0,0.0,0.0,0.0,0.0,0.0,0.0,0.0,0.0,0.0,0.0,0.0,0.002954086009581111,0.002954086009581111
2018/07/10 06:00:00,2018/07/10 07:00:00,2018/07/10 11:00:00,1.178700922827678,1.178700922827678,0.0,0.0,0.49369748805264685,0.0,0.16027419424790706,0.03277822026226586,0.0,0.0035083998515197806,0.3136858324949231,0.0,0.17475678791841529,0.0,0.0,0.0,0.0,0.0,0.0,0.0,0.0,0.0,0.0,0.0,0.0,0.0,0.0,0.0,0.0,0.0,0.0,0.0,0.0,0.0,0.0,0.0,0.004021891274273625,0.004021891274273625
2018/07/10 07:00:00,2018/07/10 08:00:00,2018/07/10 12:00:00,2.5808708741688133,2.5808708741688133,0.0,0.0,0.9122829031203108,0.0,0.20282286112768447,0.04147999275530918,0.0,0.004439789569395871,0.4566829047179834,0.0,0.3182728858583167,0.0,0.0,0.0,0.0,0.6448895370198127,0.0,0.0,0.0,0.0,0.0,0.0,0.0,0.0,0.0,0.0,0.0,0.0,0.0,0.0,0.0,0.0,0.0,0.0,0.00880628991444678,0.00880628991444678
2018/07/10 08:00:00,2018/07/10 09:00:00,2018/07/10 13:00:00,5.928344295263398,5.928344295263398,0.0,0.0,1.3867104984232446,0.0,0.1999580326166028,0.04089409693851532,0.0,0.0043770785136948995,2.506437797468054,0.0,0.47114592047243453,0.0,0.0,0.0,0.0,1.3188208708308526,0.0,0.0,0.0,0.0,0.0,0.0,0.0,0.0,0.0,0.0,0.0,0.0,0.0,0.0,0.0,0.0,0.0,0.0,0.020228334202717406,0.020228334202717406
2018/07/10 09:00:00,2018/07/10 10:00:00,2018/07/10 14:00:00,3.8006091128182504,3.8006091128182504,0.0,0.0,1.5094003398765714,0.0,0.19039248045726945,0.038937813351627694,0.0,0.0041676887118432026,0.2399550100229572,0.0,0.49893490956712916,0.0,0.0,0.0,0.0,1.3188208708308526,0.0,0.0,0.0,0.0,0.0,0.0,0.0,0.0,0.0,0.0,0.0,0.0,0.0,0.0,0.0,0.0,0.0,0.0,0.012968206210527635,0.012968206210527635
2018/07/10 10:00:00,2018/07/10 11:00:00,2018/07/10 15:00:00,4.141486755072763,4.141486755072763,0.0,0.0,1.824557363572583,0.0,0.18436831091973133,0.037705789962427363,0.0,0.004035819725633622,0.23647871378177573,0.0,0.5799969873036034,0.0,0.0,0.0,0.0,1.2743437698070088,0.0,0.0,0.0,0.0,0.0,0.0,0.0,0.0,0.0,0.0,0.0,0.0,0.0,0.0,0.0,0.0,0.0,0.0,0.014131328074969259,0.014131328074969259
2018/07/10 11:00:00,2018/07/10 12:00:00,2018/07/10 16:00:00,3.1827756636341897,3.1827756636341897,0.0,0.0,2.0775682045183936,0.0,0.17602198736681157,0.03599885496218284,0.0,0.0038531188207798638,0.25158580738185676,0.0,0.6377476905841647,0.0,0.0,0.0,0.0,0.0,0.0,0.0,0.0,0.0,0.0,0.0,0.0,0.0,0.0,0.0,0.0,0.0,0.0,0.0,0.0,0.0,0.0,0.0,0.010860072662734501,0.010860072662734501
2018/07/10 12:00:00,2018/07/10 13:00:00,2018/07/10 17:00:00,4.222745679069998,4.222745679069998,0.0,0.0,2.2162551806759954,0.0,0.16999781782927342,0.03476683157298252,0.0,0.003721249834570283,0.2577264052368096,0.0,0.6688382954918123,0.0,0.0,0.0,0.0,0.8714398984285545,0.0,0.0,0.0,0.0,0.0,0.0,0.0,0.0,0.0,0.0,0.0,0.0,0.0,0.0,0.0,0.0,0.0,0.0,0.014408594810790014,0.014408594810790014
2018/07/10 13:00:00,2018/07/10 14:00:00,2018/07/10 18:00:00,3.533492126789048,3.533492126789048,0.0,0.0,2.3588601000497116,0.0,0.16822511758810177,0.034404290620979855,0.0,0.00368244545129386,0.26549933396158615,0.0,0.7028208391173755,0.0,0.0,0.0,0.0,0.0,0.0,0.0,0.0,0.0,0.0,0.0,0.0,0.0,0.0,0.0,0.0,0.0,0.0,0.0,0.0,0.0,0.0,0.0,0.012056765950733947,0.012056765950733947
2018/07/10 14:00:00,2018/07/10 15:00:00,2018/07/10 19:00:00,3.665316297435726,3.665316297435726,0.0,0.0,2.436528044797312,0.0,0.16806084117025163,0.03437069389236452,0.0,0.0036788494428241364,0.29490152653433727,0.0,0.7277763415986368,0.0,0.0,0.0,0.0,0.0,0.0,0.0,0.0,0.0,0.0,0.0,0.0,0.0,0.0,0.0,0.0,0.0,0.0,0.0,0.0,0.0,0.0,0.0,0.012506568331808134,0.012506568331808134
2018/07/10 15:00:00,2018/07/10 16:00:00,2018/07/10 20:00:00,3.6849923743355952,3.6849923743355952,0.0,0.0,2.465963019485573,0.0,0.1681697315801018,0.03439296344021823,0.0,0.003681233052359925,0.2828534135552759,0.0,0.7299320132220664,0.0,0.0,0.0,0.0,0.0,0.0,0.0,0.0,0.0,0.0,0.0,0.0,0.0,0.0,0.0,0.0,0.0,0.0,0.0,0.0,0.0,0.0,0.0,0.012573705839264798,0.012573705839264798
2018/07/10 16:00:00,2018/07/10 17:00:00,2018/07/10 21:00:00,3.776013149186882,3.776013149186882,0.0,0.0,2.455935005926232,0.0,0.16880266044279316,0.034522405873349746,0.0,0.0036950878562371755,0.38312597586620323,0.0,0.7299320132220664,0.0,0.0,0.0,0.0,0.0,0.0,0.0,0.0,0.0,0.0,0.0,0.0,0.0,0.0,0.0,0.0,0.0,0.0,0.0,0.0,0.0,0.0,0.0,0.012884281366154016,0.012884281366154016
2018/07/10 17:00:00,2018/07/10 18:00:00,2018/07/10 22:00:00,3.9050107651782784,3.9050107651782784,0.0,0.0,2.430228610361598,0.0,0.1717145238173748,0.035117920949956714,0.0,0.003758828504436762,0.5342588683228459,0.0,0.7299320132220664,0.0,0.0,0.0,0.0,0.0,0.0,0.0,0.0,0.0,0.0,0.0,0.0,0.0,0.0,0.0,0.0,0.0,0.0,0.0,0.0,0.0,0.0,0.0,0.013324439150126285,0.013324439150126285
2018/07/10 18:00:00,2018/07/10 19:00:00,2018/07/10 23:00:00,3.9167435673230093,3.9167435673230093,0.0,0.0,2.413895593396874,0.0,0.1818979459965967,0.03720056723484694,0.0,0.003981743472309152,0.5498357040003157,0.0,0.7299320132220664,0.0,0.0,0.0,0.0,0.0,0.0,0.0,0.0,0.0,0.0,0.0,0.0,0.0,0.0,0.0,0.0,0.0,0.0,0.0,0.0,0.0,0.0,0.0,0.013364473100770413,0.013364473100770413
2018/07/10 19:00:00,2018/07/10 20:00:00,2018/07/11 00:00:00,5.388907684082812,5.388907684082812,0.0,0.0,2.3841591767928114,0.0,0.20868362281410827,0.042678597049429695,0.0,0.004568081560049322,0.8328620928618802,0.0,0.7299320132220664,0.0,0.0,0.0,0.0,1.186024099782467,0.0,0.0,0.0,0.0,0.0,0.0,0.0,0.0,0.0,0.0,0.0,0.0,0.0,0.0,0.0,0.0,0.0,0.0,0.018387701555780796,0.018387701555780796
2018/07/10 20:00:00,2018/07/10 21:00:00,2018/07/11 01:00:00,12.867352084984939,12.867352084984939,0.0,0.0,2.318278070596393,0.0,0.26064649742492013,0.05330570116588627,0.0,0.005705548152376266,8.180663383592446,0.0,0.7299320132220664,0.0,0.0,0.0,0.0,1.3188208708308526,0.0,0.0,0.0,0.0,0.0,0.0,0.0,0.0,0.0,0.0,0.0,0.0,0.0,0.0,0.0,0.0,0.0,0.0,0.04390519263313863,0.04390519263313863
2018/07/10 21:00:00,2018/07/10 22:00:00,2018/07/11 02:00:00,8.53204769787054,8.53204769787054,0.0,0.0,2.119900408167413,0.0,0.3319434669994661,0.06788688676293725,0.0,0.007266237810764074,3.9984253274364,0.0,0.6878044998627075,0.0,0.0,0.0,0.0,1.3188208708308526,0.0,0.0,0.0,0.0,0.0,0.0,0.0,0.0,0.0,0.0,0.0,0.0,0.0,0.0,0.0,0.0,0.0,0.0,0.02911253187571198,0.02911253187571198
2018/07/10 22:00:00,2018/07/10 23:00:00,2018/07/11 03:00:00,6.072694408905725,6.072694408905725,0.0,0.0,1.6616418446061794,0.0,0.2775611504815452,0.05676497435800282,0.0,0.006075809669215224,2.1974687642460076,0.0,0.5543609947139219,0.0,0.0,0.0,0.0,1.3188208708308526,0.0,0.0,0.0,0.0,0.0,0.0,0.0,0.0,0.0,0.0,0.0,0.0,0.0,0.0,0.0,0.0,0.0,0.0,0.020720876841189027,0.020720876841189027
2018/07/10 23:00:00,2018/07/11 00:00:00,2018/07/11 04:00:00,3.258365598584985,3.258365598584985,0.0,0.0,1.0370200402799588,0.0,0.13094360677997474,0.026779722120023,0.0,0.002866353705536267,0.3838973058415493,0.0,0.35803769902709043,0.0,0.0,0.0,0.0,1.3188208708308526,0.0,0.0,0.0,0.0,0.0,0.0,0.0,0.0,0.0,0.0,0.0,0.0,0.0,0.0,0.0,0.0,0.0,0.0,0.011117996020486859,0.011117996020486859
2018/07/11 00:00:00,2018/07/11 01:00:00,2018/07/11 05:00:00,2.698731599631657,2.698731599631657,0.0,0.0,0.7357782542423904,0.0,0.06501908921459039,0.013297274945155983,0.0,0.0014232669458539432,0.30359413995633894,0.0,0.26079870349647466,0.0,0.0,0.0,0.0,1.3188208708308526,0.0,0.0,0.0,0.0,0.0,0.0,0.0,0.0,0.0,0.0,0.0,0.0,0.0,0.0,0.0,0.0,0.0,0.0,0.00920844708098348,0.00920844708098348
2018/07/11 01:00:00,2018/07/11 02:00:00,2018/07/11 06:00:00,2.47272047180891,2.47272047180891,0.0,0.0,0.5374973112128607,0.0,0.03901145352875434,0.00797836496709361,0.0,0.0008539601675123682,0.3742696688576567,0.0,0.1942888422441795,0.0,0.0,0.0,0.0,1.3188208708308526,0.0,0.0,0.0,0.0,0.0,0.0,0.0,0.0,0.0,0.0,0.0,0.0,0.0,0.0,0.0,0.0,0.0,0.0,0.008437265719134373,0.008437265719134373
2018/07/11 02:00:00,2018/07/11 03:00:00,2018/07/11 07:00:00,3.209516120688403,3.209516120688403,0.0,0.0,0.40555628158466844,0.0,0.026007635685836212,0.005318909978062404,0.0,0.0005693067783415784,2.203699011271895,0.0,0.14861828481902462,0.0,0.0,0.0,0.0,0.4197466905705751,0.0,0.0,0.0,0.0,0.0,0.0,0.0,0.0,0.0,0.0,0.0,0.0,0.0,0.0,0.0,0.0,0.0,0.0,0.01095131481654433,0.01095131481654433
2018/07/11 03:00:00,2018/07/11 04:00:00,2018/07/11 08:00:00,2.3377782706592636,2.3377782706592636,0.0,0.0,0.28653578597828644,0.0,0.026007635685836212,0.005318909978062404,0.0,0.0005693067783415784,1.9129224553933235,0.0,0.10642417684541385,0.0,0.0,0.0,0.0,0.0,0.0,0.0,0.0,0.0,0.0,0.0,0.0,0.0,0.0,0.0,0.0,0.0,0.0,0.0,0.0,0.0,0.0,0.0,0.007976824184878967,0.007976824184878967
2018/07/11 04:00:00,2018/07/11 05:00:00,2018/07/11 09:00:00,2.211198590242389,2.211198590242389,0.0,0.0,0.18029213683247178,0.0,0.02669452379982011,0.005459387801091553,0.0,0.0005843427494685605,1.930447409666837,0.0,0.0677207893926999,0.0,0.0,0.0,0.0,0.0,0.0,0.0,0.0,0.0,0.0,0.0,0.0,0.0,0.0,0.0,0.0,0.0,0.0,0.0,0.0,0.0,0.0,0.0,0.007544916732946482,0.007544916732946482
2018/07/11 05:00:00,2018/07/11 06:00:00,2018/07/11 10:00:00,0.4638129633916455,0.4638129633916455,0.0,0.0,0.08969403431487746,0.0,0.06826790434137907,0.013961701169957616,0.0,0.0014943834631568494,0.25648756499062997,0.0,0.033907375111644524,0.0,0.0,0.0,0.0,0.0,0.0,0.0,0.0,0.0,0.0,0.0,0.0,0.0,0.0,0.0,0.0,0.0,0.0,0.0,0.0,0.0,0.0,0.0,0.0015825942562976746,0.0015825942562976746
2018/07/11 06:00:00,2018/07/11 07:00:00,2018/07/11 11:00:00,1.0499528622553436,1.0499528622553436,0.0,0.0,0.10039965478954622,0.0,0.16027419424790706,0.03277822026226586,0.0,0.0035083998515197806,0.3136858324949231,0.0,0.03789166699010035,0.0,0.0,0.0,0.0,0.4014148936190813,0.0,0.0,0.0,0.0,0.0,0.0,0.0,0.0,0.0,0.0,0.0,0.0,0.0,0.0,0.0,0.0,0.0,0.0,0.0035825850080552983,0.0035825850080552983
2018/07/11 07:00:00,2018/07/11 08:00:00,2018/07/11 12:00:00,0.9370506131603641,0.9370506131603641,0.0,0.0,0.24022297255133243,0.0,0.20282286112768447,0.04147999275530918,0.0,0.004439789569395871,0.35862554090222465,0.0,0.08945945625441747,0.0,0.0,0.0,0.0,0.0,0.0,0.0,0.0,0.0,0.0,0.0,0.0,0.0,0.0,0.0,0.0,0.0,0.0,0.0,0.0,0.0,0.0,0.0,0.0031973468516350626,0.0031973468516350626
2018/07/11 08:00:00,2018/07/11 09:00:00,2018/07/11 13:00:00,1.180980886534731,1.180980886534731,0.0,0.0,0.4682795229386675,0.0,0.1999580326166028,0.04089409693851532,0.0,0.0043770785136948995,0.2959239672796783,0.0,0.1715481882475724,0.0,0.0,0.0,0.0,0.0,0.0,0.0,0.0,0.0,0.0,0.0,0.0,0.0,0.0,0.0,0.0,0.0,0.0,0.0,0.0,0.0,0.0,0.0,0.00402967082713684,0.00402967082713684
2018/07/11 09:00:00,2018/07/11 10:00:00,2018/07/11 14:00:00,1.4886011063334565,1.4886011063334565,0.0,0.0,0.7474725484870552,0.0,0.19039248045726945,0.038937813351627694,0.0,0.0041676887118432026,0.2399550100229572,0.0,0.26767556530270387,0.0,0.0,0.0,0.0,0.0,0.0,0.0,0.0,0.0,0.0,0.0,0.0,0.0,0.0,0.0,0.0,0.0,0.0,0.0,0.0,0.0,0.0,0.0,0.005079313746589704,0.005079313746589704
2018/07/11 10:00:00,2018/07/11 11:00:00,2018/07/11 15:00:00,1.8866303879785793,1.8866303879785793,0.0,0.0,1.060230869764252,0.0,0.18436831091973133,0.037705789962427363,0.0,0.004035819725633622,0.23647871378177573,0.0,0.3638108838247595,0.0,0.0,0.0,0.0,0.0,0.0,0.0,0.0,0.0,0.0,0.0,0.0,0.0,0.0,0.0,0.0,0.0,0.0,0.0,0.0,0.0,0.0,0.0,0.006437444943190078,0.006437444943190078
2018/07/11 11:00:00,2018/07/11 12:00:00,2018/07/11 16:00:00,2.7225902611033304,2.7225902611033304,0.0,0.0,1.3847377790256195,0.0,0.17602198736681157,0.03599885496218284,0.0,0.0038531188207798638,0.25158580738185676,0.0,0.4616396571997192,0.0,0.0,0.0,0.0,0.40875305634636044,0.0,0.0,0.0,0.0,0.0,0.0,0.0,0.0,0.0,0.0,0.0,0.0,0.0,0.0,0.0,0.0,0.0,0.0,0.009289856147974429,0.009289856147974429
2018/07/11 12:00:00,2018/07/11 13:00:00,2018/07/11 17:00:00,3.8080878499984228,3.8080878499984228,0.0,0.0,1.5241625723320784,0.0,0.16999781782927342,0.03476683157298252,0.0,0.003721249834570283,0.2577264052368096,0.0,0.49889210236185555,0.0,0.0,0.0,0.0,1.3188208708308526,0.0,0.0,0.0,0.0,0.0,0.0,0.0,0.0,0.0,0.0,0.0,0.0,0.0,0.0,0.0,0.0,0.0,0.0,0.01299372470060853,0.01299372470060853
2018/07/11 13:00:00,2018/07/11 14:00:00,2018/07/11 18:00:00,3.065044209044116,3.065044209044116,0.0,0.0,1.7817087942828964,0.0,0.16822511758810177,0.034404290620979855,0.0,0.00368244545129386,0.26549933396158615,0.0,0.569685947347473,0.0,0.0,0.0,0.0,0.24183827979178557,0.0,0.0,0.0,0.0,0.0,0.0,0.0,0.0,0.0,0.0,0.0,0.0,0.0,0.0,0.0,0.0,0.0,0.0,0.010458356586371863,0.010458356586371863
2018/07/11 14:00:00,2018/07/11 15:00:00,2018/07/11 19:00:00,3.123415906823213,3.123415906823213,0.0,0.0,1.9915344463606286,0.0,0.16806084117025163,0.03437069389236452,0.0,0.0036788494428241364,0.29490152653433727,0.0,0.6308695494228064,0.0,0.0,0.0,0.0,0.0,0.0,0.0,0.0,0.0,0.0,0.0,0.0,0.0,0.0,0.0,0.0,0.0,0.0,0.0,0.0,0.0,0.0,0.0,0.010657528927222408,0.010657528927222408
2018/07/11 15:00:00,2018/07/11 16:00:00,2018/07/11 20:00:00,3.500731161742292,3.500731161742292,0.0,0.0,2.2288174723176315,0.0,0.1681697315801018,0.03439296344021823,0.0,0.003681233052359925,0.3696208676729485,0.0,0.6960488936790316,0.0,0.0,0.0,0.0,0.0,0.0,0.0,0.0,0.0,0.0,0.0,0.0,0.0,0.0,0.0,0.0,0.0,0.0,0.0,0.0,0.0,0.0,0.0,0.011944980987384432,0.011944980987384432
2018/07/11 16:00:00,2018/07/11 17:00:00,2018/07/11 21:00:00,6.203343885892492,6.203343885892492,0.0,0.0,2.3246680324157394,0.0,0.16880266044279316,0.034522405873349746,0.0,0.0036950878562371755,2.4885765977890912,0.0,0.729469425691778,0.0,0.0,0.0,0.0,0.4536096758235037,0.0,0.0,0.0,0.0,0.0,0.0,0.0,0.0,0.0,0.0,0.0,0.0,0.0,0.0,0.0,0.0,0.0,0.0,0.021166671004326634,0.021166671004326634
2018/07/11 17:00:00,2018/07/11 18:00:00,2018/07/11 22:00:00,7.0701355063328535,7.0701355063328535,0.0,0.0,2.155555928872196,0.0,0.1717145238173748,0.035117920949956714,0.0,0.003758828504436762,3.903230108586545,0.0,0.7037076530184511,0.0,0.0,0.0,0.0,0.09705054258389277,0.0,0.0,0.0,0.0,0.0,0.0,0.0,0.0,0.0,0.0,0.0,0.0,0.0,0.0,0.0,0.0,0.0,0.0,0.0241242844135869,0.0241242844135869
2018/07/11 18:00:00,2018/07/11 19:00:00,2018/07/11 23:00:00,3.1734718533384663,3.1734718533384663,0.0,0.0,1.796971385992859,0.0,0.1818979459965967,0.03720056723484694,0.0,0.003981743472309152,0.5498357040003157,0.0,0.6035845066415387,0.0,0.0,0.0,0.0,0.0,0.0,0.0,0.0,0.0,0.0,0.0,0.0,0.0,0.0,0.0,0.0,0.0,0.0,0.0,0.0,0.0,0.0,0.0,0.010828326769674455,0.010828326769674455
2018/07/11 19:00:00,2018/07/11 20:00:00,2018/07/12 00:00:00,2.6517859463697975,2.6517859463697975,0.0,0.0,1.405128641377548,0.0,0.20868362281410827,0.042678597049429695,0.0,0.004568081560049322,0.5036728235883939,0.0,0.48705417998026884,0.0,0.0,0.0,0.0,0.0,0.0,0.0,0.0,0.0,0.0,0.0,0.0,0.0,0.0,0.0,0.0,0.0,0.0,0.0,0.0,0.0,0.0,0.0,0.009048261991142373,0.009048261991142373
2018/07/11 20:00:00,2018/07/11 21:00:00,2018/07/12 01:00:00,2.349021058596366,2.349021058596366,0.0,0.0,1.0462605487070102,0.0,0.26064649742492013,0.05330570116588627,0.0,0.005705548152376266,0.6064543291185197,0.0,0.37664843402765363,0.0,0.0,0.0,0.0,0.0,0.0,0.0,0.0,0.0,0.0,0.0,0.0,0.0,0.0,0.0,0.0,0.0,0.0,0.0,0.0,0.0,0.0,0.0,0.008015186138982021,0.008015186138982021
2018/07/11 21:00:00,2018/07/11 22:00:00,2018/07/12 02:00:00,1.9158727267887792,1.9158727267887792,0.0,0.0,0.7648665923506083,0.0,0.3319434669994661,0.06788688676293725,0.0,0.007266237810764074,0.4632829053811929,0.0,0.2806266374838107,0.0,0.0,0.0,0.0,0.0,0.0,0.0,0.0,0.0,0.0,0.0,0.0,0.0,0.0,0.0,0.0,0.0,0.0,0.0,0.0,0.0,0.0,0.0,0.006537223865071256,0.006537223865071256
2018/07/11 22:00:00,2018/07/11 23:00:00,2018/07/12 03:00:00,1.465333052619611,1.465333052619611,0.0,0.0,0.5310384289402154,0.0,0.2775611504815452,0.05676497435800282,0.0,0.006075809669215224,0.39627516927644474,0.0,0.1976175198941874,0.0,0.0,0.0,0.0,0.0,0.0,0.0,0.0,0.0,0.0,0.0,0.0,0.0,0.0,0.0,0.0,0.0,0.0,0.0,0.0,0.0,0.0,0.0,0.0049999199153059,0.0049999199153059
2018/07/11 23:00:00,2018/07/12 00:00:00,2018/07/12 04:00:00,0.9380188229621045,0.9380188229621045,0.0,0.0,0.31921384881682735,0.0,0.13094360677997474,0.026779722120023,0.0,0.002866353705536267,0.3380365894132003,0.0,0.12017870212654294,0.0,0.0,0.0,0.0,0.0,0.0,0.0,0.0,0.0,0.0,0.0,0.0,0.0,0.0,0.0,0.0,0.0,0.0,0.0,0.0,0.0,0.0,0.0,0.0032006505179662504,0.0032006505179662504
2018/07/12 00:00:00,2018/07/12 01:00:00,2018/07/12 05:00:00,1.647937513271083,1.647937513271083,0.0,0.0,0.1673528820571874,0.0,0.06501908921459039,0.013297274945155983,0.0,0.0014232669458539432,1.3374353935075636,0.0,0.06340960660073164,0.0,0.0,0.0,0.0,0.0,0.0,0.0,0.0,0.0,0.0,0.0,0.0,0.0,0.0,0.0,0.0,0.0,0.0,0.0,0.0,0.0,0.0,0.0,0.0056229916994322325,0.0056229916994322325
2018/07/12 01:00:00,2018/07/12 02:00:00,2018/07/12 06:00:00,0.49946077089091667,0.49946077089091667,0.0,0.0,0.11627690042571871,0.0,0.03901145352875434,0.00797836496709361,0.0,0.0008539601675123682,0.2912227495572465,0.0,0.04411734224459112,0.0,0.0,0.0,0.0,0.0,0.0,0.0,0.0,0.0,0.0,0.0,0.0,0.0,0.0,0.0,0.0,0.0,0.0,0.0,0.0,0.0,0.0,0.0,0.0017042295270874514,0.0017042295270874514
2018/07/12 02:00:00,2018/07/12 03:00:00,2018/07/12 07:00:00,0.37389416828790345,0.37389416828790345,0.0,0.0,0.05858638904530085,0.0,0.026007635685836212,0.005318909978062404,0.0,0.0005693067783415784,0.2611065534058968,0.0,0.022305373394465696,0.0,0.0,0.0,0.0,0.0,0.0,0.0,0.0,0.0,0.0,0.0,0.0,0.0,0.0,0.0,0.0,0.0,0.0,0.0,0.0,0.0,0.0,0.0,0.0012757788373758305,0.0012757788373758305
2018/07/12 03:00:00,2018/07/12 04:00:00,2018/07/12 08:00:00,0.6939222981991876,0.6939222981991876,0.0,0.0,0.008181990778212354,0.0,0.026007635685836212,0.005318909978062404,0.0,0.0005693067783415784,0.249355504618253,0.0,0.0031353298364721277,0.0,0.0,0.0,0.0,0.4013536205240099,0.0,0.0,0.0,0.0,0.0,0.0,0.0,0.0,0.0,0.0,0.0,0.0,0.0,0.0,0.0,0.0,0.0,0.0,0.002367759269633855,0.002367759269633855
2018/07/12 04:00:00,2018/07/12 05:00:00,2018/07/12 09:00:00,0.2683954435061382,0.2683954435061382,0.0,0.0,0.0,0.0,0.02669452379982011,0.005459387801091553,0.0,0.0005843427494685605,0.23565718915575795,0.0,0.0,0.0,0.0,0.0,0.0,0.0,0.0,0.0,0.0,0.0,0.0,0.0,0.0,0.0,0.0,0.0,0.0,0.0,0.0,0.0,0.0,0.0,0.0,0.0,0.0009158025342871051,0.0009158025342871051
2018/07/12 05:00:00,2018/07/12 06:00:00,2018/07/12 10:00:00,0.34021155396512354,0.34021155396512354,0.0,0.0,0.0,0.0,0.06826790434137907,0.013961701169957616,0.0,0.0014943834631568494,0.25648756499062997,0.0,0.0,0.0,0.0,0.0,0.0,0.0,0.0,0.0,0.0,0.0,0.0,0.0,0.0,0.0,0.0,0.0,0.0,0.0,0.0,0.0,0.0,0.0,0.0,0.0,0.0011608490786762886,0.0011608490786762886
2018/07/12 06:00:00,2018/07/12 07:00:00,2018/07/12 11:00:00,0.5102466468566158,0.5102466468566158,0.0,0.0,0.0,0.0,0.16027419424790706,0.03277822026226586,0.0,0.0035083998515197806,0.3136858324949231,0.0,0.0,0.0,0.0,0.0,0.0,0.0,0.0,0.0,0.0,0.0,0.0,0.0,0.0,0.0,0.0,0.0,0.0,0.0,0.0,0.0,0.0,0.0,0.0,0.0,0.001741032434077442,0.001741032434077442
2018/07/12 07:00:00,2018/07/12 08:00:00,2018/07/12 12:00:00,1.1064300125685482,1.1064300125685482,0.0,0.0,0.09502783323880992,0.0,0.20282286112768447,0.04147999275530918,0.0,0.004439789569395871,0.35862554090222465,0.0,0.03681337664560301,0.0,0.0,0.0,0.0,0.36722061832952113,0.0,0.0,0.0,0.0,0.0,0.0,0.0,0.0,0.0,0.0,0.0,0.0,0.0,0.0,0.0,0.0,0.0,0.0,0.003775292889793103,0.003775292889793103
2018/07/12 08:00:00,2018/07/12 09:00:00,2018/07/12 13:00:00,1.8799209152481555,1.8799209152481555,0.0,0.0,0.014385369328393108,0.0,0.1999580326166028,0.04089409693851532,0.0,0.0043770785136948995,0.2959239672796783,0.0,0.005561499740418241,0.0,0.0,0.0,0.0,1.3188208708308526,0.0,0.0,0.0,0.0,0.0,0.0,0.0,0.0,0.0,0.0,0.0,0.0,0.0,0.0,0.0,0.0,0.0,0.0,0.0064145512902651835,0.0064145512902651835
2018/07/12 09:00:00,2018/07/12 10:00:00,2018/07/12 14:00:00,1.7922738633745503,1.7922738633745503,0.0,0.0,0.0,0.0,0.19039248045726945,0.038937813351627694,0.0,0.0041676887118432026,0.2399550100229572,0.0,0.0,0.0,0.0,0.0,0.0,1.3188208708308526,0.0,0.0,0.0,0.0,0.0,0.0,0.0,0.0,0.0,0.0,0.0,0.0,0.0,0.0,0.0,0.0,0.0,0.0,0.006115487374797464,0.006115487374797464
2018/07/12 10:00:00,2018/07/12 11:00:00,2018/07/12 15:00:00,0.95868071014473,0.95868071014473,0.0,0.0,0.01594300382829014,0.0,0.18436831091973133,0.037705789962427363,0.0,0.004035819725633622,0.23647871378177573,0.0,0.006205502745031821,0.0,0.0,0.0,0.0,0.4739435691818401,0.0,0.0,0.0,0.0,0.0,0.0,0.0,0.0,0.0,0.0,0.0,0.0,0.0,0.0,0.0,0.0,0.0,0.0,0.0032711517470400964,0.0032711517470400964
2018/07/12 11:00:00,2018/07/12 12:00:00,2018/07/12 16:00:00,0.5286418833857328,0.5286418833857328,0.0,0.0,0.044047529951848734,0.0,0.17602198736681157,0.03599885496218284,0.0,0.0038531188207798638,0.25158580738185676,0.0,0.017134584902253013,0.0,0.0,0.0,0.0,0.0,0.0,0.0,0.0,0.0,0.0,0.0,0.0,0.0,0.0,0.0,0.0,0.0,0.0,0.0,0.0,0.0,0.0,0.0,0.001803799536275996,0.001803799536275996
2018/07/12 12:00:00,2018/07/12 13:00:00,2018/07/12 17:00:00,0.5128377241179092,0.5128377241179092,0.0,0.0,0.03357093275098125,0.0,0.16999781782927342,0.03476683157298252,0.0,0.003721249834570283,0.2577264052368096,0.0,0.01305448689329208,0.0,0.0,0.0,0.0,0.0,0.0,0.0,0.0,0.0,0.0,0.0,0.0,0.0,0.0,0.0,0.0,0.0,0.0,0.0,0.0,0.0,0.0,0.0,0.0017498735496024598,0.0017498735496024598
2018/07/12 13:00:00,2018/07/12 14:00:00,2018/07/12 18:00:00,0.5086482374243483,0.5086482374243483,0.0,0.0,0.026524992189687655,0.0,0.16822511758810177,0.034404290620979855,0.0,0.00368244545129386,0.26549933396158615,0.0,0.010312057612699042,0.0,0.0,0.0,0.0,0.0,0.0,0.0,0.0,0.0,0.0,0.0,0.0,0.0,0.0,0.0,0.0,0.0,0.0,0.0,0.0,0.0,0.0,0.0,0.0017355784390700136,0.0017355784390700136
2018/07/12 14:00:00,2018/07/12 15:00:00,2018/07/12 19:00:00,0.6343097618548131,0.6343097618548131,0.0,0.0,0.0618599379507749,0.0,0.16806084117025163,0.03437069389236452,0.0,0.0036788494428241364,0.34229302080641794,0.0,0.024046418592179965,0.0,0.0,0.0,0.0,0.0,0.0,0.0,0.0,0.0,0.0,0.0,0.0,0.0,0.0,0.0,0.0,0.0,0.0,0.0,0.0,0.0,0.0,0.0,0.002164353015241866,0.002164353015241866
2018/07/12 15:00:00,2018/07/12 16:00:00,2018/07/12 20:00:00,1.8398434953461356,1.8398434953461356,0.0,0.0,0.1921304229337188,0.0,0.1681697315801018,0.03439296344021823,0.0,0.003681233052359925,1.366787688265343,0.0,0.07468145607439378,0.0,0.0,0.0,0.0,0.0,0.0,0.0,0.0,0.0,0.0,0.0,0.0,0.0,0.0,0.0,0.0,0.0,0.0,0.0,0.0,0.0,0.0,0.0,0.00627780156666893,0.00627780156666893
2018/07/12 16:00:00,2018/07/12 17:00:00,2018/07/12 21:00:00,1.369141607047553,1.369141607047553,0.0,0.0,0.30809326078985283,0.0,0.16880266044279316,0.034522405873349746,0.0,0.0036950878562371755,0.7344504942219786,0.0,0.11957769786334174,0.0,0.0,0.0,0.0,0.0,0.0,0.0,0.0,0.0,0.0,0.0,0.0,0.0,0.0,0.0,0.0,0.0,0.0,0.0,0.0,0.0,0.0,0.0,0.004671701341693579,0.004671701341693579
2018/07/12 17:00:00,2018/07/12 18:00:00,2018/07/12 22:00:00,1.3057668594014182,1.3057668594014182,0.0,0.0,0.4059655354155921,0.0,0.1717145238173748,0.035117920949956714,0.0,0.003758828504436762,0.5342588683228459,0.0,0.154951182391212,0.0,0.0,0.0,0.0,0.0,0.0,0.0,0.0,0.0,0.0,0.0,0.0,0.0,0.0,0.0,0.0,0.0,0.0,0.0,0.0,0.0,0.0,0.0,0.004455457899755979,0.004455457899755979
2018/07/12 18:00:00,2018/07/12 19:00:00,2018/07/12 23:00:00,2.3824828764789343,2.3824828764789343,0.0,0.0,0.5687895337836949,0.0,0.1818979459965967,0.03720056723484694,0.0,0.003981743472309152,0.5498357040003157,0.0,0.21427712321014045,0.0,0.0,0.0,0.0,0.8265002587810305,0.0,0.0,0.0,0.0,0.0,0.0,0.0,0.0,0.0,0.0,0.0,0.0,0.0,0.0,0.0,0.0,0.0,0.0,0.00812936250955818,0.00812936250955818
2018/07/12 19:00:00,2018/07/12 20:00:00,2018/07/13 00:00:00,2.9330626953699976,2.9330626953699976,0.0,0.0,0.6258246692742683,0.0,0.20868362281410827,0.042678597049429695,0.0,0.004568081560049322,0.49840003857373244,0.0,0.23408681526755656,0.0,0.0,0.0,0.0,1.3188208708308526,0.0,0.0,0.0,0.0,0.0,0.0,0.0,0.0,0.0,0.0,0.0,0.0,0.0,0.0,0.0,0.0,0.0,0.0,0.010008017329032563,0.010008017329032563
2018/07/12 20:00:00,2018/07/12 21:00:00,2018/07/13 01:00:00,2.7363051195123815,2.7363051195123815,0.0,0.0,0.44281106708301426,0.0,0.26064649742492013,0.05330570116588627,0.0,0.005705548152376266,0.48758957745724624,0.0,0.16742585739808535,0.0,0.0,0.0,0.0,1.3188208708308526,0.0,0.0,0.0,0.0,0.0,0.0,0.0,0.0,0.0,0.0,0.0,0.0,0.0,0.0,0.0,0.0,0.0,0.0,0.009336653149906804,0.009336653149906804
2018/07/12 21:00:00,2018/07/12 22:00:00,2018/07/13 02:00:00,2.263163457467875,2.263163457467875,0.0,0.0,0.27883709373487536,0.0,0.3319434669994661,0.06788688676293725,0.0,0.007266237810764074,0.4632829053811929,0.0,0.10821119681585717,0.0,0.0,0.0,0.0,1.0057356699627829,0.0,0.0,0.0,0.0,0.0,0.0,0.0,0.0,0.0,0.0,0.0,0.0,0.0,0.0,0.0,0.0,0.0,0.0,0.007722228078017453,0.007722228078017453
2018/07/12 22:00:00,2018/07/12 23:00:00,2018/07/13 03:00:00,0.9050218451198438,0.9050218451198438,0.0,0.0,0.12110762544990929,0.0,0.2775611504815452,0.05676497435800282,0.0,0.006075809669215224,0.39627516927644474,0.0,0.04723711588472649,0.0,0.0,0.0,0.0,0.0,0.0,0.0,0.0,0.0,0.0,0.0,0.0,0.0,0.0,0.0,0.0,0.0,0.0,0.0,0.0,0.0,0.0,0.0,0.0030880602461754903,0.0030880602461754903
2018/07/12 23:00:00,2018/07/13 00:00:00,2018/07/13 04:00:00,0.5109073233037906,0.5109073233037906,0.0,0.0,0.00883560555702571,0.0,0.13094360677997474,0.026779722120023,0.0,0.002866353705536267,0.3380365894132003,0.0,0.003445445728030667,0.0,0.0,0.0,0.0,0.0,0.0,0.0,0.0,0.0,0.0,0.0,0.0,0.0,0.0,0.0,0.0,0.0,0.0,0.0,0.0,0.0,0.0,0.0,0.0017432867538854184,0.0017432867538854184
2018/07/13 00:00:00,2018/07/13 01:00:00,2018/07/13 05:00:00,0.3833337710619392,0.3833337710619392,0.0,0.0,0.0,0.0,0.06501908921459039,0.013297274945155983,0.0,0.0014232669458539432,0.30359413995633894,0.0,0.0,0.0,0.0,0.0,0.0,0.0,0.0,0.0,0.0,0.0,0.0,0.0,0.0,0.0,0.0,0.0,0.0,0.0,0.0,0.0,0.0,0.0,0.0,0.0,0.0013079880732339193,0.0013079880732339193
2018/07/13 01:00:00,2018/07/13 02:00:00,2018/07/13 06:00:00,0.5112161648310997,0.5112161648310997,0.17214963661049287,0.0,0.0,0.0,0.03901145352875434,0.00797836496709361,0.0,0.0008539601675123682,0.2912227495572465,0.0,0.0,0.0,0.0,0.0,0.0,0.0,0.0,0.0,0.0,0.0,0.0,0.0,0.0,0.0,0.0,0.0,0.0,0.0,0.0,0.0,0.0,0.0,0.0,0.0,0.0017443405640757401,0.0017443405640757401
2018/07/13 02:00:00,2018/07/13 03:00:00,2018/07/13 07:00:00,0.6686098314613564,0.6686098314613564,0.3756074256132196,0.0,0.0,0.0,0.026007635685836212,0.005318909978062404,0.0,0.0005693067783415784,0.2611065534058968,0.0,0.0,0.0,0.0,0.0,0.0,0.0,0.0,0.0,0.0,0.0,0.0,0.0,0.0,0.0,0.0,0.0,0.0,0.0,0.0,0.0,0.0,0.0,0.0,0.0,0.002281389617136257,0.002281389617136257
2018/07/13 03:00:00,2018/07/13 04:00:00,2018/07/13 08:00:00,0.8980454642114952,0.8980454642114952,0.616794107151002,0.0,0.0,0.0,0.026007635685836212,0.005318909978062404,0.0,0.0005693067783415784,0.249355504618253,0.0,0.0,0.0,0.0,0.0,0.0,0.0,0.0,0.0,0.0,0.0,0.0,0.0,0.0,0.0,0.0,0.0,0.0,0.0,0.0,0.0,0.0,0.0,0.0,0.0,0.0030642558654730596,0.0030642558654730596
2018/07/13 04:00:00,2018/07/13 05:00:00,2018/07/13 09:00:00,1.0561205975677668,1.0561205975677668,0.7877251540616285,0.0,0.0,0.0,0.02669452379982011,0.005459387801091553,0.0,0.0005843427494685605,0.23565718915575795,0.0,0.0,0.0,0.0,0.0,0.0,0.0,0.0,0.0,0.0,0.0,0.0,0.0,0.0,0.0,0.0,0.0,0.0,0.0,0.0,0.0,0.0,0.0,0.0,0.0,0.003603630177660795,0.003603630177660795
2018/07/13 05:00:00,2018/07/13 06:00:00,2018/07/13 10:00:00,1.236189978547368,1.236189978547368,0.8959784245822444,0.0,0.0,0.0,0.06826790434137907,0.013961701169957616,0.0,0.0014943834631568494,0.25648756499062997,0.0,0.0,0.0,0.0,0.0,0.0,0.0,0.0,0.0,0.0,0.0,0.0,0.0,0.0,0.0,0.0,0.0,0.0,0.0,0.0,0.0,0.0,0.0,0.0,0.0,0.004218051917815477,0.004218051917815477
2018/07/13 06:00:00,2018/07/13 07:00:00,2018/07/13 11:00:00,1.9601197149813363,1.9601197149813363,0.17515678186362563,0.0,0.0,0.0,0.16027419424790706,0.03277822026226586,0.0,0.0035083998515197806,0.3136858324949231,0.0,0.0,0.0,0.0,0.0,0.0,1.2747162862610948,0.0,0.0,0.0,0.0,0.0,0.0,0.0,0.0,0.0,0.0,0.0,0.0,0.0,0.0,0.0,0.0,0.0,0.0,0.006688200734842105,0.006688200734842105
2018/07/13 07:00:00,2018/07/13 08:00:00,2018/07/13 12:00:00,2.305947506089745,2.305947506089745,0.37975845090427796,0.0,0.0,0.0,0.20282286112768447,0.04147999275530918,0.0,0.004439789569395871,0.35862554090222465,0.0,0.0,0.0,0.0,0.0,0.0,1.3188208708308526,0.0,0.0,0.0,0.0,0.0,0.0,0.0,0.0,0.0,0.0,0.0,0.0,0.0,0.0,0.0,0.0,0.0,0.0,0.00786821319476581,0.00786821319476581
2018/07/13 08:00:00,2018/07/13 09:00:00,2018/07/13 13:00:00,1.8599740461793441,1.8599740461793441,0.0,0.0,0.0,0.0,0.1999580326166028,0.04089409693851532,0.0,0.0043770785136948995,0.2959239672796783,0.0,0.0,0.0,0.0,0.0,0.0,1.3188208708308526,0.0,0.0,0.0,0.0,0.0,0.0,0.0,0.0,0.0,0.0,0.0,0.0,0.0,0.0,0.0,0.0,0.0,0.0,0.006346489802314131,0.006346489802314131
2018/07/13 09:00:00,2018/07/13 10:00:00,2018/07/13 14:00:00,1.766880895936991,1.766880895936991,0.0,0.0,0.06795247226373709,0.0,0.19039248045726945,0.038937813351627694,0.0,0.0041676887118432026,0.2399550100229572,0.0,0.025334625041211437,0.0,0.0,0.0,0.0,1.200140806088345,0.0,0.0,0.0,0.0,0.0,0.0,0.0,0.0,0.0,0.0,0.0,0.0,0.0,0.0,0.0,0.0,0.0,0.0,0.0060288430427305716,0.0060288430427305716
2018/07/13 10:00:00,2018/07/13 11:00:00,2018/07/13 15:00:00,0.9598732616477516,0.9598732616477516,0.0,0.0,0.36439441518914806,0.0,0.18436831091973133,0.037705789962427363,0.0,0.004035819725633622,0.23647871378177573,0.0,0.13289021206903548,0.0,0.0,0.0,0.0,0.0,0.0,0.0,0.0,0.0,0.0,0.0,0.0,0.0,0.0,0.0,0.0,0.0,0.0,0.0,0.0,0.0,0.0,0.0,0.0032752208984178845,0.0032752208984178845
2018/07/13 11:00:00,2018/07/13 12:00:00,2018/07/13 16:00:00,1.717567195311101,1.717567195311101,0.0,0.0,0.6600723534744835,0.0,0.17602198736681157,0.03599885496218284,0.0,0.0038531188207798638,0.25158580738185676,0.0,0.23572913825853806,0.0,0.0,0.0,0.0,0.35430593504644836,0.0,0.0,0.0,0.0,0.0,0.0,0.0,0.0,0.0,0.0,0.0,0.0,0.0,0.0,0.0,0.0,0.0,0.0,0.005860577846353521,0.005860577846353521
2018/07/13 12:00:00,2018/07/13 13:00:00,2018/07/13 17:00:00,2.47899415145611,2.47899415145611,0.0,0.0,0.8201175319626359,0.0,0.16999781782927342,0.03476683157298252,0.0,0.003721249834570283,0.2577264052368096,0.0,0.2890225126419352,0.0,0.0,0.0,0.0,0.9036418023779034,0.0,0.0,0.0,0.0,0.0,0.0,0.0,0.0,0.0,0.0,0.0,0.0,0.0,0.0,0.0,0.0,0.0,0.0,0.00845867238552616,0.00845867238552616
2018/07/13 13:00:00,2018/07/13 14:00:00,2018/07/13 18:00:00,1.8267453607038746,1.8267453607038746,0.0,0.0,1.004593961410922,0.0,0.16822511758810177,0.034404290620979855,0.0,0.00368244545129386,0.26549933396158615,0.0,0.35034021167099105,0.0,0.0,0.0,0.0,0.0,0.0,0.0,0.0,0.0,0.0,0.0,0.0,0.0,0.0,0.0,0.0,0.0,0.0,0.0,0.0,0.0,0.0,0.0,0.00623310891189388,0.00623310891189388
2018/07/13 14:00:00,2018/07/13 15:00:00,2018/07/13 19:00:00,2.868149386862436,2.868149386862436,0.0,0.0,1.1415878639565116,0.0,0.16806084117025163,0.03437069389236452,0.0,0.0036788494428241364,0.6540638939244177,0.0,0.3993494964296662,0.0,0.0,0.0,0.0,0.4670377480463997,0.0,0.0,0.0,0.0,0.0,0.0,0.0,0.0,0.0,0.0,0.0,0.0,0.0,0.0,0.0,0.0,0.0,0.0,0.009786524103724414,0.009786524103724414
2018/07/13 15:00:00,2018/07/13 16:00:00,2018/07/13 20:00:00,1.9012245983884968,1.9012245983884968,0.0,0.0,1.0413201444018256,0.0,0.1681697315801018,0.03439296344021823,0.0,0.003681233052359925,0.2828534135552759,0.0,0.3708071123587156,0.0,0.0,0.0,0.0,0.0,0.0,0.0,0.0,0.0,0.0,0.0,0.0,0.0,0.0,0.0,0.0,0.0,0.0,0.0,0.0,0.0,0.0,0.0,0.006487242416294408,0.006487242416294408
2018/07/13 16:00:00,2018/07/13 17:00:00,2018/07/13 21:00:00,1.9813922375529667,1.9813922375529667,0.0,0.0,1.023317954726316,0.0,0.16880266044279316,0.034522405873349746,0.0,0.0036950878562371755,0.38312597586620323,0.0,0.3679281527880674,0.0,0.0,0.0,0.0,0.0,0.0,0.0,0.0,0.0,0.0,0.0,0.0,0.0,0.0,0.0,0.0,0.0,0.0,0.0,0.0,0.0,0.0,0.0,0.006760785536682577,0.006760785536682577
2018/07/13 17:00:00,2018/07/13 18:00:00,2018/07/13 22:00:00,2.0613600074265017,2.0613600074265017,0.0,0.0,0.9636702296415107,0.0,0.1717145238173748,0.035117920949956714,0.0,0.003758828504436762,0.5342588683228459,0.0,0.35283963619037706,0.0,0.0,0.0,0.0,0.0,0.0,0.0,0.0,0.0,0.0,0.0,0.0,0.0,0.0,0.0,0.0,0.0,0.0,0.0,0.0,0.0,0.0,0.0,0.007033646675287549,0.007033646675287549
2018/07/13 18:00:00,2018/07/13 19:00:00,2018/07/13 23:00:00,1.9127609827813692,1.9127609827813692,0.0,0.0,0.8315808953199368,0.0,0.1818979459965967,0.03720056723484694,0.0,0.003981743472309152,0.5498357040003157,0.0,0.30826412675736364,0.0,0.0,0.0,0.0,0.0,0.0,0.0,0.0,0.0,0.0,0.0,0.0,0.0,0.0,0.0,0.0,0.0,0.0,0.0,0.0,0.0,0.0,0.0,0.006526606162286098,0.006526606162286098
2018/07/13 19:00:00,2018/07/13 20:00:00,2018/07/14 00:00:00,2.585873764232193,2.585873764232193,0.0,0.0,0.721938320753979,0.0,0.20868362281410827,0.042678597049429695,0.0,0.004568081560049322,0.49840003857373244,0.0,0.26963676307666756,0.0,0.0,0.0,0.0,0.8399683404042269,0.0,0.0,0.0,0.0,0.0,0.0,0.0,0.0,0.0,0.0,0.0,0.0,0.0,0.0,0.0,0.0,0.0,0.0,0.008823360470261558,0.008823360470261558
2018/07/13 20:00:00,2018/07/13 21:00:00,2018/07/14 01:00:00,2.725310433148949,2.725310433148949,0.0,0.0,0.43460480092473386,0.0,0.26064649742492013,0.05330570116588627,0.0,0.005705548152376266,0.48758957745724624,0.0,0.16463743719293342,0.0,0.0,0.0,0.0,1.3188208708308526,0.0,0.0,0.0,0.0,0.0,0.0,0.0,0.0,0.0,0.0,0.0,0.0,0.0,0.0,0.0,0.0,0.0,0.0,0.00929913775283527,0.00929913775283527
2018/07/13 21:00:00,2018/07/13 22:00:00,2018/07/14 02:00:00,2.1315849155767497,2.1315849155767497,0.0,0.0,0.2448231246767435,0.0,0.3319434669994661,0.06788688676293725,0.0,0.007266237810764074,0.4632829053811929,0.0,0.09403761929698813,0.0,0.0,0.0,0.0,0.9223446746486578,0.0,0.0,0.0,0.0,0.0,0.0,0.0,0.0,0.0,0.0,0.0,0.0,0.0,0.0,0.0,0.0,0.0,0.0,0.007273263816375883,0.007273263816375883
2018/07/13 22:00:00,2018/07/13 23:00:00,2018/07/14 03:00:00,0.8342820168623075,0.8342820168623075,0.0,0.0,0.07031369815213302,0.0,0.2775611504815452,0.05676497435800282,0.0,0.006075809669215224,0.39627516927644474,0.0,0.02729121492496642,0.0,0.0,0.0,0.0,0.0,0.0,0.0,0.0,0.0,0.0,0.0,0.0,0.0,0.0,0.0,0.0,0.0,0.0,0.0,0.0,0.0,0.0,0.0,0.002846686126156926,0.002846686126156926
2018/07/13 23:00:00,2018/07/14 00:00:00,2018/07/14 04:00:00,0.4986262720187343,0.4986262720187343,0.0,0.0,0.0,0.0,0.13094360677997474,0.026779722120023,0.0,0.002866353705536267,0.3380365894132003,0.0,0.0,0.0,0.0,0.0,0.0,0.0,0.0,0.0,0.0,0.0,0.0,0.0,0.0,0.0,0.0,0.0,0.0,0.0,0.0,0.0,0.0,0.0,0.0,0.0,0.0017013821010208204,0.0017013821010208204
2018/07/14 00:00:00,2018/07/14 01:00:00,2018/07/14 05:00:00,0.3833337710619392,0.3833337710619392,0.0,0.0,0.0,0.0,0.06501908921459039,0.013297274945155983,0.0,0.0014232669458539432,0.30359413995633894,0.0,0.0,0.0,0.0,0.0,0.0,0.0,0.0,0.0,0.0,0.0,0.0,0.0,0.0,0.0,0.0,0.0,0.0,0.0,0.0,0.0,0.0,0.0,0.0,0.0,0.0013079880732339193,0.0013079880732339193
2018/07/14 01:00:00,2018/07/14 02:00:00,2018/07/14 06:00:00,0.5503824076635485,0.5503824076635485,0.21131587944294178,0.0,0.0,0.0,0.03901145352875434,0.00797836496709361,0.0,0.0008539601675123682,0.2912227495572465,0.0,0.0,0.0,0.0,0.0,0.0,0.0,0.0,0.0,0.0,0.0,0.0,0.0,0.0,0.0,0.0,0.0,0.0,0.0,0.0,0.0,0.0,0.0,0.0,0.0,0.0018779812249450092,0.0018779812249450092
2018/07/14 02:00:00,2018/07/14 03:00:00,2018/07/14 07:00:00,0.7993289192793431,0.7993289192793431,0.5063265134312062,0.0,0.0,0.0,0.026007635685836212,0.005318909978062404,0.0,0.0005693067783415784,0.2611065534058968,0.0,0.0,0.0,0.0,0.0,0.0,0.0,0.0,0.0,0.0,0.0,0.0,0.0,0.0,0.0,0.0,0.0,0.0,0.0,0.0,0.0,0.0,0.0,0.0,0.0,0.002727421302099169,0.002727421302099169
2018/07/14 03:00:00,2018/07/14 04:00:00,2018/07/14 08:00:00,1.1366723167249604,1.1366723167249604,0.8554209596644671,0.0,0.0,0.0,0.026007635685836212,0.005318909978062404,0.0,0.0005693067783415784,0.249355504618253,0.0,0.0,0.0,0.0,0.0,0.0,0.0,0.0,0.0,0.0,0.0,0.0,0.0,0.0,0.0,0.0,0.0,0.0,0.0,0.0,0.0,0.0,0.0,0.0,0.0,0.003878483832334162,0.003878483832334162
2018/07/14 04:00:00,2018/07/14 05:00:00,2018/07/14 09:00:00,1.534320195934793,1.534320195934793,1.2659247524286548,0.0,0.0,0.0,0.02669452379982011,0.005459387801091553,0.0,0.0005843427494685605,0.23565718915575795,0.0,0.0,0.0,0.0,0.0,0.0,0.0,0.0,0.0,0.0,0.0,0.0,0.0,0.0,0.0,0.0,0.0,0.0,0.0,0.0,0.0,0.0,0.0,0.0,0.0,0.0052353136308472235,0.0052353136308472235
2018/07/14 05:00:00,2018/07/14 06:00:00,2018/07/14 10:00:00,1.9309683732317473,1.9309683732317473,1.5907568192666237,0.0,0.0,0.0,0.06826790434137907,0.013961701169957616,0.0,0.0014943834631568494,0.25648756499062997,0.0,0.0,0.0,0.0,0.0,0.0,0.0,0.0,0.0,0.0,0.0,0.0,0.0,0.0,0.0,0.0,0.0,0.0,0.0,0.0,0.0,0.0,0.0,0.0,0.0,0.006588732307571533,0.006588732307571533
2018/07/14 06:00:00,2018/07/14 07:00:00,2018/07/14 11:00:00,1.949679630755662,1.949679630755662,1.4394329838990465,0.0,0.0,0.0,0.16027419424790706,0.03277822026226586,0.0,0.0035083998515197806,0.3136858324949231,0.0,0.0,0.0,0.0,0.0,0.0,0.0,0.0,0.0,0.0,0.0,0.0,0.0,0.0,0.0,0.0,0.0,0.0,0.0,0.0,0.0,0.0,0.0,0.0,0.0,0.006652577717300733,0.006652577717300733
2018/07/14 07:00:00,2018/07/14 08:00:00,2018/07/14 12:00:00,1.9277759263132852,1.9277759263132852,0.446622741817738,0.0,0.0,0.0,0.20282286112768447,0.04147999275530918,0.0,0.004439789569395871,0.35862554090222465,0.0,0.0,0.0,0.0,0.0,0.0,0.8737850001409332,0.0,0.0,0.0,0.0,0.0,0.0,0.0,0.0,0.0,0.0,0.0,0.0,0.0,0.0,0.0,0.0,0.0,0.0,0.006577839235243956,0.006577839235243956
2018/07/14 08:00:00,2018/07/14 09:00:00,2018/07/14 13:00:00,1.8829189055108306,1.8829189055108306,0.02294485933148665,0.0,0.0,0.0,0.1999580326166028,0.04089409693851532,0.0,0.0043770785136948995,0.2959239672796783,0.0,0.0,0.0,0.0,0.0,0.0,1.3188208708308526,0.0,0.0,0.0,0.0,0.0,0.0,0.0,0.0,0.0,0.0,0.0,0.0,0.0,0.0,0.0,0.0,0.0,0.0,0.006424780849472522,0.006424780849472522
2018/07/14 09:00:00,2018/07/14 10:00:00,2018/07/14 14:00:00,0.9027908245323953,0.9027908245323953,0.0,0.0,0.07068206319858514,0.0,0.19039248045726945,0.038937813351627694,0.0,0.0041676887118432026,0.2399550100229572,0.0,0.026803098248805265,0.0,0.0,0.0,0.0,0.33185267054130746,0.0,0.0,0.0,0.0,0.0,0.0,0.0,0.0,0.0,0.0,0.0,0.0,0.0,0.0,0.0,0.0,0.0,0.0,0.0030804476940347334,0.0030804476940347334
2018/07/14 10:00:00,2018/07/14 11:00:00,2018/07/14 15:00:00,0.873250133492487,0.873250133492487,0.0,0.0,0.2998044902165303,0.0,0.18436831091973133,0.037705789962427363,0.0,0.004035819725633622,0.23647871378177573,0.0,0.11085700888638872,0.0,0.0,0.0,0.0,0.0,0.0,0.0,0.0,0.0,0.0,0.0,0.0,0.0,0.0,0.0,0.0,0.0,0.0,0.0,0.0,0.0,0.0,0.0,0.0029796507529036456,0.0029796507529036456
2018/07/14 11:00:00,2018/07/14 12:00:00,2018/07/14 16:00:00,1.1891175181909344,1.1891175181909344,0.0,0.0,0.5301868969795315,0.0,0.17602198736681157,0.03599885496218284,0.0,0.0038531188207798638,0.25158580738185676,0.0,0.19147085267977193,0.0,0.0,0.0,0.0,0.0,0.0,0.0,0.0,0.0,0.0,0.0,0.0,0.0,0.0,0.0,0.0,0.0,0.0,0.0,0.0,0.0,0.0,0.0,0.004057434144553744,0.004057434144553744
2018/07/14 12:00:00,2018/07/14 13:00:00,2018/07/14 17:00:00,1.4563717658565671,1.4563717658565671,0.0,0.0,0.7310923515900631,0.0,0.16999781782927342,0.03476683157298252,0.0,0.003721249834570283,0.2577264052368096,0.0,0.259067109792868,0.0,0.0,0.0,0.0,0.0,0.0,0.0,0.0,0.0,0.0,0.0,0.0,0.0,0.0,0.0,0.0,0.0,0.0,0.0,0.0,0.0,0.0,0.0,0.004969342760117043,0.004969342760117043
2018/07/14 13:00:00,2018/07/14 14:00:00,2018/07/14 18:00:00,2.8034292784425348,2.8034292784425348,0.0,0.0,0.9455399335026049,0.0,0.16822511758810177,0.034404290620979855,0.0,0.00368244545129386,0.26549933396158615,0.0,0.33668612666161274,0.0,0.0,0.0,0.0,1.0493920306563556,0.0,0.0,0.0,0.0,0.0,0.0,0.0,0.0,0.0,0.0,0.0,0.0,0.0,0.0,0.0,0.0,0.0,0.0,0.009565690103951516,0.009565690103951516
2018/07/14 14:00:00,2018/07/14 15:00:00,2018/07/14 19:00:00,2.128957019755241,2.128957019755241,0.0,0.0,1.068768601114832,0.0,0.16806084117025163,0.03437069389236452,0.0,0.0036788494428241364,0.29490152653433727,0.0,0.3795701264988196,0.0,0.0,0.0,0.0,0.1796063811018119,0.0,0.0,0.0,0.0,0.0,0.0,0.0,0.0,0.0,0.0,0.0,0.0,0.0,0.0,0.0,0.0,0.0,0.0,0.007264297070809188,0.007264297070809188
2018/07/14 15:00:00,2018/07/14 16:00:00,2018/07/14 20:00:00,2.103806048322936,2.103806048322936,0.0,0.0,1.1916299922599602,0.0,0.1681697315801018,0.03439296344021823,0.0,0.003681233052359925,0.2828534135552759,0.0,0.4230787144350197,0.0,0.0,0.0,0.0,0.0,0.0,0.0,0.0,0.0,0.0,0.0,0.0,0.0,0.0,0.0,0.0,0.0,0.0,0.0,0.0,0.0,0.0,0.0,0.007178478462726293,0.007178478462726293
2018/07/14 16:00:00,2018/07/14 17:00:00,2018/07/14 21:00:00,2.2574053487929056,2.2574053487929056,0.0,0.0,1.2266683856332887,0.0,0.16880266044279316,0.034522405873349746,0.0,0.0036950878562371755,0.38312597586620323,0.0,0.4405908331210337,0.0,0.0,0.0,0.0,0.0,0.0,0.0,0.0,0.0,0.0,0.0,0.0,0.0,0.0,0.0,0.0,0.0,0.0,0.0,0.0,0.0,0.0,0.0,0.007702580611397487,0.007702580611397487
2018/07/14 17:00:00,2018/07/14 18:00:00,2018/07/14 22:00:00,2.3771055459583867,2.3771055459583867,0.0,0.0,1.1972201241582425,0.0,0.1717145238173748,0.035117920949956714,0.0,0.003758828504436762,0.5342588683228459,0.0,0.4350352802055303,0.0,0.0,0.0,0.0,0.0,0.0,0.0,0.0,0.0,0.0,0.0,0.0,0.0,0.0,0.0,0.0,0.0,0.0,0.0,0.0,0.0,0.0,0.0,0.008111014310892489,0.008111014310892489
2018/07/14 18:00:00,2018/07/14 19:00:00,2018/07/14 23:00:00,3.7007761589294685,3.7007761589294685,0.0,0.0,1.1905262806636492,0.0,0.1818979459965967,0.03720056723484694,0.0,0.003981743472309152,0.5498357040003157,0.0,0.4371793166754009,0.0,0.0,0.0,0.0,1.3001546008863505,0.0,0.0,0.0,0.0,0.0,0.0,0.0,0.0,0.0,0.0,0.0,0.0,0.0,0.0,0.0,0.0,0.0,0.0,0.012627562304720704,0.012627562304720704
2018/07/14 19:00:00,2018/07/14 20:00:00,2018/07/15 00:00:00,3.7432990841767113,3.7432990841767113,0.0,0.0,0.913442227413886,0.0,0.20868362281410827,0.042678597049429695,0.0,0.004568081560049322,0.9126247247527343,0.0,0.3424809597556513,0.0,0.0,0.0,0.0,1.3188208708308526,0.0,0.0,0.0,0.0,0.0,0.0,0.0,0.0,0.0,0.0,0.0,0.0,0.0,0.0,0.0,0.0,0.0,0.0,0.012772656432243908,0.012772656432243908
2018/07/14 20:00:00,2018/07/14 21:00:00,2018/07/15 01:00:00,2.062004276585734,2.062004276585734,0.0,0.0,0.6164174787354827,0.0,0.26064649742492013,0.05330570116588627,0.0,0.005705548152376266,0.48758957745724624,0.0,0.23726220245665258,0.0,0.0,0.0,0.0,0.4010772711931697,0.0,0.0,0.0,0.0,0.0,0.0,0.0,0.0,0.0,0.0,0.0,0.0,0.0,0.0,0.0,0.0,0.0,0.0,0.007035845011150037,0.007035845011150037
2018/07/14 21:00:00,2018/07/14 22:00:00,2018/07/15 02:00:00,1.4222897190426458,1.4222897190426458,0.0,0.0,0.39651394169416837,0.0,0.3319434669994661,0.06788688676293725,0.0,0.007266237810764074,0.4632829053811929,0.0,0.15539628039411718,0.0,0.0,0.0,0.0,0.0,0.0,0.0,0.0,0.0,0.0,0.0,0.0,0.0,0.0,0.0,0.0,0.0,0.0,0.0,0.0,0.0,0.0,0.0,0.004853050082275189,0.004853050082275189
2018/07/14 22:00:00,2018/07/14 23:00:00,2018/07/15 03:00:00,1.0325155547691087,1.0325155547691087,0.0,0.0,0.21221757623735624,0.0,0.2775611504815452,0.05676497435800282,0.0,0.006075809669215224,0.39627516927644474,0.0,0.08362087474654438,0.0,0.0,0.0,0.0,0.0,0.0,0.0,0.0,0.0,0.0,0.0,0.0,0.0,0.0,0.0,0.0,0.0,0.0,0.0,0.0,0.0,0.0,0.0,0.003523086492810675,0.003523086492810675
2018/07/14 23:00:00,2018/07/15 00:00:00,2018/07/15 04:00:00,0.5598160747033538,0.5598160747033538,0.0,0.0,0.043899617275415796,0.0,0.13094360677997474,0.026779722120023,0.0,0.002866353705536267,0.3380365894132003,0.0,0.01729018540920368,0.0,0.0,0.0,0.0,0.0,0.0,0.0,0.0,0.0,0.0,0.0,0.0,0.0,0.0,0.0,0.0,0.0,0.0,0.0,0.0,0.0,0.0,0.0,0.0019101702072534098,0.0019101702072534098
2018/07/15 00:00:00,2018/07/15 01:00:00,2018/07/15 05:00:00,0.3833337710619392,0.3833337710619392,0.0,0.0,0.0,0.0,0.06501908921459039,0.013297274945155983,0.0,0.0014232669458539432,0.30359413995633894,0.0,0.0,0.0,0.0,0.0,0.0,0.0,0.0,0.0,0.0,0.0,0.0,0.0,0.0,0.0,0.0,0.0,0.0,0.0,0.0,0.0,0.0,0.0,0.0,0.0,0.0013079880732339193,0.0013079880732339193
2018/07/15 01:00:00,2018/07/15 02:00:00,2018/07/15 06:00:00,0.4897108129182202,0.4897108129182202,0.15064428469761346,0.0,0.0,0.0,0.03901145352875434,0.00797836496709361,0.0,0.0008539601675123682,0.2912227495572465,0.0,0.0,0.0,0.0,0.0,0.0,0.0,0.0,0.0,0.0,0.0,0.0,0.0,0.0,0.0,0.0,0.0,0.0,0.0,0.0,0.0,0.0,0.0,0.0,0.0,0.001670961316182135,0.001670961316182135
2018/07/15 02:00:00,2018/07/15 03:00:00,2018/07/15 07:00:00,0.7258426334213283,0.7258426334213283,0.43284022757319135,0.0,0.0,0.0,0.026007635685836212,0.005318909978062404,0.0,0.0005693067783415784,0.2611065534058968,0.0,0.0,0.0,0.0,0.0,0.0,0.0,0.0,0.0,0.0,0.0,0.0,0.0,0.0,0.0,0.0,0.0,0.0,0.0,0.0,0.0,0.0,0.0,0.0,0.0,0.0024766758872554273,0.0024766758872554273
2018/07/15 03:00:00,2018/07/15 04:00:00,2018/07/15 08:00:00,1.10494618871011,1.10494618871011,0.8236948316496167,0.0,0.0,0.0,0.026007635685836212,0.005318909978062404,0.0,0.0005693067783415784,0.249355504618253,0.0,0.0,0.0,0.0,0.0,0.0,0.0,0.0,0.0,0.0,0.0,0.0,0.0,0.0,0.0,0.0,0.0,0.0,0.0,0.0,0.0,0.0,0.0,0.0,0.0,0.0037702298766799083,0.0037702298766799083
2018/07/15 04:00:00,2018/07/15 05:00:00,2018/07/15 09:00:00,1.4163300527027596,1.4163300527027596,1.1479346091966214,0.0,0.0,0.0,0.02669452379982011,0.005459387801091553,0.0,0.0005843427494685605,0.23565718915575795,0.0,0.0,0.0,0.0,0.0,0.0,0.0,0.0,0.0,0.0,0.0,0.0,0.0,0.0,0.0,0.0,0.0,0.0,0.0,0.0,0.0,0.0,0.0,0.0,0.0,0.004832714872905479,0.004832714872905479
2018/07/15 05:00:00,2018/07/15 06:00:00,2018/07/15 10:00:00,1.6779286999068272,1.6779286999068272,1.3377171459417039,0.0,0.0,0.0,0.06826790434137907,0.013961701169957616,0.0,0.0014943834631568494,0.25648756499062997,0.0,0.0,0.0,0.0,0.0,0.0,0.0,0.0,0.0,0.0,0.0,0.0,0.0,0.0,0.0,0.0,0.0,0.0,0.0,0.0,0.0,0.0,0.0,0.0,0.0,0.00572532579411169,0.00572532579411169
2018/07/15 06:00:00,2018/07/15 07:00:00,2018/07/15 11:00:00,2.122212167886317,2.122212167886317,1.1172696955563275,0.0,0.0,0.0,0.16027419424790706,0.03277822026226586,0.0,0.0035083998515197806,0.3136858324949231,0.0,0.0,0.0,0.0,0.0,0.0,0.49469582547337404,0.0,0.0,0.0,0.0,0.0,0.0,0.0,0.0,0.0,0.0,0.0,0.0,0.0,0.0,0.0,0.0,0.0,0.0,0.007241282699349448,0.007241282699349448
2018/07/15 07:00:00,2018/07/15 08:00:00,2018/07/15 12:00:00,2.051525578800421,2.051525578800421,0.1773171691071547,0.0,0.0,0.0,0.20282286112768447,0.04147999275530918,0.0,0.004439789569395871,0.35862554090222465,0.0,0.0,0.0,0.0,0.0,0.0,1.2668402253386526,0.0,0.0,0.0,0.0,0.0,0.0,0.0,0.0,0.0,0.0,0.0,0.0,0.0,0.0,0.0,0.0,0.0,0.0,0.007000090238779624,0.007000090238779624
2018/07/15 08:00:00,2018/07/15 09:00:00,2018/07/15 13:00:00,1.8599740461793441,1.8599740461793441,0.0,0.0,0.0,0.0,0.1999580326166028,0.04089409693851532,0.0,0.0043770785136948995,0.2959239672796783,0.0,0.0,0.0,0.0,0.0,0.0,1.3188208708308526,0.0,0.0,0.0,0.0,0.0,0.0,0.0,0.0,0.0,0.0,0.0,0.0,0.0,0.0,0.0,0.0,0.0,0.0,0.006346489802314131,0.006346489802314131
2018/07/15 09:00:00,2018/07/15 10:00:00,2018/07/15 14:00:00,1.865772319707016,1.865772319707016,0.0,0.0,0.053078376197289515,0.0,0.19039248045726945,0.038937813351627694,0.0,0.0041676887118432026,0.2399550100229572,0.0,0.02042008013517622,0.0,0.0,0.0,0.0,1.3188208708308526,0.0,0.0,0.0,0.0,0.0,0.0,0.0,0.0,0.0,0.0,0.0,0.0,0.0,0.0,0.0,0.0,0.0,0.0,0.006366274316990553,0.006366274316990553
2018/07/15 10:00:00,2018/07/15 11:00:00,2018/07/15 15:00:00,1.1141480176735887,1.1141480176735887,0.0,0.0,0.26328705241092937,0.0,0.18436831091973133,0.037705789962427363,0.0,0.004035819725633622,0.2708157574499429,0.0,0.09918735764992022,0.0,0.0,0.0,0.0,0.2547479295550039,0.0,0.0,0.0,0.0,0.0,0.0,0.0,0.0,0.0,0.0,0.0,0.0,0.0,0.0,0.0,0.0,0.0,0.0,0.0038016277952687815,0.0038016277952687815
2018/07/15 11:00:00,2018/07/15 12:00:00,2018/07/15 16:00:00,1.910824231910108,1.910824231910108,0.0,0.0,0.4879206189527911,0.0,0.17602198736681157,0.03599885496218284,0.0,0.0038531188207798638,1.0256481211401582,0.0,0.1813815306673846,0.0,0.0,0.0,0.0,0.0,0.0,0.0,0.0,0.0,0.0,0.0,0.0,0.0,0.0,0.0,0.0,0.0,0.0,0.0,0.0,0.0,0.0,0.0,0.006519997699292041,0.006519997699292041
2018/07/15 12:00:00,2018/07/15 13:00:00,2018/07/15 17:00:00,1.3692568608729936,1.3692568608729936,0.0,0.0,0.6619252072133864,0.0,0.16999781782927342,0.03476683157298252,0.0,0.003721249834570283,0.2577264052368096,0.0,0.24111934918597128,0.0,0.0,0.0,0.0,0.0,0.0,0.0,0.0,0.0,0.0,0.0,0.0,0.0,0.0,0.0,0.0,0.0,0.0,0.0,0.0,0.0,0.0,0.0,0.004672094603755132,0.004672094603755132
2018/07/15 13:00:00,2018/07/15 14:00:00,2018/07/15 18:00:00,2.069560688154605,2.069560688154605,0.0,0.0,0.8445528410465292,0.0,0.16822511758810177,0.034404290620979855,0.0,0.00368244545129386,0.26549933396158615,0.0,0.30625121874048256,0.0,0.0,0.0,0.0,0.44694544074563175,0.0,0.0,0.0,0.0,0.0,0.0,0.0,0.0,0.0,0.0,0.0,0.0,0.0,0.0,0.0,0.0,0.0,0.0,0.00706162853703441,0.00706162853703441
2018/07/15 14:00:00,2018/07/15 15:00:00,2018/07/15 19:00:00,1.8655415059816933,1.8655415059816933,0.0,0.0,1.0016743130377233,0.0,0.16806084117025163,0.03437069389236452,0.0,0.0036788494428241364,0.29490152653433727,0.0,0.36285528190419236,0.0,0.0,0.0,0.0,0.0,0.0,0.0,0.0,0.0,0.0,0.0,0.0,0.0,0.0,0.0,0.0,0.0,0.0,0.0,0.0,0.0,0.0,0.0,0.0063654867484989365,0.0063654867484989365
2018/07/15 15:00:00,2018/07/15 16:00:00,2018/07/15 20:00:00,2.0418739074205523,2.0418739074205523,0.0,0.0,1.1165431922918376,0.0,0.1681697315801018,0.03439296344021823,0.0,0.003681233052359925,0.3132996244288172,0.0,0.40578716262721726,0.0,0.0,0.0,0.0,0.0,0.0,0.0,0.0,0.0,0.0,0.0,0.0,0.0,0.0,0.0,0.0,0.0,0.0,0.0,0.0,0.0,0.0,0.0,0.006967157395381378,0.006967157395381378
2018/07/15 16:00:00,2018/07/15 17:00:00,2018/07/15 21:00:00,2.8469711545011473,2.8469711545011473,0.0,0.0,1.1484415467376943,0.0,0.16880266044279316,0.034522405873349746,0.0,0.0036950878562371755,1.0694769809702034,0.0,0.4220324726208697,0.0,0.0,0.0,0.0,0.0,0.0,0.0,0.0,0.0,0.0,0.0,0.0,0.0,0.0,0.0,0.0,0.0,0.0,0.0,0.0,0.0,0.0,0.0,0.009714261033178859,0.009714261033178859
2018/07/15 17:00:00,2018/07/15 18:00:00,2018/07/15 22:00:00,2.30041052366575,2.30041052366575,0.0,0.0,1.1376389324722063,0.0,0.1717145238173748,0.035117920949956714,0.0,0.003758828504436762,0.5342588683228459,0.0,0.41792144959893,0.0,0.0,0.0,0.0,0.0,0.0,0.0,0.0,0.0,0.0,0.0,0.0,0.0,0.0,0.0,0.0,0.0,0.0,0.0,0.0,0.0,0.0,0.0,0.007849320241629362,0.007849320241629362
2018/07/15 18:00:00,2018/07/15 19:00:00,2018/07/15 23:00:00,2.8930809939297433,2.8930809939297433,0.0,0.0,1.0419550347326243,0.0,0.1818979459965967,0.03720056723484694,0.0,0.003981743472309152,0.5498357040003157,0.0,0.38786869601840596,0.0,0.0,0.0,0.0,0.6903413024746446,0.0,0.0,0.0,0.0,0.0,0.0,0.0,0.0,0.0,0.0,0.0,0.0,0.0,0.0,0.0,0.0,0.0,0.0,0.009871594210123475,0.009871594210123475
2018/07/15 19:00:00,2018/07/15 20:00:00,2018/07/16 00:00:00,2.0837834300184244,2.0837834300184244,0.0,0.0,0.8297181043909547,0.0,0.20868362281410827,0.042678597049429695,0.0,0.004568081560049322,0.49840003857373244,0.0,0.314401894674747,0.0,0.0,0.0,0.0,0.1853330909554031,0.0,0.0,0.0,0.0,0.0,0.0,0.0,0.0,0.0,0.0,0.0,0.0,0.0,0.0,0.0,0.0,0.0,0.0,0.007110158507861205,0.007110158507861205
2018/07/15 20:00:00,2018/07/15 21:00:00,2018/07/16 01:00:00,1.7277282299686594,1.7277282299686594,0.0,0.0,0.6382189128201893,0.0,0.26064649742492013,0.05330570116588627,0.0,0.005705548152376266,0.5258812363301948,0.0,0.24397033407509255,0.0,0.0,0.0,0.0,0.0,0.0,0.0,0.0,0.0,0.0,0.0,0.0,0.0,0.0,0.0,0.0,0.0,0.0,0.0,0.0,0.0,0.0,0.0,0.005895248708007543,0.005895248708007543
2018/07/15 21:00:00,2018/07/15 22:00:00,2018/07/16 02:00:00,2.3375377035720355,2.3375377035720355,0.0,0.0,0.4344513243744094,0.0,0.3319434669994661,0.06788688676293725,0.0,0.007266237810764074,1.3264943790095027,0.0,0.16949540861495588,0.0,0.0,0.0,0.0,0.0,0.0,0.0,0.0,0.0,0.0,0.0,0.0,0.0,0.0,0.0,0.0,0.0,0.0,0.0,0.0,0.0,0.0,0.0,0.007976003336561755,0.007976003336561755
2018/07/15 22:00:00,2018/07/15 23:00:00,2018/07/16 03:00:00,1.7303592413015312,1.7303592413015312,0.0,0.0,0.23917524061314782,0.0,0.2775611504815452,0.05676497435800282,0.0,0.006075809669215224,0.39627516927644474,0.0,0.09455823356958372,0.0,0.0,0.0,0.0,0.6599486633335916,0.0,0.0,0.0,0.0,0.0,0.0,0.0,0.0,0.0,0.0,0.0,0.0,0.0,0.0,0.0,0.0,0.0,0.0,0.005904226084131765,0.005904226084131765
2018/07/15 23:00:00,2018/07/16 00:00:00,2018/07/16 04:00:00,0.9458737882330414,0.9458737882330414,0.0,0.0,0.0883304118974186,0.0,0.13094360677997474,0.026779722120023,0.0,0.002866353705536267,0.3380365894132003,0.0,0.03490879869864048,0.0,0.0,0.0,0.0,0.3240083056182479,0.0,0.0,0.0,0.0,0.0,0.0,0.0,0.0,0.0,0.0,0.0,0.0,0.0,0.0,0.0,0.0,0.0,0.0,0.0032274527505522024,0.0032274527505522024
2018/07/16 00:00:00,2018/07/16 01:00:00,2018/07/16 05:00:00,0.5444372837974103,0.5444372837974103,0.0,0.0,0.0,0.0,0.06501908921459039,0.013297274945155983,0.0,0.0014232669458539432,0.30359413995633894,0.0,0.0,0.0,0.0,0.0,0.0,0.16110351273547113,0.0,0.0,0.0,0.0,0.0,0.0,0.0,0.0,0.0,0.0,0.0,0.0,0.0,0.0,0.0,0.0,0.0,0.0,0.001857695636515727,0.001857695636515727
2018/07/16 01:00:00,2018/07/16 02:00:00,2018/07/16 06:00:00,0.3681246058211151,0.3681246058211151,0.02905807760050834,0.0,0.0,0.0,0.03901145352875434,0.00797836496709361,0.0,0.0008539601675123682,0.2912227495572465,0.0,0.0,0.0,0.0,0.0,0.0,0.0,0.0,0.0,0.0,0.0,0.0,0.0,0.0,0.0,0.0,0.0,0.0,0.0,0.0,0.0,0.0,0.0,0.0,0.0,0.0012560922888272086,0.0012560922888272086
2018/07/16 02:00:00,2018/07/16 03:00:00,2018/07/16 07:00:00,0.5151523102260137,0.5151523102260137,0.22214990437787682,0.0,0.0,0.0,0.026007635685836212,0.005318909978062404,0.0,0.0005693067783415784,0.2611065534058968,0.0,0.0,0.0,0.0,0.0,0.0,0.0,0.0,0.0,0.0,0.0,0.0,0.0,0.0,0.0,0.0,0.0,0.0,0.0,0.0,0.0,0.0,0.0,0.0,0.0,0.0017577712389072317,0.0017577712389072317
2018/07/16 03:00:00,2018/07/16 04:00:00,2018/07/16 08:00:00,0.8898814384136442,0.8898814384136442,0.6086300813531509,0.0,0.0,0.0,0.026007635685836212,0.005318909978062404,0.0,0.0005693067783415784,0.249355504618253,0.0,0.0,0.0,0.0,0.0,0.0,0.0,0.0,0.0,0.0,0.0,0.0,0.0,0.0,0.0,0.0,0.0,0.0,0.0,0.0,0.0,0.0,0.0,0.0,0.0,0.0030363990754397135,0.0030363990754397135
2018/07/16 04:00:00,2018/07/16 05:00:00,2018/07/16 09:00:00,1.1961255577236187,1.1961255577236187,0.9277301142174806,0.0,0.0,0.0,0.02669452379982011,0.005459387801091553,0.0,0.0005843427494685605,0.23565718915575795,0.0,0.0,0.0,0.0,0.0,0.0,0.0,0.0,0.0,0.0,0.0,0.0,0.0,0.0,0.0,0.0,0.0,0.0,0.0,0.0,0.0,0.0,0.0,0.0,0.0,0.0040813465488798994,0.0040813465488798994
2018/07/16 05:00:00,2018/07/16 06:00:00,2018/07/16 10:00:00,1.4730991580823327,1.4730991580823327,1.1328876041172093,0.0,0.0,0.0,0.06826790434137907,0.013961701169957616,0.0,0.0014943834631568494,0.25648756499062997,0.0,0.0,0.0,0.0,0.0,0.0,0.0,0.0,0.0,0.0,0.0,0.0,0.0,0.0,0.0,0.0,0.0,0.0,0.0,0.0,0.0,0.0,0.0,0.0,0.0,0.00502641894588329,0.00502641894588329
2018/07/16 06:00:00,2018/07/16 07:00:00,2018/07/16 11:00:00,1.6048937250028164,1.6048937250028164,1.0946470781462008,0.0,0.0,0.0,0.16027419424790706,0.03277822026226586,0.0,0.0035083998515197806,0.3136858324949231,0.0,0.0,0.0,0.0,0.0,0.0,0.0,0.0,0.0,0.0,0.0,0.0,0.0,0.0,0.0,0.0,0.0,0.0,0.0,0.0,0.0,0.0,0.0,0.0,0.0,0.005476120314931643,0.005476120314931643
2018/07/16 07:00:00,2018/07/16 08:00:00,2018/07/16 12:00:00,1.4946740885172927,1.4946740885172927,0.4694213682016317,0.0,0.0,0.0,0.20282286112768447,0.04147999275530918,0.0,0.004439789569395871,0.35862554090222465,0.0,0.0,0.0,0.0,0.0,0.0,0.41788453596104674,0.0,0.0,0.0,0.0,0.0,0.0,0.0,0.0,0.0,0.0,0.0,0.0,0.0,0.0,0.0,0.0,0.0,0.0,0.005100035605358928,0.005100035605358928
2018/07/16 08:00:00,2018/07/16 09:00:00,2018/07/16 13:00:00,1.8420836227924067,1.8420836227924067,0.017740086931844118,0.0,0.08830372709492447,0.0,0.1999580326166028,0.04089409693851532,0.0,0.0043770785136948995,0.36908418990542324,0.0,0.03401765547393068,0.0,0.0,0.0,0.0,1.087708755317471,0.0,0.0,0.0,0.0,0.0,0.0,0.0,0.0,0.0,0.0,0.0,0.0,0.0,0.0,0.0,0.0,0.0,0.0,0.0062854451926769635,0.0062854451926769635
2018/07/16 09:00:00,2018/07/16 10:00:00,2018/07/16 14:00:00,3.753186463329545,3.753186463329545,0.0,0.0,0.21580229555716265,0.0,0.19039248045726945,0.038937813351627694,0.0,0.0041676887118432026,1.9054970893673877,0.0,0.07956822505340155,0.0,0.0,0.0,0.0,1.3188208708308526,0.0,0.0,0.0,0.0,0.0,0.0,0.0,0.0,0.0,0.0,0.0,0.0,0.0,0.0,0.0,0.0,0.0,0.0,0.012806393543304123,0.012806393543304123
2018/07/16 10:00:00,2018/07/16 11:00:00,2018/07/16 15:00:00,2.861956666418203,2.861956666418203,0.0,0.0,0.5224102069888207,0.0,0.18436831091973133,0.037705789962427363,0.0,0.004035819725633622,0.6065962137593854,0.0,0.18801945423135186,0.0,0.0,0.0,0.0,1.3188208708308526,0.0,0.0,0.0,0.0,0.0,0.0,0.0,0.0,0.0,0.0,0.0,0.0,0.0,0.0,0.0,0.0,0.0,0.0,0.009765393681378663,0.009765393681378663
2018/07/16 11:00:00,2018/07/16 12:00:00,2018/07/16 16:00:00,2.9583129153867778,2.9583129153867778,0.0,0.0,0.789633918314793,0.0,0.17602198736681157,0.03599885496218284,0.0,0.0038531188207798638,0.3557889691610797,0.0,0.278195195930278,0.0,0.0,0.0,0.0,1.3188208708308526,0.0,0.0,0.0,0.0,0.0,0.0,0.0,0.0,0.0,0.0,0.0,0.0,0.0,0.0,0.0,0.0,0.0,0.0,0.010094174587071653,0.010094174587071653
2018/07/16 12:00:00,2018/07/16 13:00:00,2018/07/16 17:00:00,2.755885889211071,2.755885889211071,0.0,0.0,1.034854926550859,0.0,0.16999781782927342,0.03476683157298252,0.0,0.003721249834570283,1.0940979895052667,0.0,0.3592417280184686,0.0,0.0,0.0,0.0,0.0592053458996504,0.0,0.0,0.0,0.0,0.0,0.0,0.0,0.0,0.0,0.0,0.0,0.0,0.0,0.0,0.0,0.0,0.0,0.0,0.00940346545595455,0.00940346545595455
2018/07/16 13:00:00,2018/07/16 14:00:00,2018/07/16 18:00:00,2.1402934528947966,2.1402934528947966,0.0,0.0,1.2419143521283507,0.0,0.16822511758810177,0.034404290620979855,0.0,0.00368244545129386,0.26549933396158615,0.0,0.42656791314448417,0.0,0.0,0.0,0.0,0.0,0.0,0.0,0.0,0.0,0.0,0.0,0.0,0.0,0.0,0.0,0.0,0.0,0.0,0.0,0.0,0.0,0.0,0.0,0.007302978555350647,0.007302978555350647
2018/07/16 14:00:00,2018/07/16 15:00:00,2018/07/16 19:00:00,2.390106259233279,2.390106259233279,0.0,0.0,1.407668048726685,0.0,0.16806084117025163,0.03437069389236452,0.0,0.0036788494428241364,0.29490152653433727,0.0,0.48142629946681625,0.0,0.0,0.0,0.0,0.0,0.0,0.0,0.0,0.0,0.0,0.0,0.0,0.0,0.0,0.0,0.0,0.0,0.0,0.0,0.0,0.0,0.0,0.0,0.008155374550429917,0.008155374550429917
2018/07/16 15:00:00,2018/07/16 16:00:00,2018/07/16 20:00:00,3.135886267408843,3.135886267408843,0.0,0.0,1.5231940984971708,0.0,0.1681697315801018,0.03439296344021823,0.0,0.003681233052359925,0.2828534135552759,0.0,0.5253067881829476,0.0,0.0,0.0,0.0,0.5982880391007688,0.0,0.0,0.0,0.0,0.0,0.0,0.0,0.0,0.0,0.0,0.0,0.0,0.0,0.0,0.0,0.0,0.0,0.0,0.01070007952971627,0.01070007952971627
2018/07/16 16:00:00,2018/07/16 17:00:00,2018/07/16 21:00:00,2.585254137101974,2.585254137101974,0.0,0.0,1.468652484194208,0.0,0.16880266044279316,0.034522405873349746,0.0,0.0036950878562371755,0.38312597586620323,0.0,0.526455522869183,0.0,0.0,0.0,0.0,0.0,0.0,0.0,0.0,0.0,0.0,0.0,0.0,0.0,0.0,0.0,0.0,0.0,0.0,0.0,0.0,0.0,0.0,0.0,0.008821246216424924,0.008821246216424924
2018/07/16 17:00:00,2018/07/16 18:00:00,2018/07/16 22:00:00,2.6222683981637878,2.6222683981637878,0.0,0.0,1.3777413833785215,0.0,0.1717145238173748,0.035117920949956714,0.0,0.003758828504436762,0.5342588683228459,0.0,0.4996768731906524,0.0,0.0,0.0,0.0,0.0,0.0,0.0,0.0,0.0,0.0,0.0,0.0,0.0,0.0,0.0,0.0,0.0,0.0,0.0,0.0,0.0,0.0,0.0,0.008947544016575167,0.008947544016575167
2018/07/16 18:00:00,2018/07/16 19:00:00,2018/07/16 23:00:00,2.508247072489497,2.508247072489497,0.0,0.0,1.2253885575633006,0.0,0.1818979459965967,0.03720056723484694,0.0,0.003981743472309152,0.5498357040003157,0.0,0.44317990355583614,0.0,0.0,0.0,0.0,0.06676265066629217,0.0,0.0,0.0,0.0,0.0,0.0,0.0,0.0,0.0,0.0,0.0,0.0,0.0,0.0,0.0,0.0,0.0,0.0,0.008558487415422759,0.008558487415422759
2018/07/16 19:00:00,2018/07/16 20:00:00,2018/07/17 00:00:00,3.4500503737501482,3.4500503737501482,0.0,0.0,1.006878920990458,0.0,0.20868362281410827,0.042678597049429695,0.0,0.004568081560049322,0.49840003857373244,0.0,0.3700202419315178,0.0,0.0,0.0,0.0,1.3188208708308526,0.0,0.0,0.0,0.0,0.0,0.0,0.0,0.0,0.0,0.0,0.0,0.0,0.0,0.0,0.0,0.0,0.0,0.0,0.011772051099020617,0.011772051099020617
2018/07/16 20:00:00,2018/07/16 21:00:00,2018/07/17 01:00:00,2.0579307058112564,2.0579307058112564,0.0,0.0,0.7267827430452702,0.0,0.26064649742492013,0.05330570116588627,0.0,0.005705548152376266,0.48758957745724624,0.0,0.2723363274519679,0.0,0.0,0.0,0.0,0.25156431111358923,0.0,0.0,0.0,0.0,0.0,0.0,0.0,0.0,0.0,0.0,0.0,0.0,0.0,0.0,0.0,0.0,0.0,0.0,0.007021945421834621,0.007021945421834621
2018/07/16 21:00:00,2018/07/16 22:00:00,2018/07/17 02:00:00,1.820101526974983,1.820101526974983,0.0,0.0,0.5126356581447904,0.0,0.3319434669994661,0.06788688676293725,0.0,0.007266237810764074,0.4632829053811929,0.0,0.1951581711414604,0.0,0.0,0.0,0.0,0.2419282007343717,0.0,0.0,0.0,0.0,0.0,0.0,0.0,0.0,0.0,0.0,0.0,0.0,0.0,0.0,0.0,0.0,0.0,0.0,0.006210439228359696,0.006210439228359696
2018/07/16 22:00:00,2018/07/16 23:00:00,2018/07/17 03:00:00,1.402332117631404,1.402332117631404,0.0,0.0,0.33873241082826466,0.0,0.2775611504815452,0.05676497435800282,0.0,0.006075809669215224,0.39627516927644474,0.0,0.13100100724240954,0.0,0.0,0.0,0.0,0.19592159577552187,0.0,0.0,0.0,0.0,0.0,0.0,0.0,0.0,0.0,0.0,0.0,0.0,0.0,0.0,0.0,0.0,0.0,0.0,0.004784951974081005,0.004784951974081005
2018/07/16 23:00:00,2018/07/17 00:00:00,2018/07/17 04:00:00,0.7312580279180342,0.7312580279180342,0.0,0.0,0.16707578336231524,0.0,0.13094360677997474,0.026779722120023,0.0,0.002866353705536267,0.3380365894132003,0.0,0.06555597253698468,0.0,0.0,0.0,0.0,0.0,0.0,0.0,0.0,0.0,0.0,0.0,0.0,0.0,0.0,0.0,0.0,0.0,0.0,0.0,0.0,0.0,0.0,0.0,0.002495153965494987,0.002495153965494987
2018/07/17 00:00:00,2018/07/17 01:00:00,2018/07/17 05:00:00,0.39609672090145936,0.39609672090145936,0.0,0.0,0.009151455837816524,0.0,0.06501908921459039,0.013297274945155983,0.0,0.0014232669458539432,0.30359413995633894,0.0,0.0036114940017036613,0.0,0.0,0.0,0.0,0.0,0.0,0.0,0.0,0.0,0.0,0.0,0.0,0.0,0.0,0.0,0.0,0.0,0.0,0.0,0.0,0.0,0.0,0.0,0.0013515370309037033,0.0013515370309037033
2018/07/17 01:00:00,2018/07/17 02:00:00,2018/07/17 06:00:00,0.33906652822060673,0.33906652822060673,0.0,0.0,0.0,0.0,0.03901145352875434,0.00797836496709361,0.0,0.0008539601675123682,0.2912227495572465,0.0,0.0,0.0,0.0,0.0,0.0,0.0,0.0,0.0,0.0,0.0,0.0,0.0,0.0,0.0,0.0,0.0,0.0,0.0,0.0,0.0,0.0,0.0,0.0,0.0,0.001156942091788009,0.001156942091788009
2018/07/17 02:00:00,2018/07/17 03:00:00,2018/07/17 07:00:00,0.32021682312827465,0.32021682312827465,0.027214417280137647,0.0,0.0,0.0,0.026007635685836212,0.005318909978062404,0.0,0.0005693067783415784,0.2611065534058968,0.0,0.0,0.0,0.0,0.0,0.0,0.0,0.0,0.0,0.0,0.0,0.0,0.0,0.0,0.0,0.0,0.0,0.0,0.0,0.0,0.0,0.0,0.0,0.0,0.0,0.0010926242797245284,0.0010926242797245284
2018/07/17 03:00:00,2018/07/17 04:00:00,2018/07/17 08:00:00,0.6654932618370494,0.6654932618370494,0.38424190477655606,0.0,0.0,0.0,0.026007635685836212,0.005318909978062404,0.0,0.0005693067783415784,0.249355504618253,0.0,0.0,0.0,0.0,0.0,0.0,0.0,0.0,0.0,0.0,0.0,0.0,0.0,0.0,0.0,0.0,0.0,0.0,0.0,0.0,0.0,0.0,0.0,0.0,0.0,0.0022707554486759516,0.0022707554486759516
2018/07/17 04:00:00,2018/07/17 05:00:00,2018/07/17 09:00:00,1.4404274047470025,1.4404274047470025,0.7562621784823317,0.0,0.0,0.0,0.02669452379982011,0.005459387801091553,0.0,0.0005843427494685605,0.23565718915575795,0.0,0.0,0.0,0.0,0.0,0.0,0.41576978275853266,0.0,0.0,0.0,0.0,0.0,0.0,0.0,0.0,0.0,0.0,0.0,0.0,0.0,0.0,0.0,0.0,0.0,0.0,0.004914938385284972,0.004914938385284972
2018/07/17 05:00:00,2018/07/17 06:00:00,2018/07/17 10:00:00,1.3801058952757872,1.3801058952757872,1.0398943413106636,0.0,0.0,0.0,0.06826790434137907,0.013961701169957616,0.0,0.0014943834631568494,0.25648756499062997,0.0,0.0,0.0,0.0,0.0,0.0,0.0,0.0,0.0,0.0,0.0,0.0,0.0,0.0,0.0,0.0,0.0,0.0,0.0,0.0,0.0,0.0,0.0,0.0,0.0,0.004709113016105411,0.004709113016105411
2018/07/17 06:00:00,2018/07/17 07:00:00,2018/07/17 11:00:00,1.6330864963829013,1.6330864963829013,1.1228398495262855,0.0,0.0,0.0,0.16027419424790706,0.03277822026226586,0.0,0.0035083998515197806,0.3136858324949231,0.0,0.0,0.0,0.0,0.0,0.0,0.0,0.0,0.0,0.0,0.0,0.0,0.0,0.0,0.0,0.0,0.0,0.0,0.0,0.0,0.0,0.0,0.0,0.0,0.0,0.005572317966952768,0.005572317966952768
2018/07/17 07:00:00,2018/07/17 08:00:00,2018/07/17 12:00:00,1.7188727432500415,1.7188727432500415,0.3705777049271028,0.0,0.0,0.0,0.20282286112768447,0.04147999275530918,0.0,0.004439789569395871,0.4566829047179834,0.0,0.0,0.0,0.0,0.0,0.0,0.6428694901525658,0.0,0.0,0.0,0.0,0.0,0.0,0.0,0.0,0.0,0.0,0.0,0.0,0.0,0.0,0.0,0.0,0.0,0.0,0.005865032557266256,0.005865032557266256
2018/07/17 08:00:00,2018/07/17 09:00:00,2018/07/17 13:00:00,4.099807282856006,4.099807282856006,0.0,0.0,0.02102340504848932,0.0,0.1999580326166028,0.04089409693851532,0.0,0.0043770785136948995,2.506437797468054,0.0,0.00829600143979801,0.0,0.0,0.0,0.0,1.3188208708308526,0.0,0.0,0.0,0.0,0.0,0.0,0.0,0.0,0.0,0.0,0.0,0.0,0.0,0.0,0.0,0.0,0.0,0.0,0.013989111926344583,0.013989111926344583
2018/07/17 09:00:00,2018/07/17 10:00:00,2018/07/17 14:00:00,1.9490128718992707,1.9490128718992707,0.0,0.0,0.11462348562735689,0.0,0.19039248045726945,0.038937813351627694,0.0,0.0041676887118432026,0.2399550100229572,0.0,0.042115522897363755,0.0,0.0,0.0,0.0,1.3188208708308526,0.0,0.0,0.0,0.0,0.0,0.0,0.0,0.0,0.0,0.0,0.0,0.0,0.0,0.0,0.0,0.0,0.0,0.0,0.006650302643467643,0.006650302643467643
2018/07/17 10:00:00,2018/07/17 11:00:00,2018/07/17 15:00:00,2.2119459435535513,2.2119459435535513,0.0,0.0,0.4158722763427096,0.0,0.18436831091973133,0.037705789962427363,0.0,0.004035819725633622,0.23647871378177573,0.0,0.14619545639755832,0.0,0.0,0.0,0.0,1.187289576423715,0.0,0.0,0.0,0.0,0.0,0.0,0.0,0.0,0.0,0.0,0.0,0.0,0.0,0.0,0.0,0.0,0.0,0.0,0.007547466806254096,0.007547466806254096
2018/07/17 11:00:00,2018/07/17 12:00:00,2018/07/17 16:00:00,1.4958097816127078,1.4958097816127078,0.0,0.0,0.7660490903040262,0.0,0.17602198736681157,0.03599885496218284,0.0,0.0038531188207798638,0.25158580738185676,0.0,0.26230092277705064,0.0,0.0,0.0,0.0,0.0,0.0,0.0,0.0,0.0,0.0,0.0,0.0,0.0,0.0,0.0,0.0,0.0,0.0,0.0,0.0,0.0,0.0,0.0,0.0051039107479521366,0.0051039107479521366
2018/07/17 12:00:00,2018/07/17 13:00:00,2018/07/17 17:00:00,2.7304970312824093,2.7304970312824093,0.0,0.0,1.0494157269226325,0.0,0.16999781782927342,0.03476683157298252,0.0,0.003721249834570283,0.2577264052368096,0.0,0.35780190603448186,0.0,0.0,0.0,0.0,0.8570670938516592,0.0,0.0,0.0,0.0,0.0,0.0,0.0,0.0,0.0,0.0,0.0,0.0,0.0,0.0,0.0,0.0,0.0,0.0,0.009316835146102839,0.009316835146102839
2018/07/17 13:00:00,2018/07/17 14:00:00,2018/07/17 18:00:00,2.1842203236110413,2.1842203236110413,0.0,0.0,1.2812579903445724,0.0,0.16822511758810177,0.034404290620979855,0.0,0.00368244545129386,0.26549933396158615,0.0,0.43115114564450774,0.0,0.0,0.0,0.0,0.0,0.0,0.0,0.0,0.0,0.0,0.0,0.0,0.0,0.0,0.0,0.0,0.0,0.0,0.0,0.0,0.0,0.0,0.0,0.007452863139826909,0.007452863139826909
2018/07/17 14:00:00,2018/07/17 15:00:00,2018/07/17 19:00:00,2.5023771157890744,2.5023771157890744,0.0,0.0,1.5007487738279797,0.0,0.16806084117025163,0.03437069389236452,0.0,0.0036788494428241364,0.29490152653433727,0.0,0.500616430921317,0.0,0.0,0.0,0.0,0.0,0.0,0.0,0.0,0.0,0.0,0.0,0.0,0.0,0.0,0.0,0.0,0.0,0.0,0.0,0.0,0.0,0.0,0.0,0.008538458307803875,0.008538458307803875
2018/07/17 15:00:00,2018/07/17 16:00:00,2018/07/17 20:00:00,2.7623299939010066,2.7623299939010066,0.0,0.0,1.7042855428027193,0.0,0.1681697315801018,0.03439296344021823,0.0,0.003681233052359925,0.2828534135552759,0.0,0.5689471094703318,0.0,0.0,0.0,0.0,0.0,0.0,0.0,0.0,0.0,0.0,0.0,0.0,0.0,0.0,0.0,0.0,0.0,0.0,0.0,0.0,0.0,0.0,0.0,0.009425453636264769,0.009425453636264769
2018/07/17 16:00:00,2018/07/17 17:00:00,2018/07/17 21:00:00,3.0177089946747686,3.0177089946747686,0.0,0.0,1.8225522051043195,0.0,0.16880266044279316,0.034522405873349746,0.0,0.0036950878562371755,0.38312597586620323,0.0,0.6050106595318657,0.0,0.0,0.0,0.0,0.0,0.0,0.0,0.0,0.0,0.0,0.0,0.0,0.0,0.0,0.0,0.0,0.0,0.0,0.0,0.0,0.0,0.0,0.0,0.010296842259920636,0.010296842259920636
2018/07/17 17:00:00,2018/07/17 18:00:00,2018/07/17 22:00:00,3.16552631973525,3.16552631973525,0.0,0.0,1.816229186994775,0.0,0.1717145238173748,0.035117920949956714,0.0,0.003758828504436762,0.5342588683228459,0.0,0.604446991145861,0.0,0.0,0.0,0.0,0.0,0.0,0.0,0.0,0.0,0.0,0.0,0.0,0.0,0.0,0.0,0.0,0.0,0.0,0.0,0.0,0.0,0.0,0.0,0.010801215505358515,0.010801215505358515
2018/07/17 18:00:00,2018/07/17 19:00:00,2018/07/17 23:00:00,3.0089345723317904,3.0089345723317904,0.0,0.0,1.6665292064300024,0.0,0.1818979459965967,0.03720056723484694,0.0,0.003981743472309152,0.5498357040003157,0.0,0.5694894051977197,0.0,0.0,0.0,0.0,0.0,0.0,0.0,0.0,0.0,0.0,0.0,0.0,0.0,0.0,0.0,0.0,0.0,0.0,0.0,0.0,0.0,0.0,0.0,0.010266902712089151,0.010266902712089151
2018/07/17 19:00:00,2018/07/17 20:00:00,2018/07/18 00:00:00,4.4235236354933765,4.4235236354933765,0.0,0.0,1.601224581073117,0.0,0.20868362281410827,0.042678597049429695,0.0,0.004568081560049322,0.8328620928618802,0.0,0.5517818305623945,0.0,0.0,0.0,0.0,1.1817248295723977,0.0,0.0,0.0,0.0,0.0,0.0,0.0,0.0,0.0,0.0,0.0,0.0,0.0,0.0,0.0,0.0,0.0,0.0,0.01509367708685075,0.01509367708685075
2018/07/17 20:00:00,2018/07/17 21:00:00,2018/07/18 01:00:00,11.623480575446907,11.623480575446907,0.0,0.0,1.3340205411001727,0.0,0.26064649742492013,0.05330570116588627,0.0,0.005705548152376266,8.180663383592446,0.0,0.4703180331802527,0.0,0.0,0.0,0.0,1.3188208708308526,0.0,0.0,0.0,0.0,0.0,0.0,0.0,0.0,0.0,0.0,0.0,0.0,0.0,0.0,0.0,0.0,0.0,0.0,0.0396609302645921,0.0396609302645921
2018/07/17 21:00:00,2018/07/17 22:00:00,2018/07/18 02:00:00,7.109278272771201,7.109278272771201,0.0,0.0,1.0111908803588636,0.0,0.3319434669994661,0.06788688676293725,0.0,0.007266237810764074,3.9984253274364,0.0,0.37374460257191716,0.0,0.0,0.0,0.0,1.3188208708308526,0.0,0.0,0.0,0.0,0.0,0.0,0.0,0.0,0.0,0.0,0.0,0.0,0.0,0.0,0.0,0.0,0.0,0.0,0.024257844969738544,0.024257844969738544
2018/07/17 22:00:00,2018/07/17 23:00:00,2018/07/18 03:00:00,4.884037498595816,4.884037498595816,0.0,0.0,0.7446649290584245,0.0,0.2775611504815452,0.05676497435800282,0.0,0.006075809669215224,2.1974687642460076,0.0,0.28268099995176826,0.0,0.0,0.0,0.0,1.3188208708308526,0.0,0.0,0.0,0.0,0.0,0.0,0.0,0.0,0.0,0.0,0.0,0.0,0.0,0.0,0.0,0.0,0.0,0.0,0.016665014354705354,0.016665014354705354
2018/07/17 23:00:00,2018/07/18 00:00:00,2018/07/18 04:00:00,2.313073262103941,2.313073262103941,0.0,0.0,0.3249312554335039,0.0,0.13094360677997474,0.026779722120023,0.0,0.002866353705536267,0.3838973058415493,0.0,0.12483414739250116,0.0,0.0,0.0,0.0,1.3188208708308526,0.0,0.0,0.0,0.0,0.0,0.0,0.0,0.0,0.0,0.0,0.0,0.0,0.0,0.0,0.0,0.0,0.0,0.0,0.007892527264078106,0.007892527264078106
2018/07/18 00:00:00,2018/07/18 01:00:00,2018/07/18 05:00:00,1.8902895614873654,1.8902895614873654,0.0,0.0,0.13564813218494706,0.0,0.06501908921459039,0.013297274945155983,0.0,0.0014232669458539432,0.30359413995633894,0.0,0.05248678740962657,0.0,0.0,0.0,0.0,1.3188208708308526,0.0,0.0,0.0,0.0,0.0,0.0,0.0,0.0,0.0,0.0,0.0,0.0,0.0,0.0,0.0,0.0,0.0,0.0,0.006449930551473759,0.006449930551473759
2018/07/18 01:00:00,2018/07/18 02:00:00,2018/07/18 06:00:00,1.7463844371017985,1.7463844371017985,0.0,0.0,0.0039249393790697406,0.0,0.03901145352875434,0.00797836496709361,0.0,0.0008539601675123682,0.3742696688576567,0.0,0.0015251793708589494,0.0,0.0,0.0,0.0,1.3188208708308526,0.0,0.0,0.0,0.0,0.0,0.0,0.0,0.0,0.0,0.0,0.0,0.0,0.0,0.0,0.0,0.0,0.0,0.0,0.005958906278156729,0.005958906278156729
2018/07/18 02:00:00,2018/07/18 03:00:00,2018/07/18 07:00:00,2.6001787848955957,2.6001787848955957,0.0,0.0,0.021867151774536794,0.0,0.026007635685836212,0.005318909978062404,0.0,0.0005693067783415784,2.203699011271895,0.0,0.008581127093109153,0.0,0.0,0.0,0.0,0.3341356423138147,0.0,0.0,0.0,0.0,0.0,0.0,0.0,0.0,0.0,0.0,0.0,0.0,0.0,0.0,0.0,0.0,0.0,0.0,0.008872171187781335,0.008872171187781335
2018/07/18 03:00:00,2018/07/18 04:00:00,2018/07/18 08:00:00,1.9448183078355636,1.9448183078355636,0.0,0.0,0.0,0.0,0.026007635685836212,0.005318909978062404,0.0,0.0005693067783415784,1.9129224553933235,0.0,0.0,0.0,0.0,0.0,0.0,0.0,0.0,0.0,0.0,0.0,0.0,0.0,0.0,0.0,0.0,0.0,0.0,0.0,0.0,0.0,0.0,0.0,0.0,0.0,0.006635990208242994,0.006635990208242994
2018/07/18 04:00:00,2018/07/18 05:00:00,2018/07/18 09:00:00,1.9631856640172172,1.9631856640172172,0.0,0.0,0.0,0.0,0.02669452379982011,0.005459387801091553,0.0,0.0005843427494685605,1.930447409666837,0.0,0.0,0.0,0.0,0.0,0.0,0.0,0.0,0.0,0.0,0.0,0.0,0.0,0.0,0.0,0.0,0.0,0.0,0.0,0.0,0.0,0.0,0.0,0.0,0.0,0.006698662178823327,0.006698662178823327
2018/07/18 05:00:00,2018/07/18 06:00:00,2018/07/18 10:00:00,0.45533674205148245,0.45533674205148245,0.11512518808635894,0.0,0.0,0.0,0.06826790434137907,0.013961701169957616,0.0,0.0014943834631568494,0.25648756499062997,0.0,0.0,0.0,0.0,0.0,0.0,0.0,0.0,0.0,0.0,0.0,0.0,0.0,0.0,0.0,0.0,0.0,0.0,0.0,0.0,0.0,0.0,0.0,0.0,0.0,0.0015536722117089324,0.0015536722117089324
2018/07/18 06:00:00,2018/07/18 07:00:00,2018/07/18 11:00:00,1.0427153030940008,1.0427153030940008,0.13111568293840367,0.0,0.0,0.0,0.16027419424790706,0.03277822026226586,0.0,0.0035083998515197806,0.3136858324949231,0.0,0.0,0.0,0.0,0.0,0.0,0.40135297329898145,0.0,0.0,0.0,0.0,0.0,0.0,0.0,0.0,0.0,0.0,0.0,0.0,0.0,0.0,0.0,0.0,0.0,0.0,0.0035578894508751,0.0035578894508751
2018/07/18 07:00:00,2018/07/18 08:00:00,2018/07/18 12:00:00,0.6073681843546143,0.6073681843546143,0.0,0.0,0.0,0.0,0.20282286112768447,0.04147999275530918,0.0,0.004439789569395871,0.35862554090222465,0.0,0.0,0.0,0.0,0.0,0.0,0.0,0.0,0.0,0.0,0.0,0.0,0.0,0.0,0.0,0.0,0.0,0.0,0.0,0.0,0.0,0.0,0.0,0.0,0.0,0.0020724246105340177,0.0020724246105340177
2018/07/18 08:00:00,2018/07/18 09:00:00,2018/07/18 13:00:00,0.7109163538837728,0.7109163538837728,0.0,0.0,0.12320333204289827,0.0,0.1999580326166028,0.04089409693851532,0.0,0.0043770785136948995,0.2959239672796783,0.0,0.04655984649238324,0.0,0.0,0.0,0.0,0.0,0.0,0.0,0.0,0.0,0.0,0.0,0.0,0.0,0.0,0.0,0.0,0.0,0.0,0.0,0.0,0.0,0.0,0.0,0.00242574534816206,0.00242574534816206
2018/07/18 09:00:00,2018/07/18 10:00:00,2018/07/18 14:00:00,1.039268690492556,1.039268690492556,0.0,0.0,0.41477710851956784,0.0,0.19039248045726945,0.038937813351627694,0.0,0.0041676887118432026,0.2399550100229572,0.0,0.15103858942929055,0.0,0.0,0.0,0.0,0.0,0.0,0.0,0.0,0.0,0.0,0.0,0.0,0.0,0.0,0.0,0.0,0.0,0.0,0.0,0.0,0.0,0.0,0.0,0.0035461291299327038,0.0035461291299327038
2018/07/18 10:00:00,2018/07/18 11:00:00,2018/07/18 15:00:00,1.4408438215864867,1.4408438215864867,0.0,0.0,0.7244971127602838,0.0,0.18436831091973133,0.037705789962427363,0.0,0.004035819725633622,0.23647871378177573,0.0,0.2537580744366348,0.0,0.0,0.0,0.0,0.0,0.0,0.0,0.0,0.0,0.0,0.0,0.0,0.0,0.0,0.0,0.0,0.0,0.0,0.0,0.0,0.0,0.0,0.0,0.004916359257383014,0.004916359257383014
2018/07/18 11:00:00,2018/07/18 12:00:00,2018/07/18 16:00:00,2.329865435541152,2.329865435541152,0.0,0.0,1.0886226527141758,0.0,0.17602198736681157,0.03599885496218284,0.0,0.0038531188207798638,0.25158580738185676,0.0,0.36706597835751525,0.0,0.0,0.0,0.0,0.40671703593782993,0.0,0.0,0.0,0.0,0.0,0.0,0.0,0.0,0.0,0.0,0.0,0.0,0.0,0.0,0.0,0.0,0.0,0.0,0.007949824492336137,0.007949824492336137
2018/07/18 12:00:00,2018/07/18 13:00:00,2018/07/18 17:00:00,3.4820748031028903,3.4820748031028903,0.0,0.0,1.275355700822659,0.0,0.16999781782927342,0.03476683157298252,0.0,0.003721249834570283,0.2577264052368096,0.0,0.42168592697574275,0.0,0.0,0.0,0.0,1.3188208708308526,0.0,0.0,0.0,0.0,0.0,0.0,0.0,0.0,0.0,0.0,0.0,0.0,0.0,0.0,0.0,0.0,0.0,0.0,0.011881322900274832,0.011881322900274832
2018/07/18 13:00:00,2018/07/18 14:00:00,2018/07/18 18:00:00,2.6999445403247346,2.6999445403247346,0.0,0.0,1.524145176461516,0.0,0.16822511758810177,0.034404290620979855,0.0,0.00368244545129386,0.26549933396158615,0.0,0.4980964567659986,0.0,0.0,0.0,0.0,0.2058917194752585,0.0,0.0,0.0,0.0,0.0,0.0,0.0,0.0,0.0,0.0,0.0,0.0,0.0,0.0,0.0,0.0,0.0,0.0,0.009212585803109867,0.009212585803109867
2018/07/18 14:00:00,2018/07/18 15:00:00,2018/07/18 19:00:00,2.8083427431851535,2.8083427431851535,0.0,0.0,1.7439240785902186,0.0,0.16806084117025163,0.03437069389236452,0.0,0.0036788494428241364,0.29490152653433727,0.0,0.5634067535551576,0.0,0.0,0.0,0.0,0.0,0.0,0.0,0.0,0.0,0.0,0.0,0.0,0.0,0.0,0.0,0.0,0.0,0.0,0.0,0.0,0.0,0.0,0.0,0.009582455528150373,0.009582455528150373
2018/07/18 15:00:00,2018/07/18 16:00:00,2018/07/18 20:00:00,3.15089511770723,3.15089511770723,0.0,0.0,1.9520367057043702,0.0,0.1681697315801018,0.03439296344021823,0.0,0.003681233052359925,0.3696208676729485,0.0,0.6229936162572317,0.0,0.0,0.0,0.0,0.0,0.0,0.0,0.0,0.0,0.0,0.0,0.0,0.0,0.0,0.0,0.0,0.0,0.0,0.0,0.0,0.0,0.0,0.0,0.010751291811714957,0.010751291811714957
2018/07/18 16:00:00,2018/07/18 17:00:00,2018/07/18 21:00:00,5.860747418131271,5.860747418131271,0.0,0.0,2.054006511923408,0.0,0.16880266044279316,0.034522405873349746,0.0,0.0036950878562371755,2.4885765977890912,0.0,0.6710686462787273,0.0,0.0,0.0,0.0,0.4400755079676648,0.0,0.0,0.0,0.0,0.0,0.0,0.0,0.0,0.0,0.0,0.0,0.0,0.0,0.0,0.0,0.0,0.0,0.0,0.01999768426850539,0.01999768426850539
2018/07/18 17:00:00,2018/07/18 18:00:00,2018/07/18 22:00:00,6.918635163709149,6.918635163709149,0.0,0.0,2.028277674787485,0.0,0.1717145238173748,0.035117920949956714,0.0,0.003758828504436762,3.903230108586545,0.0,0.676735890904033,0.0,0.0,0.0,0.0,0.09980021615931704,0.0,0.0,0.0,0.0,0.0,0.0,0.0,0.0,0.0,0.0,0.0,0.0,0.0,0.0,0.0,0.0,0.0,0.0,0.02360734420063958,0.02360734420063958
2018/07/18 18:00:00,2018/07/18 19:00:00,2018/07/18 23:00:00,3.2916048909701217,3.2916048909701217,0.0,0.0,1.8847542726078377,0.0,0.1818979459965967,0.03720056723484694,0.0,0.003981743472309152,0.5498357040003157,0.0,0.6339346576582157,0.0,0.0,0.0,0.0,0.0,0.0,0.0,0.0,0.0,0.0,0.0,0.0,0.0,0.0,0.0,0.0,0.0,0.0,0.0,0.0,0.0,0.0,0.0,0.01123141310315623,0.01123141310315623
2018/07/18 19:00:00,2018/07/18 20:00:00,2018/07/19 00:00:00,2.8958305627799366,2.8958305627799366,0.0,0.0,1.5908550308006388,0.0,0.20868362281410827,0.042678597049429695,0.0,0.004568081560049322,0.5036728235883939,0.0,0.5453724069673168,0.0,0.0,0.0,0.0,0.0,0.0,0.0,0.0,0.0,0.0,0.0,0.0,0.0,0.0,0.0,0.0,0.0,0.0,0.0,0.0,0.0,0.0,0.0,0.009880976120964844,0.009880976120964844
2018/07/18 20:00:00,2018/07/18 21:00:00,2018/07/19 01:00:00,2.596080134352497,2.596080134352497,0.0,0.0,1.2384836019955128,0.0,0.26064649742492013,0.05330570116588627,0.0,0.005705548152376266,0.6064543291185197,0.0,0.4314844564952816,0.0,0.0,0.0,0.0,0.0,0.0,0.0,0.0,0.0,0.0,0.0,0.0,0.0,0.0,0.0,0.0,0.0,0.0,0.0,0.0,0.0,0.0,0.0,0.008858186022811717,0.008858186022811717
2018/07/18 21:00:00,2018/07/18 22:00:00,2018/07/19 02:00:00,2.152068262264433,2.152068262264433,0.0,0.0,0.946052412905621,0.0,0.3319434669994661,0.06788688676293725,0.0,0.007266237810764074,0.4632829053811929,0.0,0.3356363524044518,0.0,0.0,0.0,0.0,0.0,0.0,0.0,0.0,0.0,0.0,0.0,0.0,0.0,0.0,0.0,0.0,0.0,0.0,0.0,0.0,0.0,0.0,0.0,0.007343155840481102,0.007343155840481102
2018/07/18 22:00:00,2018/07/18 23:00:00,2018/07/19 03:00:00,1.6966347814140388,1.6966347814140388,0.0,0.0,0.7044764617926987,0.0,0.2775611504815452,0.05676497435800282,0.0,0.006075809669215224,0.39627516927644474,0.0,0.25548121583613215,0.0,0.0,0.0,0.0,0.0,0.0,0.0,0.0,0.0,0.0,0.0,0.0,0.0,0.0,0.0,0.0,0.0,0.0,0.0,0.0,0.0,0.0,0.0,0.005789153542552933,0.005789153542552933
2018/07/18 23:00:00,2018/07/19 00:00:00,2018/07/19 04:00:00,1.1970989067899336,1.1970989067899336,0.0,0.0,0.5113852982235552,0.0,0.13094360677997474,0.026779722120023,0.0,0.002866353705536267,0.3380365894132003,0.0,0.18708733654764428,0.0,0.0,0.0,0.0,0.0,0.0,0.0,0.0,0.0,0.0,0.0,0.0,0.0,0.0,0.0,0.0,0.0,0.0,0.0,0.0,0.0,0.0,0.0,0.004084667751095677,0.004084667751095677
2018/07/19 00:00:00,2018/07/19 01:00:00,2018/07/19 05:00:00,1.991889290997765,1.991889290997765,0.0,0.0,0.4208673063005231,0.0,0.06501908921459039,0.013297274945155983,0.0,0.0014232669458539432,1.3374353935075636,0.0,0.15384696008407805,0.0,0.0,0.0,0.0,0.0,0.0,0.0,0.0,0.0,0.0,0.0,0.0,0.0,0.0,0.0,0.0,0.0,0.0,0.0,0.0,0.0,0.0,0.0,0.006796602941112818,0.006796602941112818
2018/07/19 01:00:00,2018/07/19 02:00:00,2018/07/19 06:00:00,0.7850041929479322,0.7850041929479322,0.0,0.0,0.32674898351205117,0.0,0.03901145352875434,0.00797836496709361,0.0,0.0008539601675123682,0.2912227495572465,0.0,0.11918868121527415,0.0,0.0,0.0,0.0,0.0,0.0,0.0,0.0,0.0,0.0,0.0,0.0,0.0,0.0,0.0,0.0,0.0,0.0,0.0,0.0,0.0,0.0,0.0,0.0026785433461029625,0.0026785433461029625
2018/07/19 02:00:00,2018/07/19 03:00:00,2018/07/19 07:00:00,0.618231489250539,0.618231489250539,0.0,0.0,0.2374082566588947,0.0,0.026007635685836212,0.005318909978062404,0.0,0.0005693067783415784,0.2611065534058968,0.0,0.08782082674350732,0.0,0.0,0.0,0.0,0.0,0.0,0.0,0.0,0.0,0.0,0.0,0.0,0.0,0.0,0.0,0.0,0.0,0.0,0.0,0.0,0.0,0.0,0.0,0.002109491715789081,0.002109491715789081
2018/07/19 03:00:00,2018/07/19 04:00:00,2018/07/19 08:00:00,0.9192097334694221,0.9192097334694221,0.0,0.0,0.17189127735263054,0.0,0.026007635685836212,0.005318909978062404,0.0,0.0005693067783415784,0.249355504618253,0.0,0.06462322194332336,0.0,0.0,0.0,0.0,0.40144387711297497,0.0,0.0,0.0,0.0,0.0,0.0,0.0,0.0,0.0,0.0,0.0,0.0,0.0,0.0,0.0,0.0,0.0,0.0,0.0031364712919704205,0.0031364712919704205
2018/07/19 04:00:00,2018/07/19 05:00:00,2018/07/19 09:00:00,0.43008554679255495,0.43008554679255495,0.0,0.0,0.11726128038151616,0.0,0.02669452379982011,0.005459387801091553,0.0,0.0005843427494685605,0.23565718915575795,0.0,0.04442882290490063,0.0,0.0,0.0,0.0,0.0,0.0,0.0,0.0,0.0,0.0,0.0,0.0,0.0,0.0,0.0,0.0,0.0,0.0,0.0,0.0,0.0,0.0,0.0,0.0014675116260081716,0.0014675116260081716
2018/07/19 05:00:00,2018/07/19 06:00:00,2018/07/19 10:00:00,0.44927830999906576,0.44927830999906576,0.0,0.0,0.07893548953790816,0.0,0.06826790434137907,0.013961701169957616,0.0,0.0014943834631568494,0.25648756499062997,0.0,0.030131266496034117,0.0,0.0,0.0,0.0,0.0,0.0,0.0,0.0,0.0,0.0,0.0,0.0,0.0,0.0,0.0,0.0,0.0,0.0,0.0,0.0,0.0,0.0,0.0,0.001533000000009174,0.001533000000009174
2018/07/19 06:00:00,2018/07/19 07:00:00,2018/07/19 11:00:00,0.628268611950459,0.628268611950459,0.0,0.0,0.08546101233456314,0.0,0.16027419424790706,0.03277822026226586,0.0,0.0035083998515197806,0.3136858324949231,0.0,0.03256095275928012,0.0,0.0,0.0,0.0,0.0,0.0,0.0,0.0,0.0,0.0,0.0,0.0,0.0,0.0,0.0,0.0,0.0,0.0,0.0,0.0,0.0,0.0,0.0,0.0021437397726318465,0.0021437397726318465
2018/07/19 07:00:00,2018/07/19 08:00:00,2018/07/19 12:00:00,1.277258316675391,1.277258316675391,0.0,0.0,0.22016439549466274,0.0,0.20282286112768447,0.04147999275530918,0.0,0.004439789569395871,0.35862554090222465,0.0,0.08351606859103528,0.0,0.0,0.0,0.0,0.36620966823507894,0.0,0.0,0.0,0.0,0.0,0.0,0.0,0.0,0.0,0.0,0.0,0.0,0.0,0.0,0.0,0.0,0.0,0.0,0.0043581827920407806,0.0043581827920407806
2018/07/19 08:00:00,2018/07/19 09:00:00,2018/07/19 13:00:00,2.082467834640243,2.082467834640243,0.0,0.0,0.1619059396534396,0.0,0.1999580326166028,0.04089409693851532,0.0,0.0043770785136948995,0.2959239672796783,0.0,0.060587848807459384,0.0,0.0,0.0,0.0,1.3188208708308526,0.0,0.0,0.0,0.0,0.0,0.0,0.0,0.0,0.0,0.0,0.0,0.0,0.0,0.0,0.0,0.0,0.0,0.0,0.007105669513690157,0.007105669513690157
2018/07/19 09:00:00,2018/07/19 10:00:00,2018/07/19 14:00:00,2.0808080512765077,2.0808080512765077,0.0,0.0,0.21128699628450173,0.0,0.19039248045726945,0.038937813351627694,0.0,0.0041676887118432026,0.2399550100229572,0.0,0.07724719161745573,0.0,0.0,0.0,0.0,1.3188208708308526,0.0,0.0,0.0,0.0,0.0,0.0,0.0,0.0,0.0,0.0,0.0,0.0,0.0,0.0,0.0,0.0,0.0,0.0,0.007100006102303511,0.007100006102303511
2018/07/19 10:00:00,2018/07/19 11:00:00,2018/07/19 15:00:00,1.3678866636642475,1.3678866636642475,0.0,0.0,0.3422707985155128,0.0,0.18436831091973133,0.037705789962427363,0.0,0.004035819725633622,0.23647871378177573,0.0,0.12489481434996928,0.0,0.0,0.0,0.0,0.43813241640919726,0.0,0.0,0.0,0.0,0.0,0.0,0.0,0.0,0.0,0.0,0.0,0.0,0.0,0.0,0.0,0.0,0.0,0.0,0.004667419300553816,0.004667419300553816
2018/07/19 11:00:00,2018/07/19 12:00:00,2018/07/19 16:00:00,1.1748369810608124,1.1748369810608124,0.0,0.0,0.5194382501577112,0.0,0.17602198736681157,0.03599885496218284,0.0,0.0038531188207798638,0.25158580738185676,0.0,0.1879389623714702,0.0,0.0,0.0,0.0,0.0,0.0,0.0,0.0,0.0,0.0,0.0,0.0,0.0,0.0,0.0,0.0,0.0,0.0,0.0,0.0,0.0,0.0,0.0,0.004008706968250366,0.004008706968250366
2018/07/19 12:00:00,2018/07/19 13:00:00,2018/07/19 17:00:00,1.316637094867044,1.316637094867044,0.0,0.0,0.6257179036099549,0.0,0.16999781782927342,0.03476683157298252,0.0,0.003721249834570283,0.2577264052368096,0.0,0.2247068867834533,0.0,0.0,0.0,0.0,0.0,0.0,0.0,0.0,0.0,0.0,0.0,0.0,0.0,0.0,0.0,0.0,0.0,0.0,0.0,0.0,0.0,0.0,0.0,0.0044925486530775416,0.0044925486530775416
2018/07/19 13:00:00,2018/07/19 14:00:00,2018/07/19 18:00:00,1.362815119427284,1.362815119427284,0.0,0.0,0.6517108400826511,0.0,0.16822511758810177,0.034404290620979855,0.0,0.00368244545129386,0.26549933396158615,0.0,0.23929309172267127,0.0,0.0,0.0,0.0,0.0,0.0,0.0,0.0,0.0,0.0,0.0,0.0,0.0,0.0,0.0,0.0,0.0,0.0,0.0,0.0,0.0,0.0,0.0,0.004650114487162474,0.004650114487162474
2018/07/19 14:00:00,2018/07/19 15:00:00,2018/07/19 19:00:00,1.371557729649918,1.371557729649918,0.0,0.0,0.5972600547938822,0.0,0.16806084117025163,0.03437069389236452,0.0,0.0036788494428241364,0.34229302080641794,0.0,0.22589426954417757,0.0,0.0,0.0,0.0,0.0,0.0,0.0,0.0,0.0,0.0,0.0,0.0,0.0,0.0,0.0,0.0,0.0,0.0,0.0,0.0,0.0,0.0,0.0,0.004679945487620533,0.004679945487620533
2018/07/19 15:00:00,2018/07/19 16:00:00,2018/07/19 20:00:00,2.344716451104196,2.344716451104196,0.0,0.0,0.5590597144763123,0.0,0.1681697315801018,0.03439296344021823,0.0,0.003681233052359925,1.366787688265343,0.0,0.21262512028986097,0.0,0.0,0.0,0.0,0.0,0.0,0.0,0.0,0.0,0.0,0.0,0.0,0.0,0.0,0.0,0.0,0.0,0.0,0.0,0.0,0.0,0.0,0.0,0.008000498220294047,0.008000498220294047
2018/07/19 16:00:00,2018/07/19 17:00:00,2018/07/19 21:00:00,1.6347562654651893,1.6347562654651893,0.0,0.0,0.5027956153553449,0.0,0.16880266044279316,0.034522405873349746,0.0,0.0036950878562371755,0.7344504942219786,0.0,0.19049000171548555,0.0,0.0,0.0,0.0,0.0,0.0,0.0,0.0,0.0,0.0,0.0,0.0,0.0,0.0,0.0,0.0,0.0,0.0,0.0,0.0,0.0,0.0,0.0,0.005578015450998165,0.005578015450998165
2018/07/19 17:00:00,2018/07/19 18:00:00,2018/07/19 22:00:00,1.4567665923796331,1.4567665923796331,0.0,0.0,0.5163468006768968,0.0,0.1717145238173748,0.035117920949956714,0.0,0.003758828504436762,0.5342588683228459,0.0,0.19556965010812227,0.0,0.0,0.0,0.0,0.0,0.0,0.0,0.0,0.0,0.0,0.0,0.0,0.0,0.0,0.0,0.0,0.0,0.0,0.0,0.0,0.0,0.0,0.0,0.004970689963056498,0.004970689963056498
2018/07/19 18:00:00,2018/07/19 19:00:00,2018/07/19 23:00:00,2.4322681351121593,2.4322681351121593,0.0,0.0,0.6040851546060049,0.0,0.1818979459965967,0.03720056723484694,0.0,0.003981743472309152,0.5498357040003157,0.0,0.22878483789586576,0.0,0.0,0.0,0.0,0.8264821819062201,0.0,0.0,0.0,0.0,0.0,0.0,0.0,0.0,0.0,0.0,0.0,0.0,0.0,0.0,0.0,0.0,0.0,0.0,0.008299236727357275,0.008299236727357275
2018/07/19 19:00:00,2018/07/19 20:00:00,2018/07/20 00:00:00,2.855003577425499,2.855003577425499,0.0,0.0,0.5677213611744083,0.0,0.20868362281410827,0.042678597049429695,0.0,0.004568081560049322,0.49840003857373244,0.0,0.2141310054229182,0.0,0.0,0.0,0.0,1.3188208708308526,0.0,0.0,0.0,0.0,0.0,0.0,0.0,0.0,0.0,0.0,0.0,0.0,0.0,0.0,0.0,0.0,0.0,0.0,0.009741668775927737,0.009741668775927737
2018/07/19 20:00:00,2018/07/19 21:00:00,2018/07/20 01:00:00,2.6457730675477857,2.6457730675477857,0.0,0.0,0.37684257983148306,0.0,0.26064649742492013,0.05330570116588627,0.0,0.005705548152376266,0.48758957745724624,0.0,0.1428622926850209,0.0,0.0,0.0,0.0,1.3188208708308526,0.0,0.0,0.0,0.0,0.0,0.0,0.0,0.0,0.0,0.0,0.0,0.0,0.0,0.0,0.0,0.0,0.0,0.0,0.009027745213392255,0.009027745213392255
2018/07/19 21:00:00,2018/07/19 22:00:00,2018/07/20 02:00:00,2.208291087338961,2.208291087338961,0.0,0.0,0.27085247349430636,0.0,0.3319434669994661,0.06788688676293725,0.0,0.007266237810764074,0.4632829053811929,0.0,0.10374584679302262,0.0,0.0,0.0,0.0,0.9633132700972716,0.0,0.0,0.0,0.0,0.0,0.0,0.0,0.0,0.0,0.0,0.0,0.0,0.0,0.0,0.0,0.0,0.0,0.0,0.007534995929177897,0.007534995929177897
2018/07/19 22:00:00,2018/07/19 23:00:00,2018/07/20 03:00:00,0.9538949148484105,0.9538949148484105,0.0,0.0,0.1568106399411781,0.0,0.2775611504815452,0.05676497435800282,0.0,0.006075809669215224,0.39627516927644474,0.0,0.060407171122024386,0.0,0.0,0.0,0.0,0.0,0.0,0.0,0.0,0.0,0.0,0.0,0.0,0.0,0.0,0.0,0.0,0.0,0.0,0.0,0.0,0.0,0.0,0.0,0.0032548219487257353,0.0032548219487257353
2018/07/19 23:00:00,2018/07/20 00:00:00,2018/07/20 04:00:00,0.5497584190020638,0.5497584190020638,0.0,0.0,0.03686765375375791,0.0,0.13094360677997474,0.026779722120023,0.0,0.002866353705536267,0.3380365894132003,0.0,0.014264493229571544,0.0,0.0,0.0,0.0,0.0,0.0,0.0,0.0,0.0,0.0,0.0,0.0,0.0,0.0,0.0,0.0,0.0,0.0,0.0,0.0,0.0,0.0,0.0,0.001875852088957866,0.001875852088957866
2018/07/20 00:00:00,2018/07/20 01:00:00,2018/07/20 05:00:00,0.3833337710619392,0.3833337710619392,0.0,0.0,0.0,0.0,0.06501908921459039,0.013297274945155983,0.0,0.0014232669458539432,0.30359413995633894,0.0,0.0,0.0,0.0,0.0,0.0,0.0,0.0,0.0,0.0,0.0,0.0,0.0,0.0,0.0,0.0,0.0,0.0,0.0,0.0,0.0,0.0,0.0,0.0,0.0,0.0013079880732339193,0.0013079880732339193
2018/07/20 01:00:00,2018/07/20 02:00:00,2018/07/20 06:00:00,0.33906652822060673,0.33906652822060673,0.0,0.0,0.0,0.0,0.03901145352875434,0.00797836496709361,0.0,0.0008539601675123682,0.2912227495572465,0.0,0.0,0.0,0.0,0.0,0.0,0.0,0.0,0.0,0.0,0.0,0.0,0.0,0.0,0.0,0.0,0.0,0.0,0.0,0.0,0.0,0.0,0.0,0.0,0.0,0.001156942091788009,0.001156942091788009
2018/07/20 02:00:00,2018/07/20 03:00:00,2018/07/20 07:00:00,0.29300240584813697,0.29300240584813697,0.0,0.0,0.0,0.0,0.026007635685836212,0.005318909978062404,0.0,0.0005693067783415784,0.2611065534058968,0.0,0.0,0.0,0.0,0.0,0.0,0.0,0.0,0.0,0.0,0.0,0.0,0.0,0.0,0.0,0.0,0.0,0.0,0.0,0.0,0.0,0.0,0.0,0.0,0.0,0.0009997649077891518,0.0009997649077891518
2018/07/20 03:00:00,2018/07/20 04:00:00,2018/07/20 08:00:00,0.2812513570604932,0.2812513570604932,0.0,0.0,0.0,0.0,0.026007635685836212,0.005318909978062404,0.0,0.0005693067783415784,0.249355504618253,0.0,0.0,0.0,0.0,0.0,0.0,0.0,0.0,0.0,0.0,0.0,0.0,0.0,0.0,0.0,0.0,0.0,0.0,0.0,0.0,0.0,0.0,0.0,0.0,0.0,0.0009596686970648835,0.0009596686970648835
2018/07/20 04:00:00,2018/07/20 05:00:00,2018/07/20 09:00:00,0.2683954435061382,0.2683954435061382,0.0,0.0,0.0,0.0,0.02669452379982011,0.005459387801091553,0.0,0.0005843427494685605,0.23565718915575795,0.0,0.0,0.0,0.0,0.0,0.0,0.0,0.0,0.0,0.0,0.0,0.0,0.0,0.0,0.0,0.0,0.0,0.0,0.0,0.0,0.0,0.0,0.0,0.0,0.0,0.0009158025342871051,0.0009158025342871051
2018/07/20 05:00:00,2018/07/20 06:00:00,2018/07/20 10:00:00,0.34021155396512354,0.34021155396512354,0.0,0.0,0.0,0.0,0.06826790434137907,0.013961701169957616,0.0,0.0014943834631568494,0.25648756499062997,0.0,0.0,0.0,0.0,0.0,0.0,0.0,0.0,0.0,0.0,0.0,0.0,0.0,0.0,0.0,0.0,0.0,0.0,0.0,0.0,0.0,0.0,0.0,0.0,0.0,0.0011608490786762886,0.0011608490786762886
2018/07/20 06:00:00,2018/07/20 07:00:00,2018/07/20 11:00:00,1.878810480742236,1.878810480742236,0.0,0.0,0.06813080858710614,0.0,0.16027419424790706,0.03277822026226586,0.0,0.0035083998515197806,0.3136858324949231,0.0,0.026308473761098752,0.0,0.0,0.0,0.0,1.2741245515374156,0.0,0.0,0.0,0.0,0.0,0.0,0.0,0.0,0.0,0.0,0.0,0.0,0.0,0.0,0.0,0.0,0.0,0.0,0.006410762333487839,0.006410762333487839
2018/07/20 07:00:00,2018/07/20 08:00:00,2018/07/20 12:00:00,1.926189055185467,1.926189055185467,0.0,0.0,0.0,0.0,0.20282286112768447,0.04147999275530918,0.0,0.004439789569395871,0.35862554090222465,0.0,0.0,0.0,0.0,0.0,0.0,1.3188208708308526,0.0,0.0,0.0,0.0,0.0,0.0,0.0,0.0,0.0,0.0,0.0,0.0,0.0,0.0,0.0,0.0,0.0,0.0,0.006572424610534019,0.006572424610534019
2018/07/20 08:00:00,2018/07/20 09:00:00,2018/07/20 13:00:00,1.8599740461793441,1.8599740461793441,0.0,0.0,0.0,0.0,0.1999580326166028,0.04089409693851532,0.0,0.0043770785136948995,0.2959239672796783,0.0,0.0,0.0,0.0,0.0,0.0,1.3188208708308526,0.0,0.0,0.0,0.0,0.0,0.0,0.0,0.0,0.0,0.0,0.0,0.0,0.0,0.0,0.0,0.0,0.0,0.0,0.006346489802314131,0.006346489802314131
2018/07/20 09:00:00,2018/07/20 10:00:00,2018/07/20 14:00:00,1.6208375177105165,1.6208375177105165,0.0,0.0,0.0,0.0,0.19039248045726945,0.038937813351627694,0.0,0.0041676887118432026,0.2399550100229572,0.0,0.0,0.0,0.0,0.0,0.0,1.1473845251668189,0.0,0.0,0.0,0.0,0.0,0.0,0.0,0.0,0.0,0.0,0.0,0.0,0.0,0.0,0.0,0.0,0.0,0.0,0.0055305227502976005,0.0055305227502976005
2018/07/20 10:00:00,2018/07/20 11:00:00,2018/07/20 15:00:00,0.4625886343895681,0.4625886343895681,0.0,0.0,0.0,0.0,0.18436831091973133,0.037705789962427363,0.0,0.004035819725633622,0.23647871378177573,0.0,0.0,0.0,0.0,0.0,0.0,0.0,0.0,0.0,0.0,0.0,0.0,0.0,0.0,0.0,0.0,0.0,0.0,0.0,0.0,0.0,0.0,0.0,0.0,0.0,0.0015784166756791047,0.0015784166756791047
2018/07/20 11:00:00,2018/07/20 12:00:00,2018/07/20 16:00:00,0.8693410641732294,0.8693410641732294,0.0,0.0,0.03743538841750706,0.0,0.17602198736681157,0.03599885496218284,0.0,0.0038531188207798638,0.25158580738185676,0.0,0.014215992249325992,0.0,0.0,0.0,0.0,0.35022991497476536,0.0,0.0,0.0,0.0,0.0,0.0,0.0,0.0,0.0,0.0,0.0,0.0,0.0,0.0,0.0,0.0,0.0,0.0,0.0029663124654032533,0.0029663124654032533
2018/07/20 12:00:00,2018/07/20 13:00:00,2018/07/20 17:00:00,1.3786675917782263,1.3786675917782263,0.0,0.0,0.016026929069944188,0.0,0.16999781782927342,0.03476683157298252,0.0,0.003721249834570283,0.2577264052368096,0.0,0.006075182108498216,0.0,0.0,0.0,0.0,0.890353176126148,0.0,0.0,0.0,0.0,0.0,0.0,0.0,0.0,0.0,0.0,0.0,0.0,0.0,0.0,0.0,0.0,0.0,0.0,0.004704205324786464,0.004704205324786464
2018/07/20 13:00:00,2018/07/20 14:00:00,2018/07/20 18:00:00,0.5595411801351148,0.5595411801351148,0.0,0.0,0.06356148598878933,0.0,0.16822511758810177,0.034404290620979855,0.0,0.00368244545129386,0.26549933396158615,0.0,0.024168506524363937,0.0,0.0,0.0,0.0,0.0,0.0,0.0,0.0,0.0,0.0,0.0,0.0,0.0,0.0,0.0,0.0,0.0,0.0,0.0,0.0,0.0,0.0,0.0,0.0019092322288027834,0.0019092322288027834
2018/07/20 14:00:00,2018/07/20 15:00:00,2018/07/20 19:00:00,1.5527367365711857,1.5527367365711857,0.0,0.0,0.16894122727463534,0.0,0.16806084117025163,0.03437069389236452,0.0,0.0036788494428241364,0.6540638939244177,0.0,0.06413244779478354,0.0,0.0,0.0,0.0,0.45948878307190877,0.0,0.0,0.0,0.0,0.0,0.0,0.0,0.0,0.0,0.0,0.0,0.0,0.0,0.0,0.0,0.0,0.0,0.0,0.005298153425619016,0.005298153425619016
2018/07/20 15:00:00,2018/07/20 16:00:00,2018/07/20 20:00:00,0.7220746570844601,0.7220746570844601,0.0,0.0,0.16898325758059302,0.0,0.1681697315801018,0.03439296344021823,0.0,0.003681233052359925,0.2828534135552759,0.0,0.0639940578759112,0.0,0.0,0.0,0.0,0.0,0.0,0.0,0.0,0.0,0.0,0.0,0.0,0.0,0.0,0.0,0.0,0.0,0.0,0.0,0.0,0.0,0.0,0.0,0.002463819028609245,0.002463819028609245
2018/07/20 16:00:00,2018/07/20 17:00:00,2018/07/20 21:00:00,0.9302762191856703,0.9302762191856703,0.0,0.0,0.24670911908889231,0.0,0.16880266044279316,0.034522405873349746,0.0,0.0036950878562371755,0.38312597586620323,0.0,0.09342097005819473,0.0,0.0,0.0,0.0,0.0,0.0,0.0,0.0,0.0,0.0,0.0,0.0,0.0,0.0,0.0,0.0,0.0,0.0,0.0,0.0,0.0,0.0,0.0,0.0031742316784069374,0.0031742316784069374
2018/07/20 17:00:00,2018/07/20 18:00:00,2018/07/20 22:00:00,1.1061564891344062,1.1061564891344062,0.0,0.0,0.26159309621280225,0.0,0.1717145238173748,0.035117920949956714,0.0,0.003758828504436762,0.5342588683228459,0.0,0.09971325132698985,0.0,0.0,0.0,0.0,0.0,0.0,0.0,0.0,0.0,0.0,0.0,0.0,0.0,0.0,0.0,0.0,0.0,0.0,0.0,0.0,0.0,0.0,0.0,0.003774359589842471,0.003774359589842471
2018/07/20 18:00:00,2018/07/20 19:00:00,2018/07/20 23:00:00,1.0818937687381616,1.0818937687381616,0.0,0.0,0.22341958755503022,0.0,0.1818979459965967,0.03720056723484694,0.0,0.003981743472309152,0.5498357040003157,0.0,0.08555822047906293,0.0,0.0,0.0,0.0,0.0,0.0,0.0,0.0,0.0,0.0,0.0,0.0,0.0,0.0,0.0,0.0,0.0,0.0,0.0,0.0,0.0,0.0,0.0,0.0036915718176757204,0.0036915718176757204
2018/07/20 19:00:00,2018/07/20 20:00:00,2018/07/21 00:00:00,2.003066151301963,2.003066151301963,0.0,0.0,0.29582683244557006,0.0,0.20868362281410827,0.042678597049429695,0.0,0.004568081560049322,0.49840003857373244,0.0,0.11329031574781173,0.0,0.0,0.0,0.0,0.8396186631112615,0.0,0.0,0.0,0.0,0.0,0.0,0.0,0.0,0.0,0.0,0.0,0.0,0.0,0.0,0.0,0.0,0.0,0.0,0.006834739940974829,0.006834739940974829
2018/07/20 20:00:00,2018/07/20 21:00:00,2018/07/21 01:00:00,2.311322847214239,2.311322847214239,0.0,0.0,0.1339587145139167,0.0,0.26064649742492013,0.05330570116588627,0.0,0.005705548152376266,0.48758957745724624,0.0,0.05129593766904054,0.0,0.0,0.0,0.0,1.3188208708308526,0.0,0.0,0.0,0.0,0.0,0.0,0.0,0.0,0.0,0.0,0.0,0.0,0.0,0.0,0.0,0.0,0.0,0.0,0.007886554605335834,0.007886554605335834
2018/07/20 21:00:00,2018/07/20 22:00:00,2018/07/21 02:00:00,1.8370958556991794,1.8370958556991794,0.0,0.0,0.06565378055587125,0.0,0.3319434669994661,0.06788688676293725,0.0,0.007266237810764074,0.4632829053811929,0.0,0.025065863607653345,0.0,0.0,0.0,0.0,0.8759967145812946,0.0,0.0,0.0,0.0,0.0,0.0,0.0,0.0,0.0,0.0,0.0,0.0,0.0,0.0,0.0,0.0,0.0,0.0,0.006268426238536981,0.006268426238536981
2018/07/20 22:00:00,2018/07/20 23:00:00,2018/07/21 03:00:00,0.7558934489526075,0.7558934489526075,0.0,0.0,0.013925520025259043,0.0,0.2775611504815452,0.05676497435800282,0.0,0.006075809669215224,0.39627516927644474,0.0,0.005290825142140414,0.0,0.0,0.0,0.0,0.0,0.0,0.0,0.0,0.0,0.0,0.0,0.0,0.0,0.0,0.0,0.0,0.0,0.0,0.0,0.0,0.0,0.0,0.0,0.0025792134440091076,0.0025792134440091076
2018/07/20 23:00:00,2018/07/21 00:00:00,2018/07/21 04:00:00,0.4986262720187343,0.4986262720187343,0.0,0.0,0.0,0.0,0.13094360677997474,0.026779722120023,0.0,0.002866353705536267,0.3380365894132003,0.0,0.0,0.0,0.0,0.0,0.0,0.0,0.0,0.0,0.0,0.0,0.0,0.0,0.0,0.0,0.0,0.0,0.0,0.0,0.0,0.0,0.0,0.0,0.0,0.0,0.0017013821010208204,0.0017013821010208204
2018/07/21 00:00:00,2018/07/21 01:00:00,2018/07/21 05:00:00,0.3833337710619392,0.3833337710619392,0.0,0.0,0.0,0.0,0.06501908921459039,0.013297274945155983,0.0,0.0014232669458539432,0.30359413995633894,0.0,0.0,0.0,0.0,0.0,0.0,0.0,0.0,0.0,0.0,0.0,0.0,0.0,0.0,0.0,0.0,0.0,0.0,0.0,0.0,0.0,0.0,0.0,0.0,0.0,0.0013079880732339193,0.0013079880732339193
2018/07/21 01:00:00,2018/07/21 02:00:00,2018/07/21 06:00:00,0.33906652822060673,0.33906652822060673,0.0,0.0,0.0,0.0,0.03901145352875434,0.00797836496709361,0.0,0.0008539601675123682,0.2912227495572465,0.0,0.0,0.0,0.0,0.0,0.0,0.0,0.0,0.0,0.0,0.0,0.0,0.0,0.0,0.0,0.0,0.0,0.0,0.0,0.0,0.0,0.0,0.0,0.0,0.0,0.001156942091788009,0.001156942091788009
2018/07/21 02:00:00,2018/07/21 03:00:00,2018/07/21 07:00:00,0.29300240584813697,0.29300240584813697,0.0,0.0,0.0,0.0,0.026007635685836212,0.005318909978062404,0.0,0.0005693067783415784,0.2611065534058968,0.0,0.0,0.0,0.0,0.0,0.0,0.0,0.0,0.0,0.0,0.0,0.0,0.0,0.0,0.0,0.0,0.0,0.0,0.0,0.0,0.0,0.0,0.0,0.0,0.0,0.0009997649077891518,0.0009997649077891518
2018/07/21 03:00:00,2018/07/21 04:00:00,2018/07/21 08:00:00,0.2812513570604932,0.2812513570604932,0.0,0.0,0.0,0.0,0.026007635685836212,0.005318909978062404,0.0,0.0005693067783415784,0.249355504618253,0.0,0.0,0.0,0.0,0.0,0.0,0.0,0.0,0.0,0.0,0.0,0.0,0.0,0.0,0.0,0.0,0.0,0.0,0.0,0.0,0.0,0.0,0.0,0.0,0.0,0.0009596686970648835,0.0009596686970648835
2018/07/21 04:00:00,2018/07/21 05:00:00,2018/07/21 09:00:00,0.2683954435061382,0.2683954435061382,0.0,0.0,0.0,0.0,0.02669452379982011,0.005459387801091553,0.0,0.0005843427494685605,0.23565718915575795,0.0,0.0,0.0,0.0,0.0,0.0,0.0,0.0,0.0,0.0,0.0,0.0,0.0,0.0,0.0,0.0,0.0,0.0,0.0,0.0,0.0,0.0,0.0,0.0,0.0,0.0009158025342871051,0.0009158025342871051
2018/07/21 05:00:00,2018/07/21 06:00:00,2018/07/21 10:00:00,0.34021155396512354,0.34021155396512354,0.0,0.0,0.0,0.0,0.06826790434137907,0.013961701169957616,0.0,0.0014943834631568494,0.25648756499062997,0.0,0.0,0.0,0.0,0.0,0.0,0.0,0.0,0.0,0.0,0.0,0.0,0.0,0.0,0.0,0.0,0.0,0.0,0.0,0.0,0.0,0.0,0.0,0.0,0.0,0.0011608490786762886,0.0011608490786762886
2018/07/21 06:00:00,2018/07/21 07:00:00,2018/07/21 11:00:00,0.5102466468566158,0.5102466468566158,0.0,0.0,0.0,0.0,0.16027419424790706,0.03277822026226586,0.0,0.0035083998515197806,0.3136858324949231,0.0,0.0,0.0,0.0,0.0,0.0,0.0,0.0,0.0,0.0,0.0,0.0,0.0,0.0,0.0,0.0,0.0,0.0,0.0,0.0,0.0,0.0,0.0,0.0,0.0,0.001741032434077442,0.001741032434077442
2018/07/21 07:00:00,2018/07/21 08:00:00,2018/07/21 12:00:00,1.5770825038484424,1.5770825038484424,0.0,0.0,0.070030222607464,0.0,0.20282286112768447,0.04147999275530918,0.0,0.004439789569395871,0.35862554090222465,0.0,0.026390289394544457,0.0,0.0,0.0,0.0,0.8732938074918196,0.0,0.0,0.0,0.0,0.0,0.0,0.0,0.0,0.0,0.0,0.0,0.0,0.0,0.0,0.0,0.0,0.0,0.0,0.005381224565279275,0.005381224565279275
2018/07/21 08:00:00,2018/07/21 09:00:00,2018/07/21 13:00:00,1.8599740461793441,1.8599740461793441,0.0,0.0,0.0,0.0,0.1999580326166028,0.04089409693851532,0.0,0.0043770785136948995,0.2959239672796783,0.0,0.0,0.0,0.0,0.0,0.0,1.3188208708308526,0.0,0.0,0.0,0.0,0.0,0.0,0.0,0.0,0.0,0.0,0.0,0.0,0.0,0.0,0.0,0.0,0.0,0.0,0.006346489802314131,0.006346489802314131
2018/07/21 09:00:00,2018/07/21 10:00:00,2018/07/21 14:00:00,0.8400459508051323,0.8400459508051323,0.0,0.0,0.051725674743941054,0.0,0.19039248045726945,0.038937813351627694,0.0,0.0041676887118432026,0.2399550100229572,0.0,0.019172607960423124,0.0,0.0,0.0,0.0,0.29569467555707063,0.0,0.0,0.0,0.0,0.0,0.0,0.0,0.0,0.0,0.0,0.0,0.0,0.0,0.0,0.0,0.0,0.0,0.0,0.002866353469399963,0.002866353469399963
2018/07/21 10:00:00,2018/07/21 11:00:00,2018/07/21 15:00:00,0.7634617378525074,0.7634617378525074,0.0,0.0,0.22054096219064387,0.0,0.18436831091973133,0.037705789962427363,0.0,0.004035819725633622,0.23647871378177573,0.0,0.08033214127229546,0.0,0.0,0.0,0.0,0.0,0.0,0.0,0.0,0.0,0.0,0.0,0.0,0.0,0.0,0.0,0.0,0.0,0.0,0.0,0.0,0.0,0.0,0.0,0.0026050374969967534,0.0026050374969967534
2018/07/21 11:00:00,2018/07/21 12:00:00,2018/07/21 16:00:00,1.055092685260299,1.055092685260299,0.0,0.0,0.43302114535207586,0.0,0.17602198736681157,0.03599885496218284,0.0,0.0038531188207798638,0.25158580738185676,0.0,0.15461177137659243,0.0,0.0,0.0,0.0,0.0,0.0,0.0,0.0,0.0,0.0,0.0,0.0,0.0,0.0,0.0,0.0,0.0,0.0,0.0,0.0,0.0,0.0,0.0,0.0036001227980871843,0.0036001227980871843
2018/07/21 12:00:00,2018/07/21 13:00:00,2018/07/21 17:00:00,1.3692620207821464,1.3692620207821464,0.0,0.0,0.6686789262482196,0.0,0.16999781782927342,0.03476683157298252,0.0,0.003721249834570283,0.2577264052368096,0.0,0.2343707900602907,0.0,0.0,0.0,0.0,0.0,0.0,0.0,0.0,0.0,0.0,0.0,0.0,0.0,0.0,0.0,0.0,0.0,0.0,0.0,0.0,0.0,0.0,0.0,0.00467211221008189,0.00467211221008189
2018/07/21 13:00:00,2018/07/21 14:00:00,2018/07/21 18:00:00,2.8357704364358813,2.8357704364358813,0.0,0.0,0.9759203646961329,0.0,0.16822511758810177,0.034404290620979855,0.0,0.00368244545129386,0.26549933396158615,0.0,0.3396086555589889,0.0,0.0,0.0,0.0,1.0484302285587974,0.0,0.0,0.0,0.0,0.0,0.0,0.0,0.0,0.0,0.0,0.0,0.0,0.0,0.0,0.0,0.0,0.0,0.0,0.009676042627322162,0.009676042627322162
2018/07/21 14:00:00,2018/07/21 15:00:00,2018/07/21 19:00:00,2.112470694055902,2.112470694055902,0.0,0.0,1.073815321812989,0.0,0.16806084117025163,0.03437069389236452,0.0,0.0036788494428241364,0.29490152653433727,0.0,0.37388948778113923,0.0,0.0,0.0,0.0,0.16375397342199627,0.0,0.0,0.0,0.0,0.0,0.0,0.0,0.0,0.0,0.0,0.0,0.0,0.0,0.0,0.0,0.0,0.0,0.0,0.007208043437516073,0.007208043437516073
2018/07/21 15:00:00,2018/07/21 16:00:00,2018/07/21 20:00:00,2.162442922001271,2.162442922001271,0.0,0.0,1.2448716477581578,0.0,0.1681697315801018,0.03439296344021823,0.0,0.003681233052359925,0.2828534135552759,0.0,0.4284739326151572,0.0,0.0,0.0,0.0,0.0,0.0,0.0,0.0,0.0,0.0,0.0,0.0,0.0,0.0,0.0,0.0,0.0,0.0,0.0,0.0,0.0,0.0,0.0,0.007378555620578878,0.007378555620578878
2018/07/21 16:00:00,2018/07/21 17:00:00,2018/07/21 21:00:00,2.520651442932546,2.520651442932546,0.0,0.0,1.4390072858312357,0.0,0.16880266044279316,0.034522405873349746,0.0,0.0036950878562371755,0.38312597586620323,0.0,0.491498027062727,0.0,0.0,0.0,0.0,0.0,0.0,0.0,0.0,0.0,0.0,0.0,0.0,0.0,0.0,0.0,0.0,0.0,0.0,0.0,0.0,0.0,0.0,0.0,0.00860081285038388,0.00860081285038388
2018/07/21 17:00:00,2018/07/21 18:00:00,2018/07/21 22:00:00,2.9421841368403627,2.9421841368403627,0.0,0.0,1.6403971433363564,0.0,0.1717145238173748,0.035117920949956714,0.0,0.003758828504436762,0.5342588683228459,0.0,0.5569368519093923,0.0,0.0,0.0,0.0,0.0,0.0,0.0,0.0,0.0,0.0,0.0,0.0,0.0,0.0,0.0,0.0,0.0,0.0,0.0,0.0,0.0,0.0,0.0,0.010039140954328835,0.010039140954328835
2018/07/21 18:00:00,2018/07/21 19:00:00,2018/07/21 23:00:00,4.44023556989141,4.44023556989141,0.0,0.0,1.7662693166113819,0.0,0.1818979459965967,0.03720056723484694,0.0,0.003981743472309152,0.5498357040003157,0.0,0.6012915675092207,0.0,0.0,0.0,0.0,1.2997587250667393,0.0,0.0,0.0,0.0,0.0,0.0,0.0,0.0,0.0,0.0,0.0,0.0,0.0,0.0,0.0,0.0,0.0,0.0,0.015150700528361632,0.015150700528361632
2018/07/21 19:00:00,2018/07/21 20:00:00,2018/07/22 00:00:00,4.519567504256414,4.519567504256414,0.0,0.0,1.508984882357733,0.0,0.20868362281410827,0.042678597049429695,0.0,0.004568081560049322,0.9126247247527343,0.0,0.5232067248915078,0.0,0.0,0.0,0.0,1.3188208708308526,0.0,0.0,0.0,0.0,0.0,0.0,0.0,0.0,0.0,0.0,0.0,0.0,0.0,0.0,0.0,0.0,0.0,0.0,0.01542139210789177,0.01542139210789177
2018/07/21 20:00:00,2018/07/21 21:00:00,2018/07/22 01:00:00,2.751264201619543,2.751264201619543,0.0,0.0,1.1684597821636669,0.0,0.26064649742492013,0.05330570116588627,0.0,0.005705548152376266,0.48758957745724624,0.0,0.41176755927798453,0.0,0.0,0.0,0.0,0.36378953597746294,0.0,0.0,0.0,0.0,0.0,0.0,0.0,0.0,0.0,0.0,0.0,0.0,0.0,0.0,0.0,0.0,0.0,0.0,0.009387695615924058,0.009387695615924058
2018/07/21 21:00:00,2018/07/21 22:00:00,2018/07/22 02:00:00,2.0457739176793086,2.0457739176793086,0.0,0.0,0.8653439238203874,0.0,0.3319434669994661,0.06788688676293725,0.0,0.007266237810764074,0.4632829053811929,0.0,0.3100504969045606,0.0,0.0,0.0,0.0,0.0,0.0,0.0,0.0,0.0,0.0,0.0,0.0,0.0,0.0,0.0,0.0,0.0,0.0,0.0,0.0,0.0,0.0,0.0,0.006980464772109006,0.006980464772109006
2018/07/21 22:00:00,2018/07/21 23:00:00,2018/07/22 03:00:00,1.5996785030407772,1.5996785030407772,0.0,0.0,0.6330602928171362,0.0,0.2775611504815452,0.05676497435800282,0.0,0.006075809669215224,0.39627516927644474,0.0,0.22994110643843302,0.0,0.0,0.0,0.0,0.0,0.0,0.0,0.0,0.0,0.0,0.0,0.0,0.0,0.0,0.0,0.0,0.0,0.0,0.0,0.0,0.0,0.0,0.0,0.005458325253185016,0.005458325253185016
2018/07/21 23:00:00,2018/07/22 00:00:00,2018/07/22 04:00:00,1.099961289006152,1.099961289006152,0.0,0.0,0.4400096419750163,0.0,0.13094360677997474,0.026779722120023,0.0,0.002866353705536267,0.3380365894132003,0.0,0.16132537501240124,0.0,0.0,0.0,0.0,0.0,0.0,0.0,0.0,0.0,0.0,0.0,0.0,0.0,0.0,0.0,0.0,0.0,0.0,0.0,0.0,0.0,0.0,0.0,0.003753220706470402,0.003753220706470402
2018/07/22 00:00:00,2018/07/22 01:00:00,2018/07/22 05:00:00,0.7819783015346412,0.7819783015346412,0.0,0.0,0.29103555000899206,0.0,0.06501908921459039,0.013297274945155983,0.0,0.0014232669458539432,0.30359413995633894,0.0,0.10760898046370991,0.0,0.0,0.0,0.0,0.0,0.0,0.0,0.0,0.0,0.0,0.0,0.0,0.0,0.0,0.0,0.0,0.0,0.0,0.0,0.0,0.0,0.0,0.0,0.0026682185842941573,0.0026682185842941573
2018/07/22 01:00:00,2018/07/22 02:00:00,2018/07/22 06:00:00,0.5993490142279705,0.5993490142279705,0.0,0.0,0.18964587524882234,0.0,0.03901145352875434,0.00797836496709361,0.0,0.0008539601675123682,0.2912227495572465,0.0,0.0706366107585414,0.0,0.0,0.0,0.0,0.0,0.0,0.0,0.0,0.0,0.0,0.0,0.0,0.0,0.0,0.0,0.0,0.0,0.0,0.0,0.0,0.0,0.0,0.0,0.0020450620881717787,0.0020450620881717787
2018/07/22 02:00:00,2018/07/22 03:00:00,2018/07/22 07:00:00,0.4834670367577223,0.4834670367577223,0.0,0.0,0.13866521113223026,0.0,0.026007635685836212,0.005318909978062404,0.0,0.0005693067783415784,0.2611065534058968,0.0,0.0517994197773551,0.0,0.0,0.0,0.0,0.0,0.0,0.0,0.0,0.0,0.0,0.0,0.0,0.0,0.0,0.0,0.0,0.0,0.0,0.0,0.0,0.0,0.0,0.0,0.0016496566846406734,0.0016496566846406734
2018/07/22 03:00:00,2018/07/22 04:00:00,2018/07/22 08:00:00,0.41747994140111083,0.41747994140111083,0.0,0.0,0.09908788675391197,0.0,0.026007635685836212,0.005318909978062404,0.0,0.0005693067783415784,0.249355504618253,0.0,0.03714069758670568,0.0,0.0,0.0,0.0,0.0,0.0,0.0,0.0,0.0,0.0,0.0,0.0,0.0,0.0,0.0,0.0,0.0,0.0,0.0,0.0,0.0,0.0,0.0,0.0014244995494509041,0.0014244995494509041
2018/07/22 04:00:00,2018/07/22 05:00:00,2018/07/22 09:00:00,0.34199008561221217,0.34199008561221217,0.0,0.0,0.05343197999753072,0.0,0.02669452379982011,0.005459387801091553,0.0,0.0005843427494685605,0.23565718915575795,0.0,0.02016266210854323,0.0,0.0,0.0,0.0,0.0,0.0,0.0,0.0,0.0,0.0,0.0,0.0,0.0,0.0,0.0,0.0,0.0,0.0,0.0,0.0,0.0,0.0,0.0,0.0011669176757002776,0.0011669176757002776
2018/07/22 05:00:00,2018/07/22 06:00:00,2018/07/22 10:00:00,0.364397285181924,0.364397285181924,0.0,0.0,0.01752987622531122,0.0,0.06826790434137907,0.013961701169957616,0.0,0.0014943834631568494,0.25648756499062997,0.0,0.006655854991489328,0.0,0.0,0.0,0.0,0.0,0.0,0.0,0.0,0.0,0.0,0.0,0.0,0.0,0.0,0.0,0.0,0.0,0.0,0.0,0.0,0.0,0.0,0.0,0.0012433741530687161,0.0012433741530687161
2018/07/22 06:00:00,2018/07/22 07:00:00,2018/07/22 11:00:00,1.049273224950921,1.049273224950921,0.0,0.0,0.030898610334355005,0.0,0.16027419424790706,0.03277822026226586,0.0,0.0035083998515197806,0.3136858324949231,0.0,0.011776665356094061,0.0,0.0,0.0,0.0,0.4963513024038561,0.0,0.0,0.0,0.0,0.0,0.0,0.0,0.0,0.0,0.0,0.0,0.0,0.0,0.0,0.0,0.0,0.0,0.0,0.003580265991168665,0.003580265991168665
2018/07/22 07:00:00,2018/07/22 08:00:00,2018/07/22 12:00:00,2.203525760649495,2.203525760649495,0.0,0.0,0.24002666195991376,0.0,0.20282286112768447,0.04147999275530918,0.0,0.004439789569395871,0.35862554090222465,0.0,0.09054058312717511,0.0,0.0,0.0,0.0,1.2655903312077919,0.0,0.0,0.0,0.0,0.0,0.0,0.0,0.0,0.0,0.0,0.0,0.0,0.0,0.0,0.0,0.0,0.0,0.0,0.00751873597259328,0.00751873597259328
2018/07/22 08:00:00,2018/07/22 09:00:00,2018/07/22 13:00:00,1.9484444967929246,1.9484444967929246,0.0,0.0,0.06441999472530825,0.0,0.1999580326166028,0.04089409693851532,0.0,0.0043770785136948995,0.2959239672796783,0.0,0.024050455888272298,0.0,0.0,0.0,0.0,1.3188208708308526,0.0,0.0,0.0,0.0,0.0,0.0,0.0,0.0,0.0,0.0,0.0,0.0,0.0,0.0,0.0,0.0,0.0,0.0,0.006648363268655546,0.006648363268655546
2018/07/22 09:00:00,2018/07/22 10:00:00,2018/07/22 14:00:00,1.9533697819466211,1.9533697819466211,0.0,0.0,0.11773223626120502,0.0,0.19039248045726945,0.038937813351627694,0.0,0.0041676887118432026,0.2399550100229572,0.0,0.043363682310865896,0.0,0.0,0.0,0.0,1.3188208708308526,0.0,0.0,0.0,0.0,0.0,0.0,0.0,0.0,0.0,0.0,0.0,0.0,0.0,0.0,0.0,0.0,0.0,0.0,0.006665169025738895,0.006665169025738895
2018/07/22 10:00:00,2018/07/22 11:00:00,2018/07/22 15:00:00,1.107897506770382,1.107897506770382,0.0,0.0,0.2944390061469304,0.0,0.18436831091973133,0.037705789962427363,0.0,0.004035819725633622,0.2708157574499429,0.0,0.10650991193969404,0.0,0.0,0.0,0.0,0.2100229106260224,0.0,0.0,0.0,0.0,0.0,0.0,0.0,0.0,0.0,0.0,0.0,0.0,0.0,0.0,0.0,0.0,0.0,0.0,0.0037803001838497188,0.0037803001838497188
2018/07/22 11:00:00,2018/07/22 12:00:00,2018/07/22 16:00:00,2.0940942574772516,2.0940942574772516,0.0,0.0,0.6301751005255981,0.0,0.17602198736681157,0.03599885496218284,0.0,0.0038531188207798638,1.0256481211401582,0.0,0.22239707466172118,0.0,0.0,0.0,0.0,0.0,0.0,0.0,0.0,0.0,0.0,0.0,0.0,0.0,0.0,0.0,0.0,0.0,0.0,0.0,0.0,0.0,0.0,0.0,0.007145340483359888,0.007145340483359888
2018/07/22 12:00:00,2018/07/22 13:00:00,2018/07/22 17:00:00,1.7256149669490062,1.7256149669490062,0.0,0.0,0.9383180397254391,0.0,0.16999781782927342,0.03476683157298252,0.0,0.003721249834570283,0.2577264052368096,0.0,0.3210846227499312,0.0,0.0,0.0,0.0,0.0,0.0,0.0,0.0,0.0,0.0,0.0,0.0,0.0,0.0,0.0,0.0,0.0,0.0,0.0,0.0,0.0,0.0,0.0,0.005888037961045032,0.005888037961045032
2018/07/22 13:00:00,2018/07/22 14:00:00,2018/07/22 18:00:00,2.6284091611635723,2.6284091611635723,0.0,0.0,1.2836696812800277,0.0,0.16822511758810177,0.034404290620979855,0.0,0.00368244545129386,0.26549933396158615,0.0,0.4280558092182909,0.0,0.0,0.0,0.0,0.4448724830432923,0.0,0.0,0.0,0.0,0.0,0.0,0.0,0.0,0.0,0.0,0.0,0.0,0.0,0.0,0.0,0.0,0.0,0.0,0.008968497152903392,0.008968497152903392
2018/07/22 14:00:00,2018/07/22 15:00:00,2018/07/22 19:00:00,2.4377379683240115,2.4377379683240115,0.0,0.0,1.452851657485096,0.0,0.16806084117025163,0.03437069389236452,0.0,0.0036788494428241364,0.29490152653433727,0.0,0.48387439979913743,0.0,0.0,0.0,0.0,0.0,0.0,0.0,0.0,0.0,0.0,0.0,0.0,0.0,0.0,0.0,0.0,0.0,0.0,0.0,0.0,0.0,0.0,0.0,0.008317900558054637,0.008317900558054637
2018/07/22 15:00:00,2018/07/22 16:00:00,2018/07/22 20:00:00,2.8061065484330125,2.8061065484330125,0.0,0.0,1.7279721919526243,0.0,0.1681697315801018,0.03439296344021823,0.0,0.003681233052359925,0.3132996244288172,0.0,0.5585908039788915,0.0,0.0,0.0,0.0,0.0,0.0,0.0,0.0,0.0,0.0,0.0,0.0,0.0,0.0,0.0,0.0,0.0,0.0,0.0,0.0,0.0,0.0,0.0,0.009574825321040975,0.009574825321040975
2018/07/22 16:00:00,2018/07/22 17:00:00,2018/07/22 21:00:00,3.9766408541657587,3.9766408541657587,0.0,0.0,2.0483157638838425,0.0,0.16880266044279316,0.034522405873349746,0.0,0.0036950878562371755,1.0694769809702034,0.0,0.6518279551393331,0.0,0.0,0.0,0.0,0.0,0.0,0.0,0.0,0.0,0.0,0.0,0.0,0.0,0.0,0.0,0.0,0.0,0.0,0.0,0.0,0.0,0.0,0.0,0.013568850963415674,0.013568850963415674
2018/07/22 17:00:00,2018/07/22 18:00:00,2018/07/22 22:00:00,3.661011633842556,3.661011633842556,0.0,0.0,2.2088661735454154,0.0,0.1717145238173748,0.035117920949956714,0.0,0.003758828504436762,0.5342588683228459,0.0,0.707295318702526,0.0,0.0,0.0,0.0,0.0,0.0,0.0,0.0,0.0,0.0,0.0,0.0,0.0,0.0,0.0,0.0,0.0,0.0,0.0,0.0,0.0,0.0,0.0,0.012491880221695756,0.012491880221695756
2018/07/22 18:00:00,2018/07/22 19:00:00,2018/07/22 23:00:00,4.322698778785396,4.322698778785396,0.0,0.0,2.152703253267974,0.0,0.1818979459965967,0.03720056723484694,0.0,0.003981743472309152,0.5498357040003157,0.0,0.7090157470541265,0.0,0.0,0.0,0.0,0.6880638177592265,0.0,0.0,0.0,0.0,0.0,0.0,0.0,0.0,0.0,0.0,0.0,0.0,0.0,0.0,0.0,0.0,0.0,0.0,0.014749648670846023,0.014749648670846023
2018/07/22 19:00:00,2018/07/22 20:00:00,2018/07/23 00:00:00,3.3871664910732586,3.3871664910732586,0.0,0.0,1.8284920436896865,0.0,0.20868362281410827,0.042678597049429695,0.0,0.004568081560049322,0.49840003857373244,0.0,0.6261098987887775,0.0,0.0,0.0,0.0,0.17823420859747532,0.0,0.0,0.0,0.0,0.0,0.0,0.0,0.0,0.0,0.0,0.0,0.0,0.0,0.0,0.0,0.0,0.0,0.0,0.011557482556540905,0.011557482556540905
2018/07/22 20:00:00,2018/07/22 21:00:00,2018/07/23 01:00:00,2.7541164383150356,2.7541164383150356,0.0,0.0,1.4140009244556293,0.0,0.26064649742492013,0.05330570116588627,0.0,0.005705548152376266,0.5258812363301948,0.0,0.494576530786029,0.0,0.0,0.0,0.0,0.0,0.0,0.0,0.0,0.0,0.0,0.0,0.0,0.0,0.0,0.0,0.0,0.0,0.0,0.0,0.0,0.0,0.0,0.0,0.009397427843714501,0.009397427843714501
2018/07/22 21:00:00,2018/07/22 22:00:00,2018/07/23 02:00:00,3.192562974079254,3.192562974079254,0.0,0.0,1.0793299977060553,0.0,0.3319434669994661,0.06788688676293725,0.0,0.007266237810764074,1.3264943790095027,0.0,0.3796420057905285,0.0,0.0,0.0,0.0,0.0,0.0,0.0,0.0,0.0,0.0,0.0,0.0,0.0,0.0,0.0,0.0,0.0,0.0,0.0,0.0,0.0,0.0,0.0,0.010893468325463923,0.010893468325463923
2018/07/22 22:00:00,2018/07/22 23:00:00,2018/07/23 03:00:00,2.4756063824572916,2.4756063824572916,0.0,0.0,0.7979138968610742,0.0,0.2775611504815452,0.05676497435800282,0.0,0.006075809669215224,0.39627516927644474,0.0,0.28395867495062244,0.0,0.0,0.0,0.0,0.6570567068603866,0.0,0.0,0.0,0.0,0.0,0.0,0.0,0.0,0.0,0.0,0.0,0.0,0.0,0.0,0.0,0.0,0.0,0.0,0.008447112847129502,0.008447112847129502
2018/07/22 23:00:00,2018/07/23 00:00:00,2018/07/23 04:00:00,1.5915291598427679,1.5915291598427679,0.0,0.0,0.5672693263179738,0.0,0.13094360677997474,0.026779722120023,0.0,0.002866353705536267,0.3380365894132003,0.0,0.2059116171778386,0.0,0.0,0.0,0.0,0.31972194432822126,0.0,0.0,0.0,0.0,0.0,0.0,0.0,0.0,0.0,0.0,0.0,0.0,0.0,0.0,0.0,0.0,0.0,0.0,0.005430518562221794,0.005430518562221794
2018/07/23 00:00:00,2018/07/23 01:00:00,2018/07/23 05:00:00,1.0871051581752567,1.0871051581752567,0.0,0.0,0.3971989905254219,0.0,0.06501908921459039,0.013297274945155983,0.0,0.0014232669458539432,0.30359413995633894,0.0,0.14533557199395492,0.0,0.0,0.0,0.0,0.16123682459394073,0.0,0.0,0.0,0.0,0.0,0.0,0.0,0.0,0.0,0.0,0.0,0.0,0.0,0.0,0.0,0.0,0.0,0.0,0.003709353802314888,0.003709353802314888
2018/07/23 01:00:00,2018/07/23 02:00:00,2018/07/23 06:00:00,0.7169361131038066,0.7169361131038066,0.0,0.0,0.2763443072048331,0.0,0.03901145352875434,0.00797836496709361,0.0,0.0008539601675123682,0.2912227495572465,0.0,0.10152527767836673,0.0,0.0,0.0,0.0,0.0,0.0,0.0,0.0,0.0,0.0,0.0,0.0,0.0,0.0,0.0,0.0,0.0,0.0,0.0,0.0,0.0,0.0,0.0,0.002446285602785939,0.002446285602785939
2018/07/23 02:00:00,2018/07/23 03:00:00,2018/07/23 07:00:00,0.5325138078934676,0.5325138078934676,0.0,0.0,0.17438590621258368,0.0,0.026007635685836212,0.005318909978062404,0.0,0.0005693067783415784,0.2611065534058968,0.0,0.06512549583274692,0.0,0.0,0.0,0.0,0.0,0.0,0.0,0.0,0.0,0.0,0.0,0.0,0.0,0.0,0.0,0.0,0.0,0.0,0.0,0.0,0.0,0.0,0.0,0.001817011080519931,0.001817011080519931
2018/07/23 03:00:00,2018/07/23 04:00:00,2018/07/23 08:00:00,0.415816328471512,0.415816328471512,0.0,0.0,0.09769870812415943,0.0,0.026007635685836212,0.005318909978062404,0.0,0.0005693067783415784,0.249355504618253,0.0,0.03686626328685932,0.0,0.0,0.0,0.0,0.0,0.0,0.0,0.0,0.0,0.0,0.0,0.0,0.0,0.0,0.0,0.0,0.0,0.0,0.0,0.0,0.0,0.0,0.0,0.0014188230710535927,0.0014188230710535927
2018/07/23 04:00:00,2018/07/23 05:00:00,2018/07/23 09:00:00,0.3184943710157084,0.3184943710157084,0.0,0.0,0.03637742898842491,0.0,0.02669452379982011,0.005459387801091553,0.0,0.0005843427494685605,0.23565718915575795,0.0,0.013721498521145323,0.0,0.0,0.0,0.0,0.0,0.0,0.0,0.0,0.0,0.0,0.0,0.0,0.0,0.0,0.0,0.0,0.0,0.0,0.0,0.0,0.0,0.0,0.0,0.0010867470338619687,0.0010867470338619687
2018/07/23 05:00:00,2018/07/23 06:00:00,2018/07/23 10:00:00,0.35403886837097237,0.35403886837097237,0.0,0.0,0.010033991828663812,0.0,0.06826790434137907,0.013961701169957616,0.0,0.0014943834631568494,0.25648756499062997,0.0,0.003793322577185059,0.0,0.0,0.0,0.0,0.0,0.0,0.0,0.0,0.0,0.0,0.0,0.0,0.0,0.0,0.0,0.0,0.0,0.0,0.0,0.0,0.0,0.0,0.0,0.0012080297960902612,0.0012080297960902612
2018/07/23 06:00:00,2018/07/23 07:00:00,2018/07/23 11:00:00,0.5408454667294263,0.5408454667294263,0.0,0.0,0.022176684278130764,0.0,0.16027419424790706,0.03277822026226586,0.0,0.0035083998515197806,0.3136858324949231,0.0,0.008422135594679766,0.0,0.0,0.0,0.0,0.0,0.0,0.0,0.0,0.0,0.0,0.0,0.0,0.0,0.0,0.0,0.0,0.0,0.0,0.0,0.0,0.0,0.0,0.0,0.0018454398577641023,0.0018454398577641023
2018/07/23 07:00:00,2018/07/23 08:00:00,2018/07/23 12:00:00,1.2359634392041274,1.2359634392041274,0.0,0.0,0.15333299238916226,0.0,0.20282286112768447,0.04147999275530918,0.0,0.004439789569395871,0.35862554090222465,0.0,0.05727163286811906,0.0,0.0,0.0,0.0,0.41799062959223193,0.0,0.0,0.0,0.0,0.0,0.0,0.0,0.0,0.0,0.0,0.0,0.0,0.0,0.0,0.0,0.0,0.0,0.0,0.004217278934109251,0.004217278934109251
2018/07/23 08:00:00,2018/07/23 09:00:00,2018/07/23 13:00:00,2.539528272259849,2.539528272259849,0.0,0.0,0.6158423034095266,0.0,0.1999580326166028,0.04089409693851532,0.0,0.0043770785136948995,0.36908418990542324,0.0,0.22173737863943777,0.0,0.0,0.0,0.0,1.0876351922366483,0.0,0.0,0.0,0.0,0.0,0.0,0.0,0.0,0.0,0.0,0.0,0.0,0.0,0.0,0.0,0.0,0.0,0.0,0.00866522321410473,0.00866522321410473
2018/07/23 09:00:00,2018/07/23 10:00:00,2018/07/23 14:00:00,4.579204450396275,4.579204450396275,0.0,0.0,0.835620809514558,0.0,0.19039248045726945,0.038937813351627694,0.0,0.0041676887118432026,1.9054970893673877,0.0,0.2857676981627354,0.0,0.0,0.0,0.0,1.3188208708308526,0.0,0.0,0.0,0.0,0.0,0.0,0.0,0.0,0.0,0.0,0.0,0.0,0.0,0.0,0.0,0.0,0.0,0.0,0.015624881651896561,0.015624881651896561
2018/07/23 10:00:00,2018/07/23 11:00:00,2018/07/23 15:00:00,3.7710788617413704,3.7710788617413704,0.0,0.0,1.217098142601685,0.0,0.18436831091973133,0.037705789962427363,0.0,0.004035819725633622,0.6065962137593854,0.0,0.40245371394165524,0.0,0.0,0.0,0.0,1.3188208708308526,0.0,0.0,0.0,0.0,0.0,0.0,0.0,0.0,0.0,0.0,0.0,0.0,0.0,0.0,0.0,0.0,0.0,0.0,0.012867444892000545,0.012867444892000545
2018/07/23 11:00:00,2018/07/23 12:00:00,2018/07/23 16:00:00,3.928836790063093,3.928836790063093,0.0,0.0,1.543495913014656,0.0,0.17602198736681157,0.03599885496218284,0.0,0.0038531188207798638,0.3557889691610797,0.0,0.49485707590673,0.0,0.0,0.0,0.0,1.3188208708308526,0.0,0.0,0.0,0.0,0.0,0.0,0.0,0.0,0.0,0.0,0.0,0.0,0.0,0.0,0.0,0.0,0.0,0.0,0.013405736856549538,0.013405736856549538
2018/07/23 12:00:00,2018/07/23 13:00:00,2018/07/23 17:00:00,3.731452990398661,3.731452990398661,0.0,0.0,1.8277844834275592,0.0,0.16999781782927342,0.03476683157298252,0.0,0.003721249834570283,1.0940979895052667,0.0,0.5729057993829357,0.0,0.0,0.0,0.0,0.028178818846073348,0.0,0.0,0.0,0.0,0.0,0.0,0.0,0.0,0.0,0.0,0.0,0.0,0.0,0.0,0.0,0.0,0.0,0.0,0.012732235914810297,0.012732235914810297
2018/07/23 13:00:00,2018/07/23 14:00:00,2018/07/23 18:00:00,3.064712789411417,3.064712789411417,0.0,0.0,1.969060530470254,0.0,0.16822511758810177,0.034404290620979855,0.0,0.00368244545129386,0.26549933396158615,0.0,0.6238410713192013,0.0,0.0,0.0,0.0,0.0,0.0,0.0,0.0,0.0,0.0,0.0,0.0,0.0,0.0,0.0,0.0,0.0,0.0,0.0,0.0,0.0,0.0,0.0,0.010457225736549773,0.010457225736549773
2018/07/23 14:00:00,2018/07/23 15:00:00,2018/07/23 19:00:00,3.2356083567572473,3.2356083567572473,0.0,0.0,2.0747921025684914,0.0,0.16806084117025163,0.03437069389236452,0.0,0.0036788494428241364,0.29490152653433727,0.0,0.6598043431489786,0.0,0.0,0.0,0.0,0.0,0.0,0.0,0.0,0.0,0.0,0.0,0.0,0.0,0.0,0.0,0.0,0.0,0.0,0.0,0.0,0.0,0.0,0.0,0.01104034515031197,0.01104034515031197
2018/07/23 15:00:00,2018/07/23 16:00:00,2018/07/23 20:00:00,4.05173570796063,4.05173570796063,0.0,0.0,2.258307949410485,0.0,0.1681697315801018,0.03439296344021823,0.0,0.003681233052359925,0.2828534135552759,0.0,0.7089354662730999,0.0,0.0,0.0,0.0,0.59539495064909,0.0,0.0,0.0,0.0,0.0,0.0,0.0,0.0,0.0,0.0,0.0,0.0,0.0,0.0,0.0,0.0,0.0,0.0,0.013825085035495554,0.013825085035495554
2018/07/23 16:00:00,2018/07/23 17:00:00,2018/07/23 21:00:00,3.672978544892516,3.672978544892516,0.0,0.0,2.3529004016318664,0.0,0.16880266044279316,0.034522405873349746,0.0,0.0036950878562371755,0.38312597586620323,0.0,0.7299320132220664,0.0,0.0,0.0,0.0,0.0,0.0,0.0,0.0,0.0,0.0,0.0,0.0,0.0,0.0,0.0,0.0,0.0,0.0,0.0,0.0,0.0,0.0,0.0,0.012532712984443053,0.012532712984443053
2018/07/23 17:00:00,2018/07/23 18:00:00,2018/07/23 22:00:00,3.8224005674077097,3.8224005674077097,0.0,0.0,2.347618412591029,0.0,0.1717145238173748,0.035117920949956714,0.0,0.003758828504436762,0.5342588683228459,0.0,0.7299320132220664,0.0,0.0,0.0,0.0,0.0,0.0,0.0,0.0,0.0,0.0,0.0,0.0,0.0,0.0,0.0,0.0,0.0,0.0,0.0,0.0,0.0,0.0,0.0,0.013042561680494369,0.013042561680494369
2018/07/23 18:00:00,2018/07/23 19:00:00,2018/07/23 23:00:00,3.8456800087491954,3.8456800087491954,0.0,0.0,2.2846566623552245,0.0,0.1818979459965967,0.03720056723484694,0.0,0.003981743472309152,0.5498357040003157,0.0,0.7255693848799862,0.0,0.0,0.0,0.0,0.06253800080991577,0.0,0.0,0.0,0.0,0.0,0.0,0.0,0.0,0.0,0.0,0.0,0.0,0.0,0.0,0.0,0.0,0.0,0.0,0.013121994367945464,0.013121994367945464
2018/07/23 19:00:00,2018/07/23 20:00:00,2018/07/24 00:00:00,4.695158715083944,4.695158715083944,0.0,0.0,1.9744438066681116,0.0,0.20868362281410827,0.042678597049429695,0.0,0.004568081560049322,0.49840003857373244,0.0,0.6475636975876602,0.0,0.0,0.0,0.0,1.3188208708308526,0.0,0.0,0.0,0.0,0.0,0.0,0.0,0.0,0.0,0.0,0.0,0.0,0.0,0.0,0.0,0.0,0.0,0.0,0.01602053370945445,0.01602053370945445
2018/07/23 20:00:00,2018/07/23 21:00:00,2018/07/24 01:00:00,3.0633252591997575,3.0633252591997575,0.0,0.0,1.5080844319205484,0.0,0.26064649742492013,0.05330570116588627,0.0,0.005705548152376266,0.48758957745724624,0.0,0.509041604279806,0.0,0.0,0.0,0.0,0.2389518987989743,0.0,0.0,0.0,0.0,0.0,0.0,0.0,0.0,0.0,0.0,0.0,0.0,0.0,0.0,0.0,0.0,0.0,0.0,0.010452491290734904,0.010452491290734904
2018/07/23 21:00:00,2018/07/23 22:00:00,2018/07/24 02:00:00,2.654933431937869,2.654933431937869,0.0,0.0,1.1473648524088507,0.0,0.3319434669994661,0.06788688676293725,0.0,0.007266237810764074,0.4632829053811929,0.0,0.3963482801764434,0.0,0.0,0.0,0.0,0.24084080239821415,0.0,0.0,0.0,0.0,0.0,0.0,0.0,0.0,0.0,0.0,0.0,0.0,0.0,0.0,0.0,0.0,0.0,0.0,0.009059001649097132,0.009059001649097132
2018/07/23 22:00:00,2018/07/23 23:00:00,2018/07/24 03:00:00,2.099732328071019,2.099732328071019,0.0,0.0,0.8643600681028268,0.0,0.2775611504815452,0.05676497435800282,0.0,0.006075809669215224,0.39627516927644474,0.0,0.30354760110497175,0.0,0.0,0.0,0.0,0.19514755507801285,0.0,0.0,0.0,0.0,0.0,0.0,0.0,0.0,0.0,0.0,0.0,0.0,0.0,0.0,0.0,0.0,0.0,0.0,0.0071645783633730925,0.0071645783633730925
2018/07/23 23:00:00,2018/07/24 00:00:00,2018/07/24 04:00:00,1.357768689780577,1.357768689780577,0.0,0.0,0.6330379169722802,0.0,0.13094360677997474,0.026779722120023,0.0,0.002866353705536267,0.3380365894132003,0.0,0.22610450078956246,0.0,0.0,0.0,0.0,0.0,0.0,0.0,0.0,0.0,0.0,0.0,0.0,0.0,0.0,0.0,0.0,0.0,0.0,0.0,0.0,0.0,0.0,0.0,0.004632895368241589,0.004632895368241589
2018/07/24 00:00:00,2018/07/24 01:00:00,2018/07/24 05:00:00,1.0289550523330224,1.0289550523330224,0.0,0.0,0.4738579465517885,0.0,0.06501908921459039,0.013297274945155983,0.0,0.0014232669458539432,0.30359413995633894,0.0,0.17176333471929486,0.0,0.0,0.0,0.0,0.0,0.0,0.0,0.0,0.0,0.0,0.0,0.0,0.0,0.0,0.0,0.0,0.0,0.0,0.0,0.0,0.0,0.0,0.0,0.003510937563932795,0.003510937563932795
2018/07/24 01:00:00,2018/07/24 02:00:00,2018/07/24 06:00:00,0.8071076430474666,0.8071076430474666,0.0,0.0,0.34277829307631946,0.0,0.03901145352875434,0.00797836496709361,0.0,0.0008539601675123682,0.2912227495572465,0.0,0.1252628217505404,0.0,0.0,0.0,0.0,0.0,0.0,0.0,0.0,0.0,0.0,0.0,0.0,0.0,0.0,0.0,0.0,0.0,0.0,0.0,0.0,0.0,0.0,0.0,0.002753963388087316,0.002753963388087316
2018/07/24 02:00:00,2018/07/24 03:00:00,2018/07/24 07:00:00,0.6208647409229983,0.6208647409229983,0.0,0.0,0.23996029014188655,0.0,0.026007635685836212,0.005318909978062404,0.0,0.0005693067783415784,0.2611065534058968,0.0,0.08790204493297478,0.0,0.0,0.0,0.0,0.0,0.0,0.0,0.0,0.0,0.0,0.0,0.0,0.0,0.0,0.0,0.0,0.0,0.0,0.0,0.0,0.0,0.0,0.0,0.002118476736263167,0.002118476736263167
2018/07/24 03:00:00,2018/07/24 04:00:00,2018/07/24 08:00:00,0.5130734800988891,0.5130734800988891,0.0,0.0,0.16942744639874352,0.0,0.026007635685836212,0.005318909978062404,0.0,0.0005693067783415784,0.249355504618253,0.0,0.062394676639652286,0.0,0.0,0.0,0.0,0.0,0.0,0.0,0.0,0.0,0.0,0.0,0.0,0.0,0.0,0.0,0.0,0.0,0.0,0.0,0.0,0.0,0.0,0.0,0.0017506779817568743,0.0017506779817568743
2018/07/24 04:00:00,2018/07/24 05:00:00,2018/07/24 09:00:00,0.8424401364736559,0.8424401364736559,0.0,0.0,0.11307578812572887,0.0,0.02669452379982011,0.005459387801091553,0.0,0.0005843427494685605,0.23565718915575795,0.0,0.042213729918631475,0.0,0.0,0.0,0.0,0.41875517492315734,0.0,0.0,0.0,0.0,0.0,0.0,0.0,0.0,0.0,0.0,0.0,0.0,0.0,0.0,0.0,0.0,0.0,0.0,0.0028745227634615358,0.0028745227634615358
2018/07/24 05:00:00,2018/07/24 06:00:00,2018/07/24 10:00:00,0.4449220633397026,0.4449220633397026,0.0,0.0,0.07619340077796043,0.0,0.06826790434137907,0.013961701169957616,0.0,0.0014943834631568494,0.25648756499062997,0.0,0.02851710859661866,0.0,0.0,0.0,0.0,0.0,0.0,0.0,0.0,0.0,0.0,0.0,0.0,0.0,0.0,0.0,0.0,0.0,0.0,0.0,0.0,0.0,0.0,0.0,0.001518135881309881,0.001518135881309881
2018/07/24 06:00:00,2018/07/24 07:00:00,2018/07/24 11:00:00,0.6696845680227694,0.6696845680227694,0.0,0.0,0.11652799916337628,0.0,0.16027419424790706,0.03277822026226586,0.0,0.0035083998515197806,0.3136858324949231,0.0,0.04290992200277735,0.0,0.0,0.0,0.0,0.0,0.0,0.0,0.0,0.0,0.0,0.0,0.0,0.0,0.0,0.0,0.0,0.0,0.0,0.0,0.0,0.0,0.0,0.0,0.002285056767568379,0.002285056767568379
2018/07/24 07:00:00,2018/07/24 08:00:00,2018/07/24 12:00:00,1.8285537063511803,1.8285537063511803,0.0,0.0,0.3519470768381267,0.0,0.20282286112768447,0.04147999275530918,0.0,0.004439789569395871,0.4566829047179834,0.0,0.12794307009363648,0.0,0.0,0.0,0.0,0.6432380112490442,0.0,0.0,0.0,0.0,0.0,0.0,0.0,0.0,0.0,0.0,0.0,0.0,0.0,0.0,0.0,0.0,0.0,0.0,0.006239279238427876,0.006239279238427876
2018/07/24 08:00:00,2018/07/24 09:00:00,2018/07/24 13:00:00,5.114485485641288,5.114485485641288,0.0,0.0,0.772167090482916,0.0,0.1999580326166028,0.04089409693851532,0.0,0.0043770785136948995,2.506437797468054,0.0,0.27183051879065234,0.0,0.0,0.0,0.0,1.3188208708308526,0.0,0.0,0.0,0.0,0.0,0.0,0.0,0.0,0.0,0.0,0.0,0.0,0.0,0.0,0.0,0.0,0.0,0.0,0.0174513348965173,0.0174513348965173
2018/07/24 09:00:00,2018/07/24 10:00:00,2018/07/24 14:00:00,3.1472362779098386,3.1472362779098386,0.0,0.0,1.015373429767095,0.0,0.19039248045726945,0.038937813351627694,0.0,0.0041676887118432026,0.2399550100229572,0.0,0.3395889847681931,0.0,0.0,0.0,0.0,1.3188208708308526,0.0,0.0,0.0,0.0,0.0,0.0,0.0,0.0,0.0,0.0,0.0,0.0,0.0,0.0,0.0,0.0,0.0,0.0,0.010738807342100908,0.010738807342100908
2018/07/24 10:00:00,2018/07/24 11:00:00,2018/07/24 15:00:00,3.4498680055977005,3.4498680055977005,0.0,0.0,1.3713678304426298,0.0,0.18436831091973133,0.037705789962427363,0.0,0.004035819725633622,0.23647871378177573,0.0,0.4470996791162509,0.0,0.0,0.0,0.0,1.1688118616492518,0.0,0.0,0.0,0.0,0.0,0.0,0.0,0.0,0.0,0.0,0.0,0.0,0.0,0.0,0.0,0.0,0.0,0.0,0.011771428833552906,0.011771428833552906
2018/07/24 11:00:00,2018/07/24 12:00:00,2018/07/24 16:00:00,2.5528773570013343,2.5528773570013343,0.0,0.0,1.5746507193820192,0.0,0.17602198736681157,0.03599885496218284,0.0,0.0038531188207798638,0.25158580738185676,0.0,0.5107668690876842,0.0,0.0,0.0,0.0,0.0,0.0,0.0,0.0,0.0,0.0,0.0,0.0,0.0,0.0,0.0,0.0,0.0,0.0,0.0,0.0,0.0,0.0,0.0,0.008710772145476161,0.008710772145476161
2018/07/24 12:00:00,2018/07/24 13:00:00,2018/07/24 17:00:00,3.569681832167328,3.569681832167328,0.0,0.0,1.7081270697909567,0.0,0.16999781782927342,0.03476683157298252,0.0,0.003721249834570283,0.2577264052368096,0.0,0.5462116168332865,0.0,0.0,0.0,0.0,0.849130841069449,0.0,0.0,0.0,0.0,0.0,0.0,0.0,0.0,0.0,0.0,0.0,0.0,0.0,0.0,0.0,0.0,0.0,0.0,0.012180250252358369,0.012180250252358369
2018/07/24 13:00:00,2018/07/24 14:00:00,2018/07/24 18:00:00,2.9417666200738526,2.9417666200738526,0.0,0.0,1.8796203313351614,0.0,0.16822511758810177,0.034404290620979855,0.0,0.00368244545129386,0.26549933396158615,0.0,0.5903351011167298,0.0,0.0,0.0,0.0,0.0,0.0,0.0,0.0,0.0,0.0,0.0,0.0,0.0,0.0,0.0,0.0,0.0,0.0,0.0,0.0,0.0,0.0,0.0,0.010037716329126999,0.010037716329126999
2018/07/24 14:00:00,2018/07/24 15:00:00,2018/07/24 19:00:00,3.196687023651131,3.196687023651131,0.0,0.0,2.0539880568737416,0.0,0.16806084117025163,0.03437069389236452,0.0,0.0036788494428241364,0.29490152653433727,0.0,0.6416870557376116,0.0,0.0,0.0,0.0,0.0,0.0,0.0,0.0,0.0,0.0,0.0,0.0,0.0,0.0,0.0,0.0,0.0,0.0,0.0,0.0,0.0,0.0,0.0,0.010907540155447745,0.010907540155447745
2018/07/24 15:00:00,2018/07/24 16:00:00,2018/07/24 20:00:00,3.3595122786468603,3.3595122786468603,0.0,0.0,2.1827789640035067,0.0,0.1681697315801018,0.03439296344021823,0.0,0.003681233052359925,0.2828534135552759,0.0,0.6876359730153975,0.0,0.0,0.0,0.0,0.0,0.0,0.0,0.0,0.0,0.0,0.0,0.0,0.0,0.0,0.0,0.0,0.0,0.0,0.0,0.0,0.0,0.0,0.0,0.011463122542477437,0.011463122542477437
2018/07/24 16:00:00,2018/07/24 17:00:00,2018/07/24 21:00:00,3.6131302833113734,3.6131302833113734,0.0,0.0,2.303541038497762,0.0,0.16880266044279316,0.034522405873349746,0.0,0.0036950878562371755,0.38312597586620323,0.0,0.7194431147750284,0.0,0.0,0.0,0.0,0.0,0.0,0.0,0.0,0.0,0.0,0.0,0.0,0.0,0.0,0.0,0.0,0.0,0.0,0.0,0.0,0.0,0.0,0.0,0.01232850240280017,0.01232850240280017
2018/07/24 17:00:00,2018/07/24 18:00:00,2018/07/24 22:00:00,3.854600668485867,3.854600668485867,0.0,0.0,2.3798185136691865,0.0,0.1717145238173748,0.035117920949956714,0.0,0.003758828504436762,0.5342588683228459,0.0,0.7299320132220664,0.0,0.0,0.0,0.0,0.0,0.0,0.0,0.0,0.0,0.0,0.0,0.0,0.0,0.0,0.0,0.0,0.0,0.0,0.0,0.0,0.0,0.0,0.0,0.013152432898077104,0.013152432898077104
2018/07/24 18:00:00,2018/07/24 19:00:00,2018/07/24 23:00:00,3.8132999712754736,3.8132999712754736,0.0,0.0,2.312871431350884,0.0,0.1818979459965967,0.03720056723484694,0.0,0.003981743472309152,0.5498357040003157,0.0,0.7275125792205214,0.0,0.0,0.0,0.0,0.0,0.0,0.0,0.0,0.0,0.0,0.0,0.0,0.0,0.0,0.0,0.0,0.0,0.0,0.0,0.0,0.0,0.0,0.0,0.013011509182387283,0.013011509182387283
2018/07/24 19:00:00,2018/07/24 20:00:00,2018/07/25 00:00:00,5.199431234559453,5.199431234559453,0.0,0.0,2.2101252866096206,0.0,0.20868362281410827,0.042678597049429695,0.0,0.004568081560049322,0.8328620928618802,0.0,0.7151791331692304,0.0,0.0,0.0,0.0,1.185334420495134,0.0,0.0,0.0,0.0,0.0,0.0,0.0,0.0,0.0,0.0,0.0,0.0,0.0,0.0,0.0,0.0,0.0,0.0,0.01774118159108085,0.01774118159108085
2018/07/24 20:00:00,2018/07/24 21:00:00,2018/07/25 01:00:00,12.424865580278874,12.424865580278874,0.0,0.0,1.95953755812581,0.0,0.26064649742492013,0.05330570116588627,0.0,0.005705548152376266,8.180663383592446,0.0,0.6461860209865817,0.0,0.0,0.0,0.0,1.3188208708308526,0.0,0.0,0.0,0.0,0.0,0.0,0.0,0.0,0.0,0.0,0.0,0.0,0.0,0.0,0.0,0.0,0.0,0.0,0.042395367216194135,0.042395367216194135
2018/07/24 21:00:00,2018/07/24 22:00:00,2018/07/25 02:00:00,7.866466690253503,7.866466690253503,0.0,0.0,1.5987144973644725,0.0,0.3319434669994661,0.06788688676293725,0.0,0.007266237810764074,3.9984253274364,0.0,0.543409403048611,0.0,0.0,0.0,0.0,1.3188208708308526,0.0,0.0,0.0,0.0,0.0,0.0,0.0,0.0,0.0,0.0,0.0,0.0,0.0,0.0,0.0,0.0,0.0,0.0,0.02684147702624652,0.02684147702624652
2018/07/24 22:00:00,2018/07/24 23:00:00,2018/07/25 03:00:00,5.570993705585903,5.570993705585903,0.0,0.0,1.2712563314083218,0.0,0.2775611504815452,0.05676497435800282,0.0,0.006075809669215224,2.1974687642460076,0.0,0.4430458045919581,0.0,0.0,0.0,0.0,1.3188208708308526,0.0,0.0,0.0,0.0,0.0,0.0,0.0,0.0,0.0,0.0,0.0,0.0,0.0,0.0,0.0,0.0,0.0,0.0,0.019009004353519886,0.019009004353519886
2018/07/24 23:00:00,2018/07/25 00:00:00,2018/07/25 04:00:00,2.914669296831085,2.914669296831085,0.0,0.0,0.7777246825829259,0.0,0.13094360677997474,0.026779722120023,0.0,0.002866353705536267,0.3838973058415493,0.0,0.27363675497022305,0.0,0.0,0.0,0.0,1.3188208708308526,0.0,0.0,0.0,0.0,0.0,0.0,0.0,0.0,0.0,0.0,0.0,0.0,0.0,0.0,0.0,0.0,0.0,0.0,0.00994525649831189,0.00994525649831189
2018/07/25 00:00:00,2018/07/25 01:00:00,2018/07/25 05:00:00,2.512106388354517,2.512106388354517,0.0,0.0,0.5982132386796986,0.0,0.06501908921459039,0.013297274945155983,0.0,0.0014232669458539432,0.30359413995633894,0.0,0.21173850778202652,0.0,0.0,0.0,0.0,1.3188208708308526,0.0,0.0,0.0,0.0,0.0,0.0,0.0,0.0,0.0,0.0,0.0,0.0,0.0,0.0,0.0,0.0,0.0,0.0,0.008571655937226367,0.008571655937226367
2018/07/25 01:00:00,2018/07/25 02:00:00,2018/07/25 06:00:00,2.435309019090398,2.435309019090398,0.0,0.0,0.51233805820693,0.0,0.03901145352875434,0.00797836496709361,0.0,0.0008539601675123682,0.3742696688576567,0.0,0.18203664253159832,0.0,0.0,0.0,0.0,1.3188208708308526,0.0,0.0,0.0,0.0,0.0,0.0,0.0,0.0,0.0,0.0,0.0,0.0,0.0,0.0,0.0,0.0,0.0,0.0,0.0083096126458802,0.0083096126458802
2018/07/25 02:00:00,2018/07/25 03:00:00,2018/07/25 07:00:00,3.063400441609791,3.063400441609791,0.0,0.0,0.40797527435466063,0.0,0.026007635685836212,0.005318909978062404,0.0,0.0005693067783415784,2.203699011271895,0.0,0.14646185111865384,0.0,0.0,0.0,0.0,0.27336845242234137,0.0,0.0,0.0,0.0,0.0,0.0,0.0,0.0,0.0,0.0,0.0,0.0,0.0,0.0,0.0,0.0,0.0,0.0,0.010452747823561032,0.010452747823561032
2018/07/25 03:00:00,2018/07/25 04:00:00,2018/07/25 08:00:00,2.381250891433834,2.381250891433834,0.0,0.0,0.32008514512478214,0.0,0.026007635685836212,0.005318909978062404,0.0,0.0005693067783415784,1.9129224553933235,0.0,0.11634743847348863,0.0,0.0,0.0,0.0,0.0,0.0,0.0,0.0,0.0,0.0,0.0,0.0,0.0,0.0,0.0,0.0,0.0,0.0,0.0,0.0,0.0,0.0,0.0,0.008125158805457366,0.008125158805457366
2018/07/25 04:00:00,2018/07/25 05:00:00,2018/07/25 09:00:00,2.2848826766991426,2.2848826766991426,0.0,0.0,0.23533926615156092,0.0,0.02669452379982011,0.005459387801091553,0.0,0.0005843427494685605,1.930447409666837,0.0,0.08635774653036411,0.0,0.0,0.0,0.0,0.0,0.0,0.0,0.0,0.0,0.0,0.0,0.0,0.0,0.0,0.0,0.0,0.0,0.0,0.0,0.0,0.0,0.0,0.0,0.007796337070908298,0.007796337070908298
2018/07/25 05:00:00,2018/07/25 06:00:00,2018/07/25 10:00:00,0.5621728574150991,0.5621728574150991,0.0,0.0,0.16244906754818506,0.0,0.06826790434137907,0.013961701169957616,0.0,0.0014943834631568494,0.25648756499062997,0.0,0.059512235901790576,0.0,0.0,0.0,0.0,0.0,0.0,0.0,0.0,0.0,0.0,0.0,0.0,0.0,0.0,0.0,0.0,0.0,0.0,0.0,0.0,0.0,0.0,0.0,0.001918211877231056,0.001918211877231056
2018/07/25 06:00:00,2018/07/25 07:00:00,2018/07/25 11:00:00,1.1534838659392104,1.1534838659392104,0.0,0.0,0.17716849461393908,0.0,0.16027419424790706,0.03277822026226586,0.0,0.0035083998515197806,0.3136858324949231,0.0,0.06460804970474941,0.0,0.0,0.0,0.0,0.40146067476390623,0.0,0.0,0.0,0.0,0.0,0.0,0.0,0.0,0.0,0.0,0.0,0.0,0.0,0.0,0.0,0.0,0.0,0.0,0.003935847173434811,0.003935847173434811
2018/07/25 07:00:00,2018/07/25 08:00:00,2018/07/25 12:00:00,0.9485405851093914,0.9485405851093914,0.0,0.0,0.25080844719576023,0.0,0.20282286112768447,0.04147999275530918,0.0,0.004439789569395871,0.35862554090222465,0.0,0.09036395355901704,0.0,0.0,0.0,0.0,0.0,0.0,0.0,0.0,0.0,0.0,0.0,0.0,0.0,0.0,0.0,0.0,0.0,0.0,0.0,0.0,0.0,0.0,0.0,0.0032365522319215065,0.0032365522319215065
2018/07/25 08:00:00,2018/07/25 09:00:00,2018/07/25 13:00:00,1.194104716057918,1.194104716057918,0.0,0.0,0.4834541611109476,0.0,0.1999580326166028,0.04089409693851532,0.0,0.0043770785136948995,0.2959239672796783,0.0,0.1694973795984789,0.0,0.0,0.0,0.0,0.0,0.0,0.0,0.0,0.0,0.0,0.0,0.0,0.0,0.0,0.0,0.0,0.0,0.0,0.0,0.0,0.0,0.0,0.0,0.004074451156414716,0.004074451156414716
2018/07/25 09:00:00,2018/07/25 10:00:00,2018/07/25 14:00:00,1.6863159020305218,1.6863159020305218,0.0,0.0,0.9069699317356174,0.0,0.19039248045726945,0.038937813351627694,0.0,0.0041676887118432026,0.2399550100229572,0.0,0.30589297775120694,0.0,0.0,0.0,0.0,0.0,0.0,0.0,0.0,0.0,0.0,0.0,0.0,0.0,0.0,0.0,0.0,0.0,0.0,0.0,0.0,0.0,0.0,0.0,0.005753944092768769,0.005753944092768769
2018/07/25 10:00:00,2018/07/25 11:00:00,2018/07/25 15:00:00,2.1579654486959705,2.1579654486959705,0.0,0.0,1.2775459822702124,0.0,0.18436831091973133,0.037705789962427363,0.0,0.004035819725633622,0.23647871378177573,0.0,0.41783083203619015,0.0,0.0,0.0,0.0,0.0,0.0,0.0,0.0,0.0,0.0,0.0,0.0,0.0,0.0,0.0,0.0,0.0,0.0,0.0,0.0,0.0,0.0,0.0,0.007363277859724853,0.007363277859724853
2018/07/25 11:00:00,2018/07/25 12:00:00,2018/07/25 16:00:00,2.8300358852688365,2.8300358852688365,0.0,0.0,1.4725573525809774,0.0,0.17602198736681157,0.03599885496218284,0.0,0.0038531188207798638,0.25158580738185676,0.0,0.4809895398643005,0.0,0.0,0.0,0.0,0.40902922429192734,0.0,0.0,0.0,0.0,0.0,0.0,0.0,0.0,0.0,0.0,0.0,0.0,0.0,0.0,0.0,0.0,0.0,0.0,0.009656475542191454,0.009656475542191454
2018/07/25 12:00:00,2018/07/25 13:00:00,2018/07/25 17:00:00,3.7616294122186034,3.7616294122186034,0.0,0.0,1.48788497199439,0.0,0.16999781782927342,0.03476683157298252,0.0,0.003721249834570283,0.2577264052368096,0.0,0.48871126491972455,0.0,0.0,0.0,0.0,1.3188208708308526,0.0,0.0,0.0,0.0,0.0,0.0,0.0,0.0,0.0,0.0,0.0,0.0,0.0,0.0,0.0,0.0,0.0,0.0,0.012835202057668037,0.012835202057668037
2018/07/25 13:00:00,2018/07/25 14:00:00,2018/07/25 18:00:00,2.846167828167613,2.846167828167613,0.0,0.0,1.657561163626784,0.0,0.16822511758810177,0.034404290620979855,0.0,0.00368244545129386,0.26549933396158615,0.0,0.5285752540306742,0.0,0.0,0.0,0.0,0.18822022288819346,0.0,0.0,0.0,0.0,0.0,0.0,0.0,0.0,0.0,0.0,0.0,0.0,0.0,0.0,0.0,0.0,0.0,0.0,0.009711519972144068,0.009711519972144068
2018/07/25 14:00:00,2018/07/25 15:00:00,2018/07/25 19:00:00,3.0456643398424936,3.0456643398424936,0.0,0.0,1.9389122284440317,0.0,0.16806084117025163,0.03437069389236452,0.0,0.0036788494428241364,0.29490152653433727,0.0,0.6057402003586845,0.0,0.0,0.0,0.0,0.0,0.0,0.0,0.0,0.0,0.0,0.0,0.0,0.0,0.0,0.0,0.0,0.0,0.0,0.0,0.0,0.0,0.0,0.0,0.010392229780725876,0.010392229780725876
2018/07/25 15:00:00,2018/07/25 16:00:00,2018/07/25 20:00:00,3.4985625374413005,3.4985625374413005,0.0,0.0,2.230402842124489,0.0,0.1681697315801018,0.03439296344021823,0.0,0.003681233052359925,0.3696208676729485,0.0,0.6922948995711825,0.0,0.0,0.0,0.0,0.0,0.0,0.0,0.0,0.0,0.0,0.0,0.0,0.0,0.0,0.0,0.0,0.0,0.0,0.0,0.0,0.0,0.0,0.0,0.011937581340040124,0.011937581340040124
2018/07/25 16:00:00,2018/07/25 17:00:00,2018/07/25 21:00:00,6.242752300565686,6.242752300565686,0.0,0.0,2.3815187658321357,0.0,0.16880266044279316,0.034522405873349746,0.0,0.0036950878562371755,2.4885765977890912,0.0,0.7299320132220664,0.0,0.0,0.0,0.0,0.43570476955001325,0.0,0.0,0.0,0.0,0.0,0.0,0.0,0.0,0.0,0.0,0.0,0.0,0.0,0.0,0.0,0.0,0.0,0.0,0.021301137989155026,0.021301137989155026
2018/07/25 17:00:00,2018/07/25 18:00:00,2018/07/25 22:00:00,7.337962842451766,7.337962842451766,0.0,0.0,2.3951887879906066,0.0,0.1717145238173748,0.035117920949956714,0.0,0.003758828504436762,3.903230108586545,0.0,0.7299320132220664,0.0,0.0,0.0,0.0,0.0990206593807792,0.0,0.0,0.0,0.0,0.0,0.0,0.0,0.0,0.0,0.0,0.0,0.0,0.0,0.0,0.0,0.0,0.0,0.0,0.025038148486556736,0.025038148486556736
2018/07/25 18:00:00,2018/07/25 19:00:00,2018/07/25 23:00:00,3.724982142039083,3.724982142039083,0.0,0.0,2.2504479405283595,0.0,0.1818979459965967,0.03720056723484694,0.0,0.003981743472309152,0.5498357040003157,0.0,0.701618240806655,0.0,0.0,0.0,0.0,0.0,0.0,0.0,0.0,0.0,0.0,0.0,0.0,0.0,0.0,0.0,0.0,0.0,0.0,0.0,0.0,0.0,0.0,0.0,0.01271015648138447,0.01271015648138447
2018/07/25 19:00:00,2018/07/25 20:00:00,2018/07/26 00:00:00,3.089959918737073,3.089959918737073,0.0,0.0,1.757483794554858,0.0,0.20868362281410827,0.042678597049429695,0.0,0.004568081560049322,0.5036728235883939,0.0,0.5728729991702338,0.0,0.0,0.0,0.0,0.0,0.0,0.0,0.0,0.0,0.0,0.0,0.0,0.0,0.0,0.0,0.0,0.0,0.0,0.0,0.0,0.0,0.0,0.0,0.010543372448721439,0.010543372448721439
2018/07/25 20:00:00,2018/07/25 21:00:00,2018/07/26 01:00:00,2.731174065496264,2.731174065496264,0.0,0.0,1.3430136539973236,0.0,0.26064649742492013,0.05330570116588627,0.0,0.005705548152376266,0.6064543291185197,0.0,0.4620483356372379,0.0,0.0,0.0,0.0,0.0,0.0,0.0,0.0,0.0,0.0,0.0,0.0,0.0,0.0,0.0,0.0,0.0,0.0,0.0,0.0,0.0,0.0,0.0,0.009319145280882879,0.009319145280882879
2018/07/25 21:00:00,2018/07/25 22:00:00,2018/07/26 02:00:00,2.1847196929400012,2.1847196929400012,0.0,0.0,0.9644814132595086,0.0,0.3319434669994661,0.06788688676293725,0.0,0.007266237810764074,0.4632829053811929,0.0,0.34985878272613236,0.0,0.0,0.0,0.0,0.0,0.0,0.0,0.0,0.0,0.0,0.0,0.0,0.0,0.0,0.0,0.0,0.0,0.0,0.0,0.0,0.0,0.0,0.0,0.0074545670573414255,0.0074545670573414255
2018/07/25 22:00:00,2018/07/25 23:00:00,2018/07/26 03:00:00,1.6654063339160259,1.6654063339160259,0.0,0.0,0.6767265198400767,0.0,0.2775611504815452,0.05676497435800282,0.0,0.006075809669215224,0.39627516927644474,0.0,0.25200271029074106,0.0,0.0,0.0,0.0,0.0,0.0,0.0,0.0,0.0,0.0,0.0,0.0,0.0,0.0,0.0,0.0,0.0,0.0,0.0,0.0,0.0,0.0,0.0,0.005682597741951653,0.005682597741951653
2018/07/25 23:00:00,2018/07/26 00:00:00,2018/07/26 04:00:00,1.1431567806473124,1.1431567806473124,0.0,0.0,0.469197067673166,0.0,0.13094360677997474,0.026779722120023,0.0,0.002866353705536267,0.3380365894132003,0.0,0.17533344095541206,0.0,0.0,0.0,0.0,0.0,0.0,0.0,0.0,0.0,0.0,0.0,0.0,0.0,0.0,0.0,0.0,0.0,0.0,0.0,0.0,0.0,0.0,0.0,0.003900609723951421,0.003900609723951421
2018/07/26 00:00:00,2018/07/26 01:00:00,2018/07/26 05:00:00,1.8655094086787047,1.8655094086787047,0.0,0.0,0.32642402774172335,0.0,0.06501908921459039,0.013297274945155983,0.0,0.0014232669458539432,1.3374353935075636,0.0,0.1219103563238177,0.0,0.0,0.0,0.0,0.0,0.0,0.0,0.0,0.0,0.0,0.0,0.0,0.0,0.0,0.0,0.0,0.0,0.0,0.0,0.0,0.0,0.0,0.0,0.006365377228042714,0.006365377228042714
2018/07/26 01:00:00,2018/07/26 02:00:00,2018/07/26 06:00:00,0.6459327576674433,0.6459327576674433,0.0,0.0,0.22325375652306642,0.0,0.03901145352875434,0.00797836496709361,0.0,0.0008539601675123682,0.2912227495572465,0.0,0.08361247292377007,0.0,0.0,0.0,0.0,0.0,0.0,0.0,0.0,0.0,0.0,0.0,0.0,0.0,0.0,0.0,0.0,0.0,0.0,0.0,0.0,0.0,0.0,0.0,0.002204012291428392,0.002204012291428392
2018/07/26 02:00:00,2018/07/26 03:00:00,2018/07/26 07:00:00,0.5010801283404334,0.5010801283404334,0.0,0.0,0.1512642732405382,0.0,0.026007635685836212,0.005318909978062404,0.0,0.0005693067783415784,0.2611065534058968,0.0,0.056813449251758234,0.0,0.0,0.0,0.0,0.0,0.0,0.0,0.0,0.0,0.0,0.0,0.0,0.0,0.0,0.0,0.0,0.0,0.0,0.0,0.0,0.0,0.0,0.0,0.0017097549996394853,0.0017097549996394853
2018/07/26 03:00:00,2018/07/26 04:00:00,2018/07/26 08:00:00,0.8220880314067014,0.8220880314067014,0.0,0.0,0.1013548670850008,0.0,0.026007635685836212,0.005318909978062404,0.0,0.0005693067783415784,0.249355504618253,0.0,0.038048908438930794,0.0,0.0,0.0,0.0,0.4014328988222766,0.0,0.0,0.0,0.0,0.0,0.0,0.0,0.0,0.0,0.0,0.0,0.0,0.0,0.0,0.0,0.0,0.0,0.0,0.0028050785539961536,0.0028050785539961536
2018/07/26 04:00:00,2018/07/26 05:00:00,2018/07/26 09:00:00,0.34816253028574196,0.34816253028574196,0.0,0.0,0.057942669456031465,0.0,0.02669452379982011,0.005459387801091553,0.0,0.0005843427494685605,0.23565718915575795,0.0,0.02182441732357233,0.0,0.0,0.0,0.0,0.0,0.0,0.0,0.0,0.0,0.0,0.0,0.0,0.0,0.0,0.0,0.0,0.0,0.0,0.0,0.0,0.0,0.0,0.0,0.0011879789143000167,0.0011879789143000167
2018/07/26 05:00:00,2018/07/26 06:00:00,2018/07/26 10:00:00,0.39169864368378216,0.39169864368378216,0.0,0.0,0.037409784534655224,0.0,0.06826790434137907,0.013961701169957616,0.0,0.0014943834631568494,0.25648756499062997,0.0,0.014077305184003427,0.0,0.0,0.0,0.0,0.0,0.0,0.0,0.0,0.0,0.0,0.0,0.0,0.0,0.0,0.0,0.0,0.0,0.0,0.0,0.0,0.0,0.0,0.0,0.0013365301805290358,0.0013365301805290358
2018/07/26 06:00:00,2018/07/26 07:00:00,2018/07/26 11:00:00,0.5971057406922616,0.5971057406922616,0.0,0.0,0.06318045581687946,0.0,0.16027419424790706,0.03277822026226586,0.0,0.0035083998515197806,0.3136858324949231,0.0,0.02367863801876639,0.0,0.0,0.0,0.0,0.0,0.0,0.0,0.0,0.0,0.0,0.0,0.0,0.0,0.0,0.0,0.0,0.0,0.0,0.0,0.0,0.0,0.0,0.0,0.002037407727269581,0.002037407727269581
2018/07/26 07:00:00,2018/07/26 08:00:00,2018/07/26 12:00:00,1.3529753860590326,1.3529753860590326,0.0,0.0,0.27696415628349436,0.0,0.20282286112768447,0.04147999275530918,0.0,0.004439789569395871,0.35862554090222465,0.0,0.10234995052099038,0.0,0.0,0.0,0.0,0.36629309489993345,0.0,0.0,0.0,0.0,0.0,0.0,0.0,0.0,0.0,0.0,0.0,0.0,0.0,0.0,0.0,0.0,0.0,0.0,0.004616539950137414,0.004616539950137414
2018/07/26 08:00:00,2018/07/26 09:00:00,2018/07/26 13:00:00,2.4005090063975953,2.4005090063975953,0.0,0.0,0.397515008701189,0.0,0.1999580326166028,0.04089409693851532,0.0,0.0043770785136948995,0.2959239672796783,0.0,0.14301995151706234,0.0,0.0,0.0,0.0,1.3188208708308526,0.0,0.0,0.0,0.0,0.0,0.0,0.0,0.0,0.0,0.0,0.0,0.0,0.0,0.0,0.0,0.0,0.0,0.0,0.008190870168731688,0.008190870168731688
2018/07/26 09:00:00,2018/07/26 10:00:00,2018/07/26 14:00:00,2.790225635203528,2.790225635203528,0.0,0.0,0.7405835304422775,0.0,0.19039248045726945,0.038937813351627694,0.0,0.0041676887118432026,0.2399550100229572,0.0,0.25736824138669995,0.0,0.0,0.0,0.0,1.3188208708308526,0.0,0.0,0.0,0.0,0.0,0.0,0.0,0.0,0.0,0.0,0.0,0.0,0.0,0.0,0.0,0.0,0.0,0.0,0.009520637439188864,0.009520637439188864
2018/07/26 10:00:00,2018/07/26 11:00:00,2018/07/26 15:00:00,2.371153388749128,2.371153388749128,0.0,0.0,1.1214104577734838,0.0,0.18436831091973133,0.037705789962427363,0.0,0.004035819725633622,0.23647871378177573,0.0,0.3746593628317817,0.0,0.0,0.0,0.0,0.4124949337542949,0.0,0.0,0.0,0.0,0.0,0.0,0.0,0.0,0.0,0.0,0.0,0.0,0.0,0.0,0.0,0.0,0.0,0.0,0.008090704723719524,0.008090704723719524
2018/07/26 11:00:00,2018/07/26 12:00:00,2018/07/26 16:00:00,2.3365042444515547,2.3365042444515547,0.0,0.0,1.4098243219303264,0.0,0.17602198736681157,0.03599885496218284,0.0,0.0038531188207798638,0.25158580738185676,0.0,0.4592201539895971,0.0,0.0,0.0,0.0,0.0,0.0,0.0,0.0,0.0,0.0,0.0,0.0,0.0,0.0,0.0,0.0,0.0,0.0,0.0,0.0,0.0,0.0,0.0,0.007972477030491672,0.007972477030491672
2018/07/26 12:00:00,2018/07/26 13:00:00,2018/07/26 17:00:00,2.5845709551048586,2.5845709551048586,0.0,0.0,1.6023680340200581,0.0,0.16999781782927342,0.03476683157298252,0.0,0.003721249834570283,0.2577264052368096,0.0,0.5159906166111647,0.0,0.0,0.0,0.0,0.0,0.0,0.0,0.0,0.0,0.0,0.0,0.0,0.0,0.0,0.0,0.0,0.0,0.0,0.0,0.0,0.0,0.0,0.0,0.008818915104554452,0.008818915104554452
2018/07/26 13:00:00,2018/07/26 14:00:00,2018/07/26 18:00:00,2.8717926823848035,2.8717926823848035,0.0,0.0,1.8206619843439658,0.0,0.16822511758810177,0.034404290620979855,0.0,0.00368244545129386,0.26549933396158615,0.0,0.5793195104188762,0.0,0.0,0.0,0.0,0.0,0.0,0.0,0.0,0.0,0.0,0.0,0.0,0.0,0.0,0.0,0.0,0.0,0.0,0.0,0.0,0.0,0.0,0.0,0.009798955534112929,0.009798955534112929
2018/07/26 14:00:00,2018/07/26 15:00:00,2018/07/26 19:00:00,3.1801424108722536,3.1801424108722536,0.0,0.0,1.9989368739350386,0.0,0.16806084117025163,0.03437069389236452,0.0,0.0036788494428241364,0.34229302080641794,0.0,0.6328021316253568,0.0,0.0,0.0,0.0,0.0,0.0,0.0,0.0,0.0,0.0,0.0,0.0,0.0,0.0,0.0,0.0,0.0,0.0,0.0,0.0,0.0,0.0,0.0,0.01085108763854297,0.01085108763854297
2018/07/26 15:00:00,2018/07/26 16:00:00,2018/07/26 20:00:00,4.504425382597408,4.504425382597408,0.0,0.0,2.230567141086659,0.0,0.1681697315801018,0.03439296344021823,0.0,0.003681233052359925,1.366787688265343,0.0,0.7008266251727265,0.0,0.0,0.0,0.0,0.0,0.0,0.0,0.0,0.0,0.0,0.0,0.0,0.0,0.0,0.0,0.0,0.0,0.0,0.0,0.0,0.0,0.0,0.0,0.015369725085498805,0.015369725085498805
2018/07/26 16:00:00,2018/07/26 17:00:00,2018/07/26 21:00:00,4.002924071292806,4.002924071292806,0.0,0.0,2.332413077896758,0.0,0.16880266044279316,0.034522405873349746,0.0,0.0036950878562371755,0.7344504942219786,0.0,0.7290403450016895,0.0,0.0,0.0,0.0,0.0,0.0,0.0,0.0,0.0,0.0,0.0,0.0,0.0,0.0,0.0,0.0,0.0,0.0,0.0,0.0,0.0,0.0,0.0,0.013658532951081824,0.013658532951081824
2018/07/26 17:00:00,2018/07/26 18:00:00,2018/07/26 22:00:00,4.187383493762385,4.187383493762385,0.0,0.0,2.3162421891538183,0.0,0.1717145238173748,0.035117920949956714,0.0,0.003758828504436762,0.5342588683228459,0.0,0.7299320132220664,0.0,0.0,0.0,0.0,0.39635914979188647,0.0,0.0,0.0,0.0,0.0,0.0,0.0,0.0,0.0,0.0,0.0,0.0,0.0,0.0,0.0,0.0,0.0,0.0,0.014287934122592074,0.014287934122592074
2018/07/26 18:00:00,2018/07/26 19:00:00,2018/07/26 23:00:00,4.188635162020577,4.188635162020577,0.0,0.0,2.2621403783214418,0.0,0.1818979459965967,0.03720056723484694,0.0,0.003981743472309152,0.5498357040003157,0.0,0.7226946965716006,0.0,0.0,0.0,0.0,0.4308841264234661,0.0,0.0,0.0,0.0,0.0,0.0,0.0,0.0,0.0,0.0,0.0,0.0,0.0,0.0,0.0,0.0,0.0,0.0,0.014292204988550022,0.014292204988550022
2018/07/26 19:00:00,2018/07/26 20:00:00,2018/07/27 00:00:00,4.6477244052803135,4.6477244052803135,0.0,0.0,1.9392112491511675,0.0,0.20868362281410827,0.042678597049429695,0.0,0.004568081560049322,0.49840003857373244,0.0,0.6353619453009739,0.0,0.0,0.0,0.0,1.3188208708308526,0.0,0.0,0.0,0.0,0.0,0.0,0.0,0.0,0.0,0.0,0.0,0.0,0.0,0.0,0.0,0.0,0.0,0.0,0.015858681255616756,0.015858681255616756
2018/07/26 20:00:00,2018/07/26 21:00:00,2018/07/27 01:00:00,4.088093929190379,4.088093929190379,0.0,0.0,1.4674200092211163,0.0,0.26064649742492013,0.05330570116588627,0.0,0.005705548152376266,0.48758957745724624,0.0,0.49460572493798116,0.0,0.0,0.0,0.0,1.3188208708308526,0.0,0.0,0.0,0.0,0.0,0.0,0.0,0.0,0.0,0.0,0.0,0.0,0.0,0.0,0.0,0.0,0.0,0.0,0.013949144336612615,0.013949144336612615
2018/07/26 21:00:00,2018/07/26 22:00:00,2018/07/27 02:00:00,3.335420368733117,3.335420368733117,0.0,0.0,1.1384053288189369,0.0,0.3319434669994661,0.06788688676293725,0.0,0.007266237810764074,0.4632829053811929,0.0,0.3923641850669642,0.0,0.0,0.0,0.0,0.934271357892856,0.0,0.0,0.0,0.0,0.0,0.0,0.0,0.0,0.0,0.0,0.0,0.0,0.0,0.0,0.0,0.0,0.0,0.0,0.01138091759940314,0.01138091759940314
2018/07/26 22:00:00,2018/07/26 23:00:00,2018/07/27 03:00:00,1.9360238098998255,1.9360238098998255,0.0,0.0,0.8882707474800675,0.0,0.2775611504815452,0.05676497435800282,0.0,0.006075809669215224,0.39627516927644474,0.0,0.31107595863455,0.0,0.0,0.0,0.0,0.0,0.0,0.0,0.0,0.0,0.0,0.0,0.0,0.0,0.0,0.0,0.0,0.0,0.0,0.0,0.0,0.0,0.0,0.0,0.006605982159700443,0.006605982159700443
2018/07/26 23:00:00,2018/07/27 00:00:00,2018/07/27 04:00:00,1.4189860414291324,1.4189860414291324,0.0,0.0,0.6796569960247513,0.0,0.13094360677997474,0.026779722120023,0.0,0.002866353705536267,0.3380365894132003,0.0,0.2407027733856465,0.0,0.0,0.0,0.0,0.0,0.0,0.0,0.0,0.0,0.0,0.0,0.0,0.0,0.0,0.0,0.0,0.0,0.0,0.0,0.0,0.0,0.0,0.0,0.004841777475365772,0.004841777475365772
2018/07/27 00:00:00,2018/07/27 01:00:00,2018/07/27 05:00:00,1.1110727003517802,1.1110727003517802,0.0,0.0,0.5351738405477232,0.0,0.06501908921459039,0.013297274945155983,0.0,0.0014232669458539432,0.30359413995633894,0.0,0.1925650887421178,0.0,0.0,0.0,0.0,0.0,0.0,0.0,0.0,0.0,0.0,0.0,0.0,0.0,0.0,0.0,0.0,0.0,0.0,0.0,0.0,0.0,0.0,0.0,0.0037911343853946873,0.0037911343853946873
2018/07/27 01:00:00,2018/07/27 02:00:00,2018/07/27 06:00:00,0.9308695519503445,0.9308695519503445,0.0,0.0,0.43505193042818785,0.0,0.03901145352875434,0.00797836496709361,0.0,0.0008539601675123682,0.2912227495572465,0.0,0.1567510933015498,0.0,0.0,0.0,0.0,0.0,0.0,0.0,0.0,0.0,0.0,0.0,0.0,0.0,0.0,0.0,0.0,0.0,0.0,0.0,0.0,0.0,0.0,0.0,0.0031762562122159537,0.0031762562122159537
2018/07/27 02:00:00,2018/07/27 03:00:00,2018/07/27 07:00:00,0.7736716390708295,0.7736716390708295,0.0,0.0,0.3533259342445677,0.0,0.026007635685836212,0.005318909978062404,0.0,0.0005693067783415784,0.2611065534058968,0.0,0.12734329897812482,0.0,0.0,0.0,0.0,0.0,0.0,0.0,0.0,0.0,0.0,0.0,0.0,0.0,0.0,0.0,0.0,0.0,0.0,0.0,0.0,0.0,0.0,0.0,0.002639875098143833,0.002639875098143833
2018/07/27 03:00:00,2018/07/27 04:00:00,2018/07/27 08:00:00,0.6833616170147564,0.6833616170147564,0.0,0.0,0.2952684440016956,0.0,0.026007635685836212,0.005318909978062404,0.0,0.0005693067783415784,0.249355504618253,0.0,0.10684181595256756,0.0,0.0,0.0,0.0,0.0,0.0,0.0,0.0,0.0,0.0,0.0,0.0,0.0,0.0,0.0,0.0,0.0,0.0,0.0,0.0,0.0,0.0,0.0,0.002331724758517875,0.002331724758517875
2018/07/27 04:00:00,2018/07/27 05:00:00,2018/07/27 09:00:00,0.6021788106546995,0.6021788106546995,0.0,0.0,0.24481131865315633,0.0,0.02669452379982011,0.005459387801091553,0.0,0.0005843427494685605,0.23565718915575795,0.0,0.0889720484954049,0.0,0.0,0.0,0.0,0.0,0.0,0.0,0.0,0.0,0.0,0.0,0.0,0.0,0.0,0.0,0.0,0.0,0.0,0.0,0.0,0.0,0.0,0.0,0.0020547177466481705,0.0020547177466481705
2018/07/27 05:00:00,2018/07/27 06:00:00,2018/07/27 10:00:00,0.6433502196458737,0.6433502196458737,0.0,0.0,0.22242911459197887,0.0,0.06826790434137907,0.013961701169957616,0.0,0.0014943834631568494,0.25648756499062997,0.0,0.08070955108877143,0.0,0.0,0.0,0.0,0.0,0.0,0.0,0.0,0.0,0.0,0.0,0.0,0.0,0.0,0.0,0.0,0.0,0.0,0.0,0.0,0.0,0.0,0.0,0.0021952003129754407,0.0021952003129754407
2018/07/27 06:00:00,2018/07/27 07:00:00,2018/07/27 11:00:00,2.4954311931656177,2.4954311931656177,0.0,0.0,0.51892684000331,0.0,0.16027419424790706,0.03277822026226586,0.0,0.0035083998515197806,0.3136858324949231,0.0,0.18752774714410458,0.0,0.0,0.0,0.0,1.278729959161587,0.0,0.0,0.0,0.0,0.0,0.0,0.0,0.0,0.0,0.0,0.0,0.0,0.0,0.0,0.0,0.0,0.0,0.0,0.008514757855000254,0.008514757855000254
2018/07/27 07:00:00,2018/07/27 08:00:00,2018/07/27 12:00:00,2.3210122080064663,2.3210122080064663,0.0,0.0,0.2905325738021263,0.0,0.20282286112768447,0.04147999275530918,0.0,0.004439789569395871,0.35862554090222465,0.0,0.1042905790188731,0.0,0.0,0.0,0.0,1.3188208708308526,0.0,0.0,0.0,0.0,0.0,0.0,0.0,0.0,0.0,0.0,0.0,0.0,0.0,0.0,0.0,0.0,0.0,0.0,0.007919616050244233,0.007919616050244233
2018/07/27 08:00:00,2018/07/27 09:00:00,2018/07/27 13:00:00,2.450871121908405,2.450871121908405,0.0,0.0,0.4368001693247358,0.0,0.1999580326166028,0.04089409693851532,0.0,0.0043770785136948995,0.2959239672796783,0.0,0.15409690640432516,0.0,0.0,0.0,0.0,1.3188208708308526,0.0,0.0,0.0,0.0,0.0,0.0,0.0,0.0,0.0,0.0,0.0,0.0,0.0,0.0,0.0,0.0,0.0,0.0,0.008362712702324495,0.008362712702324495
2018/07/27 09:00:00,2018/07/27 10:00:00,2018/07/27 14:00:00,2.624030983976118,2.624030983976118,0.0,0.0,0.733880689149891,0.0,0.19039248045726945,0.038937813351627694,0.0,0.0041676887118432026,0.2399550100229572,0.0,0.2569120616574739,0.0,0.0,0.0,0.0,1.1597852406250555,0.0,0.0,0.0,0.0,0.0,0.0,0.0,0.0,0.0,0.0,0.0,0.0,0.0,0.0,0.0,0.0,0.0,0.0,0.008953558204196027,0.008953558204196027
2018/07/27 10:00:00,2018/07/27 11:00:00,2018/07/27 15:00:00,1.8695198411584992,1.8695198411584992,0.0,0.0,1.0490814515395828,0.0,0.18436831091973133,0.037705789962427363,0.0,0.004035819725633622,0.23647871378177573,0.0,0.35784975522934864,0.0,0.0,0.0,0.0,0.0,0.0,0.0,0.0,0.0,0.0,0.0,0.0,0.0,0.0,0.0,0.0,0.0,0.0,0.0,0.0,0.0,0.0,0.0,0.006379061380726547,0.006379061380726547
2018/07/27 11:00:00,2018/07/27 12:00:00,2018/07/27 16:00:00,2.6288415121720563,2.6288415121720563,0.0,0.0,1.3631012088801058,0.0,0.17602198736681157,0.03599885496218284,0.0,0.0038531188207798638,0.25158580738185676,0.0,0.44727838394818065,0.0,0.0,0.0,0.0,0.3510021508121382,0.0,0.0,0.0,0.0,0.0,0.0,0.0,0.0,0.0,0.0,0.0,0.0,0.0,0.0,0.0,0.0,0.0,0.0,0.008969972394599372,0.008969972394599372
2018/07/27 12:00:00,2018/07/27 13:00:00,2018/07/27 17:00:00,2.92692473199971,2.92692473199971,0.0,0.0,1.174479062103433,0.0,0.16999781782927342,0.03476683157298252,0.0,0.003721249834570283,0.2577264052368096,0.0,0.40713762771864165,0.0,0.0,0.0,0.0,0.8790957377039993,0.0,0.0,0.0,0.0,0.0,0.0,0.0,0.0,0.0,0.0,0.0,0.0,0.0,0.0,0.0,0.0,0.0,0.0,0.009987073745429056,0.009987073745429056
2018/07/27 13:00:00,2018/07/27 14:00:00,2018/07/27 18:00:00,1.8005278764715122,1.8005278764715122,0.0,0.0,0.973899379272211,0.0,0.16822511758810177,0.034404290620979855,0.0,0.00368244545129386,0.26549933396158615,0.0,0.3548173095773396,0.0,0.0,0.0,0.0,0.0,0.0,0.0,0.0,0.0,0.0,0.0,0.0,0.0,0.0,0.0,0.0,0.0,0.0,0.0,0.0,0.0,0.0,0.0,0.006143651213994919,0.006143651213994919
2018/07/27 14:00:00,2018/07/27 15:00:00,2018/07/27 19:00:00,2.65512197973634,2.65512197973634,0.0,0.0,0.9814970427269688,0.0,0.16806084117025163,0.03437069389236452,0.0,0.0036788494428241364,0.6540638939244177,0.0,0.3520701947713207,0.0,0.0,0.0,0.0,0.4613804638081925,0.0,0.0,0.0,0.0,0.0,0.0,0.0,0.0,0.0,0.0,0.0,0.0,0.0,0.0,0.0,0.0,0.0,0.0,0.009059645000375448,0.009059645000375448
2018/07/27 15:00:00,2018/07/27 16:00:00,2018/07/27 20:00:00,2.0610996772018,2.0610996772018,0.0,0.0,1.168450785899648,0.0,0.1681697315801018,0.03439296344021823,0.0,0.003681233052359925,0.2828534135552759,0.0,0.40355154967419615,0.0,0.0,0.0,0.0,0.0,0.0,0.0,0.0,0.0,0.0,0.0,0.0,0.0,0.0,0.0,0.0,0.0,0.0,0.0,0.0,0.0,0.0,0.0,0.00703275839240011,0.00703275839240011
2018/07/27 16:00:00,2018/07/27 17:00:00,2018/07/27 21:00:00,2.54612094715091,2.54612094715091,0.0,0.0,1.4653688895505386,0.0,0.16880266044279316,0.034522405873349746,0.0,0.0036950878562371755,0.38312597586620323,0.0,0.49060592756178834,0.0,0.0,0.0,0.0,0.0,0.0,0.0,0.0,0.0,0.0,0.0,0.0,0.0,0.0,0.0,0.0,0.0,0.0,0.0,0.0,0.0,0.0,0.0,0.008687718336578098,0.008687718336578098
2018/07/27 17:00:00,2018/07/27 18:00:00,2018/07/27 22:00:00,2.9721087001978663,2.9721087001978663,0.0,0.0,1.6780872511043148,0.0,0.1717145238173748,0.035117920949956714,0.0,0.003758828504436762,0.5342588683228459,0.0,0.5491713074989377,0.0,0.0,0.0,0.0,0.0,0.0,0.0,0.0,0.0,0.0,0.0,0.0,0.0,0.0,0.0,0.0,0.0,0.0,0.0,0.0,0.0,0.0,0.0,0.010141247721128734,0.010141247721128734
2018/07/27 18:00:00,2018/07/27 19:00:00,2018/07/27 23:00:00,3.064246928211445,3.064246928211445,0.0,0.0,1.7244432979208055,0.0,0.1818979459965967,0.03720056723484694,0.0,0.003981743472309152,0.5498357040003157,0.0,0.5668876695865712,0.0,0.0,0.0,0.0,0.0,0.0,0.0,0.0,0.0,0.0,0.0,0.0,0.0,0.0,0.0,0.0,0.0,0.0,0.0,0.0,0.0,0.0,0.0,0.010455636153425756,0.010455636153425756
2018/07/27 19:00:00,2018/07/27 20:00:00,2018/07/28 00:00:00,3.7382153603932116,3.7382153603932116,0.0,0.0,1.6044032541714592,0.0,0.20868362281410827,0.042678597049429695,0.0,0.004568081560049322,0.49840003857373244,0.0,0.5401181326735102,0.0,0.0,0.0,0.0,0.8393636335509223,0.0,0.0,0.0,0.0,0.0,0.0,0.0,0.0,0.0,0.0,0.0,0.0,0.0,0.0,0.0,0.0,0.0,0.0,0.012755310060548001,0.012755310060548001
2018/07/27 20:00:00,2018/07/27 21:00:00,2018/07/28 01:00:00,3.8072866195513058,3.8072866195513058,0.0,0.0,1.254769740818708,0.0,0.26064649742492013,0.05330570116588627,0.0,0.005705548152376266,0.48758957745724624,0.0,0.42644868370131567,0.0,0.0,0.0,0.0,1.3188208708308526,0.0,0.0,0.0,0.0,0.0,0.0,0.0,0.0,0.0,0.0,0.0,0.0,0.0,0.0,0.0,0.0,0.0,0.0,0.01299099079102932,0.01299099079102932
2018/07/27 21:00:00,2018/07/27 22:00:00,2018/07/28 02:00:00,3.0713141833447812,3.0713141833447812,0.0,0.0,0.9997596075259302,0.0,0.3319434669994661,0.06788688676293725,0.0,0.007266237810764074,0.4632829053811929,0.0,0.3462827594471766,0.0,0.0,0.0,0.0,0.8548923194173139,0.0,0.0,0.0,0.0,0.0,0.0,0.0,0.0,0.0,0.0,0.0,0.0,0.0,0.0,0.0,0.0,0.0,0.0,0.010479750609606585,0.010479750609606585
2018/07/27 22:00:00,2018/07/27 23:00:00,2018/07/28 03:00:00,1.770777752903254,1.770777752903254,0.0,0.0,0.7628771095802293,0.0,0.2775611504815452,0.05676497435800282,0.0,0.006075809669215224,0.39627516927644474,0.0,0.271223539537817,0.0,0.0,0.0,0.0,0.0,0.0,0.0,0.0,0.0,0.0,0.0,0.0,0.0,0.0,0.0,0.0,0.0,0.0,0.0,0.0,0.0,0.0,0.0,0.006042139659986208,0.006042139659986208
2018/07/27 23:00:00,2018/07/28 00:00:00,2018/07/28 04:00:00,1.2298782840027183,1.2298782840027183,0.0,0.0,0.5344294415683241,0.0,0.13094360677997474,0.026779722120023,0.0,0.002866353705536267,0.3380365894132003,0.0,0.1968225704156599,0.0,0.0,0.0,0.0,0.0,0.0,0.0,0.0,0.0,0.0,0.0,0.0,0.0,0.0,0.0,0.0,0.0,0.0,0.0,0.0,0.0,0.0,0.0,0.004196515539313194,0.004196515539313194
2018/07/28 00:00:00,2018/07/28 01:00:00,2018/07/28 05:00:00,0.8362786745808656,0.8362786745808656,0.0,0.0,0.3289158343004175,0.0,0.06501908921459039,0.013297274945155983,0.0,0.0014232669458539432,0.30359413995633894,0.0,0.12402906921850872,0.0,0.0,0.0,0.0,0.0,0.0,0.0,0.0,0.0,0.0,0.0,0.0,0.0,0.0,0.0,0.0,0.0,0.0,0.0,0.0,0.0,0.0,0.0,0.002853498999635225,0.002853498999635225
2018/07/28 01:00:00,2018/07/28 02:00:00,2018/07/28 06:00:00,0.5922887175814701,0.5922887175814701,0.0,0.0,0.18355466206783885,0.0,0.03901145352875434,0.00797836496709361,0.0,0.0008539601675123682,0.2912227495572465,0.0,0.06966752729302433,0.0,0.0,0.0,0.0,0.0,0.0,0.0,0.0,0.0,0.0,0.0,0.0,0.0,0.0,0.0,0.0,0.0,0.0,0.0,0.0,0.0,0.0,0.0,0.002020971375314591,0.002020971375314591
2018/07/28 02:00:00,2018/07/28 03:00:00,2018/07/28 07:00:00,0.4402711321063225,0.4402711321063225,0.0,0.0,0.10680090074173262,0.0,0.026007635685836212,0.005318909978062404,0.0,0.0005693067783415784,0.2611065534058968,0.0,0.04046782551645299,0.0,0.0,0.0,0.0,0.0,0.0,0.0,0.0,0.0,0.0,0.0,0.0,0.0,0.0,0.0,0.0,0.0,0.0,0.0,0.0,0.0,0.0,0.0,0.001502266257911349,0.001502266257911349
2018/07/28 03:00:00,2018/07/28 04:00:00,2018/07/28 08:00:00,0.3323664678060776,0.3323664678060776,0.0,0.0,0.037078426751547315,0.0,0.026007635685836212,0.005318909978062404,0.0,0.0005693067783415784,0.249355504618253,0.0,0.014036683994037045,0.0,0.0,0.0,0.0,0.0,0.0,0.0,0.0,0.0,0.0,0.0,0.0,0.0,0.0,0.0,0.0,0.0,0.0,0.0,0.0,0.0,0.0,0.0,0.001134080554992351,0.001134080554992351
2018/07/28 04:00:00,2018/07/28 05:00:00,2018/07/28 09:00:00,0.2689558091853238,0.2689558091853238,0.0,0.0,0.00040590029461963305,0.0,0.02669452379982011,0.005459387801091553,0.0,0.0005843427494685605,0.23565718915575795,0.0,0.00015446538456599667,0.0,0.0,0.0,0.0,0.0,0.0,0.0,0.0,0.0,0.0,0.0,0.0,0.0,0.0,0.0,0.0,0.0,0.0,0.0,0.0,0.0,0.0,0.0,0.0009177145798211939,0.0009177145798211939
2018/07/28 05:00:00,2018/07/28 06:00:00,2018/07/28 10:00:00,0.34021155396512354,0.34021155396512354,0.0,0.0,0.0,0.0,0.06826790434137907,0.013961701169957616,0.0,0.0014943834631568494,0.25648756499062997,0.0,0.0,0.0,0.0,0.0,0.0,0.0,0.0,0.0,0.0,0.0,0.0,0.0,0.0,0.0,0.0,0.0,0.0,0.0,0.0,0.0,0.0,0.0,0.0,0.0,0.0011608490786762886,0.0011608490786762886
2018/07/28 06:00:00,2018/07/28 07:00:00,2018/07/28 11:00:00,0.5102466468566158,0.5102466468566158,0.0,0.0,0.0,0.0,0.16027419424790706,0.03277822026226586,0.0,0.0035083998515197806,0.3136858324949231,0.0,0.0,0.0,0.0,0.0,0.0,0.0,0.0,0.0,0.0,0.0,0.0,0.0,0.0,0.0,0.0,0.0,0.0,0.0,0.0,0.0,0.0,0.0,0.0,0.0,0.001741032434077442,0.001741032434077442
2018/07/28 07:00:00,2018/07/28 08:00:00,2018/07/28 12:00:00,1.7202493757925026,1.7202493757925026,0.0,0.0,0.17173139204410595,0.0,0.20282286112768447,0.04147999275530918,0.0,0.004439789569395871,0.35862554090222465,0.0,0.06645618991755489,0.0,0.0,0.0,0.0,0.8746936094762275,0.0,0.0,0.0,0.0,0.0,0.0,0.0,0.0,0.0,0.0,0.0,0.0,0.0,0.0,0.0,0.0,0.0,0.0,0.0058697298187200975,0.0058697298187200975
2018/07/28 08:00:00,2018/07/28 09:00:00,2018/07/28 13:00:00,2.183887254734607,2.183887254734607,0.0,0.0,0.23441488259678006,0.0,0.1999580326166028,0.04089409693851532,0.0,0.0043770785136948995,0.2959239672796783,0.0,0.08949832595848299,0.0,0.0,0.0,0.0,1.3188208708308526,0.0,0.0,0.0,0.0,0.0,0.0,0.0,0.0,0.0,0.0,0.0,0.0,0.0,0.0,0.0,0.0,0.0,0.0,0.0074517266625561095,0.0074517266625561095
2018/07/28 09:00:00,2018/07/28 10:00:00,2018/07/28 14:00:00,1.213360737957542,1.213360737957542,0.0,0.0,0.32579069625380064,0.0,0.19039248045726945,0.038937813351627694,0.0,0.0041676887118432026,0.2399550100229572,0.0,0.12348703337614525,0.0,0.0,0.0,0.0,0.2906300157838986,0.0,0.0,0.0,0.0,0.0,0.0,0.0,0.0,0.0,0.0,0.0,0.0,0.0,0.0,0.0,0.0,0.0,0.0,0.00414015537786347,0.00414015537786347
2018/07/28 10:00:00,2018/07/28 11:00:00,2018/07/28 15:00:00,0.9909345156474303,0.9909345156474303,0.0,0.0,0.38504709618189514,0.0,0.18436831091973133,0.037705789962427363,0.0,0.004035819725633622,0.23647871378177573,0.0,0.14329878507596697,0.0,0.0,0.0,0.0,0.0,0.0,0.0,0.0,0.0,0.0,0.0,0.0,0.0,0.0,0.0,0.0,0.0,0.0,0.0,0.0,0.0,0.0,0.0,0.003381206211579099,0.003381206211579099
2018/07/28 11:00:00,2018/07/28 12:00:00,2018/07/28 16:00:00,1.1174166880713186,1.1174166880713186,0.0,0.0,0.475302885599944,0.0,0.17602198736681157,0.03599885496218284,0.0,0.0038531188207798638,0.25158580738185676,0.0,0.17465403393974357,0.0,0.0,0.0,0.0,0.0,0.0,0.0,0.0,0.0,0.0,0.0,0.0,0.0,0.0,0.0,0.0,0.0,0.0,0.0,0.0,0.0,0.0,0.0,0.0038127809526953224,0.0038127809526953224
2018/07/28 12:00:00,2018/07/28 13:00:00,2018/07/28 17:00:00,1.2441762564890304,1.2441762564890304,0.0,0.0,0.5697175656534145,0.0,0.16999781782927342,0.03476683157298252,0.0,0.003721249834570283,0.2577264052368096,0.0,0.20824638636197998,0.0,0.0,0.0,0.0,0.0,0.0,0.0,0.0,0.0,0.0,0.0,0.0,0.0,0.0,0.0,0.0,0.0,0.0,0.0,0.0,0.0,0.0,0.0,0.0042453022074737225,0.0042453022074737225
2018/07/28 13:00:00,2018/07/28 14:00:00,2018/07/28 18:00:00,2.378057788192607,2.378057788192607,0.0,0.0,0.6248418081593813,0.0,0.16822511758810177,0.034404290620979855,0.0,0.00368244545129386,0.26549933396158615,0.0,0.23201803145961708,0.0,0.0,0.0,0.0,1.0493867609516472,0.0,0.0,0.0,0.0,0.0,0.0,0.0,0.0,0.0,0.0,0.0,0.0,0.0,0.0,0.0,0.0,0.0,0.0,0.008114263493665348,0.008114263493665348
2018/07/28 14:00:00,2018/07/28 15:00:00,2018/07/28 19:00:00,1.4854787676721273,1.4854787676721273,0.0,0.0,0.6027634168338163,0.0,0.16806084117025163,0.03437069389236452,0.0,0.0036788494428241364,0.29490152653433727,0.0,0.22501787874733536,0.0,0.0,0.0,0.0,0.15668556105119838,0.0,0.0,0.0,0.0,0.0,0.0,0.0,0.0,0.0,0.0,0.0,0.0,0.0,0.0,0.0,0.0,0.0,0.0,0.00506865989337374,0.00506865989337374
2018/07/28 15:00:00,2018/07/28 16:00:00,2018/07/28 20:00:00,1.5390109766364775,1.5390109766364775,0.0,0.0,0.7678766007983931,0.0,0.1681697315801018,0.03439296344021823,0.0,0.003681233052359925,0.2828534135552759,0.0,0.2820370342101285,0.0,0.0,0.0,0.0,0.0,0.0,0.0,0.0,0.0,0.0,0.0,0.0,0.0,0.0,0.0,0.0,0.0,0.0,0.0,0.0,0.0,0.0,0.0,0.005251319226166838,0.005251319226166838
2018/07/28 16:00:00,2018/07/28 17:00:00,2018/07/28 21:00:00,1.9169705571232367,1.9169705571232367,0.0,0.0,0.9732992297544092,0.0,0.16880266044279316,0.034522405873349746,0.0,0.0036950878562371755,0.38312597586620323,0.0,0.35352519733024423,0.0,0.0,0.0,0.0,0.0,0.0,0.0,0.0,0.0,0.0,0.0,0.0,0.0,0.0,0.0,0.0,0.0,0.0,0.0,0.0,0.0,0.0,0.0,0.006540969814664809,0.006540969814664809
2018/07/28 17:00:00,2018/07/28 18:00:00,2018/07/28 22:00:00,2.2639987902394814,2.2639987902394814,0.0,0.0,1.1150437683213534,0.0,0.1717145238173748,0.035117920949956714,0.0,0.003758828504436762,0.5342588683228459,0.0,0.404104880323514,0.0,0.0,0.0,0.0,0.0,0.0,0.0,0.0,0.0,0.0,0.0,0.0,0.0,0.0,0.0,0.0,0.0,0.0,0.0,0.0,0.0,0.0,0.0,0.007725078349464749,0.007725078349464749
2018/07/28 18:00:00,2018/07/28 19:00:00,2018/07/28 23:00:00,3.7643499489880035,3.7643499489880035,0.0,0.0,1.2414353693750213,0.0,0.1818979459965967,0.03720056723484694,0.0,0.003981743472309152,0.5498357040003157,0.0,0.45045622017260817,0.0,0.0,0.0,0.0,1.2995423987363053,0.0,0.0,0.0,0.0,0.0,0.0,0.0,0.0,0.0,0.0,0.0,0.0,0.0,0.0,0.0,0.0,0.0,0.0,0.012844484907017084,0.012844484907017084
2018/07/28 19:00:00,2018/07/28 20:00:00,2018/07/29 00:00:00,3.86820692679379,3.86820692679379,0.0,0.0,1.0087429421073106,0.0,0.20868362281410827,0.042678597049429695,0.0,0.004568081560049322,0.9126247247527343,0.0,0.3720880876793055,0.0,0.0,0.0,0.0,1.3188208708308526,0.0,0.0,0.0,0.0,0.0,0.0,0.0,0.0,0.0,0.0,0.0,0.0,0.0,0.0,0.0,0.0,0.0,0.0,0.013198859341379507,0.013198859341379507
2018/07/28 20:00:00,2018/07/28 21:00:00,2018/07/29 01:00:00,2.104210620565035,2.104210620565035,0.0,0.0,0.6989651987654754,0.0,0.26064649742492013,0.05330570116588627,0.0,0.005705548152376266,0.48758957745724624,0.0,0.26350945042612933,0.0,0.0,0.0,0.0,0.3344886471730017,0.0,0.0,0.0,0.0,0.0,0.0,0.0,0.0,0.0,0.0,0.0,0.0,0.0,0.0,0.0,0.0,0.0,0.0,0.007179858919412804,0.007179858919412804
2018/07/28 21:00:00,2018/07/28 22:00:00,2018/07/29 02:00:00,1.4475449054307399,1.4475449054307399,0.0,0.0,0.4158388788010437,0.0,0.3319434669994661,0.06788688676293725,0.0,0.007266237810764074,0.4632829053811929,0.0,0.16132652967533576,0.0,0.0,0.0,0.0,0.0,0.0,0.0,0.0,0.0,0.0,0.0,0.0,0.0,0.0,0.0,0.0,0.0,0.0,0.0,0.0,0.0,0.0,0.0,0.004939224286263047,0.004939224286263047
2018/07/28 22:00:00,2018/07/28 23:00:00,2018/07/29 03:00:00,1.0041647870982204,1.0041647870982204,0.0,0.0,0.19227012244983757,0.0,0.2775611504815452,0.05676497435800282,0.0,0.006075809669215224,0.39627516927644474,0.0,0.07521756086317485,0.0,0.0,0.0,0.0,0.0,0.0,0.0,0.0,0.0,0.0,0.0,0.0,0.0,0.0,0.0,0.0,0.0,0.0,0.0,0.0,0.0,0.0,0.0,0.0034263497354991056,0.0034263497354991056
2018/07/28 23:00:00,2018/07/29 00:00:00,2018/07/29 04:00:00,0.5350746718535359,0.5350746718535359,0.0,0.0,0.026199453140089177,0.0,0.13094360677997474,0.026779722120023,0.0,0.002866353705536267,0.3380365894132003,0.0,0.010248946694712399,0.0,0.0,0.0,0.0,0.0,0.0,0.0,0.0,0.0,0.0,0.0,0.0,0.0,0.0,0.0,0.0,0.0,0.0,0.0,0.0,0.0,0.0,0.0,0.0018257491040644383,0.0018257491040644383
2018/07/29 00:00:00,2018/07/29 01:00:00,2018/07/29 05:00:00,0.3833337710619392,0.3833337710619392,0.0,0.0,0.0,0.0,0.06501908921459039,0.013297274945155983,0.0,0.0014232669458539432,0.30359413995633894,0.0,0.0,0.0,0.0,0.0,0.0,0.0,0.0,0.0,0.0,0.0,0.0,0.0,0.0,0.0,0.0,0.0,0.0,0.0,0.0,0.0,0.0,0.0,0.0,0.0,0.0013079880732339193,0.0013079880732339193
2018/07/29 01:00:00,2018/07/29 02:00:00,2018/07/29 06:00:00,0.5902849208735449,0.5902849208735449,0.2512183926529381,0.0,0.0,0.0,0.03901145352875434,0.00797836496709361,0.0,0.0008539601675123682,0.2912227495572465,0.0,0.0,0.0,0.0,0.0,0.0,0.0,0.0,0.0,0.0,0.0,0.0,0.0,0.0,0.0,0.0,0.0,0.0,0.0,0.0,0.0,0.0,0.0,0.0,0.0,0.0020141341426129413,0.0020141341426129413
2018/07/29 02:00:00,2018/07/29 03:00:00,2018/07/29 07:00:00,0.8543725334077601,0.8543725334077601,0.5613701275596231,0.0,0.0,0.0,0.026007635685836212,0.005318909978062404,0.0,0.0005693067783415784,0.2611065534058968,0.0,0.0,0.0,0.0,0.0,0.0,0.0,0.0,0.0,0.0,0.0,0.0,0.0,0.0,0.0,0.0,0.0,0.0,0.0,0.0,0.0,0.0,0.0,0.0,0.0,0.002915237759251404,0.002915237759251404
2018/07/29 03:00:00,2018/07/29 04:00:00,2018/07/29 08:00:00,1.259318002610121,1.259318002610121,0.9780666455496277,0.0,0.0,0.0,0.026007635685836212,0.005318909978062404,0.0,0.0005693067783415784,0.249355504618253,0.0,0.0,0.0,0.0,0.0,0.0,0.0,0.0,0.0,0.0,0.0,0.0,0.0,0.0,0.0,0.0,0.0,0.0,0.0,0.0,0.0,0.0,0.0,0.0,0.0,0.004296967948479157,0.004296967948479157
2018/07/29 04:00:00,2018/07/29 05:00:00,2018/07/29 09:00:00,1.5798454026602629,1.5798454026602629,1.3114499591541249,0.0,0.0,0.0,0.02669452379982011,0.005459387801091553,0.0,0.0005843427494685605,0.23565718915575795,0.0,0.0,0.0,0.0,0.0,0.0,0.0,0.0,0.0,0.0,0.0,0.0,0.0,0.0,0.0,0.0,0.0,0.0,0.0,0.0,0.0,0.0,0.0,0.0,0.0,0.005390651959801292,0.005390651959801292
2018/07/29 05:00:00,2018/07/29 06:00:00,2018/07/29 10:00:00,1.865069216714487,1.865069216714487,1.5248576627493637,0.0,0.0,0.0,0.06826790434137907,0.013961701169957616,0.0,0.0014943834631568494,0.25648756499062997,0.0,0.0,0.0,0.0,0.0,0.0,0.0,0.0,0.0,0.0,0.0,0.0,0.0,0.0,0.0,0.0,0.0,0.0,0.0,0.0,0.0,0.0,0.0,0.0,0.0,0.006363875231916636,0.006363875231916636
2018/07/29 06:00:00,2018/07/29 07:00:00,2018/07/29 11:00:00,2.511191622824565,2.511191622824565,1.507680989740045,0.0,0.0,0.0,0.16027419424790706,0.03277822026226586,0.0,0.0035083998515197806,0.3136858324949231,0.0,0.0,0.0,0.0,0.0,0.0,0.49326398622790446,0.0,0.0,0.0,0.0,0.0,0.0,0.0,0.0,0.0,0.0,0.0,0.0,0.0,0.0,0.0,0.0,0.0,0.0,0.008568534630174113,0.008568534630174113
2018/07/29 07:00:00,2018/07/29 08:00:00,2018/07/29 12:00:00,2.4781946298834443,2.4781946298834443,0.6061652591173678,0.0,0.0,0.0,0.20282286112768447,0.04147999275530918,0.0,0.004439789569395871,0.35862554090222465,0.0,0.0,0.0,0.0,0.0,0.0,1.264661186411462,0.0,0.0,0.0,0.0,0.0,0.0,0.0,0.0,0.0,0.0,0.0,0.0,0.0,0.0,0.0,0.0,0.0,0.0,0.008455944306863946,0.008455944306863946
2018/07/29 08:00:00,2018/07/29 09:00:00,2018/07/29 13:00:00,2.055290748717003,2.055290748717003,0.1953167025376589,0.0,0.0,0.0,0.1999580326166028,0.04089409693851532,0.0,0.0043770785136948995,0.2959239672796783,0.0,0.0,0.0,0.0,0.0,0.0,1.3188208708308526,0.0,0.0,0.0,0.0,0.0,0.0,0.0,0.0,0.0,0.0,0.0,0.0,0.0,0.0,0.0,0.0,0.0,0.0,0.007012937521529967,0.007012937521529967
2018/07/29 09:00:00,2018/07/29 10:00:00,2018/07/29 14:00:00,1.7922738633745503,1.7922738633745503,0.0,0.0,0.0,0.0,0.19039248045726945,0.038937813351627694,0.0,0.0041676887118432026,0.2399550100229572,0.0,0.0,0.0,0.0,0.0,0.0,1.3188208708308526,0.0,0.0,0.0,0.0,0.0,0.0,0.0,0.0,0.0,0.0,0.0,0.0,0.0,0.0,0.0,0.0,0.0,0.0,0.006115487374797464,0.006115487374797464
2018/07/29 10:00:00,2018/07/29 11:00:00,2018/07/29 15:00:00,0.910819133551766,0.910819133551766,0.0,0.0,0.1741759695511017,0.0,0.18436831091973133,0.037705789962427363,0.0,0.004035819725633622,0.2708157574499429,0.0,0.06503029333122787,0.0,0.0,0.0,0.0,0.17468719261170132,0.0,0.0,0.0,0.0,0.0,0.0,0.0,0.0,0.0,0.0,0.0,0.0,0.0,0.0,0.0,0.0,0.0,0.0,0.00310784139956838,0.00310784139956838
2018/07/29 11:00:00,2018/07/29 12:00:00,2018/07/29 16:00:00,1.851813606637812,1.851813606637812,0.0,0.0,0.4462859772601435,0.0,0.17602198736681157,0.03599885496218284,0.0,0.0038531188207798638,1.0256481211401582,0.0,0.164005547087736,0.0,0.0,0.0,0.0,0.0,0.0,0.0,0.0,0.0,0.0,0.0,0.0,0.0,0.0,0.0,0.0,0.0,0.0,0.0,0.0,0.0,0.0,0.0,0.006318645249085488,0.006318645249085488
2018/07/29 12:00:00,2018/07/29 13:00:00,2018/07/29 17:00:00,1.372303835445253,1.372303835445253,0.0,0.0,0.6652105192505592,0.0,0.16999781782927342,0.03476683157298252,0.0,0.003721249834570283,0.2577264052368096,0.0,0.2408810117210579,0.0,0.0,0.0,0.0,0.0,0.0,0.0,0.0,0.0,0.0,0.0,0.0,0.0,0.0,0.0,0.0,0.0,0.0,0.0,0.0,0.0,0.0,0.0,0.0046824913042308606,0.0046824913042308606
2018/07/29 13:00:00,2018/07/29 14:00:00,2018/07/29 18:00:00,2.1262386642337243,2.1262386642337243,0.0,0.0,0.8918701897031931,0.0,0.16822511758810177,0.034404290620979855,0.0,0.00368244545129386,0.26549933396158615,0.0,0.31901551657793537,0.0,0.0,0.0,0.0,0.44354177033063386,0.0,0.0,0.0,0.0,0.0,0.0,0.0,0.0,0.0,0.0,0.0,0.0,0.0,0.0,0.0,0.0,0.0,0.0,0.007255021664180902,0.007255021664180902
2018/07/29 14:00:00,2018/07/29 15:00:00,2018/07/29 19:00:00,1.9708315580981308,1.9708315580981308,0.0,0.0,1.0872321348494904,0.0,0.16806084117025163,0.03437069389236452,0.0,0.0036788494428241364,0.29490152653433727,0.0,0.38258751220886317,0.0,0.0,0.0,0.0,0.0,0.0,0.0,0.0,0.0,0.0,0.0,0.0,0.0,0.0,0.0,0.0,0.0,0.0,0.0,0.0,0.0,0.0,0.0,0.006724751031468217,0.006724751031468217
2018/07/29 15:00:00,2018/07/29 16:00:00,2018/07/29 20:00:00,2.120879790478052,2.120879790478052,0.0,0.0,1.1849103251472974,0.0,0.1681697315801018,0.03439296344021823,0.0,0.003681233052359925,0.3132996244288172,0.0,0.4164259128292574,0.0,0.0,0.0,0.0,0.0,0.0,0.0,0.0,0.0,0.0,0.0,0.0,0.0,0.0,0.0,0.0,0.0,0.0,0.0,0.0,0.0,0.0,0.0,0.007236736442560673,0.007236736442560673
2018/07/29 16:00:00,2018/07/29 17:00:00,2018/07/29 21:00:00,2.9935183455773515,2.9935183455773515,0.0,0.0,1.2643876315660403,0.0,0.16880266044279316,0.034522405873349746,0.0,0.0036950878562371755,1.0694769809702034,0.0,0.4526335788687275,0.0,0.0,0.0,0.0,0.0,0.0,0.0,0.0,0.0,0.0,0.0,0.0,0.0,0.0,0.0,0.0,0.0,0.0,0.0,0.0,0.0,0.0,0.0,0.010214300405036434,0.010214300405036434
2018/07/29 17:00:00,2018/07/29 18:00:00,2018/07/29 22:00:00,2.4182856633344807,2.4182856633344807,0.0,0.0,1.226977542136413,0.0,0.1717145238173748,0.035117920949956714,0.0,0.003758828504436762,0.5342588683228459,0.0,0.4464579796034535,0.0,0.0,0.0,0.0,0.0,0.0,0.0,0.0,0.0,0.0,0.0,0.0,0.0,0.0,0.0,0.0,0.0,0.0,0.0,0.0,0.0,0.0,0.0,0.00825152659143873,0.00825152659143873
2018/07/29 18:00:00,2018/07/29 19:00:00,2018/07/29 23:00:00,2.9641427121580866,2.9641427121580866,0.0,0.0,1.1014204007475543,0.0,0.1818979459965967,0.03720056723484694,0.0,0.003981743472309152,0.5498357040003157,0.0,0.40510381735278694,0.0,0.0,0.0,0.0,0.6847025333536776,0.0,0.0,0.0,0.0,0.0,0.0,0.0,0.0,0.0,0.0,0.0,0.0,0.0,0.0,0.0,0.0,0.0,0.0,0.010114066663434049,0.010114066663434049
2018/07/29 19:00:00,2018/07/29 20:00:00,2018/07/30 00:00:00,2.1592143116074562,2.1592143116074562,0.0,0.0,0.8986830737857097,0.0,0.20868362281410827,0.042678597049429695,0.0,0.004568081560049322,0.49840003857373244,0.0,0.33394301505425006,0.0,0.0,0.0,0.0,0.17225788277017673,0.0,0.0,0.0,0.0,0.0,0.0,0.0,0.0,0.0,0.0,0.0,0.0,0.0,0.0,0.0,0.0,0.0,0.0,0.007367539153450168,0.007367539153450168
2018/07/29 20:00:00,2018/07/29 21:00:00,2018/07/30 01:00:00,1.7811744254635808,1.7811744254635808,0.0,0.0,0.6793898729132238,0.0,0.26064649742492013,0.05330570116588627,0.0,0.005705548152376266,0.5258812363301948,0.0,0.2562455694769796,0.0,0.0,0.0,0.0,0.0,0.0,0.0,0.0,0.0,0.0,0.0,0.0,0.0,0.0,0.0,0.0,0.0,0.0,0.0,0.0,0.0,0.0,0.0,0.006077614550895385,0.006077614550895385
2018/07/29 21:00:00,2018/07/29 22:00:00,2018/07/30 02:00:00,2.425331809513361,2.425331809513361,0.0,0.0,0.5006063690322536,0.0,0.3319434669994661,0.06788688676293725,0.0,0.007266237810764074,1.3264943790095027,0.0,0.1911344698984375,0.0,0.0,0.0,0.0,0.0,0.0,0.0,0.0,0.0,0.0,0.0,0.0,0.0,0.0,0.0,0.0,0.0,0.0,0.0,0.0,0.0,0.0,0.0,0.00827556902093485,0.00827556902093485
2018/07/29 22:00:00,2018/07/29 23:00:00,2018/07/30 03:00:00,1.8495519749216807,1.8495519749216807,0.0,0.0,0.3345089067471517,0.0,0.2775611504815452,0.05676497435800282,0.0,0.006075809669215224,0.39627516927644474,0.0,0.1281357245602332,0.0,0.0,0.0,0.0,0.6502302398290878,0.0,0.0,0.0,0.0,0.0,0.0,0.0,0.0,0.0,0.0,0.0,0.0,0.0,0.0,0.0,0.0,0.0,0.0,0.006310928247521675,0.006310928247521675
2018/07/29 23:00:00,2018/07/30 00:00:00,2018/07/30 04:00:00,1.0889312655080905,1.0889312655080905,0.0,0.0,0.19919230244310282,0.0,0.13094360677997474,0.026779722120023,0.0,0.002866353705536267,0.3380365894132003,0.0,0.07698335595286417,0.0,0.0,0.0,0.0,0.3141293350933891,0.0,0.0,0.0,0.0,0.0,0.0,0.0,0.0,0.0,0.0,0.0,0.0,0.0,0.0,0.0,0.0,0.0,0.0,0.0037155847341870645,0.0037155847341870645
2018/07/30 00:00:00,2018/07/30 01:00:00,2018/07/30 05:00:00,0.6338764198453987,0.6338764198453987,0.0,0.0,0.06422983718154626,0.0,0.06501908921459039,0.013297274945155983,0.0,0.0014232669458539432,0.30359413995633894,0.0,0.02500495723732371,0.0,0.0,0.0,0.0,0.1613078543645894,0.0,0.0,0.0,0.0,0.0,0.0,0.0,0.0,0.0,0.0,0.0,0.0,0.0,0.0,0.0,0.0,0.0,0.0,0.0021628743921130577,0.0021628743921130577
2018/07/30 01:00:00,2018/07/30 02:00:00,2018/07/30 06:00:00,0.33906652822060673,0.33906652822060673,0.0,0.0,0.0,0.0,0.03901145352875434,0.00797836496709361,0.0,0.0008539601675123682,0.2912227495572465,0.0,0.0,0.0,0.0,0.0,0.0,0.0,0.0,0.0,0.0,0.0,0.0,0.0,0.0,0.0,0.0,0.0,0.0,0.0,0.0,0.0,0.0,0.0,0.0,0.0,0.001156942091788009,0.001156942091788009
2018/07/30 02:00:00,2018/07/30 03:00:00,2018/07/30 07:00:00,0.29300240584813697,0.29300240584813697,0.0,0.0,0.0,0.0,0.026007635685836212,0.005318909978062404,0.0,0.0005693067783415784,0.2611065534058968,0.0,0.0,0.0,0.0,0.0,0.0,0.0,0.0,0.0,0.0,0.0,0.0,0.0,0.0,0.0,0.0,0.0,0.0,0.0,0.0,0.0,0.0,0.0,0.0,0.0,0.0009997649077891518,0.0009997649077891518
2018/07/30 03:00:00,2018/07/30 04:00:00,2018/07/30 08:00:00,0.2812513570604932,0.2812513570604932,0.0,0.0,0.0,0.0,0.026007635685836212,0.005318909978062404,0.0,0.0005693067783415784,0.249355504618253,0.0,0.0,0.0,0.0,0.0,0.0,0.0,0.0,0.0,0.0,0.0,0.0,0.0,0.0,0.0,0.0,0.0,0.0,0.0,0.0,0.0,0.0,0.0,0.0,0.0,0.0009596686970648835,0.0009596686970648835
2018/07/30 04:00:00,2018/07/30 05:00:00,2018/07/30 09:00:00,0.2683954435061382,0.2683954435061382,0.0,0.0,0.0,0.0,0.02669452379982011,0.005459387801091553,0.0,0.0005843427494685605,0.23565718915575795,0.0,0.0,0.0,0.0,0.0,0.0,0.0,0.0,0.0,0.0,0.0,0.0,0.0,0.0,0.0,0.0,0.0,0.0,0.0,0.0,0.0,0.0,0.0,0.0,0.0,0.0009158025342871051,0.0009158025342871051
2018/07/30 05:00:00,2018/07/30 06:00:00,2018/07/30 10:00:00,0.34021155396512354,0.34021155396512354,0.0,0.0,0.0,0.0,0.06826790434137907,0.013961701169957616,0.0,0.0014943834631568494,0.25648756499062997,0.0,0.0,0.0,0.0,0.0,0.0,0.0,0.0,0.0,0.0,0.0,0.0,0.0,0.0,0.0,0.0,0.0,0.0,0.0,0.0,0.0,0.0,0.0,0.0,0.0,0.0011608490786762886,0.0011608490786762886
2018/07/30 06:00:00,2018/07/30 07:00:00,2018/07/30 11:00:00,0.5102466468566158,0.5102466468566158,0.0,0.0,0.0,0.0,0.16027419424790706,0.03277822026226586,0.0,0.0035083998515197806,0.3136858324949231,0.0,0.0,0.0,0.0,0.0,0.0,0.0,0.0,0.0,0.0,0.0,0.0,0.0,0.0,0.0,0.0,0.0,0.0,0.0,0.0,0.0,0.0,0.0,0.0,0.0,0.001741032434077442,0.001741032434077442
2018/07/30 07:00:00,2018/07/30 08:00:00,2018/07/30 12:00:00,1.0208088050322035,1.0208088050322035,0.0,0.0,0.0,0.0,0.20282286112768447,0.04147999275530918,0.0,0.004439789569395871,0.35862554090222465,0.0,0.0,0.0,0.0,0.0,0.0,0.41344062067758935,0.0,0.0,0.0,0.0,0.0,0.0,0.0,0.0,0.0,0.0,0.0,0.0,0.0,0.0,0.0,0.0,0.0,0.0,0.003483141436600816,0.003483141436600816
2018/07/30 08:00:00,2018/07/30 09:00:00,2018/07/30 13:00:00,1.7187083222769493,1.7187083222769493,0.0,0.0,0.012520534577101205,0.0,0.1999580326166028,0.04089409693851532,0.0,0.0043770785136948995,0.36908418990542324,0.0,0.004935846618299511,0.0,0.0,0.0,0.0,1.086938543107312,0.0,0.0,0.0,0.0,0.0,0.0,0.0,0.0,0.0,0.0,0.0,0.0,0.0,0.0,0.0,0.0,0.0,0.0,0.0058644715300674305,0.0058644715300674305
2018/07/30 09:00:00,2018/07/30 10:00:00,2018/07/30 14:00:00,3.4578159427189807,3.4578159427189807,0.0,0.0,0.0,0.0,0.19039248045726945,0.038937813351627694,0.0,0.0041676887118432026,1.9054970893673877,0.0,0.0,0.0,0.0,0.0,0.0,1.3188208708308526,0.0,0.0,0.0,0.0,0.0,0.0,0.0,0.0,0.0,0.0,0.0,0.0,0.0,0.0,0.0,0.0,0.0,0.0,0.011798548299006338,0.011798548299006338
2018/07/30 10:00:00,2018/07/30 11:00:00,2018/07/30 15:00:00,2.1515270051980306,2.1515270051980306,0.0,0.0,0.0,0.0,0.18436831091973133,0.037705789962427363,0.0,0.004035819725633622,0.6065962137593854,0.0,0.0,0.0,0.0,0.0,0.0,1.3188208708308526,0.0,0.0,0.0,0.0,0.0,0.0,0.0,0.0,0.0,0.0,0.0,0.0,0.0,0.0,0.0,0.0,0.0,0.0,0.00734130899618808,0.00734130899618808
2018/07/30 11:00:00,2018/07/30 12:00:00,2018/07/30 16:00:00,1.8600570611817915,1.8600570611817915,0.0,0.0,0.0,0.0,0.17602198736681157,0.03599885496218284,0.0,0.0038531188207798638,0.3557889691610797,0.0,0.0,0.0,0.0,0.0,0.0,1.2883941308709375,0.0,0.0,0.0,0.0,0.0,0.0,0.0,0.0,0.0,0.0,0.0,0.0,0.0,0.0,0.0,0.0,0.0,0.0,0.00634677306103355,0.00634677306103355
2018/07/30 12:00:00,2018/07/30 13:00:00,2018/07/30 17:00:00,1.3025838887420926,1.3025838887420926,0.0,0.0,0.0,0.0,0.16999781782927342,0.03476683157298252,0.0,0.003721249834570283,1.0940979895052667,0.0,0.0,0.0,0.0,0.0,0.0,0.0,0.0,0.0,0.0,0.0,0.0,0.0,0.0,0.0,0.0,0.0,0.0,0.0,0.0,0.0,0.0,0.0,0.0,0.0,0.00444459716174086,0.00444459716174086
2018/07/30 13:00:00,2018/07/30 14:00:00,2018/07/30 18:00:00,0.4794627573713868,0.4794627573713868,0.0,0.0,0.005494200278762668,0.0,0.16822511758810177,0.034404290620979855,0.0,0.00368244545129386,0.26549933396158615,0.0,0.0021573694706625663,0.0,0.0,0.0,0.0,0.0,0.0,0.0,0.0,0.0,0.0,0.0,0.0,0.0,0.0,0.0,0.0,0.0,0.0,0.0,0.0,0.0,0.0,0.0,0.0016359935271664083,0.0016359935271664083
2018/07/30 14:00:00,2018/07/30 15:00:00,2018/07/30 19:00:00,0.6172803797302221,0.6172803797302221,0.0,0.0,0.08375024544754092,0.0,0.16806084117025163,0.03437069389236452,0.0,0.0036788494428241364,0.29490152653433727,0.0,0.03251822324290344,0.0,0.0,0.0,0.0,0.0,0.0,0.0,0.0,0.0,0.0,0.0,0.0,0.0,0.0,0.0,0.0,0.0,0.0,0.0,0.0,0.0,0.0,0.0,0.0021062463979933978,0.0021062463979933978
2018/07/30 15:00:00,2018/07/30 16:00:00,2018/07/30 20:00:00,1.3670046153444297,1.3670046153444297,0.0,0.0,0.21403841146245148,0.0,0.1681697315801018,0.03439296344021823,0.0,0.003681233052359925,0.2828534135552759,0.0,0.08255171796660875,0.0,0.0,0.0,0.0,0.581317144287414,0.0,0.0,0.0,0.0,0.0,0.0,0.0,0.0,0.0,0.0,0.0,0.0,0.0,0.0,0.0,0.0,0.0,0.0,0.004664409629167073,0.004664409629167073
2018/07/30 16:00:00,2018/07/30 17:00:00,2018/07/30 21:00:00,1.0549283520073574,1.0549283520073574,0.0,0.0,0.3356258304813163,0.0,0.16880266044279316,0.034522405873349746,0.0,0.0036950878562371755,0.38312597586620323,0.0,0.12915639148745778,0.0,0.0,0.0,0.0,0.0,0.0,0.0,0.0,0.0,0.0,0.0,0.0,0.0,0.0,0.0,0.0,0.0,0.0,0.0,0.0,0.0,0.0,0.0,0.003599562070201696,0.003599562070201696
2018/07/30 17:00:00,2018/07/30 18:00:00,2018/07/30 22:00:00,1.3325622176453293,1.3325622176453293,0.0,0.0,0.42488542696858284,0.0,0.1717145238173748,0.035117920949956714,0.0,0.003758828504436762,0.5342588683228459,0.0,0.1628266490821325,0.0,0.0,0.0,0.0,0.0,0.0,0.0,0.0,0.0,0.0,0.0,0.0,0.0,0.0,0.0,0.0,0.0,0.0,0.0,0.0,0.0,0.0,0.0,0.004546887384051019,0.004546887384051019
2018/07/30 18:00:00,2018/07/30 19:00:00,2018/07/30 23:00:00,1.4461080592586615,1.4461080592586615,0.0,0.0,0.46709242551391855,0.0,0.1818979459965967,0.03720056723484694,0.0,0.003981743472309152,0.5498357040003157,0.0,0.1776351077736744,0.0,0.0,0.0,0.0,0.028464565266999853,0.0,0.0,0.0,0.0,0.0,0.0,0.0,0.0,0.0,0.0,0.0,0.0,0.0,0.0,0.0,0.0,0.0,0.0,0.004934321567541073,0.004934321567541073
2018/07/30 19:00:00,2018/07/30 20:00:00,2018/07/31 00:00:00,2.7324036740541544,2.7324036740541544,0.0,0.0,0.47802663448690547,0.0,0.20868362281410827,0.042678597049429695,0.0,0.004568081560049322,0.49840003857373244,0.0,0.1812258287390763,0.0,0.0,0.0,0.0,1.3188208708308526,0.0,0.0,0.0,0.0,0.0,0.0,0.0,0.0,0.0,0.0,0.0,0.0,0.0,0.0,0.0,0.0,0.0,0.0,0.009323340876079231,0.009323340876079231
2018/07/30 20:00:00,2018/07/30 21:00:00,2018/07/31 01:00:00,1.5545246608644334,1.5545246608644334,0.0,0.0,0.36067336459950666,0.0,0.26064649742492013,0.05330570116588627,0.0,0.005705548152376266,0.48758957745724624,0.0,0.13741669921268096,0.0,0.0,0.0,0.0,0.24918727285181658,0.0,0.0,0.0,0.0,0.0,0.0,0.0,0.0,0.0,0.0,0.0,0.0,0.0,0.0,0.0,0.0,0.0,0.0,0.00530425407165637,0.00530425407165637
2018/07/30 21:00:00,2018/07/30 22:00:00,2018/07/31 02:00:00,1.4782374028940297,1.4782374028940297,0.0,0.0,0.26814942092404714,0.0,0.3319434669994661,0.06788688676293725,0.0,0.007266237810764074,0.4632829053811929,0.0,0.102995957814109,0.0,0.0,0.0,0.0,0.23671252720151337,0.0,0.0,0.0,0.0,0.0,0.0,0.0,0.0,0.0,0.0,0.0,0.0,0.0,0.0,0.0,0.0,0.0,0.0,0.005043951350900561,0.005043951350900561
2018/07/30 22:00:00,2018/07/30 23:00:00,2018/07/31 03:00:00,1.1311057280824162,1.1311057280824162,0.0,0.0,0.14597834246736482,0.0,0.2775611504815452,0.05676497435800282,0.0,0.006075809669215224,0.39627516927644474,0.0,0.05674218175455723,0.0,0.0,0.0,0.0,0.191708100075286,0.0,0.0,0.0,0.0,0.0,0.0,0.0,0.0,0.0,0.0,0.0,0.0,0.0,0.0,0.0,0.0,0.0,0.0,0.003859489858667618,0.003859489858667618
2018/07/30 23:00:00,2018/07/31 00:00:00,2018/07/31 04:00:00,0.5271220577078841,0.5271220577078841,0.0,0.0,0.0204987274321672,0.0,0.13094360677997474,0.026779722120023,0.0,0.002866353705536267,0.3380365894132003,0.0,0.00799705825698266,0.0,0.0,0.0,0.0,0.0,0.0,0.0,0.0,0.0,0.0,0.0,0.0,0.0,0.0,0.0,0.0,0.0,0.0,0.0,0.0,0.0,0.0,0.0,0.001798613679954197,0.001798613679954197
2018/07/31 00:00:00,2018/07/31 01:00:00,2018/07/31 05:00:00,0.3833337710619392,0.3833337710619392,0.0,0.0,0.0,0.0,0.06501908921459039,0.013297274945155983,0.0,0.0014232669458539432,0.30359413995633894,0.0,0.0,0.0,0.0,0.0,0.0,0.0,0.0,0.0,0.0,0.0,0.0,0.0,0.0,0.0,0.0,0.0,0.0,0.0,0.0,0.0,0.0,0.0,0.0,0.0,0.0013079880732339193,0.0013079880732339193
2018/07/31 01:00:00,2018/07/31 02:00:00,2018/07/31 06:00:00,0.3851494772821267,0.3851494772821267,0.046082949061519905,0.0,0.0,0.0,0.03901145352875434,0.00797836496709361,0.0,0.0008539601675123682,0.2912227495572465,0.0,0.0,0.0,0.0,0.0,0.0,0.0,0.0,0.0,0.0,0.0,0.0,0.0,0.0,0.0,0.0,0.0,0.0,0.0,0.0,0.0,0.0,0.0,0.0,0.0,0.0013141835150649967,0.0013141835150649967
2018/07/31 02:00:00,2018/07/31 03:00:00,2018/07/31 07:00:00,0.5480877559520576,0.5480877559520576,0.25508535010392064,0.0,0.0,0.0,0.026007635685836212,0.005318909978062404,0.0,0.0005693067783415784,0.2611065534058968,0.0,0.0,0.0,0.0,0.0,0.0,0.0,0.0,0.0,0.0,0.0,0.0,0.0,0.0,0.0,0.0,0.0,0.0,0.0,0.0,0.0,0.0,0.0,0.0,0.0,0.0018701515545704389,0.0018701515545704389
2018/07/31 03:00:00,2018/07/31 04:00:00,2018/07/31 08:00:00,0.8389867892780801,0.8389867892780801,0.5577354322175869,0.0,0.0,0.0,0.026007635685836212,0.005318909978062404,0.0,0.0005693067783415784,0.249355504618253,0.0,0.0,0.0,0.0,0.0,0.0,0.0,0.0,0.0,0.0,0.0,0.0,0.0,0.0,0.0,0.0,0.0,0.0,0.0,0.0,0.0,0.0,0.0,0.0,0.0,0.002862739463148506,0.002862739463148506
2018/07/31 04:00:00,2018/07/31 05:00:00,2018/07/31 09:00:00,1.4880533083177048,1.4880533083177048,0.8102107310181396,0.0,0.0,0.0,0.02669452379982011,0.005459387801091553,0.0,0.0005843427494685605,0.23565718915575795,0.0,0.0,0.0,0.0,0.0,0.0,0.40944713379342706,0.0,0.0,0.0,0.0,0.0,0.0,0.0,0.0,0.0,0.0,0.0,0.0,0.0,0.0,0.0,0.0,0.0,0.0,0.005077444583668943,0.005077444583668943
2018/07/31 05:00:00,2018/07/31 06:00:00,2018/07/31 10:00:00,1.3274288668864045,1.3274288668864045,0.987217312921281,0.0,0.0,0.0,0.06826790434137907,0.013961701169957616,0.0,0.0014943834631568494,0.25648756499062997,0.0,0.0,0.0,0.0,0.0,0.0,0.0,0.0,0.0,0.0,0.0,0.0,0.0,0.0,0.0,0.0,0.0,0.0,0.0,0.0,0.0,0.0,0.0,0.0,0.0,0.004529371678221606,0.004529371678221606
2018/07/31 06:00:00,2018/07/31 07:00:00,2018/07/31 11:00:00,1.4575073044983464,1.4575073044983464,0.9472606576417306,0.0,0.0,0.0,0.16027419424790706,0.03277822026226586,0.0,0.0035083998515197806,0.3136858324949231,0.0,0.0,0.0,0.0,0.0,0.0,0.0,0.0,0.0,0.0,0.0,0.0,0.0,0.0,0.0,0.0,0.0,0.0,0.0,0.0,0.0,0.0,0.0,0.0,0.0,0.004973217375692992,0.004973217375692992
2018/07/31 07:00:00,2018/07/31 08:00:00,2018/07/31 12:00:00,1.544433559947902,1.544433559947902,0.1973708184965384,0.0,0.0,0.0,0.20282286112768447,0.04147999275530918,0.0,0.004439789569395871,0.4566829047179834,0.0,0.0,0.0,0.0,0.0,0.0,0.6416371932809908,0.0,0.0,0.0,0.0,0.0,0.0,0.0,0.0,0.0,0.0,0.0,0.0,0.0,0.0,0.0,0.0,0.0,0.0,0.0052698218336407684,0.0052698218336407684
2018/07/31 08:00:00,2018/07/31 09:00:00,2018/07/31 13:00:00,4.159707853355347,4.159707853355347,0.0,0.0,0.06428034804280171,0.0,0.1999580326166028,0.04089409693851532,0.0,0.0043770785136948995,2.506437797468054,0.0,0.024939628944825973,0.0,0.0,0.0,0.0,1.3188208708308526,0.0,0.0,0.0,0.0,0.0,0.0,0.0,0.0,0.0,0.0,0.0,0.0,0.0,0.0,0.0,0.0,0.0,0.0,0.014193500993282244,0.014193500993282244
2018/07/31 09:00:00,2018/07/31 10:00:00,2018/07/31 14:00:00,2.058552682221349,2.058552682221349,0.0,0.0,0.19439550133663824,0.0,0.19039248045726945,0.038937813351627694,0.0,0.0041676887118432026,0.2399550100229572,0.0,0.07188331751016032,0.0,0.0,0.0,0.0,1.3188208708308526,0.0,0.0,0.0,0.0,0.0,0.0,0.0,0.0,0.0,0.0,0.0,0.0,0.0,0.0,0.0,0.0,0.0,0.0,0.0070240676917405044,0.0070240676917405044
2018/07/31 10:00:00,2018/07/31 11:00:00,2018/07/31 15:00:00,2.218598847996547,2.218598847996547,0.0,0.0,0.4749705145244591,0.0,0.18436831091973133,0.037705789962427363,0.0,0.004035819725633622,0.23647871378177573,0.0,0.1702593884776439,0.0,0.0,0.0,0.0,1.1107803106048757,0.0,0.0,0.0,0.0,0.0,0.0,0.0,0.0,0.0,0.0,0.0,0.0,0.0,0.0,0.0,0.0,0.0,0.0,0.007570167440324756,0.007570167440324756
2018/07/31 11:00:00,2018/07/31 12:00:00,2018/07/31 16:00:00,1.4978426564724163,1.4978426564724163,0.0,0.0,0.7632068902722,0.0,0.17602198736681157,0.03599885496218284,0.0,0.0038531188207798638,0.25158580738185676,0.0,0.2671759976685853,0.0,0.0,0.0,0.0,0.0,0.0,0.0,0.0,0.0,0.0,0.0,0.0,0.0,0.0,0.0,0.0,0.0,0.0,0.0,0.0,0.0,0.0,0.0,0.005110847199346726,0.005110847199346726
2018/07/31 12:00:00,2018/07/31 13:00:00,2018/07/31 17:00:00,2.619292849942386,2.619292849942386,0.0,0.0,0.9747802079846563,0.0,0.16999781782927342,0.03476683157298252,0.0,0.003721249834570283,0.2577264052368096,0.0,0.33837544026967487,0.0,0.0,0.0,0.0,0.8399248972144194,0.0,0.0,0.0,0.0,0.0,0.0,0.0,0.0,0.0,0.0,0.0,0.0,0.0,0.0,0.0,0.0,0.0,0.0,0.008937391032729928,0.008937391032729928
2018/07/31 13:00:00,2018/07/31 14:00:00,2018/07/31 18:00:00,2.0275662555481593,2.0275662555481593,0.0,0.0,1.1585118178616634,0.0,0.16822511758810177,0.034404290620979855,0.0,0.00368244545129386,0.26549933396158615,0.0,0.39724325006453454,0.0,0.0,0.0,0.0,0.0,0.0,0.0,0.0,0.0,0.0,0.0,0.0,0.0,0.0,0.0,0.0,0.0,0.0,0.0,0.0,0.0,0.0,0.0,0.0069183376998110425,0.0069183376998110425
2018/07/31 14:00:00,2018/07/31 15:00:00,2018/07/31 19:00:00,2.3089030038016274,2.3089030038016274,0.0,0.0,1.3511526067459199,0.0,0.16806084117025163,0.03437069389236452,0.0,0.0036788494428241364,0.29490152653433727,0.0,0.45673848601592965,0.0,0.0,0.0,0.0,0.0,0.0,0.0,0.0,0.0,0.0,0.0,0.0,0.0,0.0,0.0,0.0,0.0,0.0,0.0,0.0,0.0,0.0,0.0,0.007878297763487484,0.007878297763487484
2018/07/31 15:00:00,2018/07/31 16:00:00,2018/07/31 20:00:00,2.5026436967850896,2.5026436967850896,0.0,0.0,1.5037117346760704,0.0,0.1681697315801018,0.03439296344021823,0.0,0.003681233052359925,0.2828534135552759,0.0,0.5098346204810633,0.0,0.0,0.0,0.0,0.0,0.0,0.0,0.0,0.0,0.0,0.0,0.0,0.0,0.0,0.0,0.0,0.0,0.0,0.0,0.0,0.0,0.0,0.0,0.00853936791919129,0.00853936791919129
2018/07/31 16:00:00,2018/07/31 17:00:00,2018/07/31 21:00:00,2.7343323952404095,2.7343323952404095,0.0,0.0,1.5990287767222495,0.0,0.16880266044279316,0.034522405873349746,0.0,0.0036950878562371755,0.38312597586620323,0.0,0.5451574884795768,0.0,0.0,0.0,0.0,0.0,0.0,0.0,0.0,0.0,0.0,0.0,0.0,0.0,0.0,0.0,0.0,0.0,0.0,0.0,0.0,0.0,0.0,0.0,0.009329921940672696,0.009329921940672696
2018/07/31 17:00:00,2018/07/31 18:00:00,2018/07/31 22:00:00,2.9783696678432223,2.9783696678432223,0.0,0.0,1.6651678960899632,0.0,0.1717145238173748,0.035117920949956714,0.0,0.003758828504436762,0.5342588683228459,0.0,0.5683516301586452,0.0,0.0,0.0,0.0,0.0,0.0,0.0,0.0,0.0,0.0,0.0,0.0,0.0,0.0,0.0,0.0,0.0,0.0,0.0,0.0,0.0,0.0,0.0,0.010162611012404489,0.010162611012404489
2018/07/31 18:00:00,2018/07/31 19:00:00,2018/07/31 23:00:00,2.918340074931491,2.918340074931491,0.0,0.0,1.5909058950358697,0.0,0.1818979459965967,0.03720056723484694,0.0,0.003981743472309152,0.5498357040003157,0.0,0.554518219191553,0.0,0.0,0.0,0.0,0.0,0.0,0.0,0.0,0.0,0.0,0.0,0.0,0.0,0.0,0.0,0.0,0.0,0.0,0.0,0.0,0.0,0.0,0.0,0.009957781703074096,0.009957781703074096
2018/07/31 19:00:00,2018/07/31 20:00:00,2018/08/01 00:00:00,4.277744704772177,4.277744704772177,0.0,0.0,1.4769549941405058,0.0,0.20868362281410827,0.042678597049429695,0.0,0.004568081560049322,0.8328620928618802,0.0,0.532236957542426,0.0,0.0,0.0,0.0,1.1797603588037777,0.0,0.0,0.0,0.0,0.0,0.0,0.0,0.0,0.0,0.0,0.0,0.0,0.0,0.0,0.0,0.0,0.0,0.0,0.014596259126038439,0.014596259126038439
2018/07/31 20:00:00,2018/07/31 21:00:00,2018/08/01 01:00:00,11.436296942208187,11.436296942208187,0.0,0.0,1.180645472905817,0.0,0.26064649742492013,0.05330570116588627,0.0,0.005705548152376266,8.180663383592446,0.0,0.4365094681358904,0.0,0.0,0.0,0.0,1.3188208708308526,0.0,0.0,0.0,0.0,0.0,0.0,0.0,0.0,0.0,0.0,0.0,0.0,0.0,0.0,0.0,0.0,0.0,0.0,0.03902223370753537,0.03902223370753537
2018/07/31 21:00:00,2018/07/31 22:00:00,2018/08/01 02:00:00,6.943501948867503,6.943501948867503,0.0,0.0,0.8846352761092035,0.0,0.3319434669994661,0.06788688676293725,0.0,0.007266237810764074,3.9984253274364,0.0,0.33452388291787993,0.0,0.0,0.0,0.0,1.3188208708308526,0.0,0.0,0.0,0.0,0.0,0.0,0.0,0.0,0.0,0.0,0.0,0.0,0.0,0.0,0.0,0.0,0.0,0.0,0.02369219312568131,0.02369219312568131
2018/07/31 22:00:00,2018/07/31 23:00:00,2018/08/01 03:00:00,4.764596473192411,4.764596473192411,0.0,0.0,0.6572018066569967,0.0,0.2775611504815452,0.05676497435800282,0.0,0.006075809669215224,2.1974687642460076,0.0,0.2507030969497902,0.0,0.0,0.0,0.0,1.3188208708308526,0.0,0.0,0.0,0.0,0.0,0.0,0.0,0.0,0.0,0.0,0.0,0.0,0.0,0.0,0.0,0.0,0.0,0.0,0.016257464985262395,0.016257464985262395
2018/07/31 23:00:00,2018/08/01 00:00:00,2018/08/01 04:00:00,2.238161365561656,2.238161365561656,0.0,0.0,0.2714352091431901,0.0,0.13094360677997474,0.026779722120023,0.0,0.002866353705536267,0.3838973058415493,0.0,0.10341829714052984,0.0,0.0,0.0,0.0,1.3188208708308526,0.0,0.0,0.0,0.0,0.0,0.0,0.0,0.0,0.0,0.0,0.0,0.0,0.0,0.0,0.0,0.0,0.0,0.0,0.007636917467557439,0.007636917467557439
2018/08/01 00:00:00,2018/08/01 01:00:00,2018/08/01 05:00:00,1.872561219378631,1.872561219378631,0.0,0.0,0.1234275661428461,0.0,0.06501908921459039,0.013297274945155983,0.0,0.0014232669458539432,0.30359413995633894,0.0,0.04697901134299299,0.0,0.0,0.0,0.0,1.3188208708308526,0.0,0.0,0.0,0.0,0.0,0.0,0.0,0.0,0.0,0.0,0.0,0.0,0.0,0.0,0.0,0.0,0.0,0.0,0.006389438985671464,0.006389438985671464
2018/08/01 01:00:00,2018/08/01 02:00:00,2018/08/01 06:00:00,1.7826733118831688,1.7826733118831688,0.0,0.0,0.030241375477524278,0.0,0.03901145352875434,0.00797836496709361,0.0,0.0008539601675123682,0.3742696688576567,0.0,0.011497618053774724,0.0,0.0,0.0,0.0,1.3188208708308526,0.0,0.0,0.0,0.0,0.0,0.0,0.0,0.0,0.0,0.0,0.0,0.0,0.0,0.0,0.0,0.0,0.0,0.0,0.006082728959559465,0.006082728959559465
2018/08/01 02:00:00,2018/08/01 03:00:00,2018/08/01 07:00:00,2.5493913306867095,2.5493913306867095,0.0,0.0,0.06845786671330208,0.0,0.026007635685836212,0.005318909978062404,0.0,0.0005693067783415784,2.203699011271895,0.0,0.025979104242308742,0.0,0.0,0.0,0.0,0.21935949601696378,0.0,0.0,0.0,0.0,0.0,0.0,0.0,0.0,0.0,0.0,0.0,0.0,0.0,0.0,0.0,0.0,0.0,0.0,0.008698877339469694,0.008698877339469694
2018/08/01 03:00:00,2018/08/01 04:00:00,2018/08/01 08:00:00,2.0255880363781893,2.0255880363781893,0.0,0.0,0.058567936730196585,0.0,0.026007635685836212,0.005318909978062404,0.0,0.0005693067783415784,1.9129224553933235,0.0,0.022201791812429143,0.0,0.0,0.0,0.0,0.0,0.0,0.0,0.0,0.0,0.0,0.0,0.0,0.0,0.0,0.0,0.0,0.0,0.0,0.0,0.0,0.0,0.0,0.0,0.006911587741221703,0.006911587741221703
2018/08/01 04:00:00,2018/08/01 05:00:00,2018/08/01 09:00:00,2.020187180835781,2.020187180835781,0.0,0.0,0.0412116070730932,0.0,0.026843243274492543,0.00548980292637717,0.0,0.0005875982166715451,1.930447409666837,0.0,0.015607519678309274,0.0,0.0,0.0,0.0,0.0,0.0,0.0,0.0,0.0,0.0,0.0,0.0,0.0,0.0,0.0,0.0,0.0,0.0,0.0,0.0,0.0,0.0,0.0,0.006893159271913717,0.006893159271913717
2018/08/01 05:00:00,2018/08/01 06:00:00,2018/08/01 10:00:00,0.3565614388749229,0.3565614388749229,0.0,0.0,0.011192630185286278,0.0,0.06900948530167404,0.014113364412895239,0.0,0.0015106166599181724,0.25648756499062997,0.0,0.004247777324519266,0.0,0.0,0.0,0.0,0.0,0.0,0.0,0.0,0.0,0.0,0.0,0.0,0.0,0.0,0.0,0.0,0.0,0.0,0.0,0.0,0.0,0.0,0.0,0.0012166371570434026,0.0012166371570434026
2018/08/01 06:00:00,2018/08/01 07:00:00,2018/08/01 11:00:00,0.8807412906453529,0.8807412906453529,0.0,0.0,0.03479227202494949,0.0,0.16201522163153,0.03313428369051031,0.0,0.003546510916391187,0.3136858324949231,0.0,0.013258925468563314,0.0,0.0,0.0,0.0,0.32030824441848554,0.0,0.0,0.0,0.0,0.0,0.0,0.0,0.0,0.0,0.0,0.0,0.0,0.0,0.0,0.0,0.0,0.0,0.0,0.0030052116216565485,0.0030052116216565485
2018/08/01 07:00:00,2018/08/01 08:00:00,2018/08/01 12:00:00,0.7613113276778122,0.7613113276778122,0.0,0.0,0.05085412580463225,0.0,0.20502608639988215,0.041930581844827744,0.0,0.0044880181395291685,0.35862554090222465,0.0,0.019363366448396525,0.0,0.0,0.0,0.0,0.08102360813831971,0.0,0.0,0.0,0.0,0.0,0.0,0.0,0.0,0.0,0.0,0.0,0.0,0.0,0.0,0.0,0.0,0.0,0.0,0.002597699998781373,0.002597699998781373
2018/08/01 08:00:00,2018/08/01 09:00:00,2018/08/01 13:00:00,0.634893185173864,0.634893185173864,0.0,0.0,0.06503529552517337,0.0,0.20318552328194064,0.04155416202522051,0.0,0.004447728238837415,0.2959239672796783,0.0,0.024746508823013626,0.0,0.0,0.0,0.0,0.0,0.0,0.0,0.0,0.0,0.0,0.0,0.0,0.0,0.0,0.0,0.0,0.0,0.0,0.0,0.0,0.0,0.0,0.0,0.0021663437366459593,0.0021663437366459593
2018/08/01 09:00:00,2018/08/01 10:00:00,2018/08/01 14:00:00,0.6517798918724327,0.6517798918724327,0.0,0.0,0.1256526473489147,0.0,0.19457144785868138,0.03979246817984311,0.0,0.0042591662493183975,0.2399550100229572,0.0,0.04754915221271789,0.0,0.0,0.0,0.0,0.0,0.0,0.0,0.0,0.0,0.0,0.0,0.0,0.0,0.0,0.0,0.0,0.0,0.0,0.0,0.0,0.0,0.0,0.0,0.0022239635255227354,0.0022239635255227354
2018/08/01 10:00:00,2018/08/01 11:00:00,2018/08/01 15:00:00,0.7966732122708262,0.7966732122708262,0.0,0.0,0.23987655076468936,0.0,0.18848183893972803,0.03854706156031103,0.0,0.004125864795972619,0.23647871378177573,0.0,0.0891631824283494,0.0,0.0,0.0,0.0,0.0,0.0,0.0,0.0,0.0,0.0,0.0,0.0,0.0,0.0,0.0,0.0,0.0,0.0,0.0,0.0,0.0,0.0,0.0,0.0027183596608993314,0.0027183596608993314
2018/08/01 11:00:00,2018/08/01 12:00:00,2018/08/01 16:00:00,1.575562315281048,1.575562315281048,0.0,0.0,0.5098578957261078,0.0,0.18004485089820238,0.03682158445731919,0.0,0.003941179246742044,0.25158580738185676,0.0,0.18791250215062552,0.0,0.0,0.0,0.0,0.40539849542019424,0.0,0.0,0.0,0.0,0.0,0.0,0.0,0.0,0.0,0.0,0.0,0.0,0.0,0.0,0.0,0.0,0.0,0.0,0.0053760374707279394,0.0053760374707279394
2018/08/01 12:00:00,2018/08/01 13:00:00,2018/08/01 17:00:00,2.6602108500720703,2.6602108500720703,0.0,0.0,0.6397063339232876,0.0,0.17395524197924905,0.03557617783778712,0.0,0.003807877793396267,0.2577264052368096,0.0,0.2306179424706881,0.0,0.0,0.0,0.0,1.3188208708308526,0.0,0.0,0.0,0.0,0.0,0.0,0.0,0.0,0.0,0.0,0.0,0.0,0.0,0.0,0.0,0.0,0.0,0.0,0.009077008932822438,0.009077008932822438
2018/08/01 13:00:00,2018/08/01 14:00:00,2018/08/01 18:00:00,1.7652630368316,1.7652630368316,0.0,0.0,0.8328431768563386,0.0,0.1721632852403147,0.035209698673971224,0.0,0.003768651885655419,0.26549933396158615,0.0,0.293815860375049,0.0,0.0,0.0,0.0,0.1619630298386851,0.0,0.0,0.0,0.0,0.0,0.0,0.0,0.0,0.0,0.0,0.0,0.0,0.0,0.0,0.0,0.0,0.0,0.0,0.0060233226827368196,0.0060233226827368196
2018/08/01 14:00:00,2018/08/01 15:00:00,2018/08/01 19:00:00,1.8460377113308888,1.8460377113308888,0.0,0.0,0.9917230264953418,0.0,0.17200135566103103,0.03517658190528837,0.0,0.0037651072494488146,0.29490152653433727,0.0,0.3484701134854416,0.0,0.0,0.0,0.0,0.0,0.0,0.0,0.0,0.0,0.0,0.0,0.0,0.0,0.0,0.0,0.0,0.0,0.0,0.0,0.0,0.0,0.0,0.0,0.006298937092006673,0.006298937092006673
2018/08/01 15:00:00,2018/08/01 16:00:00,2018/08/01 20:00:00,2.0363134890521044,2.0363134890521044,0.0,0.0,1.078926851074635,0.0,0.17216046143222405,0.03520912116738004,0.0,0.003768590072536143,0.3696208676729485,0.0,0.3766275976323808,0.0,0.0,0.0,0.0,0.0,0.0,0.0,0.0,0.0,0.0,0.0,0.0,0.0,0.0,0.0,0.0,0.0,0.0,0.0,0.0,0.0,0.0,0.0,0.006948184475547124,0.006948184475547124
2018/08/01 16:00:00,2018/08/01 17:00:00,2018/08/01 21:00:00,4.843746009329558,4.843746009329558,0.0,0.0,1.2758875433703274,0.0,0.17312183072358475,0.03540573406899825,0.0,0.0037896344327645183,2.4885765977890912,0.0,0.44335347705541217,0.0,0.0,0.0,0.0,0.4236111918893801,0.0,0.0,0.0,0.0,0.0,0.0,0.0,0.0,0.0,0.0,0.0,0.0,0.0,0.0,0.0,0.0,0.0,0.0,0.01652753419670335,0.01652753419670335
2018/08/01 17:00:00,2018/08/01 18:00:00,2018/08/01 22:00:00,6.094050803869266,6.094050803869266,0.0,0.0,1.3909472850504272,0.0,0.17758213335500161,0.03631792572140365,0.0,0.003887270394456464,3.903230108586545,0.0,0.48074810843675564,0.0,0.0,0.0,0.0,0.101337972324676,0.0,0.0,0.0,0.0,0.0,0.0,0.0,0.0,0.0,0.0,0.0,0.0,0.0,0.0,0.0,0.0,0.0,0.0,0.02079374782728086,0.02079374782728086
2018/08/01 18:00:00,2018/08/01 19:00:00,2018/08/01 23:00:00,2.6356524252761404,2.6356524252761404,0.0,0.0,1.3734123956769066,0.0,0.19286503779060593,0.03944348445647083,0.0,0.0042218129569960685,0.5498357040003157,0.0,0.47587399039484507,0.0,0.0,0.0,0.0,0.0,0.0,0.0,0.0,0.0,0.0,0.0,0.0,0.0,0.0,0.0,0.0,0.0,0.0,0.0,0.0,0.0,0.0,0.0,0.008993212176169609,0.008993212176169609
2018/08/01 19:00:00,2018/08/01 20:00:00,2018/08/02 00:00:00,2.4082820440381427,2.4082820440381427,0.0,0.0,1.202677707345912,0.0,0.23099165129518737,0.04724088778251356,0.0,0.005056403988859405,0.5036728235883939,0.0,0.4186425700372763,0.0,0.0,0.0,0.0,0.0,0.0,0.0,0.0,0.0,0.0,0.0,0.0,0.0,0.0,0.0,0.0,0.0,0.0,0.0,0.0,0.0,0.0,0.0,0.008217392852862724,0.008217392852862724
2018/08/01 20:00:00,2018/08/01 21:00:00,2018/08/02 01:00:00,2.31138111856098,2.31138111856098,0.0,0.0,0.989822873399483,0.0,0.29831842445461637,0.06101011501540101,0.0,0.006530186103717432,0.6064543291185197,0.0,0.34924519046924196,0.0,0.0,0.0,0.0,0.0,0.0,0.0,0.0,0.0,0.0,0.0,0.0,0.0,0.0,0.0,0.0,0.0,0.0,0.0,0.0,0.0,0.0,0.0,0.007886753435265003,0.007886753435265003
2018/08/01 21:00:00,2018/08/01 22:00:00,2018/08/02 02:00:00,1.9719639996865832,1.9719639996865832,0.0,0.0,0.7691285235509535,0.0,0.37692801925754593,0.07708683045464608,0.0,0.008250949025214567,0.4632829053811929,0.0,0.2772867720170303,0.0,0.0,0.0,0.0,0.0,0.0,0.0,0.0,0.0,0.0,0.0,0.0,0.0,0.0,0.0,0.0,0.0,0.0,0.0,0.0,0.0,0.0,0.0,0.006728615079468022,0.006728615079468022
2018/08/01 22:00:00,2018/08/01 23:00:00,2018/08/02 03:00:00,1.5402799068210293,1.5402799068210293,0.0,0.0,0.5718179535825166,0.0,0.29615062745122006,0.06056677148156112,0.0,0.006482733057888501,0.39627516927644474,0.0,0.20898665197139837,0.0,0.0,0.0,0.0,0.0,0.0,0.0,0.0,0.0,0.0,0.0,0.0,0.0,0.0,0.0,0.0,0.0,0.0,0.0,0.0,0.0,0.0,0.0,0.005255648992215267,0.005255648992215267
2018/08/01 23:00:00,2018/08/02 00:00:00,2018/08/02 04:00:00,1.0458203802829704,1.0458203802829704,0.0,0.0,0.40031844564045493,0.0,0.13094360677997474,0.026779722120023,0.0,0.002866353705536267,0.3380365894132003,0.0,0.1468756626237811,0.0,0.0,0.0,0.0,0.0,0.0,0.0,0.0,0.0,0.0,0.0,0.0,0.0,0.0,0.0,0.0,0.0,0.0,0.0,0.0,0.0,0.0,0.0,0.003568484405549695,0.003568484405549695
2018/08/02 00:00:00,2018/08/02 01:00:00,2018/08/02 05:00:00,1.841588464473057,1.841588464473057,0.0,0.0,0.31053056406835305,0.0,0.06501908921459039,0.013297274945155983,0.0,0.0014232669458539432,1.3374353935075636,0.0,0.11388287579154,0.0,0.0,0.0,0.0,0.0,0.0,0.0,0.0,0.0,0.0,0.0,0.0,0.0,0.0,0.0,0.0,0.0,0.0,0.0,0.0,0.0,0.0,0.0,0.00628375564371216,0.00628375564371216
2018/08/02 01:00:00,2018/08/02 02:00:00,2018/08/02 06:00:00,0.6335258680285537,0.6335258680285537,0.0,0.0,0.2152635766287727,0.0,0.03901145352875434,0.00797836496709361,0.0,0.0008539601675123682,0.2912227495572465,0.0,0.07919576317917416,0.0,0.0,0.0,0.0,0.0,0.0,0.0,0.0,0.0,0.0,0.0,0.0,0.0,0.0,0.0,0.0,0.0,0.0,0.0,0.0,0.0,0.0,0.0,0.0021616782606211377,0.0021616782606211377
2018/08/02 02:00:00,2018/08/02 03:00:00,2018/08/02 07:00:00,0.5011588053372792,0.5011588053372792,0.0,0.0,0.15204018866276517,0.0,0.026007635685836212,0.005318909978062404,0.0,0.0005693067783415784,0.2611065534058968,0.0,0.05611621082637701,0.0,0.0,0.0,0.0,0.0,0.0,0.0,0.0,0.0,0.0,0.0,0.0,0.0,0.0,0.0,0.0,0.0,0.0,0.0,0.0,0.0,0.0,0.0,0.0017100234564812267,0.0017100234564812267
2018/08/02 03:00:00,2018/08/02 04:00:00,2018/08/02 08:00:00,0.8502852554644248,0.8502852554644248,0.0,0.0,0.12243013196481348,0.0,0.026007635685836212,0.005318909978062404,0.0,0.0005693067783415784,0.249355504618253,0.0,0.04518479260326134,0.0,0.0,0.0,0.0,0.40141897383585673,0.0,0.0,0.0,0.0,0.0,0.0,0.0,0.0,0.0,0.0,0.0,0.0,0.0,0.0,0.0,0.0,0.0,0.0,0.002901291399171872,0.002901291399171872
2018/08/02 04:00:00,2018/08/02 05:00:00,2018/08/02 09:00:00,0.4068545776007975,0.4068545776007975,0.0,0.0,0.10115368148005842,0.0,0.026843243274492543,0.00548980292637717,0.0,0.0005875982166715451,0.23565718915575795,0.0,0.037123062547439856,0.0,0.0,0.0,0.0,0.0,0.0,0.0,0.0,0.0,0.0,0.0,0.0,0.0,0.0,0.0,0.0,0.0,0.0,0.0,0.0,0.0,0.0,0.0,0.0013882443322648982,0.0013882443322648982
2018/08/02 05:00:00,2018/08/02 06:00:00,2018/08/02 10:00:00,0.47914387950117104,0.47914387950117104,0.0,0.0,0.100936565302081,0.0,0.06900948530167404,0.014113364412895239,0.0,0.0015106166599181724,0.25648756499062997,0.0,0.03708628283397261,0.0,0.0,0.0,0.0,0.0,0.0,0.0,0.0,0.0,0.0,0.0,0.0,0.0,0.0,0.0,0.0,0.0,0.0,0.0,0.0,0.0,0.0,0.0,0.0016349054715800062,0.0016349054715800062
2018/08/02 06:00:00,2018/08/02 07:00:00,2018/08/02 11:00:00,0.6999813037234132,0.6999813037234132,0.0,0.0,0.13727673607163413,0.0,0.16201522163153,0.03313428369051031,0.0,0.003546510916391187,0.3136858324949231,0.0,0.05032271891842443,0.0,0.0,0.0,0.0,0.0,0.0,0.0,0.0,0.0,0.0,0.0,0.0,0.0,0.0,0.0,0.0,0.0,0.0,0.0,0.0,0.0,0.0,0.0,0.0023884334380990823,0.0023884334380990823
2018/08/02 07:00:00,2018/08/02 08:00:00,2018/08/02 12:00:00,1.3893485103156449,1.3893485103156449,0.0,0.0,0.30472996700583793,0.0,0.20502608639988215,0.041930581844827744,0.0,0.0044880181395291685,0.35862554090222465,0.0,0.11046269742291998,0.0,0.0,0.0,0.0,0.36408561860042316,0.0,0.0,0.0,0.0,0.0,0.0,0.0,0.0,0.0,0.0,0.0,0.0,0.0,0.0,0.0,0.0,0.0,0.0,0.004740650102452215,0.004740650102452215
2018/08/02 08:00:00,2018/08/02 09:00:00,2018/08/02 13:00:00,2.2098537687943463,2.2098537687943463,0.0,0.0,0.254455293027944,0.0,0.20318552328194064,0.04155416202522051,0.0,0.004447728238837415,0.2959239672796783,0.0,0.0914662241098728,0.0,0.0,0.0,0.0,1.3188208708308526,0.0,0.0,0.0,0.0,0.0,0.0,0.0,0.0,0.0,0.0,0.0,0.0,0.0,0.0,0.0,0.0,0.0,0.0,0.007540328015365466,0.007540328015365466
2018/08/02 09:00:00,2018/08/02 10:00:00,2018/08/02 14:00:00,2.254453327962119,2.254453327962119,0.0,0.0,0.33711954798109756,0.0,0.19457144785868138,0.03979246817984311,0.0,0.0042591662493183975,0.2399550100229572,0.0,0.11993481683936878,0.0,0.0,0.0,0.0,1.3188208708308526,0.0,0.0,0.0,0.0,0.0,0.0,0.0,0.0,0.0,0.0,0.0,0.0,0.0,0.0,0.0,0.0,0.0,0.0,0.007692507906277062,0.007692507906277062
2018/08/02 10:00:00,2018/08/02 11:00:00,2018/08/02 15:00:00,1.594782806551164,1.594782806551164,0.0,0.0,0.5479104672486492,0.0,0.18848183893972803,0.03854706156031103,0.0,0.004125864795972619,0.23647871378177573,0.0,0.1903842747148698,0.0,0.0,0.0,0.0,0.3888545855098576,0.0,0.0,0.0,0.0,0.0,0.0,0.0,0.0,0.0,0.0,0.0,0.0,0.0,0.0,0.0,0.0,0.0,0.0,0.0054416204567334855,0.0054416204567334855
2018/08/02 11:00:00,2018/08/02 12:00:00,2018/08/02 16:00:00,1.6199416898514167,1.6199416898514167,0.0,0.0,0.8572975793218207,0.0,0.18004485089820238,0.03682158445731919,0.0,0.003941179246742044,0.25158580738185676,0.0,0.29025068854547564,0.0,0.0,0.0,0.0,0.0,0.0,0.0,0.0,0.0,0.0,0.0,0.0,0.0,0.0,0.0,0.0,0.0,0.0,0.0,0.0,0.0,0.0,0.0,0.005527466061208802,0.005527466061208802
2018/08/02 12:00:00,2018/08/02 13:00:00,2018/08/02 17:00:00,2.1130990379417978,2.1130990379417978,0.0,0.0,1.243078949767177,0.0,0.17395524197924905,0.03557617783778712,0.0,0.003807877793396267,0.2577264052368096,0.0,0.3989543853273787,0.0,0.0,0.0,0.0,0.0,0.0,0.0,0.0,0.0,0.0,0.0,0.0,0.0,0.0,0.0,0.0,0.0,0.0,0.0,0.0,0.0,0.0,0.0,0.007210187434133861,0.007210187434133861
2018/08/02 13:00:00,2018/08/02 14:00:00,2018/08/02 18:00:00,2.7978022119403723,2.7978022119403723,0.0,0.0,1.7820921635404772,0.0,0.1721632852403147,0.035209698673971224,0.0,0.003768651885655419,0.26549933396158615,0.0,0.5390690786383681,0.0,0.0,0.0,0.0,0.0,0.0,0.0,0.0,0.0,0.0,0.0,0.0,0.0,0.0,0.0,0.0,0.0,0.0,0.0,0.0,0.0,0.0,0.0,0.009546489771427372,0.009546489771427372
2018/08/02 14:00:00,2018/08/02 15:00:00,2018/08/02 19:00:00,3.5959679707678642,3.5959679707678642,0.0,0.0,2.358916567612336,0.0,0.17200135566103103,0.03517658190528837,0.0,0.0037651072494488146,0.34229302080641794,0.0,0.6838153375333418,0.0,0.0,0.0,0.0,0.0,0.0,0.0,0.0,0.0,0.0,0.0,0.0,0.0,0.0,0.0,0.0,0.0,0.0,0.0,0.0,0.0,0.0,0.0,0.012269942208497864,0.012269942208497864
2018/08/02 15:00:00,2018/08/02 16:00:00,2018/08/02 20:00:00,4.88532484815132,4.88532484815132,0.0,0.0,2.5774669739917697,0.0,0.17216046143222405,0.03520912116738004,0.0,0.003768590072536143,1.366787688265343,0.0,0.7299320132220664,0.0,0.0,0.0,0.0,0.0,0.0,0.0,0.0,0.0,0.0,0.0,0.0,0.0,0.0,0.0,0.0,0.0,0.0,0.0,0.0,0.0,0.0,0.0,0.01666940697020598,0.01666940697020598
2018/08/02 16:00:00,2018/08/02 17:00:00,2018/08/02 21:00:00,4.232016638286738,4.232016638286738,0.0,0.0,2.555316931617345,0.0,0.17312183072358475,0.03540573406899825,0.0,0.0037896344327645183,0.7344504942219786,0.0,0.7299320132220664,0.0,0.0,0.0,0.0,0.0,0.0,0.0,0.0,0.0,0.0,0.0,0.0,0.0,0.0,0.0,0.0,0.0,0.0,0.0,0.0,0.0,0.0,0.0,0.014440228611405441,0.014440228611405441
2018/08/02 17:00:00,2018/08/02 18:00:00,2018/08/02 22:00:00,4.001885186137373,4.001885186137373,0.0,0.0,2.3124526117558615,0.0,0.17758213335500161,0.03631792572140365,0.0,0.003887270394456464,0.5342588683228459,0.0,0.7289625062695487,0.0,0.0,0.0,0.0,0.20842387031825443,0.0,0.0,0.0,0.0,0.0,0.0,0.0,0.0,0.0,0.0,0.0,0.0,0.0,0.0,0.0,0.0,0.0,0.0,0.013654988130626787,0.013654988130626787
2018/08/02 18:00:00,2018/08/02 19:00:00,2018/08/02 23:00:00,4.155787211245183,4.155787211245183,0.0,0.0,2.063167337737013,0.0,0.19286503779060593,0.03944348445647083,0.0,0.0042218129569960685,0.5498357040003157,0.0,0.6876442846598098,0.0,0.0,0.0,0.0,0.6186095496439719,0.0,0.0,0.0,0.0,0.0,0.0,0.0,0.0,0.0,0.0,0.0,0.0,0.0,0.0,0.0,0.0,0.0,0.0,0.014180123217811778,0.014180123217811778
2018/08/02 19:00:00,2018/08/02 20:00:00,2018/08/03 00:00:00,4.55624457251886,4.55624457251886,0.0,0.0,1.8500431879121122,0.0,0.23099165129518737,0.04724088778251356,0.0,0.005056403988859405,0.49840003857373244,0.0,0.6056915321356028,0.0,0.0,0.0,0.0,1.3188208708308526,0.0,0.0,0.0,0.0,0.0,0.0,0.0,0.0,0.0,0.0,0.0,0.0,0.0,0.0,0.0,0.0,0.0,0.0,0.015546539359373336,0.015546539359373336
2018/08/02 20:00:00,2018/08/02 21:00:00,2018/08/03 01:00:00,4.2109561285502775,4.2109561285502775,0.0,0.0,1.539561188660446,0.0,0.29831842445461637,0.06101011501540101,0.0,0.006530186103717432,0.48758957745724624,0.0,0.49912576602799774,0.0,0.0,0.0,0.0,1.3188208708308526,0.0,0.0,0.0,0.0,0.0,0.0,0.0,0.0,0.0,0.0,0.0,0.0,0.0,0.0,0.0,0.0,0.0,0.0,0.014368367226807878,0.014368367226807878
2018/08/02 21:00:00,2018/08/02 22:00:00,2018/08/03 02:00:00,3.6103130070409315,3.6103130070409315,0.0,0.0,1.3394542517788592,0.0,0.37692801925754593,0.07708683045464608,0.0,0.008250949025214567,0.4632829053811929,0.0,0.4342938592424361,0.0,0.0,0.0,0.0,0.9110161919010369,0.0,0.0,0.0,0.0,0.0,0.0,0.0,0.0,0.0,0.0,0.0,0.0,0.0,0.0,0.0,0.0,0.0,0.0,0.012318889464836122,0.012318889464836122
2018/08/02 22:00:00,2018/08/02 23:00:00,2018/08/03 03:00:00,2.264876196324345,2.264876196324345,0.0,0.0,1.1346983101897699,0.0,0.29615062745122006,0.06056677148156112,0.0,0.006482733057888501,0.39627516927644474,0.0,0.3707025848674608,0.0,0.0,0.0,0.0,0.0,0.0,0.0,0.0,0.0,0.0,0.0,0.0,0.0,0.0,0.0,0.0,0.0,0.0,0.0,0.0,0.0,0.0,0.0,0.007728072180901006,0.007728072180901006
2018/08/02 23:00:00,2018/08/03 00:00:00,2018/08/03 04:00:00,1.7221570055995956,1.7221570055995956,0.0,0.0,0.9179001434085229,0.0,0.13094360677997474,0.026779722120023,0.0,0.002866353705536267,0.3380365894132003,0.0,0.3056305901723383,0.0,0.0,0.0,0.0,0.0,0.0,0.0,0.0,0.0,0.0,0.0,0.0,0.0,0.0,0.0,0.0,0.0,0.0,0.0,0.0,0.0,0.0,0.0,0.005876238916598196,0.005876238916598196
2018/08/03 00:00:00,2018/08/03 01:00:00,2018/08/03 05:00:00,1.4493817574184593,1.4493817574184593,0.0,0.0,0.7965809868786895,0.0,0.06501908921459039,0.013297274945155983,0.0,0.0014232669458539432,0.30359413995633894,0.0,0.2694669994778305,0.0,0.0,0.0,0.0,0.0,0.0,0.0,0.0,0.0,0.0,0.0,0.0,0.0,0.0,0.0,0.0,0.0,0.0,0.0,0.0,0.0,0.0,0.0,0.004945491880390163,0.004945491880390163
2018/08/03 01:00:00,2018/08/03 02:00:00,2018/08/03 06:00:00,1.2451387554437088,1.2451387554437088,0.0,0.0,0.6751990624969714,0.0,0.03901145352875434,0.00797836496709361,0.0,0.0008539601675123682,0.2912227495572465,0.0,0.23087316472613065,0.0,0.0,0.0,0.0,0.0,0.0,0.0,0.0,0.0,0.0,0.0,0.0,0.0,0.0,0.0,0.0,0.0,0.0,0.0,0.0,0.0,0.0,0.0,0.004248586387601479,0.004248586387601479
2018/08/03 02:00:00,2018/08/03 03:00:00,2018/08/03 07:00:00,1.0009168431849007,1.0009168431849007,0.0,0.0,0.5252563158631142,0.0,0.026007635685836212,0.005318909978062404,0.0,0.0005693067783415784,0.2611065534058968,0.0,0.18265812147364946,0.0,0.0,0.0,0.0,0.0,0.0,0.0,0.0,0.0,0.0,0.0,0.0,0.0,0.0,0.0,0.0,0.0,0.0,0.0,0.0,0.0,0.0,0.0,0.003415267299716351,0.003415267299716351
2018/08/03 03:00:00,2018/08/03 04:00:00,2018/08/03 08:00:00,0.870026781508395,0.870026781508395,0.0,0.0,0.4351028076929364,0.0,0.026007635685836212,0.005318909978062404,0.0,0.0005693067783415784,0.249355504618253,0.0,0.1536726167549652,0.0,0.0,0.0,0.0,0.0,0.0,0.0,0.0,0.0,0.0,0.0,0.0,0.0,0.0,0.0,0.0,0.0,0.0,0.0,0.0,0.0,0.0,0.0,0.0029686522281993193,0.0029686522281993193
2018/08/03 04:00:00,2018/08/03 05:00:00,2018/08/03 09:00:00,0.7547495107685738,0.7547495107685738,0.0,0.0,0.35835002789413223,0.0,0.026843243274492543,0.00548980292637717,0.0,0.0005875982166715451,0.23565718915575795,0.0,0.12782164930114231,0.0,0.0,0.0,0.0,0.0,0.0,0.0,0.0,0.0,0.0,0.0,0.0,0.0,0.0,0.0,0.0,0.0,0.0,0.0,0.0,0.0,0.0,0.0,0.002575310168028262,0.002575310168028262
2018/08/03 05:00:00,2018/08/03 06:00:00,2018/08/03 10:00:00,0.7542610693308153,0.7542610693308153,0.0,0.0,0.30373348220516505,0.0,0.06900948530167404,0.014113364412895239,0.0,0.0015106166599181724,0.25648756499062997,0.0,0.10940655576053286,0.0,0.0,0.0,0.0,0.0,0.0,0.0,0.0,0.0,0.0,0.0,0.0,0.0,0.0,0.0,0.0,0.0,0.0,0.0,0.0,0.0,0.0,0.0,0.002573643537996445,0.002573643537996445
2018/08/03 06:00:00,2018/08/03 07:00:00,2018/08/03 11:00:00,2.5668012781815226,2.5668012781815226,0.0,0.0,0.5683802691580698,0.0,0.16201522163153,0.03313428369051031,0.0,0.003546510916391187,0.3136858324949231,0.0,0.2066596965463905,0.0,0.0,0.0,0.0,1.2793794637437077,0.0,0.0,0.0,0.0,0.0,0.0,0.0,0.0,0.0,0.0,0.0,0.0,0.0,0.0,0.0,0.0,0.0,0.0,0.00875828249862319,0.00875828249862319
2018/08/03 07:00:00,2018/08/03 08:00:00,2018/08/03 12:00:00,2.5326681831457987,2.5326681831457987,0.0,0.0,0.44373916646580613,0.0,0.20502608639988215,0.041930581844827744,0.0,0.0044880181395291685,0.35862554090222465,0.0,0.16003791856267582,0.0,0.0,0.0,0.0,1.3188208708308526,0.0,0.0,0.0,0.0,0.0,0.0,0.0,0.0,0.0,0.0,0.0,0.0,0.0,0.0,0.0,0.0,0.0,0.0,0.008641815637157772,0.008641815637157772
2018/08/03 08:00:00,2018/08/03 09:00:00,2018/08/03 13:00:00,2.7112237210004664,2.7112237210004664,0.0,0.0,0.6271181810322306,0.0,0.20318552328194064,0.04155416202522051,0.0,0.004447728238837415,0.2959239672796783,0.0,0.22017328831170632,0.0,0.0,0.0,0.0,1.3188208708308526,0.0,0.0,0.0,0.0,0.0,0.0,0.0,0.0,0.0,0.0,0.0,0.0,0.0,0.0,0.0,0.0,0.0,0.0,0.009251071934292199,0.009251071934292199
2018/08/03 09:00:00,2018/08/03 10:00:00,2018/08/03 14:00:00,2.8621838041578167,2.8621838041578167,0.0,0.0,0.9337562145404409,0.0,0.19457144785868138,0.03979246817984311,0.0,0.0042591662493183975,0.2399550100229572,0.0,0.31964297554871973,0.0,0.0,0.0,0.0,1.1302065217578563,0.0,0.0,0.0,0.0,0.0,0.0,0.0,0.0,0.0,0.0,0.0,0.0,0.0,0.0,0.0,0.0,0.0,0.0,0.009766168706896432,0.009766168706896432
2018/08/03 10:00:00,2018/08/03 11:00:00,2018/08/03 15:00:00,2.0042409072820444,2.0042409072820444,0.0,0.0,1.148904445568675,0.0,0.18848183893972803,0.03854706156031103,0.0,0.004125864795972619,0.23647871378177573,0.0,0.3877029826355823,0.0,0.0,0.0,0.0,0.0,0.0,0.0,0.0,0.0,0.0,0.0,0.0,0.0,0.0,0.0,0.0,0.0,0.0,0.0,0.0,0.0,0.0,0.0,0.006838748371556486,0.006838748371556486
2018/08/03 11:00:00,2018/08/03 12:00:00,2018/08/03 16:00:00,2.7200790916579742,2.7200790916579742,0.0,0.0,1.4265506100616638,0.0,0.18004485089820238,0.03682158445731919,0.0,0.003941179246742044,0.25158580738185676,0.0,0.46928698267204355,0.0,0.0,0.0,0.0,0.3518480769401465,0.0,0.0,0.0,0.0,0.0,0.0,0.0,0.0,0.0,0.0,0.0,0.0,0.0,0.0,0.0,0.0,0.0,0.0,0.009281287689016858,0.009281287689016858
2018/08/03 12:00:00,2018/08/03 13:00:00,2018/08/03 17:00:00,3.416867838218262,3.416867838218262,0.0,0.0,1.5695673613771493,0.0,0.17395524197924905,0.03557617783778712,0.0,0.003807877793396267,0.2577264052368096,0.0,0.5058695010020494,0.0,0.0,0.0,0.0,0.8703652729918208,0.0,0.0,0.0,0.0,0.0,0.0,0.0,0.0,0.0,0.0,0.0,0.0,0.0,0.0,0.0,0.0,0.0,0.0,0.011658827678618257,0.011658827678618257
2018/08/03 13:00:00,2018/08/03 14:00:00,2018/08/03 18:00:00,2.825283963207557,2.825283963207557,0.0,0.0,1.7847693692949533,0.0,0.1721632852403147,0.035209698673971224,0.0,0.003768651885655419,0.26549933396158615,0.0,0.5638736241510767,0.0,0.0,0.0,0.0,0.0,0.0,0.0,0.0,0.0,0.0,0.0,0.0,0.0,0.0,0.0,0.0,0.0,0.0,0.0,0.0,0.0,0.0,0.0,0.009640261324060158,0.009640261324060158
2018/08/03 14:00:00,2018/08/03 15:00:00,2018/08/03 19:00:00,4.009763351091714,4.009763351091714,0.0,0.0,2.040768758797592,0.0,0.17200135566103103,0.03517658190528837,0.0,0.0037651072494488146,0.6540638939244177,0.0,0.6431437670012857,0.0,0.0,0.0,0.0,0.4608438865526512,0.0,0.0,0.0,0.0,0.0,0.0,0.0,0.0,0.0,0.0,0.0,0.0,0.0,0.0,0.0,0.0,0.0,0.0,0.01368186952375503,0.01368186952375503
2018/08/03 15:00:00,2018/08/03 16:00:00,2018/08/03 20:00:00,3.442711402349575,3.442711402349575,0.0,0.0,2.2431674177873857,0.0,0.17216046143222405,0.03520912116738004,0.0,0.003768590072536143,0.2828534135552759,0.0,0.7055523983347735,0.0,0.0,0.0,0.0,0.0,0.0,0.0,0.0,0.0,0.0,0.0,0.0,0.0,0.0,0.0,0.0,0.0,0.0,0.0,0.0,0.0,0.0,0.0,0.011747009509193659,0.011747009509193659
2018/08/03 16:00:00,2018/08/03 17:00:00,2018/08/03 21:00:00,3.673674670341161,3.673674670341161,0.0,0.0,2.3482994820275436,0.0,0.17312183072358475,0.03540573406899825,0.0,0.0037896344327645183,0.38312597586620323,0.0,0.7299320132220664,0.0,0.0,0.0,0.0,0.0,0.0,0.0,0.0,0.0,0.0,0.0,0.0,0.0,0.0,0.0,0.0,0.0,0.0,0.0,0.0,0.0,0.0,0.0,0.012535088261168033,0.012535088261168033
2018/08/03 17:00:00,2018/08/03 18:00:00,2018/08/03 22:00:00,3.7883493688449454,3.7883493688449454,0.0,0.0,2.3063711578291715,0.0,0.17758213335500161,0.03631792572140365,0.0,0.003887270394456464,0.5342588683228459,0.0,0.7299320132220664,0.0,0.0,0.0,0.0,0.0,0.0,0.0,0.0,0.0,0.0,0.0,0.0,0.0,0.0,0.0,0.0,0.0,0.0,0.0,0.0,0.0,0.0,0.0,0.01292637426117039,0.01292637426117039
2018/08/03 18:00:00,2018/08/03 19:00:00,2018/08/03 23:00:00,3.7704039425901503,3.7704039425901503,0.0,0.0,2.2541058901636952,0.0,0.19286503779060593,0.03944348445647083,0.0,0.0042218129569960685,0.5498357040003157,0.0,0.7299320132220664,0.0,0.0,0.0,0.0,0.0,0.0,0.0,0.0,0.0,0.0,0.0,0.0,0.0,0.0,0.0,0.0,0.0,0.0,0.0,0.0,0.0,0.0,0.0,0.012865141974108006,0.012865141974108006
2018/08/03 19:00:00,2018/08/03 20:00:00,2018/08/04 00:00:00,4.4925389508689895,4.4925389508689895,0.0,0.0,2.15851817158402,0.0,0.23099165129518737,0.04724088778251356,0.0,0.005056403988859405,0.49840003857373244,0.0,0.7126034459126044,0.0,0.0,0.0,0.0,0.8397283517320723,0.0,0.0,0.0,0.0,0.0,0.0,0.0,0.0,0.0,0.0,0.0,0.0,0.0,0.0,0.0,0.0,0.0,0.0,0.01532916692937546,0.01532916692937546
2018/08/03 20:00:00,2018/08/03 21:00:00,2018/08/04 01:00:00,4.400251982966325,4.400251982966325,0.0,0.0,1.665171266286394,0.0,0.29831842445461637,0.06101011501540101,0.0,0.006530186103717432,0.48758957745724624,0.0,0.5628115428180975,0.0,0.0,0.0,0.0,1.3188208708308526,0.0,0.0,0.0,0.0,0.0,0.0,0.0,0.0,0.0,0.0,0.0,0.0,0.0,0.0,0.0,0.0,0.0,0.0,0.0150142709759164,0.0150142709759164
2018/08/03 21:00:00,2018/08/03 22:00:00,2018/08/04 02:00:00,3.390877846608849,3.390877846608849,0.0,0.0,1.2078259753825014,0.0,0.37692801925754593,0.07708683045464608,0.0,0.008250949025214567,0.4632829053811929,0.0,0.42063459266243713,0.0,0.0,0.0,0.0,0.8368685744453107,0.0,0.0,0.0,0.0,0.0,0.0,0.0,0.0,0.0,0.0,0.0,0.0,0.0,0.0,0.0,0.0,0.0,0.0,0.011570146217148303,0.011570146217148303
2018/08/03 22:00:00,2018/08/03 23:00:00,2018/08/04 03:00:00,1.947034009514978,1.947034009514978,0.0,0.0,0.8759109269583711,0.0,0.29615062745122006,0.06056677148156112,0.0,0.006482733057888501,0.39627516927644474,0.0,0.3116477812894926,0.0,0.0,0.0,0.0,0.0,0.0,0.0,0.0,0.0,0.0,0.0,0.0,0.0,0.0,0.0,0.0,0.0,0.0,0.0,0.0,0.0,0.0,0.0,0.00664355049014169,0.00664355049014169
2018/08/03 23:00:00,2018/08/04 00:00:00,2018/08/04 04:00:00,1.360529613648517,1.360529613648517,0.0,0.0,0.6349050202881131,0.0,0.13094360677997474,0.026779722120023,0.0,0.002866353705536267,0.3380365894132003,0.0,0.22699832134166947,0.0,0.0,0.0,0.0,0.0,0.0,0.0,0.0,0.0,0.0,0.0,0.0,0.0,0.0,0.0,0.0,0.0,0.0,0.0,0.0,0.0,0.0,0.0,0.004642316023980759,0.004642316023980759
2018/08/04 00:00:00,2018/08/04 01:00:00,2018/08/04 05:00:00,1.0606261713364695,1.0606261713364695,0.0,0.0,0.498994190034775,0.0,0.06501908921459039,0.013297274945155983,0.0,0.0014232669458539432,0.30359413995633894,0.0,0.17829821023975534,0.0,0.0,0.0,0.0,0.0,0.0,0.0,0.0,0.0,0.0,0.0,0.0,0.0,0.0,0.0,0.0,0.0,0.0,0.0,0.0,0.0,0.0,0.0,0.0036190038211992006,0.0036190038211992006
2018/08/04 01:00:00,2018/08/04 02:00:00,2018/08/04 06:00:00,0.8747636877793841,0.8747636877793841,0.0,0.0,0.3942948766757585,0.0,0.03901145352875434,0.00797836496709361,0.0,0.0008539601675123682,0.2912227495572465,0.0,0.14140228288301868,0.0,0.0,0.0,0.0,0.0,0.0,0.0,0.0,0.0,0.0,0.0,0.0,0.0,0.0,0.0,0.0,0.0,0.0,0.0,0.0,0.0,0.0,0.0,0.0029848152103684003,0.0029848152103684003
2018/08/04 02:00:00,2018/08/04 03:00:00,2018/08/04 07:00:00,0.687347222761902,0.687347222761902,0.0,0.0,0.2900535819410325,0.0,0.026007635685836212,0.005318909978062404,0.0,0.0005693067783415784,0.2611065534058968,0.0,0.10429123497273259,0.0,0.0,0.0,0.0,0.0,0.0,0.0,0.0,0.0,0.0,0.0,0.0,0.0,0.0,0.0,0.0,0.0,0.0,0.0,0.0,0.0,0.0,0.0,0.002345324198941392,0.002345324198941392
2018/08/04 03:00:00,2018/08/04 04:00:00,2018/08/04 08:00:00,0.5816896225912859,0.5816896225912859,0.0,0.0,0.22065179772739932,0.0,0.026007635685836212,0.005318909978062404,0.0,0.0005693067783415784,0.249355504618253,0.0,0.07978646780339331,0.0,0.0,0.0,0.0,0.0,0.0,0.0,0.0,0.0,0.0,0.0,0.0,0.0,0.0,0.0,0.0,0.0,0.0,0.0,0.0,0.0,0.0,0.0,0.0019848057909575734,0.0019848057909575734
2018/08/04 04:00:00,2018/08/04 05:00:00,2018/08/04 09:00:00,0.4876675335684847,0.4876675335684847,0.0,0.0,0.1605100631173405,0.0,0.026843243274492543,0.00548980292637717,0.0,0.0005875982166715451,0.23565718915575795,0.0,0.058579636877845,0.0,0.0,0.0,0.0,0.0,0.0,0.0,0.0,0.0,0.0,0.0,0.0,0.0,0.0,0.0,0.0,0.0,0.0,0.0,0.0,0.0,0.0,0.0,0.0016639893632223542,0.0016639893632223542
2018/08/04 05:00:00,2018/08/04 06:00:00,2018/08/04 10:00:00,0.5224033037343369,0.5224033037343369,0.0,0.0,0.13248732370420285,0.0,0.06900948530167404,0.014113364412895239,0.0,0.0015106166599181724,0.25648756499062997,0.0,0.04879494866501663,0.0,0.0,0.0,0.0,0.0,0.0,0.0,0.0,0.0,0.0,0.0,0.0,0.0,0.0,0.0,0.0,0.0,0.0,0.0,0.0,0.0,0.0,0.0,0.0017825126359454037,0.0017825126359454037
2018/08/04 06:00:00,2018/08/04 07:00:00,2018/08/04 11:00:00,0.7249145810114895,0.7249145810114895,0.0,0.0,0.1556238218861701,0.0,0.16201522163153,0.03313428369051031,0.0,0.003546510916391187,0.3136858324949231,0.0,0.05690891039196472,0.0,0.0,0.0,0.0,0.0,0.0,0.0,0.0,0.0,0.0,0.0,0.0,0.0,0.0,0.0,0.0,0.0,0.0,0.0,0.0,0.0,0.0,0.0,0.0024735092435234068,0.0024735092435234068
2018/08/04 07:00:00,2018/08/04 08:00:00,2018/08/04 12:00:00,1.8968991578774965,1.8968991578774965,0.0,0.0,0.30267231923352095,0.0,0.20502608639988215,0.041930581844827744,0.0,0.0044880181395291685,0.35862554090222465,0.0,0.10909167185249372,0.0,0.0,0.0,0.0,0.8750649395050181,0.0,0.0,0.0,0.0,0.0,0.0,0.0,0.0,0.0,0.0,0.0,0.0,0.0,0.0,0.0,0.0,0.0,0.0,0.006472483412452408,0.006472483412452408
2018/08/04 08:00:00,2018/08/04 09:00:00,2018/08/04 13:00:00,2.1881937466667436,2.1881937466667436,0.0,0.0,0.2386686267343788,0.0,0.20318552328194064,0.04155416202522051,0.0,0.004447728238837415,0.2959239672796783,0.0,0.08559286827583558,0.0,0.0,0.0,0.0,1.3188208708308526,0.0,0.0,0.0,0.0,0.0,0.0,0.0,0.0,0.0,0.0,0.0,0.0,0.0,0.0,0.0,0.0,0.0,0.0,0.007466421011215004,0.007466421011215004
2018/08/04 09:00:00,2018/08/04 10:00:00,2018/08/04 14:00:00,1.2128375197026435,1.2128375197026435,0.0,0.0,0.3357885151920446,0.0,0.19457144785868138,0.03979246817984311,0.0,0.0042591662493183975,0.2399550100229572,0.0,0.11970184584655971,0.0,0.0,0.0,0.0,0.27876906635323917,0.0,0.0,0.0,0.0,0.0,0.0,0.0,0.0,0.0,0.0,0.0,0.0,0.0,0.0,0.0,0.0,0.0,0.0,0.004138370084500953,0.004138370084500953
2018/08/04 10:00:00,2018/08/04 11:00:00,2018/08/04 15:00:00,1.2242012481870101,1.2242012481870101,0.0,0.0,0.560326678306875,0.0,0.18848183893972803,0.03854706156031103,0.0,0.004125864795972619,0.23647871378177573,0.0,0.19624109080234756,0.0,0.0,0.0,0.0,0.0,0.0,0.0,0.0,0.0,0.0,0.0,0.0,0.0,0.0,0.0,0.0,0.0,0.0,0.0,0.0,0.0,0.0,0.0,0.004177144704550326,0.004177144704550326
2018/08/04 11:00:00,2018/08/04 12:00:00,2018/08/04 16:00:00,1.7389243285358436,1.7389243285358436,0.0,0.0,0.9501539648569309,0.0,0.18004485089820238,0.03682158445731919,0.0,0.003941179246742044,0.25158580738185676,0.0,0.3163769416947921,0.0,0.0,0.0,0.0,0.0,0.0,0.0,0.0,0.0,0.0,0.0,0.0,0.0,0.0,0.0,0.0,0.0,0.0,0.0,0.0,0.0,0.0,0.0,0.005933451351495121,0.005933451351495121
2018/08/04 12:00:00,2018/08/04 13:00:00,2018/08/04 17:00:00,2.2161314691364282,2.2161314691364282,0.0,0.0,1.3198905983708873,0.0,0.17395524197924905,0.03557617783778712,0.0,0.003807877793396267,0.2577264052368096,0.0,0.425175167918299,0.0,0.0,0.0,0.0,0.0,0.0,0.0,0.0,0.0,0.0,0.0,0.0,0.0,0.0,0.0,0.0,0.0,0.0,0.0,0.0,0.0,0.0,0.0,0.007561748400926677,0.007561748400926677
2018/08/04 13:00:00,2018/08/04 14:00:00,2018/08/04 18:00:00,3.6417027837474825,3.6417027837474825,0.0,0.0,1.6055836535884662,0.0,0.1721632852403147,0.035209698673971224,0.0,0.003768651885655419,0.26549933396158615,0.0,0.5110352298153643,0.0,0.0,0.0,0.0,1.0484429305821243,0.0,0.0,0.0,0.0,0.0,0.0,0.0,0.0,0.0,0.0,0.0,0.0,0.0,0.0,0.0,0.0,0.0,0.0,0.012425995743106112,0.012425995743106112
2018/08/04 14:00:00,2018/08/04 15:00:00,2018/08/04 19:00:00,3.0555942784771486,3.0555942784771486,0.0,0.0,1.8290517740671832,0.0,0.17200135566103103,0.03517658190528837,0.0,0.0037651072494488146,0.29490152653433727,0.0,0.5705584871103101,0.0,0.0,0.0,0.0,0.15013944594954898,0.0,0.0,0.0,0.0,0.0,0.0,0.0,0.0,0.0,0.0,0.0,0.0,0.0,0.0,0.0,0.0,0.0,0.0,0.010426112110649723,0.010426112110649723
2018/08/04 15:00:00,2018/08/04 16:00:00,2018/08/04 20:00:00,3.2782756875301473,3.2782756875301473,0.0,0.0,2.131245941369208,0.0,0.17216046143222405,0.03520912116738004,0.0,0.003768590072536143,0.2828534135552759,0.0,0.653038159933523,0.0,0.0,0.0,0.0,0.0,0.0,0.0,0.0,0.0,0.0,0.0,0.0,0.0,0.0,0.0,0.0,0.0,0.0,0.0,0.0,0.0,0.0,0.0,0.011185932009547135,0.011185932009547135
2018/08/04 16:00:00,2018/08/04 17:00:00,2018/08/04 21:00:00,3.47795353653088,3.47795353653088,0.0,0.0,2.2049247232501052,0.0,0.17312183072358475,0.03540573406899825,0.0,0.0037896344327645183,0.38312597586620323,0.0,0.6775856381892238,0.0,0.0,0.0,0.0,0.0,0.0,0.0,0.0,0.0,0.0,0.0,0.0,0.0,0.0,0.0,0.0,0.0,0.0,0.0,0.0,0.0,0.0,0.0,0.011867260566273125,0.011867260566273125
2018/08/04 17:00:00,2018/08/04 18:00:00,2018/08/04 22:00:00,3.4765527981064466,3.4765527981064466,0.0,0.0,2.069919340698856,0.0,0.17758213335500161,0.03631792572140365,0.0,0.003887270394456464,0.5342588683228459,0.0,0.6545872596138836,0.0,0.0,0.0,0.0,0.0,0.0,0.0,0.0,0.0,0.0,0.0,0.0,0.0,0.0,0.0,0.0,0.0,0.0,0.0,0.0,0.0,0.0,0.0,0.011862481052201605,0.011862481052201605
2018/08/04 18:00:00,2018/08/04 19:00:00,2018/08/04 23:00:00,4.579569122964919,4.579569122964919,0.0,0.0,1.8730944125039046,0.0,0.19286503779060593,0.03944348445647083,0.0,0.0042218129569960685,0.5498357040003157,0.0,0.6223308539238012,0.0,0.0,0.0,0.0,1.2977778173328256,0.0,0.0,0.0,0.0,0.0,0.0,0.0,0.0,0.0,0.0,0.0,0.0,0.0,0.0,0.0,0.0,0.0,0.0,0.015626125965355044,0.015626125965355044
2018/08/04 19:00:00,2018/08/04 20:00:00,2018/08/05 00:00:00,4.466927033754265,4.466927033754265,0.0,0.0,1.4486023344936094,0.0,0.23099165129518737,0.04724088778251356,0.0,0.005056403988859405,0.9126247247527343,0.0,0.5035901606105089,0.0,0.0,0.0,0.0,1.3188208708308526,0.0,0.0,0.0,0.0,0.0,0.0,0.0,0.0,0.0,0.0,0.0,0.0,0.0,0.0,0.0,0.0,0.0,0.0,0.015241775510597222,0.015241775510597222
2018/08/04 20:00:00,2018/08/04 21:00:00,2018/08/05 01:00:00,2.631778160966756,2.631778160966756,0.0,0.0,1.0776311662039402,0.0,0.29831842445461637,0.06101011501540101,0.0,0.006530186103717432,0.48758957745724624,0.0,0.382737527287718,0.0,0.0,0.0,0.0,0.3179611644441167,0.0,0.0,0.0,0.0,0.0,0.0,0.0,0.0,0.0,0.0,0.0,0.0,0.0,0.0,0.0,0.0,0.0,0.0,0.00897999264819744,0.00897999264819744
2018/08/04 21:00:00,2018/08/04 22:00:00,2018/08/05 02:00:00,2.041810616170419,2.041810616170419,0.0,0.0,0.8201305688915113,0.0,0.37692801925754593,0.07708683045464608,0.0,0.008250949025214567,0.4632829053811929,0.0,0.29613134316030837,0.0,0.0,0.0,0.0,0.0,0.0,0.0,0.0,0.0,0.0,0.0,0.0,0.0,0.0,0.0,0.0,0.0,0.0,0.0,0.0,0.0,0.0,0.0,0.006966941436844553,0.006966941436844553
2018/08/04 22:00:00,2018/08/04 23:00:00,2018/08/05 03:00:00,1.56849540787207,1.56849540787207,0.0,0.0,0.5913312708421703,0.0,0.29615062745122006,0.06056677148156112,0.0,0.006482733057888501,0.39627516927644474,0.0,0.21768883576278522,0.0,0.0,0.0,0.0,0.0,0.0,0.0,0.0,0.0,0.0,0.0,0.0,0.0,0.0,0.0,0.0,0.0,0.0,0.0,0.0,0.0,0.0,0.0,0.005351924201030921,0.005351924201030921
2018/08/04 23:00:00,2018/08/05 00:00:00,2018/08/05 04:00:00,1.0464991101032404,1.0464991101032404,0.0,0.0,0.3991006227438313,0.0,0.13094360677997474,0.026779722120023,0.0,0.002866353705536267,0.3380365894132003,0.0,0.1487722153406746,0.0,0.0,0.0,0.0,0.0,0.0,0.0,0.0,0.0,0.0,0.0,0.0,0.0,0.0,0.0,0.0,0.0,0.0,0.0,0.0,0.0,0.0,0.0,0.003570800325974347,0.003570800325974347
2018/08/05 00:00:00,2018/08/05 01:00:00,2018/08/05 05:00:00,0.7149822388274443,0.7149822388274443,0.0,0.0,0.24076984487882994,0.0,0.06501908921459039,0.013297274945155983,0.0,0.0014232669458539432,0.30359413995633894,0.0,0.09087862288667514,0.0,0.0,0.0,0.0,0.0,0.0,0.0,0.0,0.0,0.0,0.0,0.0,0.0,0.0,0.0,0.0,0.0,0.0,0.0,0.0,0.0,0.0,0.0,0.002439618712355178,0.002439618712355178
2018/08/05 01:00:00,2018/08/05 02:00:00,2018/08/05 06:00:00,0.5153293922690104,0.5153293922690104,0.0,0.0,0.12755562895651432,0.0,0.03901145352875434,0.00797836496709361,0.0,0.0008539601675123682,0.2912227495572465,0.0,0.04870723509188933,0.0,0.0,0.0,0.0,0.0,0.0,0.0,0.0,0.0,0.0,0.0,0.0,0.0,0.0,0.0,0.0,0.0,0.0,0.0,0.0,0.0,0.0,0.0,0.001758375467435237,0.001758375467435237
2018/08/05 02:00:00,2018/08/05 03:00:00,2018/08/05 07:00:00,0.3923303093191906,0.3923303093191906,0.0,0.0,0.07173510699402942,0.0,0.026007635685836212,0.005318909978062404,0.0,0.0005693067783415784,0.2611065534058968,0.0,0.027592796477024232,0.0,0.0,0.0,0.0,0.0,0.0,0.0,0.0,0.0,0.0,0.0,0.0,0.0,0.0,0.0,0.0,0.0,0.0,0.0,0.0,0.0,0.0,0.0,0.0013386855114175644,0.0013386855114175644
2018/08/05 03:00:00,2018/08/05 04:00:00,2018/08/05 08:00:00,0.29504399280569793,0.29504399280569793,0.0,0.0,0.009946752142769534,0.0,0.026007635685836212,0.005318909978062404,0.0,0.0005693067783415784,0.249355504618253,0.0,0.0038458836024351972,0.0,0.0,0.0,0.0,0.0,0.0,0.0,0.0,0.0,0.0,0.0,0.0,0.0,0.0,0.0,0.0,0.0,0.0,0.0,0.0,0.0,0.0,0.0,0.001006731086071754,0.001006731086071754
2018/08/05 04:00:00,2018/08/05 05:00:00,2018/08/05 09:00:00,0.26857783357329923,0.26857783357329923,0.0,0.0,0.0,0.0,0.026843243274492543,0.00548980292637717,0.0,0.0005875982166715451,0.23565718915575795,0.0,0.0,0.0,0.0,0.0,0.0,0.0,0.0,0.0,0.0,0.0,0.0,0.0,0.0,0.0,0.0,0.0,0.0,0.0,0.0,0.0,0.0,0.0,0.0,0.0,0.0009164248745308621,0.0009164248745308621
2018/08/05 05:00:00,2018/08/05 06:00:00,2018/08/05 10:00:00,0.3411210313651174,0.3411210313651174,0.0,0.0,0.0,0.0,0.06900948530167404,0.014113364412895239,0.0,0.0015106166599181724,0.25648756499062997,0.0,0.0,0.0,0.0,0.0,0.0,0.0,0.0,0.0,0.0,0.0,0.0,0.0,0.0,0.0,0.0,0.0,0.0,0.0,0.0,0.0,0.0,0.0,0.0,0.0,0.001163952341894586,0.001163952341894586
2018/08/05 06:00:00,2018/08/05 07:00:00,2018/08/05 11:00:00,1.008167871538096,1.008167871538096,0.0,0.0,0.0,0.0,0.16201522163153,0.03313428369051031,0.0,0.003546510916391187,0.3136858324949231,0.0,0.0,0.0,0.0,0.0,0.0,0.4957860228047413,0.0,0.0,0.0,0.0,0.0,0.0,0.0,0.0,0.0,0.0,0.0,0.0,0.0,0.0,0.0,0.0,0.0,0.0,0.0034400088156500666,0.0034400088156500666
2018/08/05 07:00:00,2018/08/05 08:00:00,2018/08/05 12:00:00,2.0981221554516183,2.0981221554516183,0.0,0.0,0.16121965619669468,0.0,0.20502608639988215,0.041930581844827744,0.0,0.0044880181395291685,0.35862554090222465,0.0,0.0628674947014727,0.0,0.0,0.0,0.0,1.2639647772669873,0.0,0.0,0.0,0.0,0.0,0.0,0.0,0.0,0.0,0.0,0.0,0.0,0.0,0.0,0.0,0.0,0.0,0.0,0.007159084230737217,0.007159084230737217
2018/08/05 08:00:00,2018/08/05 09:00:00,2018/08/05 13:00:00,2.030612861433416,2.030612861433416,0.0,0.0,0.12020825960855024,0.0,0.20318552328194064,0.04155416202522051,0.0,0.004447728238837415,0.2959239672796783,0.0,0.04647235016833582,0.0,0.0,0.0,0.0,1.3188208708308526,0.0,0.0,0.0,0.0,0.0,0.0,0.0,0.0,0.0,0.0,0.0,0.0,0.0,0.0,0.0,0.0,0.0,0.0,0.006928733142275504,0.006928733142275504
2018/08/05 09:00:00,2018/08/05 10:00:00,2018/08/05 14:00:00,2.1398411993028996,2.1398411993028996,0.0,0.0,0.24795413060264138,0.0,0.19457144785868138,0.03979246817984311,0.0,0.0042591662493183975,0.2399550100229572,0.0,0.09448810555860541,0.0,0.0,0.0,0.0,1.3188208708308526,0.0,0.0,0.0,0.0,0.0,0.0,0.0,0.0,0.0,0.0,0.0,0.0,0.0,0.0,0.0,0.0,0.0,0.0,0.007301435403275526,0.007301435403275526
2018/08/05 10:00:00,2018/08/05 11:00:00,2018/08/05 15:00:00,1.1540734856870516,1.1540734856870516,0.0,0.0,0.36344321899998233,0.0,0.18848183893972803,0.03854706156031103,0.0,0.004125864795972619,0.2708157574499429,0.0,0.13706931655438181,0.0,0.0,0.0,0.0,0.15159042738673287,0.0,0.0,0.0,0.0,0.0,0.0,0.0,0.0,0.0,0.0,0.0,0.0,0.0,0.0,0.0,0.0,0.0,0.0,0.003937859037914642,0.003937859037914642
2018/08/05 11:00:00,2018/08/05 12:00:00,2018/08/05 16:00:00,1.89441540476835,1.89441540476835,0.0,0.0,0.4715613272646951,0.0,0.18004485089820238,0.03682158445731919,0.0,0.003941179246742044,1.0256481211401582,0.0,0.17639834176123317,0.0,0.0,0.0,0.0,0.0,0.0,0.0,0.0,0.0,0.0,0.0,0.0,0.0,0.0,0.0,0.0,0.0,0.0,0.0,0.0,0.0,0.0,0.0,0.006464008501842207,0.006464008501842207
2018/08/05 12:00:00,2018/08/05 13:00:00,2018/08/05 17:00:00,1.200086784030015,1.200086784030015,0.0,0.0,0.5325515374537024,0.0,0.17395524197924905,0.03557617783778712,0.0,0.003807877793396267,0.2577264052368096,0.0,0.19646954372907036,0.0,0.0,0.0,0.0,0.0,0.0,0.0,0.0,0.0,0.0,0.0,0.0,0.0,0.0,0.0,0.0,0.0,0.0,0.0,0.0,0.0,0.0,0.0,0.004094862803265192,0.004094862803265192
2018/08/05 13:00:00,2018/08/05 14:00:00,2018/08/05 18:00:00,1.812888312195656,1.812888312195656,0.0,0.0,0.6574878873881914,0.0,0.1721632852403147,0.035209698673971224,0.0,0.003768651885655419,0.26549933396158615,0.0,0.23817710904446937,0.0,0.0,0.0,0.0,0.44058234600146806,0.0,0.0,0.0,0.0,0.0,0.0,0.0,0.0,0.0,0.0,0.0,0.0,0.0,0.0,0.0,0.0,0.0,0.0,0.006185826737592453,0.006185826737592453
2018/08/05 14:00:00,2018/08/05 15:00:00,2018/08/05 19:00:00,1.6114632542758176,1.6114632542758176,0.0,0.0,0.8158099743184056,0.0,0.17200135566103103,0.03517658190528837,0.0,0.0037651072494488146,0.29490152653433727,0.0,0.28980870860730656,0.0,0.0,0.0,0.0,0.0,0.0,0.0,0.0,0.0,0.0,0.0,0.0,0.0,0.0,0.0,0.0,0.0,0.0,0.0,0.0,0.0,0.0,0.0,0.0054985364613411875,0.0054985364613411875
2018/08/05 15:00:00,2018/08/05 16:00:00,2018/08/05 20:00:00,1.8347299784569815,1.8347299784569815,0.0,0.0,0.9687665077128353,0.0,0.17216046143222405,0.03520912116738004,0.0,0.003768590072536143,0.3132996244288172,0.0,0.34152567364318914,0.0,0.0,0.0,0.0,0.0,0.0,0.0,0.0,0.0,0.0,0.0,0.0,0.0,0.0,0.0,0.0,0.0,0.0,0.0,0.0,0.0,0.0,0.0,0.006260353536758169,0.006260353536758169
2018/08/05 16:00:00,2018/08/05 17:00:00,2018/08/05 21:00:00,2.899127181830666,2.899127181830666,0.0,0.0,1.1954674649217258,0.0,0.17312183072358475,0.03540573406899825,0.0,0.0037896344327645183,1.0694769809702034,0.0,0.42186553671338933,0.0,0.0,0.0,0.0,0.0,0.0,0.0,0.0,0.0,0.0,0.0,0.0,0.0,0.0,0.0,0.0,0.0,0.0,0.0,0.0,0.0,0.0,0.0,0.009892224643077582,0.009892224643077582
2018/08/05 17:00:00,2018/08/05 18:00:00,2018/08/05 22:00:00,2.5809194867078284,2.5809194867078284,0.0,0.0,1.3539064052633933,0.0,0.17758213335500161,0.03631792572140365,0.0,0.003887270394456464,0.5342588683228459,0.0,0.47496688365072776,0.0,0.0,0.0,0.0,0.0,0.0,0.0,0.0,0.0,0.0,0.0,0.0,0.0,0.0,0.0,0.0,0.0,0.0,0.0,0.0,0.0,0.0,0.0,0.00880645578718235,0.00880645578718235
2018/08/05 18:00:00,2018/08/05 19:00:00,2018/08/05 23:00:00,3.3162897723620164,3.3162897723620164,0.0,0.0,1.3651236667776905,0.0,0.19286503779060593,0.03944348445647083,0.0,0.0042218129569960685,0.5498357040003157,0.0,0.48363951088734797,0.0,0.0,0.0,0.0,0.6811605554925895,0.0,0.0,0.0,0.0,0.0,0.0,0.0,0.0,0.0,0.0,0.0,0.0,0.0,0.0,0.0,0.0,0.0,0.0,0.011315641347279743,0.011315641347279743
2018/08/05 19:00:00,2018/08/05 20:00:00,2018/08/06 00:00:00,2.533919436766047,2.533919436766047,0.0,0.0,1.1589780890646364,0.0,0.23099165129518737,0.04724088778251356,0.0,0.005056403988859405,0.49840003857373244,0.0,0.42467786046117983,0.0,0.0,0.0,0.0,0.1685745055999374,0.0,0.0,0.0,0.0,0.0,0.0,0.0,0.0,0.0,0.0,0.0,0.0,0.0,0.0,0.0,0.0,0.0,0.0,0.008646085088313462,0.008646085088313462
2018/08/05 20:00:00,2018/08/05 21:00:00,2018/08/06 01:00:00,2.0486467192703217,2.0486467192703217,0.0,0.0,0.838208996256445,0.0,0.29831842445461637,0.06101011501540101,0.0,0.006530186103717432,0.5258812363301948,0.0,0.3186977611099469,0.0,0.0,0.0,0.0,0.0,0.0,0.0,0.0,0.0,0.0,0.0,0.0,0.0,0.0,0.0,0.0,0.0,0.0,0.0,0.0,0.0,0.0,0.0,0.006990267170179499,0.006990267170179499
2018/08/05 21:00:00,2018/08/05 22:00:00,2018/08/06 02:00:00,2.5599650484914465,2.5599650484914465,0.0,0.0,0.555756803386656,0.0,0.37692801925754593,0.07708683045464608,0.0,0.008250949025214567,1.3264943790095027,0.0,0.21544806735788097,0.0,0.0,0.0,0.0,0.0,0.0,0.0,0.0,0.0,0.0,0.0,0.0,0.0,0.0,0.0,0.0,0.0,0.0,0.0,0.0,0.0,0.0,0.0,0.008734956333344987,0.008734956333344987
2018/08/05 22:00:00,2018/08/05 23:00:00,2018/08/06 03:00:00,1.8395263443478926,1.8395263443478926,0.0,0.0,0.3104477789530419,0.0,0.29615062745122006,0.06056677148156112,0.0,0.006482733057888501,0.39627516927644474,0.0,0.12165541722099726,0.0,0.0,0.0,0.0,0.647947846906739,0.0,0.0,0.0,0.0,0.0,0.0,0.0,0.0,0.0,0.0,0.0,0.0,0.0,0.0,0.0,0.0,0.0,0.0,0.006276719403409568,0.006276719403409568
2018/08/05 23:00:00,2018/08/06 00:00:00,2018/08/06 04:00:00,0.986212066057805,0.986212066057805,0.0,0.0,0.12691472239792567,0.0,0.13094360677997474,0.026779722120023,0.0,0.002866353705536267,0.3380365894132003,0.0,0.050011823888959035,0.0,0.0,0.0,0.0,0.31065924775218595,0.0,0.0,0.0,0.0,0.0,0.0,0.0,0.0,0.0,0.0,0.0,0.0,0.0,0.0,0.0,0.0,0.0,0.0,0.003365092557614914,0.003365092557614914
2018/08/06 00:00:00,2018/08/06 01:00:00,2018/08/06 05:00:00,0.5449750273638916,0.5449750273638916,0.0,0.0,0.0,0.0,0.06501908921459039,0.013297274945155983,0.0,0.0014232669458539432,0.30359413995633894,0.0,0.0,0.0,0.0,0.0,0.0,0.16164125630195236,0.0,0.0,0.0,0.0,0.0,0.0,0.0,0.0,0.0,0.0,0.0,0.0,0.0,0.0,0.0,0.0,0.0,0.0,0.00185953049225898,0.00185953049225898
2018/08/06 01:00:00,2018/08/06 02:00:00,2018/08/06 06:00:00,0.33906652822060673,0.33906652822060673,0.0,0.0,0.0,0.0,0.03901145352875434,0.00797836496709361,0.0,0.0008539601675123682,0.2912227495572465,0.0,0.0,0.0,0.0,0.0,0.0,0.0,0.0,0.0,0.0,0.0,0.0,0.0,0.0,0.0,0.0,0.0,0.0,0.0,0.0,0.0,0.0,0.0,0.0,0.0,0.001156942091788009,0.001156942091788009
2018/08/06 02:00:00,2018/08/06 03:00:00,2018/08/06 07:00:00,0.3773999379083145,0.3773999379083145,0.08439753206017749,0.0,0.0,0.0,0.026007635685836212,0.005318909978062404,0.0,0.0005693067783415784,0.2611065534058968,0.0,0.0,0.0,0.0,0.0,0.0,0.0,0.0,0.0,0.0,0.0,0.0,0.0,0.0,0.0,0.0,0.0,0.0,0.0,0.0,0.0,0.0,0.0,0.0,0.0,0.0012877410102840516,0.0012877410102840516
2018/08/06 03:00:00,2018/08/06 04:00:00,2018/08/06 08:00:00,0.7563173686172139,0.7563173686172139,0.4750660115567207,0.0,0.0,0.0,0.026007635685836212,0.005318909978062404,0.0,0.0005693067783415784,0.249355504618253,0.0,0.0,0.0,0.0,0.0,0.0,0.0,0.0,0.0,0.0,0.0,0.0,0.0,0.0,0.0,0.0,0.0,0.0,0.0,0.0,0.0,0.0,0.0,0.0,0.0,0.0025806599167886345,0.0025806599167886345
2018/08/06 04:00:00,2018/08/06 05:00:00,2018/08/06 09:00:00,1.1034386827995206,1.1034386827995206,0.8348608492262213,0.0,0.0,0.0,0.026843243274492543,0.00548980292637717,0.0,0.0005875982166715451,0.23565718915575795,0.0,0.0,0.0,0.0,0.0,0.0,0.0,0.0,0.0,0.0,0.0,0.0,0.0,0.0,0.0,0.0,0.0,0.0,0.0,0.0,0.0,0.0,0.0,0.0,0.0,0.003765086057115255,0.003765086057115255
2018/08/06 05:00:00,2018/08/06 06:00:00,2018/08/06 10:00:00,1.436529543311683,1.436529543311683,1.0954085119465653,0.0,0.0,0.0,0.06900948530167404,0.014113364412895239,0.0,0.0015106166599181724,0.25648756499062997,0.0,0.0,0.0,0.0,0.0,0.0,0.0,0.0,0.0,0.0,0.0,0.0,0.0,0.0,0.0,0.0,0.0,0.0,0.0,0.0,0.0,0.0,0.0,0.0,0.0,0.004901638340641389,0.004901638340641389
2018/08/06 06:00:00,2018/08/06 07:00:00,2018/08/06 11:00:00,1.5690089055360958,1.5690089055360958,1.0566270568027412,0.0,0.0,0.0,0.16201522163153,0.03313428369051031,0.0,0.003546510916391187,0.3136858324949231,0.0,0.0,0.0,0.0,0.0,0.0,0.0,0.0,0.0,0.0,0.0,0.0,0.0,0.0,0.0,0.0,0.0,0.0,0.0,0.0,0.0,0.0,0.0,0.0,0.0,0.005353676326387157,0.005353676326387157
2018/08/06 07:00:00,2018/08/06 08:00:00,2018/08/06 12:00:00,1.2769202105139306,1.2769202105139306,0.2534684621971672,0.0,0.0,0.0,0.20502608639988215,0.041930581844827744,0.0,0.0044880181395291685,0.35862554090222465,0.0,0.0,0.0,0.0,0.0,0.0,0.4133815210302996,0.0,0.0,0.0,0.0,0.0,0.0,0.0,0.0,0.0,0.0,0.0,0.0,0.0,0.0,0.0,0.0,0.0,0.0,0.004357029126853777,0.004357029126853777
2018/08/06 08:00:00,2018/08/06 09:00:00,2018/08/06 13:00:00,1.8766477671096173,1.8766477671096173,0.0,0.0,0.12352702872182895,0.0,0.20318552328194064,0.04155416202522051,0.0,0.004447728238837415,0.36908418990542324,0.0,0.048346341205549447,0.0,0.0,0.0,0.0,1.0865027937308172,0.0,0.0,0.0,0.0,0.0,0.0,0.0,0.0,0.0,0.0,0.0,0.0,0.0,0.0,0.0,0.0,0.0,0.0,0.006403382854165032,0.006403382854165032
2018/08/06 09:00:00,2018/08/06 10:00:00,2018/08/06 14:00:00,3.7680511653642657,3.7680511653642657,0.0,0.0,0.22089218557944484,0.0,0.19457144785868138,0.03979246817984311,0.0,0.0042591662493183975,1.9054970893673877,0.0,0.08421793729873778,0.0,0.0,0.0,0.0,1.3188208708308526,0.0,0.0,0.0,0.0,0.0,0.0,0.0,0.0,0.0,0.0,0.0,0.0,0.0,0.0,0.0,0.0,0.0,0.0,0.012857113971404493,0.012857113971404493
2018/08/06 10:00:00,2018/08/06 11:00:00,2018/08/06 15:00:00,2.830812203962788,2.830812203962788,0.0,0.0,0.49175894146709104,0.0,0.18848183893972803,0.03854706156031103,0.0,0.004125864795972619,0.6065962137593854,0.0,0.1824814126094472,0.0,0.0,0.0,0.0,1.3188208708308526,0.0,0.0,0.0,0.0,0.0,0.0,0.0,0.0,0.0,0.0,0.0,0.0,0.0,0.0,0.0,0.0,0.0,0.0,0.009659124449408536,0.009659124449408536
2018/08/06 11:00:00,2018/08/06 12:00:00,2018/08/06 16:00:00,2.8340891424593027,2.8340891424593027,0.0,0.0,0.7293257249388307,0.0,0.18004485089820238,0.03682158445731919,0.0,0.003941179246742044,0.3557889691610797,0.0,0.2633174094404757,0.0,0.0,0.0,0.0,1.2648494243166526,0.0,0.0,0.0,0.0,0.0,0.0,0.0,0.0,0.0,0.0,0.0,0.0,0.0,0.0,0.0,0.0,0.0,0.0,0.009670305818736598,0.009670305818736598
2018/08/06 12:00:00,2018/08/06 13:00:00,2018/08/06 17:00:00,2.572890259505321,2.572890259505321,0.0,0.0,0.9341512290577654,0.0,0.17395524197924905,0.03557617783778712,0.0,0.003807877793396267,1.0940979895052667,0.0,0.3313017433318565,0.0,0.0,0.0,0.0,0.0,0.0,0.0,0.0,0.0,0.0,0.0,0.0,0.0,0.0,0.0,0.0,0.0,0.0,0.0,0.0,0.0,0.0,0.0,0.008779058948680302,0.008779058948680302
2018/08/06 13:00:00,2018/08/06 14:00:00,2018/08/06 18:00:00,1.9919303192254412,1.9919303192254412,0.0,0.0,1.1234714001641208,0.0,0.1721632852403147,0.035209698673971224,0.0,0.003768651885655419,0.26549933396158615,0.0,0.3918179492997928,0.0,0.0,0.0,0.0,0.0,0.0,0.0,0.0,0.0,0.0,0.0,0.0,0.0,0.0,0.0,0.0,0.0,0.0,0.0,0.0,0.0,0.0,0.0,0.006796742935124611,0.006796742935124611
2018/08/06 14:00:00,2018/08/06 15:00:00,2018/08/06 19:00:00,2.262618235074226,2.262618235074226,0.0,0.0,1.3052576419476851,0.0,0.17200135566103103,0.03517658190528837,0.0,0.0037651072494488146,0.29490152653433727,0.0,0.45151602177643557,0.0,0.0,0.0,0.0,0.0,0.0,0.0,0.0,0.0,0.0,0.0,0.0,0.0,0.0,0.0,0.0,0.0,0.0,0.0,0.0,0.0,0.0,0.0,0.007720367703477069,0.007720367703477069
2018/08/06 15:00:00,2018/08/06 16:00:00,2018/08/06 20:00:00,3.0737645221612793,3.0737645221612793,0.0,0.0,1.482766387753983,0.0,0.17216046143222405,0.03520912116738004,0.0,0.003768590072536143,0.2828534135552759,0.0,0.5096134982666634,0.0,0.0,0.0,0.0,0.5873930499132168,0.0,0.0,0.0,0.0,0.0,0.0,0.0,0.0,0.0,0.0,0.0,0.0,0.0,0.0,0.0,0.0,0.0,0.0,0.01048811150600891,0.01048811150600891
2018/08/06 16:00:00,2018/08/06 17:00:00,2018/08/06 21:00:00,2.8006669022137656,2.8006669022137656,0.0,0.0,1.6455608448427541,0.0,0.17312183072358475,0.03540573406899825,0.0,0.0037896344327645183,0.38312597586620323,0.0,0.5596628822794605,0.0,0.0,0.0,0.0,0.0,0.0,0.0,0.0,0.0,0.0,0.0,0.0,0.0,0.0,0.0,0.0,0.0,0.0,0.0,0.0,0.0,0.0,0.0,0.009556264492555457,0.009556264492555457
2018/08/06 17:00:00,2018/08/06 18:00:00,2018/08/06 22:00:00,2.998174748225049,2.998174748225049,0.0,0.0,1.6717557156984255,0.0,0.17758213335500161,0.03631792572140365,0.0,0.003887270394456464,0.5342588683228459,0.0,0.5743728347329157,0.0,0.0,0.0,0.0,0.0,0.0,0.0,0.0,0.0,0.0,0.0,0.0,0.0,0.0,0.0,0.0,0.0,0.0,0.0,0.0,0.0,0.0,0.0,0.010230188697660616,0.010230188697660616
2018/08/06 18:00:00,2018/08/06 19:00:00,2018/08/06 23:00:00,2.9603510395349026,2.9603510395349026,0.0,0.0,1.5755956962502167,0.0,0.19286503779060593,0.03944348445647083,0.0,0.0042218129569960685,0.5498357040003157,0.0,0.5542246441620715,0.0,0.0,0.0,0.0,0.04416465991822592,0.0,0.0,0.0,0.0,0.0,0.0,0.0,0.0,0.0,0.0,0.0,0.0,0.0,0.0,0.0,0.0,0.0,0.0,0.010101128949767463,0.010101128949767463
2018/08/06 19:00:00,2018/08/06 20:00:00,2018/08/07 00:00:00,3.9938186864232343,3.9938186864232343,0.0,0.0,1.3924457322216144,0.0,0.23099165129518737,0.04724088778251356,0.0,0.005056403988859405,0.49840003857373244,0.0,0.5008631017304747,0.0,0.0,0.0,0.0,1.3188208708308526,0.0,0.0,0.0,0.0,0.0,0.0,0.0,0.0,0.0,0.0,0.0,0.0,0.0,0.0,0.0,0.0,0.0,0.0,0.013627464113137776,0.013627464113137776
2018/08/06 20:00:00,2018/08/06 21:00:00,2018/08/07 01:00:00,2.503559955326907,2.503559955326907,0.0,0.0,1.0360183542716555,0.0,0.29831842445461637,0.06101011501540101,0.0,0.006530186103717432,0.48758957745724624,0.0,0.38284306030671555,0.0,0.0,0.0,0.0,0.231250237717554,0.0,0.0,0.0,0.0,0.0,0.0,0.0,0.0,0.0,0.0,0.0,0.0,0.0,0.0,0.0,0.0,0.0,0.0,0.008542494320607412,0.008542494320607412
2018/08/06 21:00:00,2018/08/06 22:00:00,2018/08/07 02:00:00,2.137464196328204,2.137464196328204,0.0,0.0,0.707228143379001,0.0,0.37692801925754593,0.07708683045464608,0.0,0.008250949025214567,0.4632829053811929,0.0,0.2673197397067709,0.0,0.0,0.0,0.0,0.23736760912383284,0.0,0.0,0.0,0.0,0.0,0.0,0.0,0.0,0.0,0.0,0.0,0.0,0.0,0.0,0.0,0.0,0.0,0.0,0.00729332473895203,0.00729332473895203
2018/08/06 22:00:00,2018/08/06 23:00:00,2018/08/07 03:00:00,1.5946383611017965,1.5946383611017965,0.0,0.0,0.4650506710852861,0.0,0.29615062745122006,0.06056677148156112,0.0,0.006482733057888501,0.39627516927644474,0.0,0.17773657193521325,0.0,0.0,0.0,0.0,0.19237581681418256,0.0,0.0,0.0,0.0,0.0,0.0,0.0,0.0,0.0,0.0,0.0,0.0,0.0,0.0,0.0,0.0,0.0,0.0,0.005441127588796278,0.005441127588796278
2018/08/06 23:00:00,2018/08/07 00:00:00,2018/08/07 04:00:00,0.8761112242890157,0.8761112242890157,0.0,0.0,0.2728667281811579,0.0,0.13094360677997474,0.026779722120023,0.0,0.002866353705536267,0.3380365894132003,0.0,0.10461822408912345,0.0,0.0,0.0,0.0,0.0,0.0,0.0,0.0,0.0,0.0,0.0,0.0,0.0,0.0,0.0,0.0,0.0,0.0,0.0,0.0,0.0,0.0,0.0,0.0029894131921166887,0.0029894131921166887
2018/08/07 00:00:00,2018/08/07 01:00:00,2018/08/07 05:00:00,0.5510877181355486,0.5510877181355486,0.0,0.0,0.12112978031172668,0.0,0.06501908921459039,0.013297274945155983,0.0,0.0014232669458539432,0.30359413995633894,0.0,0.04662416676188268,0.0,0.0,0.0,0.0,0.0,0.0,0.0,0.0,0.0,0.0,0.0,0.0,0.0,0.0,0.0,0.0,0.0,0.0,0.0,0.0,0.0,0.0,0.0,0.001880387842245508,0.001880387842245508
2018/08/07 01:00:00,2018/08/07 02:00:00,2018/08/07 06:00:00,0.3684678119544107,0.3684678119544107,0.0,0.0,0.021185193463258985,0.0,0.03901145352875434,0.00797836496709361,0.0,0.0008539601675123682,0.2912227495572465,0.0,0.008216090270544922,0.0,0.0,0.0,0.0,0.0,0.0,0.0,0.0,0.0,0.0,0.0,0.0,0.0,0.0,0.0,0.0,0.0,0.0,0.0,0.0,0.0,0.0,0.0,0.0012572633558265176,0.0012572633558265176
2018/08/07 02:00:00,2018/08/07 03:00:00,2018/08/07 07:00:00,0.29300240584813697,0.29300240584813697,0.0,0.0,0.0,0.0,0.026007635685836212,0.005318909978062404,0.0,0.0005693067783415784,0.2611065534058968,0.0,0.0,0.0,0.0,0.0,0.0,0.0,0.0,0.0,0.0,0.0,0.0,0.0,0.0,0.0,0.0,0.0,0.0,0.0,0.0,0.0,0.0,0.0,0.0,0.0,0.0009997649077891518,0.0009997649077891518
2018/08/07 03:00:00,2018/08/07 04:00:00,2018/08/07 08:00:00,0.2812513570604932,0.2812513570604932,0.0,0.0,0.0,0.0,0.026007635685836212,0.005318909978062404,0.0,0.0005693067783415784,0.249355504618253,0.0,0.0,0.0,0.0,0.0,0.0,0.0,0.0,0.0,0.0,0.0,0.0,0.0,0.0,0.0,0.0,0.0,0.0,0.0,0.0,0.0,0.0,0.0,0.0,0.0,0.0009596686970648835,0.0009596686970648835
2018/08/07 04:00:00,2018/08/07 05:00:00,2018/08/07 09:00:00,0.6802991650300502,0.6802991650300502,0.0,0.0,0.0,0.0,0.026843243274492543,0.00548980292637717,0.0,0.0005875982166715451,0.23565718915575795,0.0,0.0,0.0,0.0,0.0,0.0,0.4117213314567509,0.0,0.0,0.0,0.0,0.0,0.0,0.0,0.0,0.0,0.0,0.0,0.0,0.0,0.0,0.0,0.0,0.0,0.0,0.0023212752469610127,0.0023212752469610127
2018/08/07 05:00:00,2018/08/07 06:00:00,2018/08/07 10:00:00,0.4017660279262266,0.4017660279262266,0.0606449965611092,0.0,0.0,0.0,0.06900948530167404,0.014113364412895239,0.0,0.0015106166599181724,0.25648756499062997,0.0,0.0,0.0,0.0,0.0,0.0,0.0,0.0,0.0,0.0,0.0,0.0,0.0,0.0,0.0,0.0,0.0,0.0,0.0,0.0,0.0,0.0,0.0,0.0,0.0,0.001370881493958326,0.001370881493958326
2018/08/07 06:00:00,2018/08/07 07:00:00,2018/08/07 11:00:00,0.6326196175990223,0.6326196175990223,0.12023776886566767,0.0,0.0,0.0,0.16201522163153,0.03313428369051031,0.0,0.003546510916391187,0.3136858324949231,0.0,0.0,0.0,0.0,0.0,0.0,0.0,0.0,0.0,0.0,0.0,0.0,0.0,0.0,0.0,0.0,0.0,0.0,0.0,0.0,0.0,0.0,0.0,0.0,0.0,0.002158586008274295,0.002158586008274295
2018/08/07 07:00:00,2018/08/07 08:00:00,2018/08/07 12:00:00,1.386060780756875,1.386060780756875,0.0,0.0,0.02629849872460438,0.0,0.20502608639988215,0.041930581844827744,0.0,0.0044880181395291685,0.4566829047179834,0.0,0.010359452739997527,0.0,0.0,0.0,0.0,0.6412752381900506,0.0,0.0,0.0,0.0,0.0,0.0,0.0,0.0,0.0,0.0,0.0,0.0,0.0,0.0,0.0,0.0,0.0,0.0,0.004729431912520823,0.004729431912520823
2018/08/07 08:00:00,2018/08/07 09:00:00,2018/08/07 13:00:00,4.496042753815024,4.496042753815024,0.0,0.0,0.30449183346627107,0.0,0.20318552328194064,0.04155416202522051,0.0,0.004447728238837415,2.506437797468054,0.0,0.11710483850384681,0.0,0.0,0.0,0.0,1.3188208708308526,0.0,0.0,0.0,0.0,0.0,0.0,0.0,0.0,0.0,0.0,0.0,0.0,0.0,0.0,0.0,0.0,0.0,0.0,0.015341122391717529,0.015341122391717529
2018/08/07 09:00:00,2018/08/07 10:00:00,2018/08/07 14:00:00,2.3453286887328963,2.3453286887328963,0.0,0.0,0.40165497251442006,0.0,0.19457144785868138,0.03979246817984311,0.0,0.0042591662493183975,0.2399550100229572,0.0,0.14627475307682355,0.0,0.0,0.0,0.0,1.3188208708308526,0.0,0.0,0.0,0.0,0.0,0.0,0.0,0.0,0.0,0.0,0.0,0.0,0.0,0.0,0.0,0.0,0.0,0.0,0.008002587260125071,0.008002587260125071
2018/08/07 10:00:00,2018/08/07 11:00:00,2018/08/07 15:00:00,2.546884179292476,2.546884179292476,0.0,0.0,0.7204757578930454,0.0,0.18848183893972803,0.03854706156031103,0.0,0.004125864795972619,0.23647871378177573,0.0,0.2499384602323706,0.0,0.0,0.0,0.0,1.1088364820892722,0.0,0.0,0.0,0.0,0.0,0.0,0.0,0.0,0.0,0.0,0.0,0.0,0.0,0.0,0.0,0.0,0.0,0.0,0.008690322590660673,0.008690322590660673
2018/08/07 11:00:00,2018/08/07 12:00:00,2018/08/07 16:00:00,1.774313666623929,1.774313666623929,0.0,0.0,0.9743291659244698,0.0,0.18004485089820238,0.03682158445731919,0.0,0.003941179246742044,0.25158580738185676,0.0,0.3275910787153386,0.0,0.0,0.0,0.0,0.0,0.0,0.0,0.0,0.0,0.0,0.0,0.0,0.0,0.0,0.0,0.0,0.0,0.0,0.0,0.0,0.0,0.0,0.0,0.006054204688751648,0.006054204688751648
2018/08/07 12:00:00,2018/08/07 13:00:00,2018/08/07 17:00:00,2.933718090521664,2.933718090521664,0.0,0.0,1.2249123464244416,0.0,0.17395524197924905,0.03557617783778712,0.0,0.003807877793396267,0.2577264052368096,0.0,0.40227631969135824,0.0,0.0,0.0,0.0,0.8354637215586227,0.0,0.0,0.0,0.0,0.0,0.0,0.0,0.0,0.0,0.0,0.0,0.0,0.0,0.0,0.0,0.0,0.0,0.0,0.010010253628326676,0.010010253628326676
2018/08/07 13:00:00,2018/08/07 14:00:00,2018/08/07 18:00:00,2.4616328052663863,2.4616328052663863,0.0,0.0,1.5031441349566315,0.0,0.1721632852403147,0.035209698673971224,0.0,0.003768651885655419,0.26549933396158615,0.0,0.4818477005482279,0.0,0.0,0.0,0.0,0.0,0.0,0.0,0.0,0.0,0.0,0.0,0.0,0.0,0.0,0.0,0.0,0.0,0.0,0.0,0.0,0.0,0.0,0.0,0.008399433060776515,0.008399433060776515
2018/08/07 14:00:00,2018/08/07 15:00:00,2018/08/07 19:00:00,2.8369653704057956,2.8369653704057956,0.0,0.0,1.7729272215233747,0.0,0.17200135566103103,0.03517658190528837,0.0,0.0037651072494488146,0.29490152653433727,0.0,0.5581935775323152,0.0,0.0,0.0,0.0,0.0,0.0,0.0,0.0,0.0,0.0,0.0,0.0,0.0,0.0,0.0,0.0,0.0,0.0,0.0,0.0,0.0,0.0,0.0,0.009680119908007922,0.009680119908007922
2018/08/07 15:00:00,2018/08/07 16:00:00,2018/08/07 20:00:00,3.1473845649398107,3.1473845649398107,0.0,0.0,2.023918551345234,0.0,0.17216046143222405,0.03520912116738004,0.0,0.003768590072536143,0.2828534135552759,0.0,0.6294744273671609,0.0,0.0,0.0,0.0,0.0,0.0,0.0,0.0,0.0,0.0,0.0,0.0,0.0,0.0,0.0,0.0,0.0,0.0,0.0,0.0,0.0,0.0,0.0,0.010739313318044747,0.010739313318044747
2018/08/07 16:00:00,2018/08/07 17:00:00,2018/08/07 21:00:00,3.4068932900394824,3.4068932900394824,0.0,0.0,2.143344076861585,0.0,0.17312183072358475,0.03540573406899825,0.0,0.0037896344327645183,0.38312597586620323,0.0,0.668106038086346,0.0,0.0,0.0,0.0,0.0,0.0,0.0,0.0,0.0,0.0,0.0,0.0,0.0,0.0,0.0,0.0,0.0,0.0,0.0,0.0,0.0,0.0,0.0,0.01162479313473344,0.01162479313473344
2018/08/07 17:00:00,2018/08/07 18:00:00,2018/08/07 22:00:00,3.6542966947281,3.6542966947281,0.0,0.0,2.2135144746987403,0.0,0.17758213335500161,0.03631792572140365,0.0,0.003887270394456464,0.5342588683228459,0.0,0.6887360222356523,0.0,0.0,0.0,0.0,0.0,0.0,0.0,0.0,0.0,0.0,0.0,0.0,0.0,0.0,0.0,0.0,0.0,0.0,0.0,0.0,0.0,0.0,0.0,0.012468967916709246,0.012468967916709246
2018/08/07 18:00:00,2018/08/07 19:00:00,2018/08/07 23:00:00,3.6037458361038137,3.6037458361038137,0.0,0.0,2.1436984880996257,0.0,0.19286503779060593,0.03944348445647083,0.0,0.0042218129569960685,0.5498357040003157,0.0,0.6736813087997989,0.0,0.0,0.0,0.0,0.0,0.0,0.0,0.0,0.0,0.0,0.0,0.0,0.0,0.0,0.0,0.0,0.0,0.0,0.0,0.0,0.0,0.0,0.0,0.012296481365396194,0.012296481365396194
2018/08/07 19:00:00,2018/08/07 20:00:00,2018/08/08 00:00:00,5.022933901897429,5.022933901897429,0.0,0.0,2.064448717596715,0.0,0.23099165129518737,0.04724088778251356,0.0,0.005056403988859405,0.8328620928618802,0.0,0.6606691656694108,0.0,0.0,0.0,0.0,1.181664982702863,0.0,0.0,0.0,0.0,0.0,0.0,0.0,0.0,0.0,0.0,0.0,0.0,0.0,0.0,0.0,0.0,0.0,0.0,0.017138948175955456,0.017138948175955456
2018/08/07 20:00:00,2018/08/07 21:00:00,2018/08/08 01:00:00,12.290760272720068,12.290760272720068,0.0,0.0,1.8284159848748558,0.0,0.29831842445461637,0.06101011501540101,0.0,0.006530186103717432,8.180663383592446,0.0,0.5970013078481801,0.0,0.0,0.0,0.0,1.3188208708308526,0.0,0.0,0.0,0.0,0.0,0.0,0.0,0.0,0.0,0.0,0.0,0.0,0.0,0.0,0.0,0.0,0.0,0.0,0.041937781279118055,0.041937781279118055
2018/08/07 21:00:00,2018/08/07 22:00:00,2018/08/08 02:00:00,7.851044926287226,7.851044926287226,0.0,0.0,1.5525940089105241,0.0,0.37692801925754593,0.07708683045464608,0.0,0.008250949025214567,3.9984253274364,0.0,0.518938920372043,0.0,0.0,0.0,0.0,1.3188208708308526,0.0,0.0,0.0,0.0,0.0,0.0,0.0,0.0,0.0,0.0,0.0,0.0,0.0,0.0,0.0,0.0,0.0,0.0,0.026788855825457876,0.026788855825457876
2018/08/07 22:00:00,2018/08/07 23:00:00,2018/08/08 03:00:00,5.58554723022125,5.58554723022125,0.0,0.0,1.2702443352868757,0.0,0.29615062745122006,0.06056677148156112,0.0,0.006482733057888501,2.1974687642460076,0.0,0.43581312786684384,0.0,0.0,0.0,0.0,1.3188208708308526,0.0,0.0,0.0,0.0,0.0,0.0,0.0,0.0,0.0,0.0,0.0,0.0,0.0,0.0,0.0,0.0,0.0,0.0,0.019058663001109987,0.019058663001109987
2018/08/07 23:00:00,2018/08/08 00:00:00,2018/08/08 04:00:00,2.917731008287786,2.917731008287786,0.0,0.0,0.7807729488542176,0.0,0.13094360677997474,0.026779722120023,0.0,0.002866353705536267,0.3838973058415493,0.0,0.2736502001556322,0.0,0.0,0.0,0.0,1.3188208708308526,0.0,0.0,0.0,0.0,0.0,0.0,0.0,0.0,0.0,0.0,0.0,0.0,0.0,0.0,0.0,0.0,0.0,0.0,0.009955703483084334,0.009955703483084334
2018/08/08 00:00:00,2018/08/08 01:00:00,2018/08/08 05:00:00,2.5131325994329146,2.5131325994329146,0.0,0.0,0.5987931136118151,0.0,0.06501908921459039,0.013297274945155983,0.0,0.0014232669458539432,0.30359413995633894,0.0,0.2121848439283074,0.0,0.0,0.0,0.0,1.3188208708308526,0.0,0.0,0.0,0.0,0.0,0.0,0.0,0.0,0.0,0.0,0.0,0.0,0.0,0.0,0.0,0.0,0.0,0.0,0.008575157511970084,0.008575157511970084
2018/08/08 01:00:00,2018/08/08 02:00:00,2018/08/08 06:00:00,2.393586638610427,2.393586638610427,0.0,0.0,0.479911358509635,0.0,0.03901145352875434,0.00797836496709361,0.0,0.0008539601675123682,0.3742696688576567,0.0,0.1727409617489221,0.0,0.0,0.0,0.0,1.3188208708308526,0.0,0.0,0.0,0.0,0.0,0.0,0.0,0.0,0.0,0.0,0.0,0.0,0.0,0.0,0.0,0.0,0.0,0.0,0.008167250088301332,0.008167250088301332
2018/08/08 02:00:00,2018/08/08 03:00:00,2018/08/08 07:00:00,2.933498273281049,2.933498273281049,0.0,0.0,0.3707458427975572,0.0,0.026007635685836212,0.005318909978062404,0.0,0.0005693067783415784,2.203699011271895,0.0,0.13602808690303922,0.0,0.0,0.0,0.0,0.1911294798663174,0.0,0.0,0.0,0.0,0.0,0.0,0.0,0.0,0.0,0.0,0.0,0.0,0.0,0.0,0.0,0.0,0.0,0.0,0.01000950358136833,0.01000950358136833
2018/08/08 03:00:00,2018/08/08 04:00:00,2018/08/08 08:00:00,2.3126570573775944,2.3126570573775944,0.0,0.0,0.2682656357100756,0.0,0.026007635685836212,0.005318909978062404,0.0,0.0005693067783415784,1.9129224553933235,0.0,0.09957311383195512,0.0,0.0,0.0,0.0,0.0,0.0,0.0,0.0,0.0,0.0,0.0,0.0,0.0,0.0,0.0,0.0,0.0,0.0,0.0,0.0,0.0,0.0,0.0,0.007891107115739553,0.007891107115739553
2018/08/08 04:00:00,2018/08/08 05:00:00,2018/08/08 09:00:00,2.2342975799963725,2.2342975799963725,0.0,0.0,0.19717470553066585,0.0,0.026843243274492543,0.00548980292637717,0.0,0.0005875982166715451,1.930447409666837,0.0,0.07375482038132836,0.0,0.0,0.0,0.0,0.0,0.0,0.0,0.0,0.0,0.0,0.0,0.0,0.0,0.0,0.0,0.0,0.0,0.0,0.0,0.0,0.0,0.0,0.0,0.007623733694515675,0.007623733694515675
2018/08/08 05:00:00,2018/08/08 06:00:00,2018/08/08 10:00:00,0.5195721497032602,0.5195721497032602,0.0,0.0,0.12962517594299977,0.0,0.06900948530167404,0.014113364412895239,0.0,0.0015106166599181724,0.25648756499062997,0.0,0.04882594239514295,0.0,0.0,0.0,0.0,0.0,0.0,0.0,0.0,0.0,0.0,0.0,0.0,0.0,0.0,0.0,0.0,0.0,0.0,0.0,0.0,0.0,0.0,0.0,0.0017728523451344012,0.0017728523451344012
2018/08/08 06:00:00,2018/08/08 07:00:00,2018/08/08 11:00:00,1.0523775454218869,1.0523775454218869,0.0,0.0,0.12441811290877218,0.0,0.16201522163153,0.03313428369051031,0.0,0.003546510916391187,0.3136858324949231,0.0,0.047225695043290994,0.0,0.0,0.0,0.0,0.3683518887364691,0.0,0.0,0.0,0.0,0.0,0.0,0.0,0.0,0.0,0.0,0.0,0.0,0.0,0.0,0.0,0.0,0.0,0.0,0.003590858363816321,0.003590858363816321
2018/08/08 07:00:00,2018/08/08 08:00:00,2018/08/08 12:00:00,0.8389420370997176,0.8389420370997176,0.0,0.0,0.1419830590677989,0.0,0.20502608639988215,0.041930581844827744,0.0,0.0044880181395291685,0.35862554090222465,0.0,0.053800748510199885,0.0,0.0,0.0,0.0,0.033088002235255216,0.0,0.0,0.0,0.0,0.0,0.0,0.0,0.0,0.0,0.0,0.0,0.0,0.0,0.0,0.0,0.0,0.0,0.0,0.002862586762499703,0.002862586762499703
2018/08/08 08:00:00,2018/08/08 09:00:00,2018/08/08 13:00:00,0.7382697668162155,0.7382697668162155,0.0,0.0,0.14057782383541328,0.0,0.20318552328194064,0.04155416202522051,0.0,0.004447728238837415,0.2959239672796783,0.0,0.05258056215512522,0.0,0.0,0.0,0.0,0.0,0.0,0.0,0.0,0.0,0.0,0.0,0.0,0.0,0.0,0.0,0.0,0.0,0.0,0.0,0.0,0.0,0.0,0.0,0.0025190789925700723,0.0025190789925700723
2018/08/08 09:00:00,2018/08/08 10:00:00,2018/08/08 14:00:00,0.7122352778021752,0.7122352778021752,0.0,0.0,0.17036126803334148,0.0,0.19457144785868138,0.03979246817984311,0.0,0.0042591662493183975,0.2399550100229572,0.0,0.06329591745803351,0.0,0.0,0.0,0.0,0.0,0.0,0.0,0.0,0.0,0.0,0.0,0.0,0.0,0.0,0.0,0.0,0.0,0.0,0.0,0.0,0.0,0.0,0.0,0.0024302456997746876,0.0024302456997746876
2018/08/08 10:00:00,2018/08/08 11:00:00,2018/08/08 15:00:00,0.7757500706864904,0.7757500706864904,0.0,0.0,0.22493346672748432,0.0,0.18848183893972803,0.03854706156031103,0.0,0.004125864795972619,0.23647871378177573,0.0,0.08318312488121869,0.0,0.0,0.0,0.0,0.0,0.0,0.0,0.0,0.0,0.0,0.0,0.0,0.0,0.0,0.0,0.0,0.0,0.0,0.0,0.0,0.0,0.0,0.0,0.002646966995517721,0.002646966995517721
2018/08/08 11:00:00,2018/08/08 12:00:00,2018/08/08 16:00:00,1.4034655278925627,1.4034655278925627,0.0,0.0,0.38270788283827845,0.0,0.18004485089820238,0.03682158445731919,0.0,0.003941179246742044,0.25158580738185676,0.0,0.1411332486238366,0.0,0.0,0.0,0.0,0.4072309744463273,0.0,0.0,0.0,0.0,0.0,0.0,0.0,0.0,0.0,0.0,0.0,0.0,0.0,0.0,0.0,0.0,0.0,0.0,0.004788819327326636,0.004788819327326636
2018/08/08 12:00:00,2018/08/08 13:00:00,2018/08/08 17:00:00,2.4412303268704485,2.4412303268704485,0.0,0.0,0.4758304908676,0.0,0.17395524197924905,0.03557617783778712,0.0,0.003807877793396267,0.2577264052368096,0.0,0.17551326232475326,0.0,0.0,0.0,0.0,1.3188208708308526,0.0,0.0,0.0,0.0,0.0,0.0,0.0,0.0,0.0,0.0,0.0,0.0,0.0,0.0,0.0,0.0,0.0,0.0,0.008329816970515614,0.008329816970515614
2018/08/08 13:00:00,2018/08/08 14:00:00,2018/08/08 18:00:00,1.4538150173064075,1.4538150173064075,0.0,0.0,0.6029756095086113,0.0,0.1721632852403147,0.035209698673971224,0.0,0.003768651885655419,0.26549933396158615,0.0,0.2212126001408315,0.0,0.0,0.0,0.0,0.15298583789543724,0.0,0.0,0.0,0.0,0.0,0.0,0.0,0.0,0.0,0.0,0.0,0.0,0.0,0.0,0.0,0.0,0.0,0.0,0.004960618778922789,0.004960618778922789
2018/08/08 14:00:00,2018/08/08 15:00:00,2018/08/08 19:00:00,1.4902473896386303,1.4902473896386303,0.0,0.0,0.7230343827756632,0.0,0.17200135566103103,0.03517658190528837,0.0,0.0037651072494488146,0.29490152653433727,0.0,0.2613684355128616,0.0,0.0,0.0,0.0,0.0,0.0,0.0,0.0,0.0,0.0,0.0,0.0,0.0,0.0,0.0,0.0,0.0,0.0,0.0,0.0,0.0,0.0,0.0,0.005084931093901334,0.005084931093901334
2018/08/08 15:00:00,2018/08/08 16:00:00,2018/08/08 20:00:00,1.6311662253275712,1.6311662253275712,0.0,0.0,0.773015163967985,0.0,0.17216046143222405,0.03520912116738004,0.0,0.003768590072536143,0.3696208676729485,0.0,0.2773920210144975,0.0,0.0,0.0,0.0,0.0,0.0,0.0,0.0,0.0,0.0,0.0,0.0,0.0,0.0,0.0,0.0,0.0,0.0,0.0,0.0,0.0,0.0,0.0,0.005565765735379771,0.005565765735379771
2018/08/08 16:00:00,2018/08/08 17:00:00,2018/08/08 21:00:00,4.264416998129126,4.264416998129126,0.0,0.0,0.8428610823871602,0.0,0.17312183072358475,0.03540573406899825,0.0,0.0037896344327645183,2.4885765977890912,0.0,0.30265850940995664,0.0,0.0,0.0,0.0,0.41800360931757,0.0,0.0,0.0,0.0,0.0,0.0,0.0,0.0,0.0,0.0,0.0,0.0,0.0,0.0,0.0,0.0,0.0,0.0,0.014550783139708359,0.014550783139708359
2018/08/08 17:00:00,2018/08/08 18:00:00,2018/08/08 22:00:00,5.500641263383272,5.500641263383272,0.0,0.0,0.9397167794345482,0.0,0.17758213335500161,0.03631792572140365,0.0,0.003887270394456464,3.903230108586545,0.0,0.3376811479202581,0.0,0.0,0.0,0.0,0.10222589797105863,0.0,0.0,0.0,0.0,0.0,0.0,0.0,0.0,0.0,0.0,0.0,0.0,0.0,0.0,0.0,0.0,0.0,0.0,0.018768952048529904,0.018768952048529904
2018/08/08 18:00:00,2018/08/08 19:00:00,2018/08/08 23:00:00,1.925739637920353,1.925739637920353,0.0,0.0,0.8355442740058107,0.0,0.19286503779060593,0.03944348445647083,0.0,0.0042218129569960685,0.5498357040003157,0.0,0.303829324710154,0.0,0.0,0.0,0.0,0.0,0.0,0.0,0.0,0.0,0.0,0.0,0.0,0.0,0.0,0.0,0.0,0.0,0.0,0.0,0.0,0.0,0.0,0.0,0.0065708911363998555,0.0065708911363998555
2018/08/08 19:00:00,2018/08/08 20:00:00,2018/08/09 00:00:00,1.7139912239110657,1.7139912239110657,0.0,0.0,0.677186049444063,0.0,0.23099165129518737,0.04724088778251356,0.0,0.005056403988859405,0.5036728235883939,0.0,0.24984340781204842,0.0,0.0,0.0,0.0,0.0,0.0,0.0,0.0,0.0,0.0,0.0,0.0,0.0,0.0,0.0,0.0,0.0,0.0,0.0,0.0,0.0,0.0,0.0,0.005848376135221955,0.005848376135221955
2018/08/08 20:00:00,2018/08/08 21:00:00,2018/08/09 01:00:00,1.686689236940816,1.686689236940816,0.0,0.0,0.5206341909708614,0.0,0.29831842445461637,0.06101011501540101,0.0,0.006530186103717432,0.6064543291185197,0.0,0.1937419912777002,0.0,0.0,0.0,0.0,0.0,0.0,0.0,0.0,0.0,0.0,0.0,0.0,0.0,0.0,0.0,0.0,0.0,0.0,0.0,0.0,0.0,0.0,0.0,0.005755217963340187,0.005755217963340187
2018/08/08 21:00:00,2018/08/08 22:00:00,2018/08/09 02:00:00,1.498326045816606,1.498326045816606,0.0,0.0,0.4161424687819803,0.0,0.37692801925754593,0.07708683045464608,0.0,0.008250949025214567,0.4632829053811929,0.0,0.1566348729160262,0.0,0.0,0.0,0.0,0.0,0.0,0.0,0.0,0.0,0.0,0.0,0.0,0.0,0.0,0.0,0.0,0.0,0.0,0.0,0.0,0.0,0.0,0.0,0.005112496590933532,0.005112496590933532
2018/08/08 22:00:00,2018/08/08 23:00:00,2018/08/09 03:00:00,1.1754380931781168,1.1754380931781168,0.0,0.0,0.30127064182266866,0.0,0.29615062745122006,0.06056677148156112,0.0,0.006482733057888501,0.39627516927644474,0.0,0.11469215008833358,0.0,0.0,0.0,0.0,0.0,0.0,0.0,0.0,0.0,0.0,0.0,0.0,0.0,0.0,0.0,0.0,0.0,0.0,0.0,0.0,0.0,0.0,0.0,0.004010758046291136,0.004010758046291136
2018/08/08 23:00:00,2018/08/09 00:00:00,2018/08/09 04:00:00,0.7592493596378219,0.7592493596378219,0.0,0.0,0.18881231563996065,0.0,0.13094360677997474,0.026779722120023,0.0,0.002866353705536267,0.3380365894132003,0.0,0.07181077197912698,0.0,0.0,0.0,0.0,0.0,0.0,0.0,0.0,0.0,0.0,0.0,0.0,0.0,0.0,0.0,0.0,0.0,0.0,0.0,0.0,0.0,0.0,0.0,0.00259066427741452,0.00259066427741452
2018/08/09 00:00:00,2018/08/09 01:00:00,2018/08/09 05:00:00,1.5383741319673905,1.5383741319673905,0.0,0.0,0.08790457725646304,0.0,0.06501908921459039,0.013297274945155983,0.0,0.0014232669458539432,1.3374353935075636,0.0,0.0332945300977634,0.0,0.0,0.0,0.0,0.0,0.0,0.0,0.0,0.0,0.0,0.0,0.0,0.0,0.0,0.0,0.0,0.0,0.0,0.0,0.0,0.0,0.0,0.0,0.005249146223696013,0.005249146223696013
2018/08/09 01:00:00,2018/08/09 02:00:00,2018/08/09 06:00:00,0.4191009357614773,0.4191009357614773,0.0,0.0,0.058067034289306756,0.0,0.03901145352875434,0.00797836496709361,0.0,0.0008539601675123682,0.2912227495572465,0.0,0.02196737325156378,0.0,0.0,0.0,0.0,0.0,0.0,0.0,0.0,0.0,0.0,0.0,0.0,0.0,0.0,0.0,0.0,0.0,0.0,0.0,0.0,0.0,0.0,0.0,0.0014300306073701298,0.0014300306073701298
2018/08/09 02:00:00,2018/08/09 03:00:00,2018/08/09 07:00:00,0.33287975191814156,0.33287975191814156,0.0,0.0,0.02885908093077132,0.0,0.026007635685836212,0.005318909978062404,0.0,0.0005693067783415784,0.2611065534058968,0.0,0.011018265139233272,0.0,0.0,0.0,0.0,0.0,0.0,0.0,0.0,0.0,0.0,0.0,0.0,0.0,0.0,0.0,0.0,0.0,0.0,0.0,0.0,0.0,0.0,0.0,0.0011358319516796302,0.0011358319516796302
2018/08/09 03:00:00,2018/08/09 04:00:00,2018/08/09 08:00:00,0.5833778601616043,0.5833778601616043,0.0,0.0,0.0,0.0,0.026007635685836212,0.005318909978062404,0.0,0.0005693067783415784,0.249355504618253,0.0,0.0,0.0,0.0,0.0,0.0,0.3021265031011111,0.0,0.0,0.0,0.0,0.0,0.0,0.0,0.0,0.0,0.0,0.0,0.0,0.0,0.0,0.0,0.0,0.0,0.0,0.001990566292049467,0.001990566292049467
2018/08/09 04:00:00,2018/08/09 05:00:00,2018/08/09 09:00:00,0.3677555348606445,0.3677555348606445,0.0,0.0,0.0,0.0,0.026843243274492543,0.00548980292637717,0.0,0.0005875982166715451,0.23565718915575795,0.0,0.0,0.0,0.0,0.0,0.0,0.09917770128734525,0.0,0.0,0.0,0.0,0.0,0.0,0.0,0.0,0.0,0.0,0.0,0.0,0.0,0.0,0.0,0.0,0.0,0.0,0.001254832967444865,0.001254832967444865
2018/08/09 05:00:00,2018/08/09 06:00:00,2018/08/09 10:00:00,0.3452560319952099,0.3452560319952099,0.0,0.0,0.0030140510214434948,0.0,0.06900948530167404,0.014113364412895239,0.0,0.0015106166599181724,0.25648756499062997,0.0,0.0011209496086489689,0.0,0.0,0.0,0.0,0.0,0.0,0.0,0.0,0.0,0.0,0.0,0.0,0.0,0.0,0.0,0.0,0.0,0.0,0.0,0.0,0.0,0.0,0.0,0.0011780615384101775,0.0011780615384101775
2018/08/09 06:00:00,2018/08/09 07:00:00,2018/08/09 11:00:00,0.6044034340972088,0.6044034340972088,0.0,0.0,0.06711669791484486,0.0,0.16201522163153,0.03313428369051031,0.0,0.003546510916391187,0.3136858324949231,0.0,0.024904887449009275,0.0,0.0,0.0,0.0,0.0,0.0,0.0,0.0,0.0,0.0,0.0,0.0,0.0,0.0,0.0,0.0,0.0,0.0,0.0,0.0,0.0,0.0,0.0,0.0020623084708418097,0.0020623084708418097
2018/08/09 07:00:00,2018/08/09 08:00:00,2018/08/09 12:00:00,1.301114386131095,1.301114386131095,0.0,0.0,0.2403803554575924,0.0,0.20502608639988215,0.041930581844827744,0.0,0.0044880181395291685,0.35862554090222465,0.0,0.0891206429512786,0.0,0.0,0.0,0.0,0.36154316043576035,0.0,0.0,0.0,0.0,0.0,0.0,0.0,0.0,0.0,0.0,0.0,0.0,0.0,0.0,0.0,0.0,0.0,0.0,0.0044395830147132016,0.0044395830147132016
2018/08/09 08:00:00,2018/08/09 09:00:00,2018/08/09 13:00:00,2.082323228926275,2.082323228926275,0.0,0.0,0.15951389185219245,0.0,0.20318552328194064,0.04155416202522051,0.0,0.004447728238837415,0.2959239672796783,0.0,0.05887708541755316,0.0,0.0,0.0,0.0,1.3188208708308526,0.0,0.0,0.0,0.0,0.0,0.0,0.0,0.0,0.0,0.0,0.0,0.0,0.0,0.0,0.0,0.0,0.0,0.0,0.00710517609890787,0.00710517609890787
2018/08/09 09:00:00,2018/08/09 10:00:00,2018/08/09 14:00:00,2.0493453484909376,2.0493453484909376,0.0,0.0,0.18453763143792587,0.0,0.19457144785868138,0.03979246817984311,0.0,0.0042591662493183975,0.2399550100229572,0.0,0.06740875391135888,0.0,0.0,0.0,0.0,1.3188208708308526,0.0,0.0,0.0,0.0,0.0,0.0,0.0,0.0,0.0,0.0,0.0,0.0,0.0,0.0,0.0,0.0,0.0,0.0,0.006992650990122227,0.006992650990122227
2018/08/09 10:00:00,2018/08/09 11:00:00,2018/08/09 15:00:00,1.2745929022540632,1.2745929022540632,0.0,0.0,0.3187709226336093,0.0,0.18848183893972803,0.03854706156031103,0.0,0.004125864795972619,0.23647871378177573,0.0,0.11535230688726039,0.0,0.0,0.0,0.0,0.37283619365540616,0.0,0.0,0.0,0.0,0.0,0.0,0.0,0.0,0.0,0.0,0.0,0.0,0.0,0.0,0.0,0.0,0.0,0.0,0.00434908802780004,0.00434908802780004
2018/08/09 11:00:00,2018/08/09 12:00:00,2018/08/09 16:00:00,1.173236862484174,1.173236862484174,0.0,0.0,0.5167301429688299,0.0,0.18004485089820238,0.03682158445731919,0.0,0.003941179246742044,0.25158580738185676,0.0,0.18411329753122377,0.0,0.0,0.0,0.0,0.0,0.0,0.0,0.0,0.0,0.0,0.0,0.0,0.0,0.0,0.0,0.0,0.0,0.0,0.0,0.0,0.0,0.0,0.0,0.004003247141404939,0.004003247141404939
2018/08/09 12:00:00,2018/08/09 13:00:00,2018/08/09 17:00:00,1.556323661383978,1.556323661383978,0.0,0.0,0.8086124067510286,0.0,0.17395524197924905,0.03557617783778712,0.0,0.003807877793396267,0.2577264052368096,0.0,0.2766455517857072,0.0,0.0,0.0,0.0,0.0,0.0,0.0,0.0,0.0,0.0,0.0,0.0,0.0,0.0,0.0,0.0,0.0,0.0,0.0,0.0,0.0,0.0,0.0,0.005310392511316375,0.005310392511316375
2018/08/09 13:00:00,2018/08/09 14:00:00,2018/08/09 18:00:00,2.1180157194926994,2.1180157194926994,0.0,0.0,1.2381595107593406,0.0,0.1721632852403147,0.035209698673971224,0.0,0.003768651885655419,0.26549933396158615,0.0,0.40321523897183176,0.0,0.0,0.0,0.0,0.0,0.0,0.0,0.0,0.0,0.0,0.0,0.0,0.0,0.0,0.0,0.0,0.0,0.0,0.0,0.0,0.0,0.0,0.0,0.007226963834529405,0.007226963834529405
2018/08/09 14:00:00,2018/08/09 15:00:00,2018/08/09 19:00:00,2.6125833664881446,2.6125833664881446,0.0,0.0,1.563396941075006,0.0,0.17200135566103103,0.03517658190528837,0.0,0.0037651072494488146,0.34229302080641794,0.0,0.4959503597909521,0.0,0.0,0.0,0.0,0.0,0.0,0.0,0.0,0.0,0.0,0.0,0.0,0.0,0.0,0.0,0.0,0.0,0.0,0.0,0.0,0.0,0.0,0.0,0.008914497343213878,0.008914497343213878
2018/08/09 15:00:00,2018/08/09 16:00:00,2018/08/09 20:00:00,3.9952836726914214,3.9952836726914214,0.0,0.0,1.8374240206899564,0.0,0.17216046143222405,0.03520912116738004,0.0,0.003768590072536143,1.366787688265343,0.0,0.5799337910639818,0.0,0.0,0.0,0.0,0.0,0.0,0.0,0.0,0.0,0.0,0.0,0.0,0.0,0.0,0.0,0.0,0.0,0.0,0.0,0.0,0.0,0.0,0.0,0.013632462849776428,0.013632462849776428
2018/08/09 16:00:00,2018/08/09 17:00:00,2018/08/09 21:00:00,3.6247039271877495,3.6247039271877495,0.0,0.0,2.0352020399064856,0.0,0.17312183072358475,0.03540573406899825,0.0,0.0037896344327645183,0.7344504942219786,0.0,0.6427341938339376,0.0,0.0,0.0,0.0,0.0,0.0,0.0,0.0,0.0,0.0,0.0,0.0,0.0,0.0,0.0,0.0,0.0,0.0,0.0,0.0,0.0,0.0,0.0,0.012367993283325045,0.012367993283325045
2018/08/09 17:00:00,2018/08/09 18:00:00,2018/08/09 22:00:00,3.3279072420846094,3.3279072420846094,0.0,0.0,1.9016626779184556,0.0,0.17758213335500161,0.03631792572140365,0.0,0.003887270394456464,0.5342588683228459,0.0,0.6221781506749196,0.0,0.0,0.0,0.0,0.052020215697526906,0.0,0.0,0.0,0.0,0.0,0.0,0.0,0.0,0.0,0.0,0.0,0.0,0.0,0.0,0.0,0.0,0.0,0.0,0.01135528176767947,0.01135528176767947
2018/08/09 18:00:00,2018/08/09 19:00:00,2018/08/09 23:00:00,3.915497252900347,3.915497252900347,0.0,0.0,1.7661054686265674,0.0,0.19286503779060593,0.03944348445647083,0.0,0.0042218129569960685,0.5498357040003157,0.0,0.5888169369877716,0.0,0.0,0.0,0.0,0.7742088080816193,0.0,0.0,0.0,0.0,0.0,0.0,0.0,0.0,0.0,0.0,0.0,0.0,0.0,0.0,0.0,0.0,0.0,0.0,0.013360220502842957,0.013360220502842957
2018/08/09 19:00:00,2018/08/09 20:00:00,2018/08/10 00:00:00,4.296074946004437,4.296074946004437,0.0,0.0,1.643179156079826,0.0,0.23099165129518737,0.04724088778251356,0.0,0.005056403988859405,0.49840003857373244,0.0,0.5523859374534656,0.0,0.0,0.0,0.0,1.3188208708308526,0.0,0.0,0.0,0.0,0.0,0.0,0.0,0.0,0.0,0.0,0.0,0.0,0.0,0.0,0.0,0.0,0.0,0.0,0.01465880445525605,0.01465880445525605
2018/08/09 20:00:00,2018/08/09 21:00:00,2018/08/10 01:00:00,3.829461655422411,3.829461655422411,0.0,0.0,1.2309399499872076,0.0,0.29831842445461637,0.06101011501540101,0.0,0.006530186103717432,0.48758957745724624,0.0,0.4262525315733695,0.0,0.0,0.0,0.0,1.3188208708308526,0.0,0.0,0.0,0.0,0.0,0.0,0.0,0.0,0.0,0.0,0.0,0.0,0.0,0.0,0.0,0.0,0.0,0.0,0.013066655093609781,0.013066655093609781
2018/08/09 21:00:00,2018/08/09 22:00:00,2018/08/10 02:00:00,3.0700972793256165,3.0700972793256165,0.0,0.0,0.9239338566878343,0.0,0.37692801925754593,0.07708683045464608,0.0,0.008250949025214567,0.4632829053811929,0.0,0.3285573343527042,0.0,0.0,0.0,0.0,0.8920573841664792,0.0,0.0,0.0,0.0,0.0,0.0,0.0,0.0,0.0,0.0,0.0,0.0,0.0,0.0,0.0,0.0,0.0,0.0,0.010475598364061069,0.010475598364061069
2018/08/09 22:00:00,2018/08/09 23:00:00,2018/08/10 03:00:00,1.6852113404958595,1.6852113404958595,0.0,0.0,0.6792926343061829,0.0,0.29615062745122006,0.06056677148156112,0.0,0.006482733057888501,0.39627516927644474,0.0,0.2464434049225623,0.0,0.0,0.0,0.0,0.0,0.0,0.0,0.0,0.0,0.0,0.0,0.0,0.0,0.0,0.0,0.0,0.0,0.0,0.0,0.0,0.0,0.0,0.0,0.00575017517538513,0.00575017517538513
2018/08/09 23:00:00,2018/08/10 00:00:00,2018/08/10 04:00:00,1.16860985430633,1.16860985430633,0.0,0.0,0.49052632001383467,0.0,0.13094360677997474,0.026779722120023,0.0,0.002866353705536267,0.3380365894132003,0.0,0.17945726227376105,0.0,0.0,0.0,0.0,0.0,0.0,0.0,0.0,0.0,0.0,0.0,0.0,0.0,0.0,0.0,0.0,0.0,0.0,0.0,0.0,0.0,0.0,0.0,0.003987459146794889,0.003987459146794889
2018/08/10 00:00:00,2018/08/10 01:00:00,2018/08/10 05:00:00,0.8751014073595753,0.8751014073595753,0.0,0.0,0.35954890937835976,0.0,0.06501908921459039,0.013297274945155983,0.0,0.0014232669458539432,0.30359413995633894,0.0,0.13221872691927616,0.0,0.0,0.0,0.0,0.0,0.0,0.0,0.0,0.0,0.0,0.0,0.0,0.0,0.0,0.0,0.0,0.0,0.0,0.0,0.0,0.0,0.0,0.0,0.0029859675564864164,0.0029859675564864164
2018/08/10 01:00:00,2018/08/10 02:00:00,2018/08/10 06:00:00,0.6804091251357544,0.6804091251357544,0.0,0.0,0.24872292756215225,0.0,0.03901145352875434,0.00797836496709361,0.0,0.0008539601675123682,0.2912227495572465,0.0,0.09261966935299536,0.0,0.0,0.0,0.0,0.0,0.0,0.0,0.0,0.0,0.0,0.0,0.0,0.0,0.0,0.0,0.0,0.0,0.0,0.0,0.0,0.0,0.0,0.0,0.0023216504461155097,0.0023216504461155097
2018/08/10 02:00:00,2018/08/10 03:00:00,2018/08/10 07:00:00,0.5042526759950706,0.5042526759950706,0.0,0.0,0.1531410911292677,0.0,0.026007635685836212,0.005318909978062404,0.0,0.0005693067783415784,0.2611065534058968,0.0,0.05810917901766593,0.0,0.0,0.0,0.0,0.0,0.0,0.0,0.0,0.0,0.0,0.0,0.0,0.0,0.0,0.0,0.0,0.0,0.0,0.0,0.0,0.0,0.0,0.0,0.0017205801729148166,0.0017205801729148166
2018/08/10 03:00:00,2018/08/10 04:00:00,2018/08/10 08:00:00,0.3845238273599982,0.3845238273599982,0.0,0.0,0.07466536834799979,0.0,0.026007635685836212,0.005318909978062404,0.0,0.0005693067783415784,0.249355504618253,0.0,0.028607101951505193,0.0,0.0,0.0,0.0,0.0,0.0,0.0,0.0,0.0,0.0,0.0,0.0,0.0,0.0,0.0,0.0,0.0,0.0,0.0,0.0,0.0,0.0,0.0,0.0013120487106257823,0.0013120487106257823
2018/08/10 04:00:00,2018/08/10 05:00:00,2018/08/10 09:00:00,0.29663789564604653,0.29663789564604653,0.0,0.0,0.02028997321344994,0.0,0.026843243274492543,0.00548980292637717,0.0,0.0005875982166715451,0.23565718915575795,0.0,0.0077700888592974054,0.0,0.0,0.0,0.0,0.0,0.0,0.0,0.0,0.0,0.0,0.0,0.0,0.0,0.0,0.0,0.0,0.0,0.0,0.0,0.0,0.0,0.0,0.0,0.001012169703961574,0.001012169703961574
2018/08/10 05:00:00,2018/08/10 06:00:00,2018/08/10 10:00:00,0.3411210313651174,0.3411210313651174,0.0,0.0,0.0,0.0,0.06900948530167404,0.014113364412895239,0.0,0.0015106166599181724,0.25648756499062997,0.0,0.0,0.0,0.0,0.0,0.0,0.0,0.0,0.0,0.0,0.0,0.0,0.0,0.0,0.0,0.0,0.0,0.0,0.0,0.0,0.0,0.0,0.0,0.0,0.0,0.001163952341894586,0.001163952341894586
2018/08/10 06:00:00,2018/08/10 07:00:00,2018/08/10 11:00:00,2.125898430627868,2.125898430627868,0.0,0.0,0.24325837082658294,0.0,0.16201522163153,0.03313428369051031,0.0,0.003546510916391187,0.3136858324949231,0.0,0.09334502722648638,0.0,0.0,0.0,0.0,1.276913183841444,0.0,0.0,0.0,0.0,0.0,0.0,0.0,0.0,0.0,0.0,0.0,0.0,0.0,0.0,0.0,0.0,0.0,0.0,0.00725386073985811,0.00725386073985811
2018/08/10 07:00:00,2018/08/10 08:00:00,2018/08/10 12:00:00,1.9307696526763938,1.9307696526763938,0.0,0.0,0.0013569396540183771,0.0,0.20502608639988215,0.041930581844827744,0.0,0.0044880181395291685,0.35862554090222465,0.0,0.0005216149050591075,0.0,0.0,0.0,0.0,1.3188208708308526,0.0,0.0,0.0,0.0,0.0,0.0,0.0,0.0,0.0,0.0,0.0,0.0,0.0,0.0,0.0,0.0,0.0,0.0,0.006588054245433703,0.006588054245433703
2018/08/10 08:00:00,2018/08/10 09:00:00,2018/08/10 13:00:00,1.8639322516565295,1.8639322516565295,0.0,0.0,0.0,0.0,0.20318552328194064,0.04155416202522051,0.0,0.004447728238837415,0.2959239672796783,0.0,0.0,0.0,0.0,0.0,0.0,1.3188208708308526,0.0,0.0,0.0,0.0,0.0,0.0,0.0,0.0,0.0,0.0,0.0,0.0,0.0,0.0,0.0,0.0,0.0,0.0,0.006359995749210553,0.006359995749210553
2018/08/10 09:00:00,2018/08/10 10:00:00,2018/08/10 14:00:00,1.618341061589534,1.618341061589534,0.0,0.0,0.02330057060218389,0.0,0.19457144785868138,0.03979246817984311,0.0,0.0042591662493183975,0.2399550100229572,0.0,0.0088505241128291,0.0,0.0,0.0,0.0,1.1076118745637211,0.0,0.0,0.0,0.0,0.0,0.0,0.0,0.0,0.0,0.0,0.0,0.0,0.0,0.0,0.0,0.0,0.0,0.0,0.005522004495246523,0.005522004495246523
2018/08/10 10:00:00,2018/08/10 11:00:00,2018/08/10 15:00:00,0.6165464154127182,0.6165464154127182,0.0,0.0,0.10830851466860468,0.0,0.18848183893972803,0.03854706156031103,0.0,0.004125864795972619,0.23647871378177573,0.0,0.04060442166632602,0.0,0.0,0.0,0.0,0.0,0.0,0.0,0.0,0.0,0.0,0.0,0.0,0.0,0.0,0.0,0.0,0.0,0.0,0.0,0.0,0.0,0.0,0.0,0.0021037420097919225,0.0021037420097919225
2018/08/10 11:00:00,2018/08/10 12:00:00,2018/08/10 16:00:00,1.3235727230485324,1.3235727230485324,0.0,0.0,0.36709584327523964,0.0,0.18004485089820238,0.03682158445731919,0.0,0.003941179246742044,0.25158580738185676,0.0,0.13367172771411592,0.0,0.0,0.0,0.0,0.3504117300750562,0.0,0.0,0.0,0.0,0.0,0.0,0.0,0.0,0.0,0.0,0.0,0.0,0.0,0.0,0.0,0.0,0.0,0.0,0.004516213979815232,0.004516213979815232
2018/08/10 12:00:00,2018/08/10 13:00:00,2018/08/10 17:00:00,2.154983401997208,2.154983401997208,0.0,0.0,0.6064653501256845,0.0,0.17395524197924905,0.03557617783778712,0.0,0.003807877793396267,0.2577264052368096,0.0,0.21603436525920244,0.0,0.0,0.0,0.0,0.8614179837650792,0.0,0.0,0.0,0.0,0.0,0.0,0.0,0.0,0.0,0.0,0.0,0.0,0.0,0.0,0.0,0.0,0.0,0.0,0.0073531027021722,0.0073531027021722
2018/08/10 13:00:00,2018/08/10 14:00:00,2018/08/10 18:00:00,1.6471950267992304,1.6471950267992304,0.0,0.0,0.866169852315895,0.0,0.1721632852403147,0.035209698673971224,0.0,0.003768651885655419,0.26549933396158615,0.0,0.30438420472180816,0.0,0.0,0.0,0.0,0.0,0.0,0.0,0.0,0.0,0.0,0.0,0.0,0.0,0.0,0.0,0.0,0.0,0.0,0.0,0.0,0.0,0.0,0.0,0.005620458232456364,0.005620458232456364
2018/08/10 14:00:00,2018/08/10 15:00:00,2018/08/10 19:00:00,2.9374628646697594,2.9374628646697594,0.0,0.0,1.200419014654646,0.0,0.17200135566103103,0.03517658190528837,0.0,0.0037651072494488146,0.6540638939244177,0.0,0.4150960369318292,0.0,0.0,0.0,0.0,0.4569408743430981,0.0,0.0,0.0,0.0,0.0,0.0,0.0,0.0,0.0,0.0,0.0,0.0,0.0,0.0,0.0,0.0,0.0,0.0,0.010023031317881901,0.010023031317881901
2018/08/10 15:00:00,2018/08/10 16:00:00,2018/08/10 20:00:00,2.442388057417124,2.442388057417124,0.0,0.0,1.4531754443743856,0.0,0.17216046143222405,0.03520912116738004,0.0,0.003768590072536143,0.2828534135552759,0.0,0.4952210268153223,0.0,0.0,0.0,0.0,0.0,0.0,0.0,0.0,0.0,0.0,0.0,0.0,0.0,0.0,0.0,0.0,0.0,0.0,0.0,0.0,0.0,0.0,0.0,0.0083337673079536,0.0083337673079536
2018/08/10 16:00:00,2018/08/10 17:00:00,2018/08/10 21:00:00,2.736402566855271,2.736402566855271,0.0,0.0,1.5953343285157398,0.0,0.17312183072358475,0.03540573406899825,0.0,0.0037896344327645183,0.38312597586620323,0.0,0.5456250632479805,0.0,0.0,0.0,0.0,0.0,0.0,0.0,0.0,0.0,0.0,0.0,0.0,0.0,0.0,0.0,0.0,0.0,0.0,0.0,0.0,0.0,0.0,0.0,0.009336985653776513,0.009336985653776513
2018/08/10 17:00:00,2018/08/10 18:00:00,2018/08/10 22:00:00,3.0033958308673587,3.0033958308673587,0.0,0.0,1.6723133451104533,0.0,0.17758213335500161,0.03631792572140365,0.0,0.003887270394456464,0.5342588683228459,0.0,0.5790362879631978,0.0,0.0,0.0,0.0,0.0,0.0,0.0,0.0,0.0,0.0,0.0,0.0,0.0,0.0,0.0,0.0,0.0,0.0,0.0,0.0,0.0,0.0,0.0,0.010248003756862394,0.010248003756862394
2018/08/10 18:00:00,2018/08/10 19:00:00,2018/08/10 23:00:00,2.9137756646245507,2.9137756646245507,0.0,0.0,1.5724728861833381,0.0,0.19286503779060593,0.03944348445647083,0.0,0.0042218129569960685,0.5498357040003157,0.0,0.5549367392368244,0.0,0.0,0.0,0.0,0.0,0.0,0.0,0.0,0.0,0.0,0.0,0.0,0.0,0.0,0.0,0.0,0.0,0.0,0.0,0.0,0.0,0.0,0.0,0.009942207301094628,0.009942207301094628
2018/08/10 19:00:00,2018/08/10 20:00:00,2018/08/11 00:00:00,3.5178941180952714,3.5178941180952714,0.0,0.0,1.3940875755815767,0.0,0.23099165129518737,0.04724088778251356,0.0,0.005056403988859405,0.49840003857373244,0.0,0.5033592444989092,0.0,0.0,0.0,0.0,0.8387583163744928,0.0,0.0,0.0,0.0,0.0,0.0,0.0,0.0,0.0,0.0,0.0,0.0,0.0,0.0,0.0,0.0,0.0,0.0,0.012003543378454077,0.012003543378454077
2018/08/10 20:00:00,2018/08/10 21:00:00,2018/08/11 01:00:00,3.475579743562522,3.475579743562522,0.0,0.0,0.9513966504531223,0.0,0.29831842445461637,0.06101011501540101,0.0,0.006530186103717432,0.48758957745724624,0.0,0.3519139192475656,0.0,0.0,0.0,0.0,1.3188208708308526,0.0,0.0,0.0,0.0,0.0,0.0,0.0,0.0,0.0,0.0,0.0,0.0,0.0,0.0,0.0,0.0,0.0,0.0,0.011859160854937132,0.011859160854937132
2018/08/10 21:00:00,2018/08/10 22:00:00,2018/08/11 02:00:00,2.6450323733610612,2.6450323733610612,0.0,0.0,0.654765610148368,0.0,0.37692801925754593,0.07708683045464608,0.0,0.008250949025214567,0.4632829053811929,0.0,0.24632913847212895,0.0,0.0,0.0,0.0,0.8183889206219648,0.0,0.0,0.0,0.0,0.0,0.0,0.0,0.0,0.0,0.0,0.0,0.0,0.0,0.0,0.0,0.0,0.0,0.0,0.009025217861942198,0.009025217861942198
2018/08/10 22:00:00,2018/08/10 23:00:00,2018/08/11 03:00:00,1.3662478979788233,1.3662478979788233,0.0,0.0,0.4399122770523464,0.0,0.29615062745122006,0.06056677148156112,0.0,0.006482733057888501,0.39627516927644474,0.0,0.16686031965936254,0.0,0.0,0.0,0.0,0.0,0.0,0.0,0.0,0.0,0.0,0.0,0.0,0.0,0.0,0.0,0.0,0.0,0.0,0.0,0.0,0.0,0.0,0.0,0.004661827604404996,0.004661827604404996
2018/08/10 23:00:00,2018/08/11 00:00:00,2018/08/11 04:00:00,0.8502439560678243,0.8502439560678243,0.0,0.0,0.25437258077079816,0.0,0.13094360677997474,0.026779722120023,0.0,0.002866353705536267,0.3380365894132003,0.0,0.09724510327829188,0.0,0.0,0.0,0.0,0.0,0.0,0.0,0.0,0.0,0.0,0.0,0.0,0.0,0.0,0.0,0.0,0.0,0.0,0.0,0.0,0.0,0.0,0.0,0.002901150479894044,0.002901150479894044
2018/08/11 00:00:00,2018/08/11 01:00:00,2018/08/11 05:00:00,0.5146430871353882,0.5146430871353882,0.0,0.0,0.0948032625139255,0.0,0.06501908921459039,0.013297274945155983,0.0,0.0014232669458539432,0.30359413995633894,0.0,0.036506053559523445,0.0,0.0,0.0,0.0,0.0,0.0,0.0,0.0,0.0,0.0,0.0,0.0,0.0,0.0,0.0,0.0,0.0,0.0,0.0,0.0,0.0,0.0,0.0,0.0017560336989891898,0.0017560336989891898
2018/08/11 01:00:00,2018/08/11 02:00:00,2018/08/11 06:00:00,0.34868549404266147,0.34868549404266147,0.0,0.0,0.006932929898010714,0.0,0.03901145352875434,0.00797836496709361,0.0,0.0008539601675123682,0.2912227495572465,0.0,0.002686035924044041,0.0,0.0,0.0,0.0,0.0,0.0,0.0,0.0,0.0,0.0,0.0,0.0,0.0,0.0,0.0,0.0,0.0,0.0,0.0,0.0,0.0,0.0,0.0,0.0011897633392800788,0.0011897633392800788
2018/08/11 02:00:00,2018/08/11 03:00:00,2018/08/11 07:00:00,0.29300240584813697,0.29300240584813697,0.0,0.0,0.0,0.0,0.026007635685836212,0.005318909978062404,0.0,0.0005693067783415784,0.2611065534058968,0.0,0.0,0.0,0.0,0.0,0.0,0.0,0.0,0.0,0.0,0.0,0.0,0.0,0.0,0.0,0.0,0.0,0.0,0.0,0.0,0.0,0.0,0.0,0.0,0.0,0.0009997649077891518,0.0009997649077891518
2018/08/11 03:00:00,2018/08/11 04:00:00,2018/08/11 08:00:00,0.2812513570604932,0.2812513570604932,0.0,0.0,0.0,0.0,0.026007635685836212,0.005318909978062404,0.0,0.0005693067783415784,0.249355504618253,0.0,0.0,0.0,0.0,0.0,0.0,0.0,0.0,0.0,0.0,0.0,0.0,0.0,0.0,0.0,0.0,0.0,0.0,0.0,0.0,0.0,0.0,0.0,0.0,0.0,0.0009596686970648835,0.0009596686970648835
2018/08/11 04:00:00,2018/08/11 05:00:00,2018/08/11 09:00:00,0.26857783357329923,0.26857783357329923,0.0,0.0,0.0,0.0,0.026843243274492543,0.00548980292637717,0.0,0.0005875982166715451,0.23565718915575795,0.0,0.0,0.0,0.0,0.0,0.0,0.0,0.0,0.0,0.0,0.0,0.0,0.0,0.0,0.0,0.0,0.0,0.0,0.0,0.0,0.0,0.0,0.0,0.0,0.0,0.0009164248745308621,0.0009164248745308621
2018/08/11 05:00:00,2018/08/11 06:00:00,2018/08/11 10:00:00,0.46864347453318417,0.46864347453318417,0.12752244316806674,0.0,0.0,0.0,0.06900948530167404,0.014113364412895239,0.0,0.0015106166599181724,0.25648756499062997,0.0,0.0,0.0,0.0,0.0,0.0,0.0,0.0,0.0,0.0,0.0,0.0,0.0,0.0,0.0,0.0,0.0,0.0,0.0,0.0,0.0,0.0,0.0,0.0,0.0,0.001599076631287107,0.001599076631287107
2018/08/11 06:00:00,2018/08/11 07:00:00,2018/08/11 11:00:00,0.7036524104377898,0.7036524104377898,0.19127056170443518,0.0,0.0,0.0,0.16201522163153,0.03313428369051031,0.0,0.003546510916391187,0.3136858324949231,0.0,0.0,0.0,0.0,0.0,0.0,0.0,0.0,0.0,0.0,0.0,0.0,0.0,0.0,0.0,0.0,0.0,0.0,0.0,0.0,0.0,0.0,0.0,0.0,0.0,0.0024009597641378015,0.0024009597641378015
2018/08/11 07:00:00,2018/08/11 08:00:00,2018/08/11 12:00:00,1.5272286353264546,1.5272286353264546,0.04324235485012634,0.0,0.0,0.0,0.20502608639988215,0.041930581844827744,0.0,0.0044880181395291685,0.35862554090222465,0.0,0.0,0.0,0.0,0.0,0.0,0.8739160531898645,0.0,0.0,0.0,0.0,0.0,0.0,0.0,0.0,0.0,0.0,0.0,0.0,0.0,0.0,0.0,0.0,0.0,0.0,0.005211116241009574,0.005211116241009574
2018/08/11 08:00:00,2018/08/11 09:00:00,2018/08/11 13:00:00,1.8639322516565295,1.8639322516565295,0.0,0.0,0.0,0.0,0.20318552328194064,0.04155416202522051,0.0,0.004447728238837415,0.2959239672796783,0.0,0.0,0.0,0.0,0.0,0.0,1.3188208708308526,0.0,0.0,0.0,0.0,0.0,0.0,0.0,0.0,0.0,0.0,0.0,0.0,0.0,0.0,0.0,0.0,0.0,0.0,0.006359995749210553,0.006359995749210553
2018/08/11 09:00:00,2018/08/11 10:00:00,2018/08/11 14:00:00,0.901335880393459,0.901335880393459,0.0,0.0,0.12065459198288565,0.0,0.19457144785868138,0.03979246817984311,0.0,0.0042591662493183975,0.2399550100229572,0.0,0.0448873883594945,0.0,0.0,0.0,0.0,0.25721580774027875,0.0,0.0,0.0,0.0,0.0,0.0,0.0,0.0,0.0,0.0,0.0,0.0,0.0,0.0,0.0,0.0,0.0,0.0,0.0030754832225359705,0.0030754832225359705
2018/08/11 10:00:00,2018/08/11 11:00:00,2018/08/11 15:00:00,1.0158834964271455,1.0158834964271455,0.0,0.0,0.40245355177871606,0.0,0.18848183893972803,0.03854706156031103,0.0,0.004125864795972619,0.23647871378177573,0.0,0.14579646557064188,0.0,0.0,0.0,0.0,0.0,0.0,0.0,0.0,0.0,0.0,0.0,0.0,0.0,0.0,0.0,0.0,0.0,0.0,0.0,0.0,0.0,0.0,0.0,0.0034663355994981643,0.0034663355994981643
2018/08/11 11:00:00,2018/08/11 12:00:00,2018/08/11 16:00:00,1.4035314868119082,1.4035314868119082,0.0,0.0,0.6863661605566261,0.0,0.18004485089820238,0.03682158445731919,0.0,0.003941179246742044,0.25158580738185676,0.0,0.2447719042711617,0.0,0.0,0.0,0.0,0.0,0.0,0.0,0.0,0.0,0.0,0.0,0.0,0.0,0.0,0.0,0.0,0.0,0.0,0.0,0.0,0.0,0.0,0.0,0.004789044388321362,0.004789044388321362
2018/08/11 12:00:00,2018/08/11 13:00:00,2018/08/11 17:00:00,1.6883556916756886,1.6883556916756886,0.0,0.0,0.9012444658933174,0.0,0.17395524197924905,0.03557617783778712,0.0,0.003807877793396267,0.2577264052368096,0.0,0.3160455229351291,0.0,0.0,0.0,0.0,0.0,0.0,0.0,0.0,0.0,0.0,0.0,0.0,0.0,0.0,0.0,0.0,0.0,0.0,0.0,0.0,0.0,0.0,0.0,0.0057609041383718295,0.0057609041383718295
2018/08/11 13:00:00,2018/08/11 14:00:00,2018/08/11 18:00:00,3.1550907301801323,3.1550907301801323,0.0,0.0,1.2157952838304389,0.0,0.1721632852403147,0.035209698673971224,0.0,0.003768651885655419,0.26549933396158615,0.0,0.4147169514791976,0.0,0.0,0.0,0.0,1.0479375251089686,0.0,0.0,0.0,0.0,0.0,0.0,0.0,0.0,0.0,0.0,0.0,0.0,0.0,0.0,0.0,0.0,0.0,0.0,0.010765607824257407,0.010765607824257407
2018/08/11 14:00:00,2018/08/11 15:00:00,2018/08/11 19:00:00,2.5279474481785544,2.5279474481785544,0.0,0.0,1.4025195823570786,0.0,0.17200135566103103,0.03517658190528837,0.0,0.0037651072494488146,0.29490152653433727,0.0,0.4752764458820016,0.0,0.0,0.0,0.0,0.1443068485893685,0.0,0.0,0.0,0.0,0.0,0.0,0.0,0.0,0.0,0.0,0.0,0.0,0.0,0.0,0.0,0.0,0.0,0.0,0.008625707833723318,0.008625707833723318
2018/08/11 15:00:00,2018/08/11 16:00:00,2018/08/11 20:00:00,2.5751210722232014,2.5751210722232014,0.0,0.0,1.549590897371151,0.0,0.17216046143222405,0.03520912116738004,0.0,0.003768590072536143,0.2828534135552759,0.0,0.5315385886246345,0.0,0.0,0.0,0.0,0.0,0.0,0.0,0.0,0.0,0.0,0.0,0.0,0.0,0.0,0.0,0.0,0.0,0.0,0.0,0.0,0.0,0.0,0.0,0.008786670791541218,0.008786670791541218
2018/08/11 16:00:00,2018/08/11 17:00:00,2018/08/11 21:00:00,2.660308761093441,2.660308761093441,0.0,0.0,1.530074619109526,0.0,0.17312183072358475,0.03540573406899825,0.0,0.0037896344327645183,0.38312597586620323,0.0,0.5347909668923643,0.0,0.0,0.0,0.0,0.0,0.0,0.0,0.0,0.0,0.0,0.0,0.0,0.0,0.0,0.0,0.0,0.0,0.0,0.0,0.0,0.0,0.0,0.0,0.00907734301882753,0.00907734301882753
2018/08/11 17:00:00,2018/08/11 18:00:00,2018/08/11 22:00:00,2.7541309153826607,2.7541309153826607,0.0,0.0,1.477096409829191,0.0,0.17758213335500161,0.03631792572140365,0.0,0.003887270394456464,0.5342588683228459,0.0,0.5249883077597624,0.0,0.0,0.0,0.0,0.0,0.0,0.0,0.0,0.0,0.0,0.0,0.0,0.0,0.0,0.0,0.0,0.0,0.0,0.0,0.0,0.0,0.0,0.0,0.009397477241480153,0.009397477241480153
2018/08/11 18:00:00,2018/08/11 19:00:00,2018/08/11 23:00:00,4.094023474476858,4.094023474476858,0.0,0.0,1.4809191787873128,0.0,0.19286503779060593,0.03944348445647083,0.0,0.0042218129569960685,0.5498357040003157,0.0,0.5292209503836061,0.0,0.0,0.0,0.0,1.2975173061015508,0.0,0.0,0.0,0.0,0.0,0.0,0.0,0.0,0.0,0.0,0.0,0.0,0.0,0.0,0.0,0.0,0.0,0.0,0.013969376768764181,0.013969376768764181
2018/08/11 19:00:00,2018/08/11 20:00:00,2018/08/12 00:00:00,4.122082004317473,4.122082004317473,0.0,0.0,1.1804404737096312,0.0,0.23099165129518737,0.04724088778251356,0.0,0.005056403988859405,0.9126247247527343,0.0,0.42690699195769466,0.0,0.0,0.0,0.0,1.3188208708308526,0.0,0.0,0.0,0.0,0.0,0.0,0.0,0.0,0.0,0.0,0.0,0.0,0.0,0.0,0.0,0.0,0.0,0.0,0.014065116370006027,0.014065116370006027
2018/08/11 20:00:00,2018/08/11 21:00:00,2018/08/12 01:00:00,2.3283423523567475,2.3283423523567475,0.0,0.0,0.8548284028585209,0.0,0.29831842445461637,0.06101011501540101,0.0,0.006530186103717432,0.48758957745724624,0.0,0.31531197381752935,0.0,0.0,0.0,0.0,0.3047536726497155,0.0,0.0,0.0,0.0,0.0,0.0,0.0,0.0,0.0,0.0,0.0,0.0,0.0,0.0,0.0,0.0,0.0,0.0,0.00794462752094949,0.00794462752094949
2018/08/11 21:00:00,2018/08/11 22:00:00,2018/08/12 02:00:00,1.762214206603139,1.762214206603139,0.0,0.0,0.6081835776918786,0.0,0.37692801925754593,0.07708683045464608,0.0,0.008250949025214567,0.4632829053811929,0.0,0.22848192479266083,0.0,0.0,0.0,0.0,0.0,0.0,0.0,0.0,0.0,0.0,0.0,0.0,0.0,0.0,0.0,0.0,0.0,0.0,0.0,0.0,0.0,0.0,0.0,0.006012919650504375,0.006012919650504375
2018/08/11 22:00:00,2018/08/11 23:00:00,2018/08/12 03:00:00,1.3310814917841487,1.3310814917841487,0.0,0.0,0.4146484513144742,0.0,0.29615062745122006,0.06056677148156112,0.0,0.006482733057888501,0.39627516927644474,0.0,0.15695773920256004,0.0,0.0,0.0,0.0,0.0,0.0,0.0,0.0,0.0,0.0,0.0,0.0,0.0,0.0,0.0,0.0,0.0,0.0,0.0,0.0,0.0,0.0,0.0,0.004541834941734788,0.004541834941734788
2018/08/11 23:00:00,2018/08/12 00:00:00,2018/08/12 04:00:00,0.8409533611508193,0.8409533611508193,0.0,0.0,0.24774572365444214,0.0,0.13094360677997474,0.026779722120023,0.0,0.002866353705536267,0.3380365894132003,0.0,0.09458136547764298,0.0,0.0,0.0,0.0,0.0,0.0,0.0,0.0,0.0,0.0,0.0,0.0,0.0,0.0,0.0,0.0,0.0,0.0,0.0,0.0,0.0,0.0,0.0,0.0028694496795418447,0.0028694496795418447
2018/08/12 00:00:00,2018/08/12 01:00:00,2018/08/12 05:00:00,0.5088233710048853,0.5088233710048853,0.0,0.0,0.09055379003187221,0.0,0.06501908921459039,0.013297274945155983,0.0,0.0014232669458539432,0.30359413995633894,0.0,0.03493580991107383,0.0,0.0,0.0,0.0,0.0,0.0,0.0,0.0,0.0,0.0,0.0,0.0,0.0,0.0,0.0,0.0,0.0,0.0,0.0,0.0,0.0,0.0,0.0,0.0017361760191734583,0.0017361760191734583
2018/08/12 01:00:00,2018/08/12 02:00:00,2018/08/12 06:00:00,0.3506619440778967,0.3506619440778967,0.0,0.0,0.008360774743704476,0.0,0.03901145352875434,0.00797836496709361,0.0,0.0008539601675123682,0.2912227495572465,0.0,0.003234641113585444,0.0,0.0,0.0,0.0,0.0,0.0,0.0,0.0,0.0,0.0,0.0,0.0,0.0,0.0,0.0,0.0,0.0,0.0,0.0,0.0,0.0,0.0,0.0,0.0011965072613359642,0.0011965072613359642
2018/08/12 02:00:00,2018/08/12 03:00:00,2018/08/12 07:00:00,0.29300240584813697,0.29300240584813697,0.0,0.0,0.0,0.0,0.026007635685836212,0.005318909978062404,0.0,0.0005693067783415784,0.2611065534058968,0.0,0.0,0.0,0.0,0.0,0.0,0.0,0.0,0.0,0.0,0.0,0.0,0.0,0.0,0.0,0.0,0.0,0.0,0.0,0.0,0.0,0.0,0.0,0.0,0.0,0.0009997649077891518,0.0009997649077891518
2018/08/12 03:00:00,2018/08/12 04:00:00,2018/08/12 08:00:00,0.2812513570604932,0.2812513570604932,0.0,0.0,0.0,0.0,0.026007635685836212,0.005318909978062404,0.0,0.0005693067783415784,0.249355504618253,0.0,0.0,0.0,0.0,0.0,0.0,0.0,0.0,0.0,0.0,0.0,0.0,0.0,0.0,0.0,0.0,0.0,0.0,0.0,0.0,0.0,0.0,0.0,0.0,0.0,0.0009596686970648835,0.0009596686970648835
2018/08/12 04:00:00,2018/08/12 05:00:00,2018/08/12 09:00:00,0.26857783357329923,0.26857783357329923,0.0,0.0,0.0,0.0,0.026843243274492543,0.00548980292637717,0.0,0.0005875982166715451,0.23565718915575795,0.0,0.0,0.0,0.0,0.0,0.0,0.0,0.0,0.0,0.0,0.0,0.0,0.0,0.0,0.0,0.0,0.0,0.0,0.0,0.0,0.0,0.0,0.0,0.0,0.0,0.0009164248745308621,0.0009164248745308621
2018/08/12 05:00:00,2018/08/12 06:00:00,2018/08/12 10:00:00,0.3411210313651174,0.3411210313651174,0.0,0.0,0.0,0.0,0.06900948530167404,0.014113364412895239,0.0,0.0015106166599181724,0.25648756499062997,0.0,0.0,0.0,0.0,0.0,0.0,0.0,0.0,0.0,0.0,0.0,0.0,0.0,0.0,0.0,0.0,0.0,0.0,0.0,0.0,0.0,0.0,0.0,0.0,0.0,0.001163952341894586,0.001163952341894586
2018/08/12 06:00:00,2018/08/12 07:00:00,2018/08/12 11:00:00,1.004157376486568,1.004157376486568,0.0,0.0,0.0,0.0,0.16201522163153,0.03313428369051031,0.0,0.003546510916391187,0.3136858324949231,0.0,0.0,0.0,0.0,0.0,0.0,0.49177552775321365,0.0,0.0,0.0,0.0,0.0,0.0,0.0,0.0,0.0,0.0,0.0,0.0,0.0,0.0,0.0,0.0,0.0,0.0,0.0034263244494627887,0.0034263244494627887
2018/08/12 07:00:00,2018/08/12 08:00:00,2018/08/12 12:00:00,1.9759610090280237,1.9759610090280237,0.0,0.0,0.07472591492764294,0.0,0.20502608639988215,0.041930581844827744,0.0,0.0044880181395291685,0.35862554090222465,0.0,0.029160062363631757,0.0,0.0,0.0,0.0,1.2620048044502856,0.0,0.0,0.0,0.0,0.0,0.0,0.0,0.0,0.0,0.0,0.0,0.0,0.0,0.0,0.0,0.0,0.0,0.0,0.006742253430539272,0.006742253430539272
2018/08/12 08:00:00,2018/08/12 09:00:00,2018/08/12 13:00:00,1.909220500296346,1.909220500296346,0.0,0.0,0.03271298726731384,0.0,0.20318552328194064,0.04155416202522051,0.0,0.004447728238837415,0.2959239672796783,0.0,0.012575261372502863,0.0,0.0,0.0,0.0,1.3188208708308526,0.0,0.0,0.0,0.0,0.0,0.0,0.0,0.0,0.0,0.0,0.0,0.0,0.0,0.0,0.0,0.0,0.0,0.0,0.006514525544262085,0.006514525544262085
2018/08/12 09:00:00,2018/08/12 10:00:00,2018/08/12 14:00:00,2.140591996355073,2.140591996355073,0.0,0.0,0.25019375821798323,0.0,0.19457144785868138,0.03979246817984311,0.0,0.0042591662493183975,0.2399550100229572,0.0,0.09299927499543653,0.0,0.0,0.0,0.0,1.3188208708308526,0.0,0.0,0.0,0.0,0.0,0.0,0.0,0.0,0.0,0.0,0.0,0.0,0.0,0.0,0.0,0.0,0.0,0.0,0.007303997227105817,0.007303997227105817
2018/08/12 10:00:00,2018/08/12 11:00:00,2018/08/12 15:00:00,1.3472141244429408,1.3472141244429408,0.0,0.0,0.5219416290504274,0.0,0.18848183893972803,0.03854706156031103,0.0,0.004125864795972619,0.2708157574499429,0.0,0.18839196483127588,0.0,0.0,0.0,0.0,0.1349100078152828,0.0,0.0,0.0,0.0,0.0,0.0,0.0,0.0,0.0,0.0,0.0,0.0,0.0,0.0,0.0,0.0,0.0,0.0,0.004596881725244386,0.004596881725244386
2018/08/12 11:00:00,2018/08/12 12:00:00,2018/08/12 16:00:00,2.3243724216034187,2.3243724216034187,0.0,0.0,0.7975357239248505,0.0,0.18004485089820238,0.03682158445731919,0.0,0.003941179246742044,1.0256481211401582,0.0,0.28038096193614676,0.0,0.0,0.0,0.0,0.0,0.0,0.0,0.0,0.0,0.0,0.0,0.0,0.0,0.0,0.0,0.0,0.0,0.0,0.0,0.0,0.0,0.0,0.0,0.007931081565782186,0.007931081565782186
2018/08/12 12:00:00,2018/08/12 13:00:00,2018/08/12 17:00:00,1.8562164031106079,1.8562164031106079,0.0,0.0,1.0316024626695501,0.0,0.17395524197924905,0.03557617783778712,0.0,0.003807877793396267,0.2577264052368096,0.0,0.3535482375938157,0.0,0.0,0.0,0.0,0.0,0.0,0.0,0.0,0.0,0.0,0.0,0.0,0.0,0.0,0.0,0.0,0.0,0.0,0.0,0.0,0.0,0.0,0.0,0.006333668202214142,0.006333668202214142
2018/08/12 13:00:00,2018/08/12 14:00:00,2018/08/12 18:00:00,2.5853855832877213,2.5853855832877213,0.0,0.0,1.2448758092727654,0.0,0.1721632852403147,0.035209698673971224,0.0,0.003768651885655419,0.26549933396158615,0.0,0.4230803142835331,0.0,0.0,0.0,0.0,0.44078848996989556,0.0,0.0,0.0,0.0,0.0,0.0,0.0,0.0,0.0,0.0,0.0,0.0,0.0,0.0,0.0,0.0,0.0,0.0,0.008821694729069018,0.008821694729069018
2018/08/12 14:00:00,2018/08/12 15:00:00,2018/08/12 19:00:00,2.4063608404063785,2.4063608404063785,0.0,0.0,1.4204773580998986,0.0,0.17200135566103103,0.03517658190528837,0.0,0.0037651072494488146,0.29490152653433727,0.0,0.48003891095637435,0.0,0.0,0.0,0.0,0.0,0.0,0.0,0.0,0.0,0.0,0.0,0.0,0.0,0.0,0.0,0.0,0.0,0.0,0.0,0.0,0.0,0.0,0.0,0.008210837439209395,0.008210837439209395
2018/08/12 15:00:00,2018/08/12 16:00:00,2018/08/12 20:00:00,2.633889863521599,2.633889863521599,0.0,0.0,1.581121326487885,0.0,0.17216046143222405,0.03520912116738004,0.0,0.003768590072536143,0.3132996244288172,0.0,0.528330739932757,0.0,0.0,0.0,0.0,0.0,0.0,0.0,0.0,0.0,0.0,0.0,0.0,0.0,0.0,0.0,0.0,0.0,0.0,0.0,0.0,0.0,0.0,0.0,0.008987198070637265,0.008987198070637265
2018/08/12 16:00:00,2018/08/12 17:00:00,2018/08/12 21:00:00,3.453454264555455,3.453454264555455,0.0,0.0,1.6266454009539335,0.0,0.17312183072358475,0.03540573406899825,0.0,0.0037896344327645183,1.0694769809702034,0.0,0.545014683405971,0.0,0.0,0.0,0.0,0.0,0.0,0.0,0.0,0.0,0.0,0.0,0.0,0.0,0.0,0.0,0.0,0.0,0.0,0.0,0.0,0.0,0.0,0.0,0.011783665647260388,0.011783665647260388
2018/08/12 17:00:00,2018/08/12 18:00:00,2018/08/12 22:00:00,3.003272991436199,3.003272991436199,0.0,0.0,1.6837547525826295,0.0,0.17758213335500161,0.03631792572140365,0.0,0.003887270394456464,0.5342588683228459,0.0,0.5674720410598615,0.0,0.0,0.0,0.0,0.0,0.0,0.0,0.0,0.0,0.0,0.0,0.0,0.0,0.0,0.0,0.0,0.0,0.0,0.0,0.0,0.0,0.0,0.0,0.01024758461166046,0.01024758461166046
2018/08/12 18:00:00,2018/08/12 19:00:00,2018/08/12 23:00:00,3.616259906639999,3.616259906639999,0.0,0.0,1.6004914187576718,0.0,0.19286503779060593,0.03944348445647083,0.0,0.0042218129569960685,0.5498357040003157,0.0,0.5469644432210048,0.0,0.0,0.0,0.0,0.6824380054569342,0.0,0.0,0.0,0.0,0.0,0.0,0.0,0.0,0.0,0.0,0.0,0.0,0.0,0.0,0.0,0.0,0.0,0.0,0.012339181112312815,0.012339181112312815
2018/08/12 19:00:00,2018/08/12 20:00:00,2018/08/13 00:00:00,2.7863586869777324,2.7863586869777324,0.0,0.0,1.3646649470710122,0.0,0.23099165129518737,0.04724088778251356,0.0,0.005056403988859405,0.49840003857373244,0.0,0.4737789013715694,0.0,0.0,0.0,0.0,0.16622585689485825,0.0,0.0,0.0,0.0,0.0,0.0,0.0,0.0,0.0,0.0,0.0,0.0,0.0,0.0,0.0,0.0,0.0,0.0,0.009507442874710127,0.009507442874710127
2018/08/12 20:00:00,2018/08/12 21:00:00,2018/08/13 01:00:00,2.3309457569839767,2.3309457569839767,0.0,0.0,1.0633733298425554,0.0,0.29831842445461637,0.06101011501540101,0.0,0.006530186103717432,0.5258812363301948,0.0,0.3758324652374913,0.0,0.0,0.0,0.0,0.0,0.0,0.0,0.0,0.0,0.0,0.0,0.0,0.0,0.0,0.0,0.0,0.0,0.0,0.0,0.0,0.0,0.0,0.0,0.007953510699159394,0.007953510699159394
2018/08/12 21:00:00,2018/08/12 22:00:00,2018/08/13 02:00:00,2.9221405277568624,2.9221405277568624,0.0,0.0,0.8339669394908633,0.0,0.37692801925754593,0.07708683045464608,0.0,0.008250949025214567,1.3264943790095027,0.0,0.29941341051909004,0.0,0.0,0.0,0.0,0.0,0.0,0.0,0.0,0.0,0.0,0.0,0.0,0.0,0.0,0.0,0.0,0.0,0.0,0.0,0.0,0.0,0.0,0.0,0.009970749376010146,0.009970749376010146
2018/08/12 22:00:00,2018/08/12 23:00:00,2018/08/13 03:00:00,2.248454691509858,2.248454691509858,0.0,0.0,0.6181880428665146,0.0,0.29615062745122006,0.06056677148156112,0.0,0.006482733057888501,0.39627516927644474,0.0,0.22424722748144096,0.0,0.0,0.0,0.0,0.646544119894788,0.0,0.0,0.0,0.0,0.0,0.0,0.0,0.0,0.0,0.0,0.0,0.0,0.0,0.0,0.0,0.0,0.0,0.0,0.007672039725470849,0.007672039725470849
2018/08/12 23:00:00,2018/08/13 00:00:00,2018/08/13 04:00:00,1.4218448978687184,1.4218448978687184,0.0,0.0,0.4494885392596109,0.0,0.13094360677997474,0.026779722120023,0.0,0.002866353705536267,0.3380365894132003,0.0,0.16382045696827066,0.0,0.0,0.0,0.0,0.30990962962210244,0.0,0.0,0.0,0.0,0.0,0.0,0.0,0.0,0.0,0.0,0.0,0.0,0.0,0.0,0.0,0.0,0.0,0.0,0.004851532290642568,0.004851532290642568
2018/08/13 00:00:00,2018/08/13 01:00:00,2018/08/13 05:00:00,1.0051713266958358,1.0051713266958358,0.0,0.0,0.33736132436821686,0.0,0.06501908921459039,0.013297274945155983,0.0,0.0014232669458539432,0.30359413995633894,0.0,0.12290750614424611,0.0,0.0,0.0,0.0,0.16156872512143336,0.0,0.0,0.0,0.0,0.0,0.0,0.0,0.0,0.0,0.0,0.0,0.0,0.0,0.0,0.0,0.0,0.0,0.0,0.003429784188417958,0.003429784188417958
2018/08/13 01:00:00,2018/08/13 02:00:00,2018/08/13 06:00:00,0.6949832024913093,0.6949832024913093,0.0,0.0,0.2606113435107509,0.0,0.03901145352875434,0.00797836496709361,0.0,0.0008539601675123682,0.2912227495572465,0.0,0.09530533075995172,0.0,0.0,0.0,0.0,0.0,0.0,0.0,0.0,0.0,0.0,0.0,0.0,0.0,0.0,0.0,0.0,0.0,0.0,0.0,0.0,0.0,0.0,0.0,0.0023713792224418053,0.0023713792224418053
2018/08/13 02:00:00,2018/08/13 03:00:00,2018/08/13 07:00:00,0.562640591492033,0.562640591492033,0.0,0.0,0.19729848524473773,0.0,0.026007635685836212,0.005318909978062404,0.0,0.0005693067783415784,0.2611065534058968,0.0,0.07233970039915845,0.0,0.0,0.0,0.0,0.0,0.0,0.0,0.0,0.0,0.0,0.0,0.0,0.0,0.0,0.0,0.0,0.0,0.0,0.0,0.0,0.0,0.0,0.0,0.0019198078508714162,0.0019198078508714162
2018/08/13 03:00:00,2018/08/13 04:00:00,2018/08/13 08:00:00,0.5063261377921268,0.5063261377921268,0.0,0.0,0.16492751088118354,0.0,0.026007635685836212,0.005318909978062404,0.0,0.0005693067783415784,0.249355504618253,0.0,0.060147269850450005,0.0,0.0,0.0,0.0,0.0,0.0,0.0,0.0,0.0,0.0,0.0,0.0,0.0,0.0,0.0,0.0,0.0,0.0,0.0,0.0,0.0,0.0,0.0,0.0017276551125773006,0.0017276551125773006
2018/08/13 04:00:00,2018/08/13 05:00:00,2018/08/13 09:00:00,0.4664958399766248,0.4664958399766248,0.0,0.0,0.14499652374471672,0.0,0.026843243274492543,0.00548980292637717,0.0,0.0005875982166715451,0.23565718915575795,0.0,0.052921482658608854,0.0,0.0,0.0,0.0,0.0,0.0,0.0,0.0,0.0,0.0,0.0,0.0,0.0,0.0,0.0,0.0,0.0,0.0,0.0,0.0,0.0,0.0,0.0,0.0015917486038663485,0.0015917486038663485
2018/08/13 05:00:00,2018/08/13 06:00:00,2018/08/13 10:00:00,0.5333942821501638,0.5333942821501638,0.0,0.0,0.1405240433997543,0.0,0.06900948530167404,0.014113364412895239,0.0,0.0015106166599181724,0.25648756499062997,0.0,0.051749207385292026,0.0,0.0,0.0,0.0,0.0,0.0,0.0,0.0,0.0,0.0,0.0,0.0,0.0,0.0,0.0,0.0,0.0,0.0,0.0,0.0,0.0,0.0,0.0,0.0018200153809846613,0.0018200153809846613
2018/08/13 06:00:00,2018/08/13 07:00:00,2018/08/13 11:00:00,0.7414561114550532,0.7414561114550532,0.0,0.0,0.16724127772039457,0.0,0.16201522163153,0.03313428369051031,0.0,0.003546510916391187,0.3136858324949231,0.0,0.061832985001303964,0.0,0.0,0.0,0.0,0.0,0.0,0.0,0.0,0.0,0.0,0.0,0.0,0.0,0.0,0.0,0.0,0.0,0.0,0.0,0.0,0.0,0.0,0.0,0.002529951243071944,0.002529951243071944
2018/08/13 07:00:00,2018/08/13 08:00:00,2018/08/13 12:00:00,1.4239102681489886,1.4239102681489886,0.0,0.0,0.29164182595109106,0.0,0.20502608639988215,0.041930581844827744,0.0,0.0044880181395291685,0.35862554090222465,0.0,0.10782317741137354,0.0,0.0,0.0,0.0,0.41437503750006033,0.0,0.0,0.0,0.0,0.0,0.0,0.0,0.0,0.0,0.0,0.0,0.0,0.0,0.0,0.0,0.0,0.0,0.0,0.0048585796209258385,0.0048585796209258385
2018/08/13 08:00:00,2018/08/13 09:00:00,2018/08/13 13:00:00,2.7072548060870276,2.7072548060870276,0.0,0.0,0.7338168820527772,0.0,0.20318552328194064,0.04155416202522051,0.0,0.004447728238837415,0.36908418990542324,0.0,0.26815897131270466,0.0,0.0,0.0,0.0,1.0870073492701235,0.0,0.0,0.0,0.0,0.0,0.0,0.0,0.0,0.0,0.0,0.0,0.0,0.0,0.0,0.0,0.0,0.0,0.0,0.009237529445311704,0.009237529445311704
2018/08/13 09:00:00,2018/08/13 10:00:00,2018/08/13 14:00:00,4.705786761546313,4.705786761546313,0.0,0.0,0.9197726888250236,0.0,0.19457144785868138,0.03979246817984311,0.0,0.0042591662493183975,1.9054970893673877,0.0,0.3230730302352058,0.0,0.0,0.0,0.0,1.3188208708308526,0.0,0.0,0.0,0.0,0.0,0.0,0.0,0.0,0.0,0.0,0.0,0.0,0.0,0.0,0.0,0.0,0.0,0.0,0.016056798080256018,0.016056798080256018
2018/08/13 10:00:00,2018/08/13 11:00:00,2018/08/13 15:00:00,3.768156988375855,3.768156988375855,0.0,0.0,1.2029632810205135,0.0,0.18848183893972803,0.03854706156031103,0.0,0.004125864795972619,0.6065962137593854,0.0,0.4086218574690917,0.0,0.0,0.0,0.0,1.3188208708308526,0.0,0.0,0.0,0.0,0.0,0.0,0.0,0.0,0.0,0.0,0.0,0.0,0.0,0.0,0.0,0.0,0.0,0.0,0.012857475054219214,0.012857475054219214
2018/08/13 11:00:00,2018/08/13 12:00:00,2018/08/13 16:00:00,3.7183795019142396,3.7183795019142396,0.0,0.0,1.4070869533241797,0.0,0.18004485089820238,0.03682158445731919,0.0,0.003941179246742044,0.3557889691610797,0.0,0.4635838437505104,0.0,0.0,0.0,0.0,1.2711121210762057,0.0,0.0,0.0,0.0,0.0,0.0,0.0,0.0,0.0,0.0,0.0,0.0,0.0,0.0,0.0,0.0,0.0,0.0,0.01268762735614923,0.01268762735614923
2018/08/13 12:00:00,2018/08/13 13:00:00,2018/08/13 17:00:00,3.4368025603220884,3.4368025603220884,0.0,0.0,1.6100910458891073,0.0,0.17395524197924905,0.03557617783778712,0.0,0.003807877793396267,1.0940979895052667,0.0,0.5192742273172825,0.0,0.0,0.0,0.0,0.0,0.0,0.0,0.0,0.0,0.0,0.0,0.0,0.0,0.0,0.0,0.0,0.0,0.0,0.0,0.0,0.0,0.0,0.0,0.011726847719437527,0.011726847719437527
2018/08/13 13:00:00,2018/08/13 14:00:00,2018/08/13 18:00:00,2.810217383229391,2.810217383229391,0.0,0.0,1.7663214957335966,0.0,0.1721632852403147,0.035209698673971224,0.0,0.003768651885655419,0.26549933396158615,0.0,0.5672549177342671,0.0,0.0,0.0,0.0,0.0,0.0,0.0,0.0,0.0,0.0,0.0,0.0,0.0,0.0,0.0,0.0,0.0,0.0,0.0,0.0,0.0,0.0,0.0,0.009588852060375217,0.009588852060375217
2018/08/13 14:00:00,2018/08/13 15:00:00,2018/08/13 19:00:00,2.94223089539162,2.94223089539162,0.0,0.0,1.84398468844451,0.0,0.17200135566103103,0.03517658190528837,0.0,0.0037651072494488146,0.29490152653433727,0.0,0.5924016355970046,0.0,0.0,0.0,0.0,0.0,0.0,0.0,0.0,0.0,0.0,0.0,0.0,0.0,0.0,0.0,0.0,0.0,0.0,0.0,0.0,0.0,0.0,0.0,0.010039300501000648,0.010039300501000648
2018/08/13 15:00:00,2018/08/13 16:00:00,2018/08/13 20:00:00,3.7244964251570423,3.7244964251570423,0.0,0.0,2.0079438149320463,0.0,0.17216046143222405,0.03520912116738004,0.0,0.003768590072536143,0.2828534135552759,0.0,0.6350683575740789,0.0,0.0,0.0,0.0,0.5874926664235013,0.0,0.0,0.0,0.0,0.0,0.0,0.0,0.0,0.0,0.0,0.0,0.0,0.0,0.0,0.0,0.0,0.0,0.0,0.012708499147915213,0.012708499147915213
2018/08/13 16:00:00,2018/08/13 17:00:00,2018/08/13 21:00:00,3.486454996611012,3.486454996611012,0.0,0.0,2.205654924275945,0.0,0.17312183072358475,0.03540573406899825,0.0,0.0037896344327645183,0.38312597586620323,0.0,0.685356897243516,0.0,0.0,0.0,0.0,0.0,0.0,0.0,0.0,0.0,0.0,0.0,0.0,0.0,0.0,0.0,0.0,0.0,0.0,0.0,0.0,0.0,0.0,0.0,0.01189626872894839,0.01189626872894839
2018/08/13 17:00:00,2018/08/13 18:00:00,2018/08/13 22:00:00,3.7815219324892833,3.7815219324892833,0.0,0.0,2.3138715035658906,0.0,0.17758213335500161,0.03631792572140365,0.0,0.003887270394456464,0.5342588683228459,0.0,0.7156042311296847,0.0,0.0,0.0,0.0,0.0,0.0,0.0,0.0,0.0,0.0,0.0,0.0,0.0,0.0,0.0,0.0,0.0,0.0,0.0,0.0,0.0,0.0,0.0,0.012903078099970633,0.012903078099970633
2018/08/13 18:00:00,2018/08/13 19:00:00,2018/08/13 23:00:00,3.7566643909548048,3.7566643909548048,0.0,0.0,2.231207014819966,0.0,0.19286503779060593,0.03944348445647083,0.0,0.0042218129569960685,0.5498357040003157,0.0,0.6947311388238221,0.0,0.0,0.0,0.0,0.04436019810662775,0.0,0.0,0.0,0.0,0.0,0.0,0.0,0.0,0.0,0.0,0.0,0.0,0.0,0.0,0.0,0.0,0.0,0.0,0.01281826071545754,0.01281826071545754
2018/08/13 19:00:00,2018/08/13 20:00:00,2018/08/14 00:00:00,4.664664208288146,4.664664208288146,0.0,0.0,1.9427439483499824,0.0,0.23099165129518737,0.04724088778251356,0.0,0.005056403988859405,0.49840003857373244,0.0,0.6214104074670194,0.0,0.0,0.0,0.0,1.3188208708308526,0.0,0.0,0.0,0.0,0.0,0.0,0.0,0.0,0.0,0.0,0.0,0.0,0.0,0.0,0.0,0.0,0.0,0.0,0.015916482216476,0.015916482216476
2018/08/13 20:00:00,2018/08/13 21:00:00,2018/08/14 01:00:00,3.10527503662985,3.10527503662985,0.0,0.0,1.5226707937611241,0.0,0.29831842445461637,0.06101011501540101,0.0,0.006530186103717432,0.48758957745724624,0.0,0.5020336043702625,0.0,0.0,0.0,0.0,0.2271223354674821,0.0,0.0,0.0,0.0,0.0,0.0,0.0,0.0,0.0,0.0,0.0,0.0,0.0,0.0,0.0,0.0,0.0,0.0,0.010595629758293798,0.010595629758293798
2018/08/13 21:00:00,2018/08/13 22:00:00,2018/08/14 02:00:00,2.789891063890673,2.789891063890673,0.0,0.0,1.2183209489670037,0.0,0.37692801925754593,0.07708683045464608,0.0,0.008250949025214567,0.4632829053811929,0.0,0.4088847541947498,0.0,0.0,0.0,0.0,0.23713665661031993,0.0,0.0,0.0,0.0,0.0,0.0,0.0,0.0,0.0,0.0,0.0,0.0,0.0,0.0,0.0,0.0,0.0,0.0,0.009519495835396304,0.009519495835396304
2018/08/13 22:00:00,2018/08/13 23:00:00,2018/08/14 03:00:00,2.1867897529997267,2.1867897529997267,0.0,0.0,0.9174518136779343,0.0,0.29615062745122006,0.06056677148156112,0.0,0.006482733057888501,0.39627516927644474,0.0,0.3175765133288403,0.0,0.0,0.0,0.0,0.19228612472583784,0.0,0.0,0.0,0.0,0.0,0.0,0.0,0.0,0.0,0.0,0.0,0.0,0.0,0.0,0.0,0.0,0.0,0.0,0.007461630389803624,0.007461630389803624
2018/08/13 23:00:00,2018/08/14 00:00:00,2018/08/14 04:00:00,1.4184864277716576,1.4184864277716576,0.0,0.0,0.6799260564653248,0.0,0.13094360677997474,0.026779722120023,0.0,0.002866353705536267,0.3380365894132003,0.0,0.23993409928759815,0.0,0.0,0.0,0.0,0.0,0.0,0.0,0.0,0.0,0.0,0.0,0.0,0.0,0.0,0.0,0.0,0.0,0.0,0.0,0.0,0.0,0.0,0.0,0.004840072724168424,0.004840072724168424
2018/08/14 00:00:00,2018/08/14 01:00:00,2018/08/14 05:00:00,1.1210615324445312,1.1210615324445312,0.0,0.0,0.5444636974330033,0.0,0.06501908921459039,0.013297274945155983,0.0,0.0014232669458539432,0.30359413995633894,0.0,0.1932640639495888,0.0,0.0,0.0,0.0,0.0,0.0,0.0,0.0,0.0,0.0,0.0,0.0,0.0,0.0,0.0,0.0,0.0,0.0,0.0,0.0,0.0,0.0,0.0,0.003825217667978062,0.003825217667978062
2018/08/14 01:00:00,2018/08/14 02:00:00,2018/08/14 06:00:00,0.912608641539828,0.912608641539828,0.0,0.0,0.4223205023340983,0.0,0.03901145352875434,0.00797836496709361,0.0,0.0008539601675123682,0.2912227495572465,0.0,0.15122161098512296,0.0,0.0,0.0,0.0,0.0,0.0,0.0,0.0,0.0,0.0,0.0,0.0,0.0,0.0,0.0,0.0,0.0,0.0,0.0,0.0,0.0,0.0,0.0,0.0031139474493924214,0.0031139474493924214
2018/08/14 02:00:00,2018/08/14 03:00:00,2018/08/14 07:00:00,0.7366885076922743,0.7366885076922743,0.0,0.0,0.32746538930594876,0.0,0.026007635685836212,0.005318909978062404,0.0,0.0005693067783415784,0.2611065534058968,0.0,0.11622071253818855,0.0,0.0,0.0,0.0,0.0,0.0,0.0,0.0,0.0,0.0,0.0,0.0,0.0,0.0,0.0,0.0,0.0,0.0,0.0,0.0,0.0,0.0,0.0,0.0025136835167968896,0.0025136835167968896
2018/08/14 03:00:00,2018/08/14 04:00:00,2018/08/14 08:00:00,0.6550039853330978,0.6550039853330978,0.0,0.0,0.2756817148786252,0.0,0.026007635685836212,0.005318909978062404,0.0,0.0005693067783415784,0.249355504618253,0.0,0.09807091339397941,0.0,0.0,0.0,0.0,0.0,0.0,0.0,0.0,0.0,0.0,0.0,0.0,0.0,0.0,0.0,0.0,0.0,0.0,0.0,0.0,0.0,0.0,0.0,0.0022349645802481224,0.0022349645802481224
2018/08/14 04:00:00,2018/08/14 05:00:00,2018/08/14 09:00:00,0.9869081028913421,0.9869081028913421,0.0,0.0,0.2225620606200994,0.0,0.026843243274492543,0.00548980292637717,0.0,0.0005875982166715451,0.23565718915575795,0.0,0.08031493513647171,0.0,0.0,0.0,0.0,0.4154532735614718,0.0,0.0,0.0,0.0,0.0,0.0,0.0,0.0,0.0,0.0,0.0,0.0,0.0,0.0,0.0,0.0,0.0,0.0,0.003367467531972837,0.003367467531972837
2018/08/14 05:00:00,2018/08/14 06:00:00,2018/08/14 10:00:00,0.5978786750170235,0.5978786750170235,0.0,0.0,0.18821558558004028,0.0,0.06900948530167404,0.014113364412895239,0.0,0.0015106166599181724,0.25648756499062997,0.0,0.06854205807186582,0.0,0.0,0.0,0.0,0.0,0.0,0.0,0.0,0.0,0.0,0.0,0.0,0.0,0.0,0.0,0.0,0.0,0.0,0.0,0.0,0.0,0.0,0.0,0.0020400450865488873,0.0020400450865488873
2018/08/14 06:00:00,2018/08/14 07:00:00,2018/08/14 11:00:00,0.7842821518168769,0.7842821518168769,0.0,0.0,0.19914038345860374,0.0,0.16201522163153,0.03313428369051031,0.0,0.003546510916391187,0.3136858324949231,0.0,0.0727599196249186,0.0,0.0,0.0,0.0,0.0,0.0,0.0,0.0,0.0,0.0,0.0,0.0,0.0,0.0,0.0,0.0,0.0,0.0,0.0,0.0,0.0,0.0,0.0,0.0026760796414698213,0.0026760796414698213
2018/08/14 07:00:00,2018/08/14 08:00:00,2018/08/14 12:00:00,1.7997172340404266,1.7997172340404266,0.0,0.0,0.32956297952727126,0.0,0.20502608639988215,0.041930581844827744,0.0,0.0044880181395291685,0.4566829047179834,0.0,0.11968116162760138,0.0,0.0,0.0,0.0,0.6423455017833315,0.0,0.0,0.0,0.0,0.0,0.0,0.0,0.0,0.0,0.0,0.0,0.0,0.0,0.0,0.0,0.0,0.0,0.0,0.006140885189419052,0.006140885189419052
2018/08/14 08:00:00,2018/08/14 09:00:00,2018/08/14 13:00:00,4.93547552344329,4.93547552344329,0.0,0.0,0.6360288047761385,0.0,0.20318552328194064,0.04155416202522051,0.0,0.004447728238837415,2.506437797468054,0.0,0.22500063682224622,0.0,0.0,0.0,0.0,1.3188208708308526,0.0,0.0,0.0,0.0,0.0,0.0,0.0,0.0,0.0,0.0,0.0,0.0,0.0,0.0,0.0,0.0,0.0,0.0,0.016840528040402338,0.016840528040402338
2018/08/14 09:00:00,2018/08/14 10:00:00,2018/08/14 14:00:00,2.9414144799476247,2.9414144799476247,0.0,0.0,0.855422814855786,0.0,0.19457144785868138,0.03979246817984311,0.0,0.0042591662493183975,0.2399550100229572,0.0,0.2885927019501857,0.0,0.0,0.0,0.0,1.3188208708308526,0.0,0.0,0.0,0.0,0.0,0.0,0.0,0.0,0.0,0.0,0.0,0.0,0.0,0.0,0.0,0.0,0.0,0.0,0.01003651477810284,0.01003651477810284
2018/08/14 10:00:00,2018/08/14 11:00:00,2018/08/14 15:00:00,3.196659429519427,3.196659429519427,0.0,0.0,1.2077424241877939,0.0,0.18848183893972803,0.03854706156031103,0.0,0.004125864795972619,0.23647871378177573,0.0,0.397993667728808,0.0,0.0,0.0,0.0,1.1232898585250377,0.0,0.0,0.0,0.0,0.0,0.0,0.0,0.0,0.0,0.0,0.0,0.0,0.0,0.0,0.0,0.0,0.0,0.0,0.010907446000437453,0.010907446000437453
2018/08/14 11:00:00,2018/08/14 12:00:00,2018/08/14 16:00:00,2.447546814067218,2.447546814067218,0.0,0.0,1.4951526145245788,0.0,0.18004485089820238,0.03682158445731919,0.0,0.003941179246742044,0.25158580738185676,0.0,0.48000077755851894,0.0,0.0,0.0,0.0,0.0,0.0,0.0,0.0,0.0,0.0,0.0,0.0,0.0,0.0,0.0,0.0,0.0,0.0,0.0,0.0,0.0,0.0,0.0,0.008351369702212647,0.008351369702212647
2018/08/14 12:00:00,2018/08/14 13:00:00,2018/08/14 17:00:00,3.6599363464582764,3.6599363464582764,0.0,0.0,1.7952640488129257,0.0,0.17395524197924905,0.03557617783778712,0.0,0.003807877793396267,0.2577264052368096,0.0,0.5595382376730981,0.0,0.0,0.0,0.0,0.8340683571250104,0.0,0.0,0.0,0.0,0.0,0.0,0.0,0.0,0.0,0.0,0.0,0.0,0.0,0.0,0.0,0.0,0.0,0.0,0.012488211191779503,0.012488211191779503
2018/08/14 13:00:00,2018/08/14 14:00:00,2018/08/14 18:00:00,3.193419100824905,3.193419100824905,0.0,0.0,2.087390380265558,0.0,0.1721632852403147,0.035209698673971224,0.0,0.003768651885655419,0.26549933396158615,0.0,0.6293877507978198,0.0,0.0,0.0,0.0,0.0,0.0,0.0,0.0,0.0,0.0,0.0,0.0,0.0,0.0,0.0,0.0,0.0,0.0,0.0,0.0,0.0,0.0,0.0,0.010896389548839015,0.010896389548839015
2018/08/14 14:00:00,2018/08/14 15:00:00,2018/08/14 19:00:00,3.4438266525527923,3.4438266525527923,0.0,0.0,2.257765371710225,0.0,0.17200135566103103,0.03517658190528837,0.0,0.0037651072494488146,0.29490152653433727,0.0,0.6802167094924626,0.0,0.0,0.0,0.0,0.0,0.0,0.0,0.0,0.0,0.0,0.0,0.0,0.0,0.0,0.0,0.0,0.0,0.0,0.0,0.0,0.0,0.0,0.0,0.011750814897799099,0.011750814897799099
2018/08/14 15:00:00,2018/08/14 16:00:00,2018/08/14 20:00:00,3.4830282128625103,3.4830282128625103,0.0,0.0,2.2912594979964545,0.0,0.17216046143222405,0.03520912116738004,0.0,0.003768590072536143,0.2828534135552759,0.0,0.6977771286386396,0.0,0.0,0.0,0.0,0.0,0.0,0.0,0.0,0.0,0.0,0.0,0.0,0.0,0.0,0.0,0.0,0.0,0.0,0.0,0.0,0.0,0.0,0.0,0.011884576066806528,0.011884576066806528
2018/08/14 16:00:00,2018/08/14 17:00:00,2018/08/14 21:00:00,3.539219997282309,3.539219997282309,0.0,0.0,2.256416012566207,0.0,0.17312183072358475,0.03540573406899825,0.0,0.0037896344327645183,0.38312597586620323,0.0,0.687360809624551,0.0,0.0,0.0,0.0,0.0,0.0,0.0,0.0,0.0,0.0,0.0,0.0,0.0,0.0,0.0,0.0,0.0,0.0,0.0,0.0,0.0,0.0,0.0,0.012076310240477735,0.012076310240477735
2018/08/14 17:00:00,2018/08/14 18:00:00,2018/08/14 22:00:00,3.258030404797349,3.258030404797349,0.0,0.0,1.89199013222796,0.0,0.17758213335500161,0.03631792572140365,0.0,0.003887270394456464,0.5342588683228459,0.0,0.6139940747756818,0.0,0.0,0.0,0.0,0.0,0.0,0.0,0.0,0.0,0.0,0.0,0.0,0.0,0.0,0.0,0.0,0.0,0.0,0.0,0.0,0.0,0.0,0.0,0.011116852292723882,0.011116852292723882
2018/08/14 18:00:00,2018/08/14 19:00:00,2018/08/14 23:00:00,2.8816690353431706,2.8816690353431706,0.0,0.0,1.5655987378692011,0.0,0.19286503779060593,0.03944348445647083,0.0,0.0042218129569960685,0.5498357040003157,0.0,0.5297042582695808,0.0,0.0,0.0,0.0,0.0,0.0,0.0,0.0,0.0,0.0,0.0,0.0,0.0,0.0,0.0,0.0,0.0,0.0,0.0,0.0,0.0,0.0,0.0,0.00983265502226605,0.00983265502226605
2018/08/14 19:00:00,2018/08/14 20:00:00,2018/08/15 00:00:00,4.38655685861657,4.38655685861657,0.0,0.0,1.5617935453467104,0.0,0.23099165129518737,0.04724088778251356,0.0,0.005056403988859405,0.8328620928618802,0.0,0.5259449147179356,0.0,0.0,0.0,0.0,1.1826673626234834,0.0,0.0,0.0,0.0,0.0,0.0,0.0,0.0,0.0,0.0,0.0,0.0,0.0,0.0,0.0,0.0,0.0,0.0,0.014967541309335471,0.014967541309335471
2018/08/14 20:00:00,2018/08/14 21:00:00,2018/08/15 01:00:00,11.786279294107958,11.786279294107958,0.0,0.0,1.4349335529295304,0.0,0.29831842445461637,0.06101011501540101,0.0,0.006530186103717432,8.180663383592446,0.0,0.4860027611813954,0.0,0.0,0.0,0.0,1.3188208708308526,0.0,0.0,0.0,0.0,0.0,0.0,0.0,0.0,0.0,0.0,0.0,0.0,0.0,0.0,0.0,0.0,0.0,0.0,0.04021642210596189,0.04021642210596189
2018/08/14 21:00:00,2018/08/14 22:00:00,2018/08/15 02:00:00,7.566479168734566,7.566479168734566,0.0,0.0,1.333695096845224,0.0,0.37692801925754593,0.07708683045464608,0.0,0.008250949025214567,3.9984253274364,0.0,0.45327207488468296,0.0,0.0,0.0,0.0,1.3188208708308526,0.0,0.0,0.0,0.0,0.0,0.0,0.0,0.0,0.0,0.0,0.0,0.0,0.0,0.0,0.0,0.0,0.0,0.0,0.025817877933532164,0.025817877933532164
2018/08/14 22:00:00,2018/08/14 23:00:00,2018/08/15 03:00:00,5.487371269067758,5.487371269067758,0.0,0.0,1.1983364325691532,0.0,0.29615062745122006,0.06056677148156112,0.0,0.006482733057888501,2.1974687642460076,0.0,0.4095450694310742,0.0,0.0,0.0,0.0,1.3188208708308526,0.0,0.0,0.0,0.0,0.0,0.0,0.0,0.0,0.0,0.0,0.0,0.0,0.0,0.0,0.0,0.0,0.0,0.0,0.018723672984677815,0.018723672984677815
2018/08/14 23:00:00,2018/08/15 00:00:00,2018/08/15 04:00:00,2.897192801246667,2.897192801246667,0.0,0.0,0.7672211320238873,0.0,0.13094360677997474,0.026779722120023,0.0,0.002866353705536267,0.3838973058415493,0.0,0.2666638099448436,0.0,0.0,0.0,0.0,1.3188208708308526,0.0,0.0,0.0,0.0,0.0,0.0,0.0,0.0,0.0,0.0,0.0,0.0,0.0,0.0,0.0,0.0,0.0,0.0,0.009885624267832903,0.009885624267832903
2018/08/15 00:00:00,2018/08/15 01:00:00,2018/08/15 05:00:00,2.581273808716354,2.581273808716354,0.0,0.0,0.6520200550056678,0.0,0.06501908921459039,0.013297274945155983,0.0,0.0014232669458539432,0.30359413995633894,0.0,0.22709911181789375,0.0,0.0,0.0,0.0,1.3188208708308526,0.0,0.0,0.0,0.0,0.0,0.0,0.0,0.0,0.0,0.0,0.0,0.0,0.0,0.0,0.0,0.0,0.0,0.0,0.008807664783091975,0.008807664783091975
2018/08/15 01:00:00,2018/08/15 02:00:00,2018/08/15 06:00:00,2.603423990973015,2.603423990973015,0.0,0.0,0.6406429484517975,0.0,0.03901145352875434,0.00797836496709361,0.0,0.0008539601675123682,0.3742696688576567,0.0,0.22184672416934728,0.0,0.0,0.0,0.0,1.3188208708308526,0.0,0.0,0.0,0.0,0.0,0.0,0.0,0.0,0.0,0.0,0.0,0.0,0.0,0.0,0.0,0.0,0.0,0.0,0.008883244281687701,0.008883244281687701
2018/08/15 02:00:00,2018/08/15 03:00:00,2018/08/15 07:00:00,3.146868668816836,3.146868668816836,0.0,0.0,0.5428559770440597,0.0,0.026007635685836212,0.005318909978062404,0.0,0.0005693067783415784,2.203699011271895,0.0,0.18909485467352258,0.0,0.0,0.0,0.0,0.1793229733851187,0.0,0.0,0.0,0.0,0.0,0.0,0.0,0.0,0.0,0.0,0.0,0.0,0.0,0.0,0.0,0.0,0.0,0.0,0.010737553008813424,0.010737553008813424
2018/08/15 03:00:00,2018/08/15 04:00:00,2018/08/15 08:00:00,2.5574141109465898,2.5574141109465898,0.0,0.0,0.45245581912051097,0.0,0.026007635685836212,0.005318909978062404,0.0,0.0005693067783415784,1.9129224553933235,0.0,0.1601399839905151,0.0,0.0,0.0,0.0,0.0,0.0,0.0,0.0,0.0,0.0,0.0,0.0,0.0,0.0,0.0,0.0,0.0,0.0,0.0,0.0,0.0,0.0,0.0,0.008726252180107995,0.008726252180107995
2018/08/15 04:00:00,2018/08/15 05:00:00,2018/08/15 09:00:00,2.44576964402956,2.44576964402956,0.0,0.0,0.3549320406730349,0.0,0.026843243274492543,0.00548980292637717,0.0,0.0005875982166715451,1.930447409666837,0.0,0.12746954927214674,0.0,0.0,0.0,0.0,0.0,0.0,0.0,0.0,0.0,0.0,0.0,0.0,0.0,0.0,0.0,0.0,0.0,0.0,0.0,0.0,0.0,0.0,0.0,0.008345305751189167,0.008345305751189167
2018/08/15 05:00:00,2018/08/15 06:00:00,2018/08/15 10:00:00,0.7106595563145925,0.7106595563145925,0.0,0.0,0.27160517502217607,0.0,0.06900948530167404,0.014113364412895239,0.0,0.0015106166599181724,0.25648756499062997,0.0,0.09793334992729913,0.0,0.0,0.0,0.0,0.0,0.0,0.0,0.0,0.0,0.0,0.0,0.0,0.0,0.0,0.0,0.0,0.0,0.0,0.0,0.0,0.0,0.0,0.0,0.0024248691191859567,0.0024248691191859567
2018/08/15 06:00:00,2018/08/15 07:00:00,2018/08/15 11:00:00,1.270731100382393,1.270731100382393,0.0,0.0,0.26486892536946127,0.0,0.16201522163153,0.03313428369051031,0.0,0.003546510916391187,0.3136858324949231,0.0,0.09595363238650308,0.0,0.0,0.0,0.0,0.39752669389307393,0.0,0.0,0.0,0.0,0.0,0.0,0.0,0.0,0.0,0.0,0.0,0.0,0.0,0.0,0.0,0.0,0.0,0.0,0.004335911023396426,0.004335911023396426
2018/08/15 07:00:00,2018/08/15 08:00:00,2018/08/15 12:00:00,1.0256815460945512,1.0256815460945512,0.0,0.0,0.3018678507451333,0.0,0.20502608639988215,0.041930581844827744,0.0,0.0044880181395291685,0.35862554090222465,0.0,0.10972911853275408,0.0,0.0,0.0,0.0,0.004014349530200161,0.0,0.0,0.0,0.0,0.0,0.0,0.0,0.0,0.0,0.0,0.0,0.0,0.0,0.0,0.0,0.0,0.0,0.0,0.0034997679059459294,0.0034997679059459294
2018/08/15 08:00:00,2018/08/15 09:00:00,2018/08/15 13:00:00,1.1762723783931068,1.1762723783931068,0.0,0.0,0.4649940794714837,0.0,0.20318552328194064,0.04155416202522051,0.0,0.004447728238837415,0.2959239672796783,0.0,0.166166918095946,0.0,0.0,0.0,0.0,0.0,0.0,0.0,0.0,0.0,0.0,0.0,0.0,0.0,0.0,0.0,0.0,0.0,0.0,0.0,0.0,0.0,0.0,0.0,0.004013604743329749,0.004013604743329749
2018/08/15 09:00:00,2018/08/15 10:00:00,2018/08/15 14:00:00,1.5102178149977308,1.5102178149977308,0.0,0.0,0.7659647236484505,0.0,0.19457144785868138,0.03979246817984311,0.0,0.0042591662493183975,0.2399550100229572,0.0,0.2656749990384802,0.0,0.0,0.0,0.0,0.0,0.0,0.0,0.0,0.0,0.0,0.0,0.0,0.0,0.0,0.0,0.0,0.0,0.0,0.0,0.0,0.0,0.0,0.0,0.005153072959186902,0.005153072959186902
2018/08/15 10:00:00,2018/08/15 11:00:00,2018/08/15 15:00:00,1.9849303122252469,1.9849303122252469,0.0,0.0,1.1378207061642114,0.0,0.18848183893972803,0.03854706156031103,0.0,0.004125864795972619,0.23647871378177573,0.0,0.3794761269832479,0.0,0.0,0.0,0.0,0.0,0.0,0.0,0.0,0.0,0.0,0.0,0.0,0.0,0.0,0.0,0.0,0.0,0.0,0.0,0.0,0.0,0.0,0.0,0.006772857938915058,0.006772857938915058
2018/08/15 11:00:00,2018/08/15 12:00:00,2018/08/15 16:00:00,3.0182208183749375,3.0182208183749375,0.0,0.0,1.6236517217579807,0.0,0.18004485089820238,0.03682158445731919,0.0,0.003941179246742044,0.25158580738185676,0.0,0.5159343611201751,0.0,0.0,0.0,0.0,0.40624131351266124,0.0,0.0,0.0,0.0,0.0,0.0,0.0,0.0,0.0,0.0,0.0,0.0,0.0,0.0,0.0,0.0,0.0,0.0,0.010298588673479672,0.010298588673479672
2018/08/15 12:00:00,2018/08/15 13:00:00,2018/08/15 17:00:00,4.223931452892252,4.223931452892252,0.0,0.0,1.862096982152654,0.0,0.17395524197924905,0.03557617783778712,0.0,0.003807877793396267,0.2577264052368096,0.0,0.5719478970615037,0.0,0.0,0.0,0.0,1.3188208708308526,0.0,0.0,0.0,0.0,0.0,0.0,0.0,0.0,0.0,0.0,0.0,0.0,0.0,0.0,0.0,0.0,0.0,0.0,0.01441264083577958,0.01441264083577958
2018/08/15 13:00:00,2018/08/15 14:00:00,2018/08/15 18:00:00,3.3193803631474434,3.3193803631474434,0.0,0.0,2.059287000260715,0.0,0.1721632852403147,0.035209698673971224,0.0,0.003768651885655419,0.26549933396158615,0.0,0.6263391138621285,0.0,0.0,0.0,0.0,0.15711327926307248,0.0,0.0,0.0,0.0,0.0,0.0,0.0,0.0,0.0,0.0,0.0,0.0,0.0,0.0,0.0,0.0,0.0,0.0,0.01132618687233324,0.01132618687233324
2018/08/15 14:00:00,2018/08/15 15:00:00,2018/08/15 19:00:00,3.4870680132338916,3.4870680132338916,0.0,0.0,2.289375346297777,0.0,0.17200135566103103,0.03517658190528837,0.0,0.0037651072494488146,0.29490152653433727,0.0,0.6918480955860098,0.0,0.0,0.0,0.0,0.0,0.0,0.0,0.0,0.0,0.0,0.0,0.0,0.0,0.0,0.0,0.0,0.0,0.0,0.0,0.0,0.0,0.0,0.0,0.011898360426815757,0.011898360426815757
2018/08/15 15:00:00,2018/08/15 16:00:00,2018/08/15 20:00:00,3.7562363035140542,3.7562363035140542,0.0,0.0,2.445545249946899,0.0,0.17216046143222405,0.03520912116738004,0.0,0.003768590072536143,0.3696208676729485,0.0,0.7299320132220664,0.0,0.0,0.0,0.0,0.0,0.0,0.0,0.0,0.0,0.0,0.0,0.0,0.0,0.0,0.0,0.0,0.0,0.0,0.0,0.0,0.0,0.0,0.0,0.01281680002164689,0.01281680002164689
2018/08/15 16:00:00,2018/08/15 17:00:00,2018/08/15 21:00:00,6.333523643214761,6.333523643214761,0.0,0.0,2.4764023461582187,0.0,0.17312183072358475,0.03540573406899825,0.0,0.0037896344327645183,2.4885765977890912,0.0,0.7299320132220664,0.0,0.0,0.0,0.0,0.4262954868200372,0.0,0.0,0.0,0.0,0.0,0.0,0.0,0.0,0.0,0.0,0.0,0.0,0.0,0.0,0.0,0.0,0.0,0.0,0.02161086241872331,0.02161086241872331
2018/08/15 17:00:00,2018/08/15 18:00:00,2018/08/15 22:00:00,7.42163665762004,7.42163665762004,0.0,0.0,2.471600794881683,0.0,0.17758213335500161,0.03631792572140365,0.0,0.003887270394456464,3.903230108586545,0.0,0.7299320132220664,0.0,0.0,0.0,0.0,0.09908641145888261,0.0,0.0,0.0,0.0,0.0,0.0,0.0,0.0,0.0,0.0,0.0,0.0,0.0,0.0,0.0,0.0,0.0,0.0,0.025323655166489708,0.025323655166489708
2018/08/15 18:00:00,2018/08/15 19:00:00,2018/08/15 23:00:00,3.9558073652111148,3.9558073652111148,0.0,0.0,2.4395093127846597,0.0,0.19286503779060593,0.03944348445647083,0.0,0.0042218129569960685,0.5498357040003157,0.0,0.7299320132220664,0.0,0.0,0.0,0.0,0.0,0.0,0.0,0.0,0.0,0.0,0.0,0.0,0.0,0.0,0.0,0.0,0.0,0.0,0.0,0.0,0.0,0.0,0.0,0.01349776420525963,0.01349776420525963
2018/08/15 19:00:00,2018/08/15 20:00:00,2018/08/16 00:00:00,3.735161667057974,3.735161667057974,0.0,0.0,2.2546880203782176,0.0,0.23099165129518737,0.04724088778251356,0.0,0.005056403988859405,0.5036728235883939,0.0,0.6935118800248027,0.0,0.0,0.0,0.0,0.0,0.0,0.0,0.0,0.0,0.0,0.0,0.0,0.0,0.0,0.0,0.0,0.0,0.0,0.0,0.0,0.0,0.0,0.0,0.012744890434719732,0.012744890434719732
2018/08/15 20:00:00,2018/08/15 21:00:00,2018/08/16 01:00:00,3.308603387190614,3.308603387190614,0.0,0.0,1.7732238262925255,0.0,0.29831842445461637,0.06101011501540101,0.0,0.006530186103717432,0.6064543291185197,0.0,0.5630665062058339,0.0,0.0,0.0,0.0,0.0,0.0,0.0,0.0,0.0,0.0,0.0,0.0,0.0,0.0,0.0,0.0,0.0,0.0,0.0,0.0,0.0,0.0,0.0,0.011289414333409754,0.011289414333409754
2018/08/15 21:00:00,2018/08/15 22:00:00,2018/08/16 02:00:00,2.8277475846188325,2.8277475846188325,0.0,0.0,1.437329368068241,0.0,0.37692801925754593,0.07708683045464608,0.0,0.008250949025214567,0.4632829053811929,0.0,0.4648695124319919,0.0,0.0,0.0,0.0,0.0,0.0,0.0,0.0,0.0,0.0,0.0,0.0,0.0,0.0,0.0,0.0,0.0,0.0,0.0,0.0,0.0,0.0,0.0,0.009648667542520861,0.009648667542520861
2018/08/15 22:00:00,2018/08/15 23:00:00,2018/08/16 03:00:00,2.334526108462583,2.334526108462583,0.0,0.0,1.1865253650031489,0.0,0.29615062745122006,0.06056677148156112,0.0,0.006482733057888501,0.39627516927644474,0.0,0.38852544219231944,0.0,0.0,0.0,0.0,0.0,0.0,0.0,0.0,0.0,0.0,0.0,0.0,0.0,0.0,0.0,0.0,0.0,0.0,0.0,0.0,0.0,0.0,0.0,0.007965727355727452,0.007965727355727452
2018/08/15 23:00:00,2018/08/16 00:00:00,2018/08/16 04:00:00,1.76834915979474,1.76834915979474,0.0,0.0,0.9520051367455551,0.0,0.13094360677997474,0.026779722120023,0.0,0.002866353705536267,0.3380365894132003,0.0,0.31771775103045075,0.0,0.0,0.0,0.0,0.0,0.0,0.0,0.0,0.0,0.0,0.0,0.0,0.0,0.0,0.0,0.0,0.0,0.0,0.0,0.0,0.0,0.0,0.0,0.006033852962960077,0.006033852962960077
2018/08/16 00:00:00,2018/08/16 01:00:00,2018/08/16 05:00:00,2.51183132280994,2.51183132280994,0.0,0.0,0.8133407036596909,0.0,0.06501908921459039,0.013297274945155983,0.0,0.0014232669458539432,1.3374353935075636,0.0,0.2813155945370856,0.0,0.0,0.0,0.0,0.0,0.0,0.0,0.0,0.0,0.0,0.0,0.0,0.0,0.0,0.0,0.0,0.0,0.0,0.0,0.0,0.0,0.0,0.0,0.008570717375380727,0.008570717375380727
2018/08/16 01:00:00,2018/08/16 02:00:00,2018/08/16 06:00:00,1.1257851874767317,1.1257851874767317,0.0,0.0,0.5809564985400996,0.0,0.03901145352875434,0.00797836496709361,0.0,0.0008539601675123682,0.2912227495572465,0.0,0.2057621607160254,0.0,0.0,0.0,0.0,0.0,0.0,0.0,0.0,0.0,0.0,0.0,0.0,0.0,0.0,0.0,0.0,0.0,0.0,0.0,0.0,0.0,0.0,0.0,0.0038413354350797534,0.0038413354350797534
2018/08/16 02:00:00,2018/08/16 03:00:00,2018/08/16 07:00:00,0.8661104347241084,0.8661104347241084,0.0,0.0,0.4221647173546117,0.0,0.026007635685836212,0.005318909978062404,0.0,0.0005693067783415784,0.2611065534058968,0.0,0.15094331152135967,0.0,0.0,0.0,0.0,0.0,0.0,0.0,0.0,0.0,0.0,0.0,0.0,0.0,0.0,0.0,0.0,0.0,0.0,0.0,0.0,0.0,0.0,0.0,0.002955289108977384,0.002955289108977384
2018/08/16 03:00:00,2018/08/16 04:00:00,2018/08/16 08:00:00,1.1291960739070022,1.1291960739070022,0.0,0.0,0.3279051749690801,0.0,0.026007635685836212,0.005318909978062404,0.0,0.0005693067783415784,0.249355504618253,0.0,0.11838270551163536,0.0,0.0,0.0,0.0,0.4016568363657935,0.0,0.0,0.0,0.0,0.0,0.0,0.0,0.0,0.0,0.0,0.0,0.0,0.0,0.0,0.0,0.0,0.0,0.0,0.0038529738533636154,0.0038529738533636154
2018/08/16 04:00:00,2018/08/16 05:00:00,2018/08/16 09:00:00,0.6226087586999416,0.6226087586999416,0.0,0.0,0.25982829649165057,0.0,0.026843243274492543,0.00548980292637717,0.0,0.0005875982166715451,0.23565718915575795,0.0,0.09420262863499182,0.0,0.0,0.0,0.0,0.0,0.0,0.0,0.0,0.0,0.0,0.0,0.0,0.0,0.0,0.0,0.0,0.0,0.0,0.0,0.0,0.0,0.0,0.0,0.0021244275671681253,0.0021244275671681253
2018/08/16 05:00:00,2018/08/16 06:00:00,2018/08/16 10:00:00,0.656724341423233,0.656724341423233,0.0,0.0,0.23165202343831098,0.0,0.06900948530167404,0.014113364412895239,0.0,0.0015106166599181724,0.25648756499062997,0.0,0.08395128661980454,0.0,0.0,0.0,0.0,0.0,0.0,0.0,0.0,0.0,0.0,0.0,0.0,0.0,0.0,0.0,0.0,0.0,0.0,0.0,0.0,0.0,0.0,0.0,0.002240834674191003,0.002240834674191003
2018/08/16 06:00:00,2018/08/16 07:00:00,2018/08/16 11:00:00,0.8553935004440572,0.8553935004440572,0.0,0.0,0.25180241912902424,0.0,0.16201522163153,0.03313428369051031,0.0,0.003546510916391187,0.3136858324949231,0.0,0.09120923258167832,0.0,0.0,0.0,0.0,0.0,0.0,0.0,0.0,0.0,0.0,0.0,0.0,0.0,0.0,0.0,0.0,0.0,0.0,0.0,0.0,0.0,0.0,0.0,0.002918721440595059,0.002918721440595059
2018/08/16 07:00:00,2018/08/16 08:00:00,2018/08/16 12:00:00,1.6066428785457927,1.6066428785457927,0.0,0.0,0.4632498139064815,0.0,0.20502608639988215,0.041930581844827744,0.0,0.0044880181395291685,0.35862554090222465,0.0,0.16645834068937831,0.0,0.0,0.0,0.0,0.3668644966634693,0.0,0.0,0.0,0.0,0.0,0.0,0.0,0.0,0.0,0.0,0.0,0.0,0.0,0.0,0.0,0.0,0.0,0.0,0.005482088669783682,0.005482088669783682
2018/08/16 08:00:00,2018/08/16 09:00:00,2018/08/16 13:00:00,2.659774202539523,2.659774202539523,0.0,0.0,0.5898471951474331,0.0,0.20318552328194064,0.04155416202522051,0.0,0.004447728238837415,0.2959239672796783,0.0,0.20599475573556017,0.0,0.0,0.0,0.0,1.3188208708308526,0.0,0.0,0.0,0.0,0.0,0.0,0.0,0.0,0.0,0.0,0.0,0.0,0.0,0.0,0.0,0.0,0.0,0.0,0.009075519030789552,0.009075519030789552
2018/08/16 09:00:00,2018/08/16 10:00:00,2018/08/16 14:00:00,3.065174988780037,3.065174988780037,0.0,0.0,0.9487858099523032,0.0,0.19457144785868138,0.03979246817984311,0.0,0.0042591662493183975,0.2399550100229572,0.0,0.31899021568608077,0.0,0.0,0.0,0.0,1.3188208708308526,0.0,0.0,0.0,0.0,0.0,0.0,0.0,0.0,0.0,0.0,0.0,0.0,0.0,0.0,0.0,0.0,0.0,0.0,0.010458802824996576,0.010458802824996576
2018/08/16 10:00:00,2018/08/16 11:00:00,2018/08/16 15:00:00,2.6004560915261483,2.6004560915261483,0.0,0.0,1.3215756345061151,0.0,0.18848183893972803,0.03854706156031103,0.0,0.004125864795972619,0.23647871378177573,0.0,0.43224305884562575,0.0,0.0,0.0,0.0,0.37900391909662,0.0,0.0,0.0,0.0,0.0,0.0,0.0,0.0,0.0,0.0,0.0,0.0,0.0,0.0,0.0,0.0,0.0,0.0,0.008873117396523618,0.008873117396523618
2018/08/16 11:00:00,2018/08/16 12:00:00,2018/08/16 16:00:00,2.5810096539911473,2.5810096539911473,0.0,0.0,1.6012520854613326,0.0,0.18004485089820238,0.03682158445731919,0.0,0.003941179246742044,0.25158580738185676,0.0,0.507364146545694,0.0,0.0,0.0,0.0,0.0,0.0,0.0,0.0,0.0,0.0,0.0,0.0,0.0,0.0,0.0,0.0,0.0,0.0,0.0,0.0,0.0,0.0,0.0,0.008806763450477578,0.008806763450477578
2018/08/16 12:00:00,2018/08/16 13:00:00,2018/08/16 17:00:00,2.9592354212953453,2.9592354212953453,0.0,0.0,1.9061981799478358,0.0,0.17395524197924905,0.03557617783778712,0.0,0.003807877793396267,0.2577264052368096,0.0,0.5819715385002677,0.0,0.0,0.0,0.0,0.0,0.0,0.0,0.0,0.0,0.0,0.0,0.0,0.0,0.0,0.0,0.0,0.0,0.0,0.0,0.0,0.0,0.0,0.0,0.010097322305370908,0.010097322305370908
2018/08/16 13:00:00,2018/08/16 14:00:00,2018/08/16 18:00:00,3.434957838588882,3.434957838588882,0.0,0.0,2.278471464033801,0.0,0.1721632852403147,0.035209698673971224,0.0,0.003768651885655419,0.26549933396158615,0.0,0.6798454047935539,0.0,0.0,0.0,0.0,0.0,0.0,0.0,0.0,0.0,0.0,0.0,0.0,0.0,0.0,0.0,0.0,0.0,0.0,0.0,0.0,0.0,0.0,0.0,0.011720553272645675,0.011720553272645675
2018/08/16 14:00:00,2018/08/16 15:00:00,2018/08/16 19:00:00,3.776133492586983,3.776133492586983,0.0,0.0,2.49398185767004,0.0,0.17200135566103103,0.03517658190528837,0.0,0.0037651072494488146,0.34229302080641794,0.0,0.7289155692947571,0.0,0.0,0.0,0.0,0.0,0.0,0.0,0.0,0.0,0.0,0.0,0.0,0.0,0.0,0.0,0.0,0.0,0.0,0.0,0.0,0.0,0.0,0.0,0.012884691994551271,0.012884691994551271
2018/08/16 15:00:00,2018/08/16 16:00:00,2018/08/16 20:00:00,4.832416381960331,4.832416381960331,0.0,0.0,2.5245585078007817,0.0,0.17216046143222405,0.03520912116738004,0.0,0.003768590072536143,1.366787688265343,0.0,0.7299320132220664,0.0,0.0,0.0,0.0,0.0,0.0,0.0,0.0,0.0,0.0,0.0,0.0,0.0,0.0,0.0,0.0,0.0,0.0,0.0,0.0,0.0,0.0,0.0,0.016488875934395596,0.016488875934395596
2018/08/16 16:00:00,2018/08/16 17:00:00,2018/08/16 21:00:00,4.2188379666991125,4.2188379666991125,0.0,0.0,2.5421382600297195,0.0,0.17312183072358475,0.03540573406899825,0.0,0.0037896344327645183,0.7344504942219786,0.0,0.7299320132220664,0.0,0.0,0.0,0.0,0.0,0.0,0.0,0.0,0.0,0.0,0.0,0.0,0.0,0.0,0.0,0.0,0.0,0.0,0.0,0.0,0.0,0.0,0.0,0.014395261153385951,0.014395261153385951
2018/08/16 17:00:00,2018/08/16 18:00:00,2018/08/16 22:00:00,4.3871488897706366,4.3871488897706366,0.0,0.0,2.5375402968498784,0.0,0.17758213335500161,0.03631792572140365,0.0,0.003887270394456464,0.5342588683228459,0.0,0.7299320132220664,0.0,0.0,0.0,0.0,0.3676303819049841,0.0,0.0,0.0,0.0,0.0,0.0,0.0,0.0,0.0,0.0,0.0,0.0,0.0,0.0,0.0,0.0,0.0,0.0,0.014969561401868293,0.014969561401868293
2018/08/16 18:00:00,2018/08/16 19:00:00,2018/08/16 23:00:00,4.463416373600972,4.463416373600972,0.0,0.0,2.4873285197982624,0.0,0.19286503779060593,0.03944348445647083,0.0,0.0042218129569960685,0.5498357040003157,0.0,0.7299320132220664,0.0,0.0,0.0,0.0,0.45978980137625486,0.0,0.0,0.0,0.0,0.0,0.0,0.0,0.0,0.0,0.0,0.0,0.0,0.0,0.0,0.0,0.0,0.0,0.0,0.015229796650511496,0.015229796650511496
2018/08/16 19:00:00,2018/08/16 20:00:00,2018/08/17 00:00:00,5.178539404965364,5.178539404965364,0.0,0.0,2.361321417093453,0.0,0.23099165129518737,0.04724088778251356,0.0,0.005056403988859405,0.49840003857373244,0.0,0.7167081354007657,0.0,0.0,0.0,0.0,1.3188208708308526,0.0,0.0,0.0,0.0,0.0,0.0,0.0,0.0,0.0,0.0,0.0,0.0,0.0,0.0,0.0,0.0,0.0,0.0,0.017669895766559304,0.017669895766559304
2018/08/16 20:00:00,2018/08/16 21:00:00,2018/08/17 01:00:00,4.481124664678782,4.481124664678782,0.0,0.0,1.737904994969992,0.0,0.29831842445461637,0.06101011501540101,0.0,0.006530186103717432,0.48758957745724624,0.0,0.5709504958469547,0.0,0.0,0.0,0.0,1.3188208708308526,0.0,0.0,0.0,0.0,0.0,0.0,0.0,0.0,0.0,0.0,0.0,0.0,0.0,0.0,0.0,0.0,0.0,0.0,0.015290219799411118,0.015290219799411118
2018/08/16 21:00:00,2018/08/16 22:00:00,2018/08/17 02:00:00,3.499227770422809,3.499227770422809,0.0,0.0,1.256422376740112,0.0,0.37692801925754593,0.07708683045464608,0.0,0.008250949025214567,0.4632829053811929,0.0,0.4352903504107164,0.0,0.0,0.0,0.0,0.8819663391533807,0.0,0.0,0.0,0.0,0.0,0.0,0.0,0.0,0.0,0.0,0.0,0.0,0.0,0.0,0.0,0.0,0.0,0.0,0.011939851207376164,0.011939851207376164
2018/08/16 22:00:00,2018/08/16 23:00:00,2018/08/17 03:00:00,2.0302556685146835,2.0302556685146835,0.0,0.0,0.9394820648400749,0.0,0.29615062745122006,0.06056677148156112,0.0,0.006482733057888501,0.39627516927644474,0.0,0.3312983024074942,0.0,0.0,0.0,0.0,0.0,0.0,0.0,0.0,0.0,0.0,0.0,0.0,0.0,0.0,0.0,0.0,0.0,0.0,0.0,0.0,0.0,0.0,0.0,0.006927514350421472,0.006927514350421472
2018/08/16 23:00:00,2018/08/17 00:00:00,2018/08/17 04:00:00,1.4339846341450186,1.4339846341450186,0.0,0.0,0.6887242406436392,0.0,0.13094360677997474,0.026779722120023,0.0,0.002866353705536267,0.3380365894132003,0.0,0.24663412148264502,0.0,0.0,0.0,0.0,0.0,0.0,0.0,0.0,0.0,0.0,0.0,0.0,0.0,0.0,0.0,0.0,0.0,0.0,0.0,0.0,0.0,0.0,0.0,0.004892954757068152,0.004892954757068152
2018/08/17 00:00:00,2018/08/17 01:00:00,2018/08/17 05:00:00,1.1158894987214438,1.1158894987214438,0.0,0.0,0.5395996460929444,0.0,0.06501908921459039,0.013297274945155983,0.0,0.0014232669458539432,0.30359413995633894,0.0,0.19295608156655988,0.0,0.0,0.0,0.0,0.0,0.0,0.0,0.0,0.0,0.0,0.0,0.0,0.0,0.0,0.0,0.0,0.0,0.0,0.0,0.0,0.0,0.0,0.0,0.003807569970501731,0.003807569970501731
2018/08/17 01:00:00,2018/08/17 02:00:00,2018/08/17 06:00:00,0.9569695719426056,0.9569695719426056,0.0,0.0,0.4565081474126334,0.0,0.03901145352875434,0.00797836496709361,0.0,0.0008539601675123682,0.2912227495572465,0.0,0.1613948963093654,0.0,0.0,0.0,0.0,0.0,0.0,0.0,0.0,0.0,0.0,0.0,0.0,0.0,0.0,0.0,0.0,0.0,0.0,0.0,0.0,0.0,0.0,0.0,0.0032653131058115047,0.0032653131058115047
2018/08/17 02:00:00,2018/08/17 03:00:00,2018/08/17 07:00:00,0.8258031003892786,0.8258031003892786,0.0,0.0,0.3948937045296891,0.0,0.026007635685836212,0.005318909978062404,0.0,0.0005693067783415784,0.2611065534058968,0.0,0.1379069900114526,0.0,0.0,0.0,0.0,0.0,0.0,0.0,0.0,0.0,0.0,0.0,0.0,0.0,0.0,0.0,0.0,0.0,0.0,0.0,0.0,0.0,0.0,0.0,0.0028177548854004825,0.0028177548854004825
2018/08/17 03:00:00,2018/08/17 04:00:00,2018/08/17 08:00:00,0.8143153649706019,0.8143153649706019,0.0,0.0,0.39622294582830525,0.0,0.026007635685836212,0.005318909978062404,0.0,0.0005693067783415784,0.249355504618253,0.0,0.13684106208180347,0.0,0.0,0.0,0.0,0.0,0.0,0.0,0.0,0.0,0.0,0.0,0.0,0.0,0.0,0.0,0.0,0.0,0.0,0.0,0.0,0.0,0.0,0.0,0.0027785571364662563,0.0027785571364662563
2018/08/17 04:00:00,2018/08/17 05:00:00,2018/08/17 09:00:00,0.7495488392796477,0.7495488392796477,0.0,0.0,0.3546528294100592,0.0,0.026843243274492543,0.00548980292637717,0.0,0.0005875982166715451,0.23565718915575795,0.0,0.1263181762962894,0.0,0.0,0.0,0.0,0.0,0.0,0.0,0.0,0.0,0.0,0.0,0.0,0.0,0.0,0.0,0.0,0.0,0.0,0.0,0.0,0.0,0.0,0.0,0.0025575647545170066,0.0025575647545170066
2018/08/17 05:00:00,2018/08/17 06:00:00,2018/08/17 10:00:00,0.7514336843039334,0.7514336843039334,0.0,0.0,0.30005512271579904,0.0,0.06900948530167404,0.014113364412895239,0.0,0.0015106166599181724,0.25648756499062997,0.0,0.1102575302230169,0.0,0.0,0.0,0.0,0.0,0.0,0.0,0.0,0.0,0.0,0.0,0.0,0.0,0.0,0.0,0.0,0.0,0.0,0.0,0.0,0.0,0.0,0.0,0.0025639961075512837,0.0025639961075512837
2018/08/17 06:00:00,2018/08/17 07:00:00,2018/08/17 11:00:00,2.5539989394018803,2.5539989394018803,0.0,0.0,0.5576798839696083,0.0,0.16201522163153,0.03313428369051031,0.0,0.003546510916391187,0.3136858324949231,0.0,0.20458608702276762,0.0,0.0,0.0,0.0,1.2793511196761498,0.0,0.0,0.0,0.0,0.0,0.0,0.0,0.0,0.0,0.0,0.0,0.0,0.0,0.0,0.0,0.0,0.0,0.0,0.008714599140418451,0.008714599140418451
2018/08/17 07:00:00,2018/08/17 08:00:00,2018/08/17 12:00:00,2.389608834662322,2.389608834662322,0.0,0.0,0.3379320303215492,0.0,0.20502608639988215,0.041930581844827744,0.0,0.0044880181395291685,0.35862554090222465,0.0,0.12278570622345653,0.0,0.0,0.0,0.0,1.3188208708308526,0.0,0.0,0.0,0.0,0.0,0.0,0.0,0.0,0.0,0.0,0.0,0.0,0.0,0.0,0.0,0.0,0.0,0.0,0.008153677268699838,0.008153677268699838
2018/08/17 08:00:00,2018/08/17 09:00:00,2018/08/17 13:00:00,2.5243086539644635,2.5243086539644635,0.0,0.0,0.486413543580365,0.0,0.20318552328194064,0.04155416202522051,0.0,0.004447728238837415,0.2959239672796783,0.0,0.17396285872756886,0.0,0.0,0.0,0.0,1.3188208708308526,0.0,0.0,0.0,0.0,0.0,0.0,0.0,0.0,0.0,0.0,0.0,0.0,0.0,0.0,0.0,0.0,0.0,0.0,0.00861329176242389,0.00861329176242389
2018/08/17 09:00:00,2018/08/17 10:00:00,2018/08/17 14:00:00,2.4506256148500016,2.4506256148500016,0.0,0.0,0.6383760978146974,0.0,0.19457144785868138,0.03979246817984311,0.0,0.0042591662493183975,0.2399550100229572,0.0,0.22349728317436113,0.0,0.0,0.0,0.0,1.1101741415501425,0.0,0.0,0.0,0.0,0.0,0.0,0.0,0.0,0.0,0.0,0.0,0.0,0.0,0.0,0.0,0.0,0.0,0.0,0.008361874998139451,0.008361874998139451
2018/08/17 10:00:00,2018/08/17 11:00:00,2018/08/17 15:00:00,1.4473094656318748,1.4473094656318748,0.0,0.0,0.7273942016900629,0.0,0.18848183893972803,0.03854706156031103,0.0,0.004125864795972619,0.23647871378177573,0.0,0.25228178486402447,0.0,0.0,0.0,0.0,0.0,0.0,0.0,0.0,0.0,0.0,0.0,0.0,0.0,0.0,0.0,0.0,0.0,0.0,0.0,0.0,0.0,0.0,0.0,0.004938420932965928,0.004938420932965928
2018/08/17 11:00:00,2018/08/17 12:00:00,2018/08/17 16:00:00,1.9978647239276435,1.9978647239276435,0.0,0.0,0.8737610846609906,0.0,0.18004485089820238,0.03682158445731919,0.0,0.003941179246742044,0.25158580738185676,0.0,0.30295203585660085,0.0,0.0,0.0,0.0,0.34875818142593146,0.0,0.0,0.0,0.0,0.0,0.0,0.0,0.0,0.0,0.0,0.0,0.0,0.0,0.0,0.0,0.0,0.0,0.0,0.006816991948277615,0.006816991948277615
2018/08/17 12:00:00,2018/08/17 13:00:00,2018/08/17 17:00:00,2.721016973984823,2.721016973984823,0.0,0.0,1.0326007656209868,0.0,0.17395524197924905,0.03557617783778712,0.0,0.003807877793396267,0.2577264052368096,0.0,0.35119660546122494,0.0,0.0,0.0,0.0,0.8661539000553695,0.0,0.0,0.0,0.0,0.0,0.0,0.0,0.0,0.0,0.0,0.0,0.0,0.0,0.0,0.0,0.0,0.0,0.0,0.009284487873791126,0.009284487873791126
2018/08/17 13:00:00,2018/08/17 14:00:00,2018/08/17 18:00:00,2.166231672912028,2.166231672912028,0.0,0.0,1.2672651970327489,0.0,0.1721632852403147,0.035209698673971224,0.0,0.003768651885655419,0.26549933396158615,0.0,0.422325506117752,0.0,0.0,0.0,0.0,0.0,0.0,0.0,0.0,0.0,0.0,0.0,0.0,0.0,0.0,0.0,0.0,0.0,0.0,0.0,0.0,0.0,0.0,0.0,0.007391483364956829,0.007391483364956829
2018/08/17 14:00:00,2018/08/17 15:00:00,2018/08/17 19:00:00,3.479247248418706,3.479247248418706,0.0,0.0,1.627317369525019,0.0,0.17200135566103103,0.03517658190528837,0.0,0.0037651072494488146,0.6540638939244177,0.0,0.528752469541218,0.0,0.0,0.0,0.0,0.45817047061228283,0.0,0.0,0.0,0.0,0.0,0.0,0.0,0.0,0.0,0.0,0.0,0.0,0.0,0.0,0.0,0.0,0.0,0.0,0.011871674890935388,0.011871674890935388
2018/08/17 15:00:00,2018/08/17 16:00:00,2018/08/17 20:00:00,3.106547983336152,3.106547983336152,0.0,0.0,1.985923144468927,0.0,0.17216046143222405,0.03520912116738004,0.0,0.003768590072536143,0.2828534135552759,0.0,0.6266332526398092,0.0,0.0,0.0,0.0,0.0,0.0,0.0,0.0,0.0,0.0,0.0,0.0,0.0,0.0,0.0,0.0,0.0,0.0,0.0,0.0,0.0,0.0,0.0,0.010599973229272348,0.010599973229272348
2018/08/17 16:00:00,2018/08/17 17:00:00,2018/08/17 21:00:00,3.388683588085198,3.388683588085198,0.0,0.0,2.1204159373706783,0.0,0.17312183072358475,0.03540573406899825,0.0,0.0037896344327645183,0.38312597586620323,0.0,0.6728244756229688,0.0,0.0,0.0,0.0,0.0,0.0,0.0,0.0,0.0,0.0,0.0,0.0,0.0,0.0,0.0,0.0,0.0,0.0,0.0,0.0,0.0,0.0,0.0,0.0115626591022756,0.0115626591022756
2018/08/17 17:00:00,2018/08/17 18:00:00,2018/08/17 22:00:00,3.4900667515079924,3.4900667515079924,0.0,0.0,2.0723573557221147,0.0,0.17758213335500161,0.03631792572140365,0.0,0.003887270394456464,0.5342588683228459,0.0,0.6656631979921708,0.0,0.0,0.0,0.0,0.0,0.0,0.0,0.0,0.0,0.0,0.0,0.0,0.0,0.0,0.0,0.0,0.0,0.0,0.0,0.0,0.0,0.0,0.0,0.011908592538341981,0.011908592538341981
2018/08/17 18:00:00,2018/08/17 19:00:00,2018/08/17 23:00:00,3.386856882321574,3.386856882321574,0.0,0.0,1.9647174489856023,0.0,0.19286503779060593,0.03944348445647083,0.0,0.0042218129569960685,0.5498357040003157,0.0,0.6357733941315831,0.0,0.0,0.0,0.0,0.0,0.0,0.0,0.0,0.0,0.0,0.0,0.0,0.0,0.0,0.0,0.0,0.0,0.0,0.0,0.0,0.0,0.0,0.0,0.011556426128474443,0.011556426128474443
2018/08/17 19:00:00,2018/08/17 20:00:00,2018/08/18 00:00:00,3.9402431086231426,3.9402431086231426,0.0,0.0,1.7380126340143427,0.0,0.23099165129518737,0.04724088778251356,0.0,0.005056403988859405,0.49840003857373244,0.0,0.5813239795215103,0.0,0.0,0.0,0.0,0.8392175134469971,0.0,0.0,0.0,0.0,0.0,0.0,0.0,0.0,0.0,0.0,0.0,0.0,0.0,0.0,0.0,0.0,0.0,0.0,0.013444656799853048,0.013444656799853048
2018/08/17 20:00:00,2018/08/17 21:00:00,2018/08/18 01:00:00,3.7559184152823706,3.7559184152823706,0.0,0.0,1.172847955347531,0.0,0.29831842445461637,0.06101011501540101,0.0,0.006530186103717432,0.48758957745724624,0.0,0.4108012860730053,0.0,0.0,0.0,0.0,1.3188208708308526,0.0,0.0,0.0,0.0,0.0,0.0,0.0,0.0,0.0,0.0,0.0,0.0,0.0,0.0,0.0,0.0,0.0,0.0,0.012815715342844624,0.012815715342844624
2018/08/17 21:00:00,2018/08/17 22:00:00,2018/08/18 02:00:00,2.840397930511503,2.840397930511503,0.0,0.0,0.8039723402355526,0.0,0.37692801925754593,0.07708683045464608,0.0,0.008250949025214567,0.4632829053811929,0.0,0.2923061422419861,0.0,0.0,0.0,0.0,0.8185707439153647,0.0,0.0,0.0,0.0,0.0,0.0,0.0,0.0,0.0,0.0,0.0,0.0,0.0,0.0,0.0,0.0,0.0,0.0,0.009691832279882922,0.009691832279882922
2018/08/17 22:00:00,2018/08/17 23:00:00,2018/08/18 03:00:00,1.4879243822201476,1.4879243822201476,0.0,0.0,0.5309222823463979,0.0,0.29615062745122006,0.06056677148156112,0.0,0.006482733057888501,0.39627516927644474,0.0,0.1975267986066352,0.0,0.0,0.0,0.0,0.0,0.0,0.0,0.0,0.0,0.0,0.0,0.0,0.0,0.0,0.0,0.0,0.0,0.0,0.0,0.0,0.0,0.0,0.0,0.005077004669915802,0.005077004669915802
2018/08/17 23:00:00,2018/08/18 00:00:00,2018/08/18 04:00:00,0.9194847868618394,0.9194847868618394,0.0,0.0,0.3061846252107344,0.0,0.13094360677997474,0.026779722120023,0.0,0.002866353705536267,0.3380365894132003,0.0,0.11467388963237066,0.0,0.0,0.0,0.0,0.0,0.0,0.0,0.0,0.0,0.0,0.0,0.0,0.0,0.0,0.0,0.0,0.0,0.0,0.0,0.0,0.0,0.0,0.0,0.0031374098123512044,0.0031374098123512044
2018/08/18 00:00:00,2018/08/18 01:00:00,2018/08/18 05:00:00,0.6247612928536325,0.6247612928536325,0.0,0.0,0.17574714637794117,0.0,0.06501908921459039,0.013297274945155983,0.0,0.0014232669458539432,0.30359413995633894,0.0,0.06568037541375195,0.0,0.0,0.0,0.0,0.0,0.0,0.0,0.0,0.0,0.0,0.0,0.0,0.0,0.0,0.0,0.0,0.0,0.0,0.0,0.0,0.0,0.0,0.0,0.0021317723126948675,0.0021317723126948675
2018/08/18 01:00:00,2018/08/18 02:00:00,2018/08/18 06:00:00,0.48513849185523383,0.48513849185523383,0.0,0.0,0.10600743126023948,0.0,0.03901145352875434,0.00797836496709361,0.0,0.0008539601675123682,0.2912227495572465,0.0,0.04006453237438755,0.0,0.0,0.0,0.0,0.0,0.0,0.0,0.0,0.0,0.0,0.0,0.0,0.0,0.0,0.0,0.0,0.0,0.0,0.0,0.0,0.0,0.0,0.0,0.001655359921604207,0.001655359921604207
2018/08/18 02:00:00,2018/08/18 03:00:00,2018/08/18 07:00:00,0.33979869238994653,0.33979869238994653,0.0,0.0,0.03380376568633552,0.0,0.026007635685836212,0.005318909978062404,0.0,0.0005693067783415784,0.2611065534058968,0.0,0.012992520855474043,0.0,0.0,0.0,0.0,0.0,0.0,0.0,0.0,0.0,0.0,0.0,0.0,0.0,0.0,0.0,0.0,0.0,0.0,0.0,0.0,0.0,0.0,0.0,0.0011594403376339012,0.0011594403376339012
2018/08/18 03:00:00,2018/08/18 04:00:00,2018/08/18 08:00:00,0.2812513570604932,0.2812513570604932,0.0,0.0,0.0,0.0,0.026007635685836212,0.005318909978062404,0.0,0.0005693067783415784,0.249355504618253,0.0,0.0,0.0,0.0,0.0,0.0,0.0,0.0,0.0,0.0,0.0,0.0,0.0,0.0,0.0,0.0,0.0,0.0,0.0,0.0,0.0,0.0,0.0,0.0,0.0,0.0009596686970648835,0.0009596686970648835
2018/08/18 04:00:00,2018/08/18 05:00:00,2018/08/18 09:00:00,0.26857783357329923,0.26857783357329923,0.0,0.0,0.0,0.0,0.026843243274492543,0.00548980292637717,0.0,0.0005875982166715451,0.23565718915575795,0.0,0.0,0.0,0.0,0.0,0.0,0.0,0.0,0.0,0.0,0.0,0.0,0.0,0.0,0.0,0.0,0.0,0.0,0.0,0.0,0.0,0.0,0.0,0.0,0.0,0.0009164248745308621,0.0009164248745308621
2018/08/18 05:00:00,2018/08/18 06:00:00,2018/08/18 10:00:00,0.3411210313651174,0.3411210313651174,0.0,0.0,0.0,0.0,0.06900948530167404,0.014113364412895239,0.0,0.0015106166599181724,0.25648756499062997,0.0,0.0,0.0,0.0,0.0,0.0,0.0,0.0,0.0,0.0,0.0,0.0,0.0,0.0,0.0,0.0,0.0,0.0,0.0,0.0,0.0,0.0,0.0,0.0,0.0,0.001163952341894586,0.001163952341894586
2018/08/18 06:00:00,2018/08/18 07:00:00,2018/08/18 11:00:00,0.5123818487333546,0.5123818487333546,0.0,0.0,0.0,0.0,0.16201522163153,0.03313428369051031,0.0,0.003546510916391187,0.3136858324949231,0.0,0.0,0.0,0.0,0.0,0.0,0.0,0.0,0.0,0.0,0.0,0.0,0.0,0.0,0.0,0.0,0.0,0.0,0.0,0.0,0.0,0.0,0.0,0.0,0.0,0.001748318039467711,0.001748318039467711
2018/08/18 07:00:00,2018/08/18 08:00:00,2018/08/18 12:00:00,1.5562824225110248,1.5562824225110248,0.0,0.0,0.051881369885966,0.0,0.20502608639988215,0.041930581844827744,0.0,0.0044880181395291685,0.35862554090222465,0.0,0.020207508225737678,0.0,0.0,0.0,0.0,0.8741233171128574,0.0,0.0,0.0,0.0,0.0,0.0,0.0,0.0,0.0,0.0,0.0,0.0,0.0,0.0,0.0,0.0,0.0,0.0,0.005310251798553639,0.005310251798553639
2018/08/18 08:00:00,2018/08/18 09:00:00,2018/08/18 13:00:00,2.054429583461148,2.054429583461148,0.0,0.0,0.13771856091173013,0.0,0.20318552328194064,0.04155416202522051,0.0,0.004447728238837415,0.2959239672796783,0.0,0.052778770892888204,0.0,0.0,0.0,0.0,1.3188208708308526,0.0,0.0,0.0,0.0,0.0,0.0,0.0,0.0,0.0,0.0,0.0,0.0,0.0,0.0,0.0,0.0,0.0,0.0,0.007009999106058194,0.007009999106058194
2018/08/18 09:00:00,2018/08/18 10:00:00,2018/08/18 14:00:00,1.3381798577635953,1.3381798577635953,0.0,0.0,0.4393190910395704,0.0,0.19457144785868138,0.03979246817984311,0.0,0.0042591662493183975,0.2399550100229572,0.0,0.16221867720038313,0.0,0.0,0.0,0.0,0.2580639972128417,0.0,0.0,0.0,0.0,0.0,0.0,0.0,0.0,0.0,0.0,0.0,0.0,0.0,0.0,0.0,0.0,0.0,0.0,0.0045660555524439485,0.0045660555524439485
2018/08/18 10:00:00,2018/08/18 11:00:00,2018/08/18 15:00:00,1.4659691308845564,1.4659691308845564,0.0,0.0,0.7363534751918818,0.0,0.18848183893972803,0.03854706156031103,0.0,0.004125864795972619,0.23647871378177573,0.0,0.26198217661488726,0.0,0.0,0.0,0.0,0.0,0.0,0.0,0.0,0.0,0.0,0.0,0.0,0.0,0.0,0.0,0.0,0.0,0.0,0.0,0.0,0.0,0.0,0.0,0.005002090302699338,0.005002090302699338
2018/08/18 11:00:00,2018/08/18 12:00:00,2018/08/18 16:00:00,1.7988786992096404,1.7988786992096404,0.0,0.0,0.9845553057388418,0.0,0.18004485089820238,0.03682158445731919,0.0,0.003941179246742044,0.25158580738185676,0.0,0.34192997148667814,0.0,0.0,0.0,0.0,0.0,0.0,0.0,0.0,0.0,0.0,0.0,0.0,0.0,0.0,0.0,0.0,0.0,0.0,0.0,0.0,0.0,0.0,0.0,0.006138023992101056,0.006138023992101056
2018/08/18 12:00:00,2018/08/18 13:00:00,2018/08/18 17:00:00,2.0069528498066806,2.0069528498066806,0.0,0.0,1.1444437232579883,0.0,0.17395524197924905,0.03557617783778712,0.0,0.003807877793396267,0.2577264052368096,0.0,0.39144342370145035,0.0,0.0,0.0,0.0,0.0,0.0,0.0,0.0,0.0,0.0,0.0,0.0,0.0,0.0,0.0,0.0,0.0,0.0,0.0,0.0,0.0,0.0,0.0,0.006848001896148627,0.006848001896148627
2018/08/18 13:00:00,2018/08/18 14:00:00,2018/08/18 18:00:00,3.357731018793018,3.357731018793018,0.0,0.0,1.3709668466789646,0.0,0.1721632852403147,0.035209698673971224,0.0,0.003768651885655419,0.26549933396158615,0.0,0.4607184952140874,0.0,0.0,0.0,0.0,1.0494047071384383,0.0,0.0,0.0,0.0,0.0,0.0,0.0,0.0,0.0,0.0,0.0,0.0,0.0,0.0,0.0,0.0,0.0,0.0,0.011457044636433046,0.011457044636433046
2018/08/18 14:00:00,2018/08/18 15:00:00,2018/08/18 19:00:00,2.5764599915835635,2.5764599915835635,0.0,0.0,1.4425091185527956,0.0,0.17200135566103103,0.03517658190528837,0.0,0.0037651072494488146,0.29490152653433727,0.0,0.4804666256759252,0.0,0.0,0.0,0.0,0.1476396760047374,0.0,0.0,0.0,0.0,0.0,0.0,0.0,0.0,0.0,0.0,0.0,0.0,0.0,0.0,0.0,0.0,0.0,0.0,0.008791239370379247,0.008791239370379247
2018/08/18 15:00:00,2018/08/18 16:00:00,2018/08/18 20:00:00,2.635744055644113,2.635744055644113,0.0,0.0,1.6119775091942559,0.0,0.17216046143222405,0.03520912116738004,0.0,0.003768590072536143,0.2828534135552759,0.0,0.5297749602224414,0.0,0.0,0.0,0.0,0.0,0.0,0.0,0.0,0.0,0.0,0.0,0.0,0.0,0.0,0.0,0.0,0.0,0.0,0.0,0.0,0.0,0.0,0.0,0.008993524831712903,0.008993524831712903
2018/08/18 16:00:00,2018/08/18 17:00:00,2018/08/18 21:00:00,2.803063698787758,2.803063698787758,0.0,0.0,1.6594927730636886,0.0,0.17312183072358475,0.03540573406899825,0.0,0.0037896344327645183,0.38312597586620323,0.0,0.5481277506325187,0.0,0.0,0.0,0.0,0.0,0.0,0.0,0.0,0.0,0.0,0.0,0.0,0.0,0.0,0.0,0.0,0.0,0.0,0.0,0.0,0.0,0.0,0.0,0.009564442695389154,0.009564442695389154
2018/08/18 17:00:00,2018/08/18 18:00:00,2018/08/18 22:00:00,2.4762389044801103,2.4762389044801103,0.0,0.0,1.2666316978063272,0.0,0.17758213335500161,0.03631792572140365,0.0,0.003887270394456464,0.5342588683228459,0.0,0.4575610088800755,0.0,0.0,0.0,0.0,0.0,0.0,0.0,0.0,0.0,0.0,0.0,0.0,0.0,0.0,0.0,0.0,0.0,0.0,0.0,0.0,0.0,0.0,0.0,0.008449271100130828,0.008449271100130828
2018/08/18 18:00:00,2018/08/18 19:00:00,2018/08/18 23:00:00,3.4515030715738524,3.4515030715738524,0.0,0.0,0.9889428059178202,0.0,0.19286503779060593,0.03944348445647083,0.0,0.0042218129569960685,0.5498357040003157,0.0,0.3795739118509795,0.0,0.0,0.0,0.0,1.2966203146006638,0.0,0.0,0.0,0.0,0.0,0.0,0.0,0.0,0.0,0.0,0.0,0.0,0.0,0.0,0.0,0.0,0.0,0.0,0.011777007905779787,0.011777007905779787
2018/08/18 19:00:00,2018/08/18 20:00:00,2018/08/19 00:00:00,3.479520603472038,3.479520603472038,0.0,0.0,0.6973409832270695,0.0,0.23099165129518737,0.04724088778251356,0.0,0.005056403988859405,0.9126247247527343,0.0,0.26744508159482167,0.0,0.0,0.0,0.0,1.3188208708308526,0.0,0.0,0.0,0.0,0.0,0.0,0.0,0.0,0.0,0.0,0.0,0.0,0.0,0.0,0.0,0.0,0.0,0.0,0.011872607616347309,0.011872607616347309
2018/08/18 20:00:00,2018/08/18 21:00:00,2018/08/19 01:00:00,1.811778321891077,1.811778321891077,0.0,0.0,0.4882018356957512,0.0,0.29831842445461637,0.06101011501540101,0.0,0.006530186103717432,0.48758957745724624,0.0,0.186523864165937,0.0,0.0,0.0,0.0,0.2836043189984079,0.0,0.0,0.0,0.0,0.0,0.0,0.0,0.0,0.0,0.0,0.0,0.0,0.0,0.0,0.0,0.0,0.0,0.0,0.0061820392964917845,0.0061820392964917845
2018/08/18 21:00:00,2018/08/18 22:00:00,2018/08/19 02:00:00,1.4099895778672162,1.4099895778672162,0.0,0.0,0.35006847277920145,0.0,0.37692801925754593,0.07708683045464608,0.0,0.008250949025214567,0.4632829053811929,0.0,0.13437240096941547,0.0,0.0,0.0,0.0,0.0,0.0,0.0,0.0,0.0,0.0,0.0,0.0,0.0,0.0,0.0,0.0,0.0,0.0,0.0,0.0,0.0,0.0,0.0,0.0048110802920529865,0.0048110802920529865
2018/08/18 22:00:00,2018/08/18 23:00:00,2018/08/19 03:00:00,1.0720247139647063,1.0720247139647063,0.0,0.0,0.2256410376380769,0.0,0.29615062745122006,0.06056677148156112,0.0,0.006482733057888501,0.39627516927644474,0.0,0.08690837505951504,0.0,0.0,0.0,0.0,0.0,0.0,0.0,0.0,0.0,0.0,0.0,0.0,0.0,0.0,0.0,0.0,0.0,0.0,0.0,0.0,0.0,0.0,0.0,0.0036578972319432626,0.0036578972319432626
2018/08/18 23:00:00,2018/08/19 00:00:00,2018/08/19 04:00:00,0.6365148892306315,0.6365148892306315,0.0,0.0,0.09925722974177667,0.0,0.13094360677997474,0.026779722120023,0.0,0.002866353705536267,0.3380365894132003,0.0,0.03863138747012053,0.0,0.0,0.0,0.0,0.0,0.0,0.0,0.0,0.0,0.0,0.0,0.0,0.0,0.0,0.0,0.0,0.0,0.0,0.0,0.0,0.0,0.0,0.0,0.002171877216147885,0.002171877216147885
2018/08/19 00:00:00,2018/08/19 01:00:00,2018/08/19 05:00:00,0.3833337710619392,0.3833337710619392,0.0,0.0,0.0,0.0,0.06501908921459039,0.013297274945155983,0.0,0.0014232669458539432,0.30359413995633894,0.0,0.0,0.0,0.0,0.0,0.0,0.0,0.0,0.0,0.0,0.0,0.0,0.0,0.0,0.0,0.0,0.0,0.0,0.0,0.0,0.0,0.0,0.0,0.0,0.0,0.0013079880732339193,0.0013079880732339193
2018/08/19 01:00:00,2018/08/19 02:00:00,2018/08/19 06:00:00,0.33906652822060673,0.33906652822060673,0.0,0.0,0.0,0.0,0.03901145352875434,0.00797836496709361,0.0,0.0008539601675123682,0.2912227495572465,0.0,0.0,0.0,0.0,0.0,0.0,0.0,0.0,0.0,0.0,0.0,0.0,0.0,0.0,0.0,0.0,0.0,0.0,0.0,0.0,0.0,0.0,0.0,0.0,0.0,0.001156942091788009,0.001156942091788009
2018/08/19 02:00:00,2018/08/19 03:00:00,2018/08/19 07:00:00,0.29300240584813697,0.29300240584813697,0.0,0.0,0.0,0.0,0.026007635685836212,0.005318909978062404,0.0,0.0005693067783415784,0.2611065534058968,0.0,0.0,0.0,0.0,0.0,0.0,0.0,0.0,0.0,0.0,0.0,0.0,0.0,0.0,0.0,0.0,0.0,0.0,0.0,0.0,0.0,0.0,0.0,0.0,0.0,0.0009997649077891518,0.0009997649077891518
2018/08/19 03:00:00,2018/08/19 04:00:00,2018/08/19 08:00:00,0.2812513570604932,0.2812513570604932,0.0,0.0,0.0,0.0,0.026007635685836212,0.005318909978062404,0.0,0.0005693067783415784,0.249355504618253,0.0,0.0,0.0,0.0,0.0,0.0,0.0,0.0,0.0,0.0,0.0,0.0,0.0,0.0,0.0,0.0,0.0,0.0,0.0,0.0,0.0,0.0,0.0,0.0,0.0,0.0009596686970648835,0.0009596686970648835
2018/08/19 04:00:00,2018/08/19 05:00:00,2018/08/19 09:00:00,0.30042332320676635,0.30042332320676635,0.03184548963346713,0.0,0.0,0.0,0.026843243274492543,0.00548980292637717,0.0,0.0005875982166715451,0.23565718915575795,0.0,0.0,0.0,0.0,0.0,0.0,0.0,0.0,0.0,0.0,0.0,0.0,0.0,0.0,0.0,0.0,0.0,0.0,0.0,0.0,0.0,0.0,0.0,0.0,0.0,0.0010250861086075723,0.0010250861086075723
2018/08/19 05:00:00,2018/08/19 06:00:00,2018/08/19 10:00:00,0.5568762212415571,0.5568762212415571,0.21575518987643974,0.0,0.0,0.0,0.06900948530167404,0.014113364412895239,0.0,0.0015106166599181724,0.25648756499062997,0.0,0.0,0.0,0.0,0.0,0.0,0.0,0.0,0.0,0.0,0.0,0.0,0.0,0.0,0.0,0.0,0.0,0.0,0.0,0.0,0.0,0.0,0.0,0.0,0.0,0.0019001390188860684,0.0019001390188860684
2018/08/19 06:00:00,2018/08/19 07:00:00,2018/08/19 11:00:00,1.2443351472012736,1.2443351472012736,0.2411307208384612,0.0,0.0,0.0,0.16201522163153,0.03313428369051031,0.0,0.003546510916391187,0.3136858324949231,0.0,0.0,0.0,0.0,0.0,0.0,0.4908225776294578,0.0,0.0,0.0,0.0,0.0,0.0,0.0,0.0,0.0,0.0,0.0,0.0,0.0,0.0,0.0,0.0,0.0,0.0,0.00424584436465436,0.00424584436465436
2018/08/19 07:00:00,2018/08/19 08:00:00,2018/08/19 12:00:00,1.8874250034182856,1.8874250034182856,0.0,0.0,0.009880584360178685,0.0,0.20502608639988215,0.041930581844827744,0.0,0.0044880181395291685,0.35862554090222465,0.0,0.0038799498738968474,0.0,0.0,0.0,0.0,1.2635942418977464,0.0,0.0,0.0,0.0,0.0,0.0,0.0,0.0,0.0,0.0,0.0,0.0,0.0,0.0,0.0,0.0,0.0,0.0,0.006440156281445155,0.006440156281445155
2018/08/19 08:00:00,2018/08/19 09:00:00,2018/08/19 13:00:00,1.8660198957589857,1.8660198957589857,0.0,0.0,0.001510799657025068,0.0,0.20318552328194064,0.04155416202522051,0.0,0.004447728238837415,0.2959239672796783,0.0,0.000576844445430996,0.0,0.0,0.0,0.0,1.3188208708308526,0.0,0.0,0.0,0.0,0.0,0.0,0.0,0.0,0.0,0.0,0.0,0.0,0.0,0.0,0.0,0.0,0.0,0.0,0.006367119080869032,0.006367119080869032
2018/08/19 09:00:00,2018/08/19 10:00:00,2018/08/19 14:00:00,2.0028752588253598,2.0028752588253598,0.0,0.0,0.1491503300744894,0.0,0.19457144785868138,0.03979246817984311,0.0,0.0042591662493183975,0.2399550100229572,0.0,0.05632596560921745,0.0,0.0,0.0,0.0,1.3188208708308526,0.0,0.0,0.0,0.0,0.0,0.0,0.0,0.0,0.0,0.0,0.0,0.0,0.0,0.0,0.0,0.0,0.0,0.0,0.006834088589329041,0.006834088589329041
2018/08/19 10:00:00,2018/08/19 11:00:00,2018/08/19 15:00:00,1.203151698456274,1.203151698456274,0.0,0.0,0.4141911044668354,0.0,0.18848183893972803,0.03854706156031103,0.0,0.004125864795972619,0.2708157574499429,0.0,0.15302140298786784,0.0,0.0,0.0,0.0,0.1339686682556161,0.0,0.0,0.0,0.0,0.0,0.0,0.0,0.0,0.0,0.0,0.0,0.0,0.0,0.0,0.0,0.0,0.0,0.0,0.004105320717014674,0.004105320717014674
2018/08/19 11:00:00,2018/08/19 12:00:00,2018/08/19 16:00:00,2.1310270666647675,2.1310270666647675,0.0,0.0,0.6505825950863594,0.0,0.18004485089820238,0.03682158445731919,0.0,0.003941179246742044,1.0256481211401582,0.0,0.23398873583598617,0.0,0.0,0.0,0.0,0.0,0.0,0.0,0.0,0.0,0.0,0.0,0.0,0.0,0.0,0.0,0.0,0.0,0.0,0.0,0.0,0.0,0.0,0.0,0.00727136035840108,0.00727136035840108
2018/08/19 12:00:00,2018/08/19 13:00:00,2018/08/19 17:00:00,1.622347973666024,1.622347973666024,0.0,0.0,0.8521741853745424,0.0,0.17395524197924905,0.03557617783778712,0.0,0.003807877793396267,0.2577264052368096,0.0,0.2991080854442397,0.0,0.0,0.0,0.0,0.0,0.0,0.0,0.0,0.0,0.0,0.0,0.0,0.0,0.0,0.0,0.0,0.0,0.0,0.0,0.0,0.0,0.0,0.0,0.0055356766358252854,0.0055356766358252854
2018/08/19 13:00:00,2018/08/19 14:00:00,2018/08/19 18:00:00,2.326193023673924,2.326193023673924,0.0,0.0,1.0460213631548663,0.0,0.1721632852403147,0.035209698673971224,0.0,0.003768651885655419,0.26549933396158615,0.0,0.3618720190810543,0.0,0.0,0.0,0.0,0.44165867167647593,0.0,0.0,0.0,0.0,0.0,0.0,0.0,0.0,0.0,0.0,0.0,0.0,0.0,0.0,0.0,0.0,0.0,0.0,0.007937293712934598,0.007937293712934598
2018/08/19 14:00:00,2018/08/19 15:00:00,2018/08/19 19:00:00,2.1643032067716095,2.1643032067716095,0.0,0.0,1.2355514541050454,0.0,0.17200135566103103,0.03517658190528837,0.0,0.0037651072494488146,0.29490152653433727,0.0,0.4229071813164585,0.0,0.0,0.0,0.0,0.0,0.0,0.0,0.0,0.0,0.0,0.0,0.0,0.0,0.0,0.0,0.0,0.0,0.0,0.0,0.0,0.0,0.0,0.0,0.007384903170615184,0.007384903170615184
2018/08/19 15:00:00,2018/08/19 16:00:00,2018/08/19 20:00:00,2.400292917825053,2.400292917825053,0.0,0.0,1.3989449523734547,0.0,0.17216046143222405,0.03520912116738004,0.0,0.003768590072536143,0.3132996244288172,0.0,0.47691016835064115,0.0,0.0,0.0,0.0,0.0,0.0,0.0,0.0,0.0,0.0,0.0,0.0,0.0,0.0,0.0,0.0,0.0,0.0,0.0,0.0,0.0,0.0,0.0,0.008190132844506733,0.008190132844506733
2018/08/19 16:00:00,2018/08/19 17:00:00,2018/08/19 21:00:00,3.232188073436658,3.232188073436658,0.0,0.0,1.4514744883278554,0.0,0.17312183072358475,0.03540573406899825,0.0,0.0037896344327645183,1.0694769809702034,0.0,0.4989194049132512,0.0,0.0,0.0,0.0,0.0,0.0,0.0,0.0,0.0,0.0,0.0,0.0,0.0,0.0,0.0,0.0,0.0,0.0,0.0,0.0,0.0,0.0,0.0,0.011028674668533078,0.011028674668533078
2018/08/19 17:00:00,2018/08/19 18:00:00,2018/08/19 22:00:00,2.6892834667184986,2.6892834667184986,0.0,0.0,1.4394451837400997,0.0,0.17758213335500161,0.03631792572140365,0.0,0.003887270394456464,0.5342588683228459,0.0,0.4977920851846913,0.0,0.0,0.0,0.0,0.0,0.0,0.0,0.0,0.0,0.0,0.0,0.0,0.0,0.0,0.0,0.0,0.0,0.0,0.0,0.0,0.0,0.0,0.0,0.009176208739105839,0.009176208739105839
2018/08/19 18:00:00,2018/08/19 19:00:00,2018/08/19 23:00:00,3.2005753740088108,3.2005753740088108,0.0,0.0,1.2806834949557344,0.0,0.19286503779060593,0.03944348445647083,0.0,0.0042218129569960685,0.5498357040003157,0.0,0.45192829891752057,0.0,0.0,0.0,0.0,0.6815975409311672,0.0,0.0,0.0,0.0,0.0,0.0,0.0,0.0,0.0,0.0,0.0,0.0,0.0,0.0,0.0,0.0,0.0,0.0,0.010920807746973299,0.010920807746973299
2018/08/19 19:00:00,2018/08/19 20:00:00,2018/08/20 00:00:00,2.291933216957518,2.291933216957518,0.0,0.0,0.9878337598494883,0.0,0.23099165129518737,0.04724088778251356,0.0,0.005056403988859405,0.49840003857373244,0.0,0.3558106033726602,0.0,0.0,0.0,0.0,0.1665998720950767,0.0,0.0,0.0,0.0,0.0,0.0,0.0,0.0,0.0,0.0,0.0,0.0,0.0,0.0,0.0,0.0,0.0,0.0,0.007820394493614009,0.007820394493614009
2018/08/19 20:00:00,2018/08/19 21:00:00,2018/08/20 01:00:00,1.8628996323426845,1.8628996323426845,0.0,0.0,0.7089755006850483,0.0,0.29831842445461637,0.06101011501540101,0.0,0.006530186103717432,0.5258812363301948,0.0,0.2621841697537067,0.0,0.0,0.0,0.0,0.0,0.0,0.0,0.0,0.0,0.0,0.0,0.0,0.0,0.0,0.0,0.0,0.0,0.0,0.0,0.0,0.0,0.0,0.0,0.0063564723086773625,0.0063564723086773625
2018/08/19 21:00:00,2018/08/19 22:00:00,2018/08/20 02:00:00,2.4795047147038245,2.4795047147038245,0.0,0.0,0.5006226849361716,0.0,0.37692801925754593,0.07708683045464608,0.0,0.008250949025214567,1.3264943790095027,0.0,0.1901218520207435,0.0,0.0,0.0,0.0,0.0,0.0,0.0,0.0,0.0,0.0,0.0,0.0,0.0,0.0,0.0,0.0,0.0,0.0,0.0,0.0,0.0,0.0,0.0,0.00846041449824634,0.00846041449824634
2018/08/19 22:00:00,2018/08/19 23:00:00,2018/08/20 03:00:00,1.8106253188304446,1.8106253188304446,0.0,0.0,0.2926366709053306,0.0,0.29615062745122006,0.06056677148156112,0.0,0.006482733057888501,0.39627516927644474,0.0,0.11343996115159603,0.0,0.0,0.0,0.0,0.6450733855064038,0.0,0.0,0.0,0.0,0.0,0.0,0.0,0.0,0.0,0.0,0.0,0.0,0.0,0.0,0.0,0.0,0.0,0.0,0.006178105089892841,0.006178105089892841
2018/08/19 23:00:00,2018/08/20 00:00:00,2018/08/20 04:00:00,0.97164060485362,0.97164060485362,0.0,0.0,0.11763428695750354,0.0,0.13094360677997474,0.026779722120023,0.0,0.002866353705536267,0.3380365894132003,0.0,0.046360198959568416,0.0,0.0,0.0,0.0,0.30901984691781365,0.0,0.0,0.0,0.0,0.0,0.0,0.0,0.0,0.0,0.0,0.0,0.0,0.0,0.0,0.0,0.0,0.0,0.0,0.003315372707960486,0.003315372707960486
2018/08/20 00:00:00,2018/08/20 01:00:00,2018/08/20 05:00:00,0.5448603633495228,0.5448603633495228,0.0,0.0,0.0,0.0,0.06501908921459039,0.013297274945155983,0.0,0.0014232669458539432,0.30359413995633894,0.0,0.0,0.0,0.0,0.0,0.0,0.16152659228758356,0.0,0.0,0.0,0.0,0.0,0.0,0.0,0.0,0.0,0.0,0.0,0.0,0.0,0.0,0.0,0.0,0.0,0.0,0.0018591392427147301,0.0018591392427147301
2018/08/20 01:00:00,2018/08/20 02:00:00,2018/08/20 06:00:00,0.34788781134238966,0.34788781134238966,0.008821283121782913,0.0,0.0,0.0,0.03901145352875434,0.00797836496709361,0.0,0.0008539601675123682,0.2912227495572465,0.0,0.0,0.0,0.0,0.0,0.0,0.0,0.0,0.0,0.0,0.0,0.0,0.0,0.0,0.0,0.0,0.0,0.0,0.0,0.0,0.0,0.0,0.0,0.0,0.0,0.0011870415351058986,0.0011870415351058986
2018/08/20 02:00:00,2018/08/20 03:00:00,2018/08/20 07:00:00,0.534339977352366,0.534339977352366,0.24133757150422908,0.0,0.0,0.0,0.026007635685836212,0.005318909978062404,0.0,0.0005693067783415784,0.2611065534058968,0.0,0.0,0.0,0.0,0.0,0.0,0.0,0.0,0.0,0.0,0.0,0.0,0.0,0.0,0.0,0.0,0.0,0.0,0.0,0.0,0.0,0.0,0.0,0.0,0.0,0.0018232422243748701,0.0018232422243748701
2018/08/20 03:00:00,2018/08/20 04:00:00,2018/08/20 08:00:00,0.9484161084287722,0.9484161084287722,0.6671647513682789,0.0,0.0,0.0,0.026007635685836212,0.005318909978062404,0.0,0.0005693067783415784,0.249355504618253,0.0,0.0,0.0,0.0,0.0,0.0,0.0,0.0,0.0,0.0,0.0,0.0,0.0,0.0,0.0,0.0,0.0,0.0,0.0,0.0,0.0,0.0,0.0,0.0,0.0,0.0032361275001969976,0.0032361275001969976
2018/08/20 04:00:00,2018/08/20 05:00:00,2018/08/20 09:00:00,1.2786321282233115,1.2786321282233115,1.0100542946500124,0.0,0.0,0.0,0.026843243274492543,0.00548980292637717,0.0,0.0005875982166715451,0.23565718915575795,0.0,0.0,0.0,0.0,0.0,0.0,0.0,0.0,0.0,0.0,0.0,0.0,0.0,0.0,0.0,0.0,0.0,0.0,0.0,0.0,0.0,0.0,0.0,0.0,0.0,0.0043628704278694036,0.0043628704278694036
2018/08/20 05:00:00,2018/08/20 06:00:00,2018/08/20 10:00:00,1.606027013646948,1.606027013646948,1.2649059822818305,0.0,0.0,0.0,0.06900948530167404,0.014113364412895239,0.0,0.0015106166599181724,0.25648756499062997,0.0,0.0,0.0,0.0,0.0,0.0,0.0,0.0,0.0,0.0,0.0,0.0,0.0,0.0,0.0,0.0,0.0,0.0,0.0,0.0,0.0,0.0,0.0,0.0,0.0,0.005479987253203086,0.005479987253203086
2018/08/20 06:00:00,2018/08/20 07:00:00,2018/08/20 11:00:00,1.7578081110350807,1.7578081110350807,1.2454262623017263,0.0,0.0,0.0,0.16201522163153,0.03313428369051031,0.0,0.003546510916391187,0.3136858324949231,0.0,0.0,0.0,0.0,0.0,0.0,0.0,0.0,0.0,0.0,0.0,0.0,0.0,0.0,0.0,0.0,0.0,0.0,0.0,0.0,0.0,0.0,0.0,0.0,0.0,0.0059978854404044305,0.0059978854404044305
2018/08/20 07:00:00,2018/08/20 08:00:00,2018/08/20 12:00:00,1.6611198826830575,1.6611198826830575,0.6384062363662975,0.0,0.0,0.0,0.20502608639988215,0.041930581844827744,0.0,0.0044880181395291685,0.35862554090222465,0.0,0.0,0.0,0.0,0.0,0.0,0.4126434190302963,0.0,0.0,0.0,0.0,0.0,0.0,0.0,0.0,0.0,0.0,0.0,0.0,0.0,0.0,0.0,0.0,0.0,0.0,0.005667971774942043,0.005667971774942043
2018/08/20 08:00:00,2018/08/20 09:00:00,2018/08/20 13:00:00,1.8476862180752747,1.8476862180752747,0.06411347852930611,0.0,0.05649656347954506,0.0,0.20318552328194064,0.04155416202522051,0.0,0.004447728238837415,0.36908418990542324,0.0,0.02218085665066659,0.0,0.0,0.0,0.0,1.086623715964335,0.0,0.0,0.0,0.0,0.0,0.0,0.0,0.0,0.0,0.0,0.0,0.0,0.0,0.0,0.0,0.0,0.0,0.0,0.006304562026001737,0.006304562026001737
2018/08/20 09:00:00,2018/08/20 10:00:00,2018/08/20 14:00:00,3.663002168077743,3.663002168077743,0.0,0.0,0.14516272340498332,0.0,0.19457144785868138,0.03979246817984311,0.0,0.0042591662493183975,1.9054970893673877,0.0,0.054898402186676104,0.0,0.0,0.0,0.0,1.3188208708308526,0.0,0.0,0.0,0.0,0.0,0.0,0.0,0.0,0.0,0.0,0.0,0.0,0.0,0.0,0.0,0.0,0.0,0.0,0.01249867220099822,0.01249867220099822
2018/08/20 10:00:00,2018/08/20 11:00:00,2018/08/20 15:00:00,2.7557317396673735,2.7557317396673735,0.0,0.0,0.43741133013706507,0.0,0.18848183893972803,0.03854706156031103,0.0,0.004125864795972619,0.6065962137593854,0.0,0.16174855964405846,0.0,0.0,0.0,0.0,1.3188208708308526,0.0,0.0,0.0,0.0,0.0,0.0,0.0,0.0,0.0,0.0,0.0,0.0,0.0,0.0,0.0,0.0,0.0,0.0,0.009402939476299554,0.009402939476299554
2018/08/20 11:00:00,2018/08/20 12:00:00,2018/08/20 16:00:00,2.740821094417073,2.740821094417073,0.0,0.0,0.665647710811967,0.0,0.18004485089820238,0.03682158445731919,0.0,0.003941179246742044,0.3557889691610797,0.0,0.24166284697700485,0.0,0.0,0.0,0.0,1.2569139528647577,0.0,0.0,0.0,0.0,0.0,0.0,0.0,0.0,0.0,0.0,0.0,0.0,0.0,0.0,0.0,0.0,0.0,0.0,0.009352062283565955,0.009352062283565955
2018/08/20 12:00:00,2018/08/20 13:00:00,2018/08/20 17:00:00,2.4900157755437125,2.4900157755437125,0.0,0.0,0.8705481234531027,0.0,0.17395524197924905,0.03557617783778712,0.0,0.003807877793396267,1.0940979895052667,0.0,0.31203036497491105,0.0,0.0,0.0,0.0,0.0,0.0,0.0,0.0,0.0,0.0,0.0,0.0,0.0,0.0,0.0,0.0,0.0,0.0,0.0,0.0,0.0,0.0,0.0,0.008496279697854305,0.008496279697854305
2018/08/20 13:00:00,2018/08/20 14:00:00,2018/08/20 18:00:00,1.9403711972097912,1.9403711972097912,0.0,0.0,1.0839386372188131,0.0,0.1721632852403147,0.035209698673971224,0.0,0.003768651885655419,0.26549933396158615,0.0,0.3797915902294506,0.0,0.0,0.0,0.0,0.0,0.0,0.0,0.0,0.0,0.0,0.0,0.0,0.0,0.0,0.0,0.0,0.0,0.0,0.0,0.0,0.0,0.0,0.0,0.006620816049068997,0.006620816049068997
2018/08/20 14:00:00,2018/08/20 15:00:00,2018/08/20 19:00:00,2.2222662082724245,2.2222662082724245,0.0,0.0,1.2777418574168513,0.0,0.17200135566103103,0.03517658190528837,0.0,0.0037651072494488146,0.29490152653433727,0.0,0.4386797795054677,0.0,0.0,0.0,0.0,0.0,0.0,0.0,0.0,0.0,0.0,0.0,0.0,0.0,0.0,0.0,0.0,0.0,0.0,0.0,0.0,0.0,0.0,0.0,0.007582680982994923,0.007582680982994923
2018/08/20 15:00:00,2018/08/20 16:00:00,2018/08/20 20:00:00,3.039340102231654,3.039340102231654,0.0,0.0,1.460325507626118,0.0,0.17216046143222405,0.03520912116738004,0.0,0.003768590072536143,0.2828534135552759,0.0,0.4992719131590733,0.0,0.0,0.0,0.0,0.5857510952190467,0.0,0.0,0.0,0.0,0.0,0.0,0.0,0.0,0.0,0.0,0.0,0.0,0.0,0.0,0.0,0.0,0.0,0.0,0.010370650603539477,0.010370650603539477
2018/08/20 16:00:00,2018/08/20 17:00:00,2018/08/20 21:00:00,2.721746428297204,2.721746428297204,0.0,0.0,1.5897833283344565,0.0,0.17312183072358475,0.03540573406899825,0.0,0.0037896344327645183,0.38312597586620323,0.0,0.5365199248711968,0.0,0.0,0.0,0.0,0.0,0.0,0.0,0.0,0.0,0.0,0.0,0.0,0.0,0.0,0.0,0.0,0.0,0.0,0.0,0.0,0.0,0.0,0.0,0.009286976873228665,0.009286976873228665
2018/08/20 17:00:00,2018/08/20 18:00:00,2018/08/20 22:00:00,3.033665126254575,3.033665126254575,0.0,0.0,1.7098199715258084,0.0,0.17758213335500161,0.03631792572140365,0.0,0.003887270394456464,0.5342588683228459,0.0,0.5717989569350587,0.0,0.0,0.0,0.0,0.0,0.0,0.0,0.0,0.0,0.0,0.0,0.0,0.0,0.0,0.0,0.0,0.0,0.0,0.0,0.0,0.0,0.0,0.0,0.01035128679723213,0.01035128679723213
2018/08/20 18:00:00,2018/08/20 19:00:00,2018/08/20 23:00:00,2.986241862276262,2.986241862276262,0.0,0.0,1.6066506143782722,0.0,0.19286503779060593,0.03944348445647083,0.0,0.0042218129569960685,0.5498357040003157,0.0,0.5524438184923861,0.0,0.0,0.0,0.0,0.040781390201215316,0.0,0.0,0.0,0.0,0.0,0.0,0.0,0.0,0.0,0.0,0.0,0.0,0.0,0.0,0.0,0.0,0.0,0.0,0.010189472033284724,0.010189472033284724
2018/08/20 19:00:00,2018/08/20 20:00:00,2018/08/21 00:00:00,3.9370846699082755,3.9370846699082755,0.0,0.0,1.3547293204273847,0.0,0.23099165129518737,0.04724088778251356,0.0,0.005056403988859405,0.49840003857373244,0.0,0.4818454970097452,0.0,0.0,0.0,0.0,1.3188208708308526,0.0,0.0,0.0,0.0,0.0,0.0,0.0,0.0,0.0,0.0,0.0,0.0,0.0,0.0,0.0,0.0,0.0,0.0,0.013433879768239992,0.013433879768239992
2018/08/20 20:00:00,2018/08/20 21:00:00,2018/08/21 01:00:00,2.4176882771792507,2.4176882771792507,0.0,0.0,0.9771349121758456,0.0,0.29831842445461637,0.06101011501540101,0.0,0.006530186103717432,0.48758957745724624,0.0,0.35717335315390386,0.0,0.0,0.0,0.0,0.22993170881851982,0.0,0.0,0.0,0.0,0.0,0.0,0.0,0.0,0.0,0.0,0.0,0.0,0.0,0.0,0.0,0.0,0.0,0.0,0.008249488226898107,0.008249488226898107
2018/08/20 21:00:00,2018/08/20 22:00:00,2018/08/21 02:00:00,2.1055436075246683,2.1055436075246683,0.0,0.0,0.6864616791655126,0.0,0.37692801925754593,0.07708683045464608,0.0,0.008250949025214567,0.4632829053811929,0.0,0.2568834109135115,0.0,0.0,0.0,0.0,0.23664981332704513,0.0,0.0,0.0,0.0,0.0,0.0,0.0,0.0,0.0,0.0,0.0,0.0,0.0,0.0,0.0,0.0,0.0,0.0,0.007184407256075515,0.007184407256075515
2018/08/20 22:00:00,2018/08/20 23:00:00,2018/08/21 03:00:00,1.576761134589272,1.576761134589272,0.0,0.0,0.4535029369817634,0.0,0.29615062745122006,0.06056677148156112,0.0,0.006482733057888501,0.39627516927644474,0.0,0.17195313281972938,0.0,0.0,0.0,0.0,0.19182976352066483,0.0,0.0,0.0,0.0,0.0,0.0,0.0,0.0,0.0,0.0,0.0,0.0,0.0,0.0,0.0,0.0,0.0,0.0,0.005380128008727698,0.005380128008727698
2018/08/20 23:00:00,2018/08/21 00:00:00,2018/08/21 04:00:00,0.8676867024677923,0.8676867024677923,0.0,0.0,0.2666598105807543,0.0,0.13094360677997474,0.026779722120023,0.0,0.002866353705536267,0.3380365894132003,0.0,0.10240061986830376,0.0,0.0,0.0,0.0,0.0,0.0,0.0,0.0,0.0,0.0,0.0,0.0,0.0,0.0,0.0,0.0,0.0,0.0,0.0,0.0,0.0,0.0,0.0,0.0029606675534678086,0.0029606675534678086
2018/08/21 00:00:00,2018/08/21 01:00:00,2018/08/21 05:00:00,0.5473187357647344,0.5473187357647344,0.0,0.0,0.11842517020387815,0.0,0.06501908921459039,0.013297274945155983,0.0,0.0014232669458539432,0.30359413995633894,0.0,0.04555979449891711,0.0,0.0,0.0,0.0,0.0,0.0,0.0,0.0,0.0,0.0,0.0,0.0,0.0,0.0,0.0,0.0,0.0,0.0,0.0,0.0,0.0,0.0,0.0,0.0018675275508717609,0.0018675275508717609
2018/08/21 01:00:00,2018/08/21 02:00:00,2018/08/21 06:00:00,0.38152152491999003,0.38152152491999003,0.0,0.0,0.03065408815843051,0.0,0.03901145352875434,0.00797836496709361,0.0,0.0008539601675123682,0.2912227495572465,0.0,0.011800908540952703,0.0,0.0,0.0,0.0,0.0,0.0,0.0,0.0,0.0,0.0,0.0,0.0,0.0,0.0,0.0,0.0,0.0,0.0,0.0,0.0,0.0,0.0,0.0,0.0013018044376704075,0.0013018044376704075
2018/08/21 02:00:00,2018/08/21 03:00:00,2018/08/21 07:00:00,0.2934509562278375,0.2934509562278375,0.0,0.0,0.000322803194940685,0.0,0.026007635685836212,0.005318909978062404,0.0,0.0005693067783415784,0.2611065534058968,0.0,0.0001257471847598969,0.0,0.0,0.0,0.0,0.0,0.0,0.0,0.0,0.0,0.0,0.0,0.0,0.0,0.0,0.0,0.0,0.0,0.0,0.0,0.0,0.0,0.0,0.0,0.0010012954239898705,0.0010012954239898705
2018/08/21 03:00:00,2018/08/21 04:00:00,2018/08/21 08:00:00,0.2812513570604932,0.2812513570604932,0.0,0.0,0.0,0.0,0.026007635685836212,0.005318909978062404,0.0,0.0005693067783415784,0.249355504618253,0.0,0.0,0.0,0.0,0.0,0.0,0.0,0.0,0.0,0.0,0.0,0.0,0.0,0.0,0.0,0.0,0.0,0.0,0.0,0.0,0.0,0.0,0.0,0.0,0.0,0.0009596686970648835,0.0009596686970648835
2018/08/21 04:00:00,2018/08/21 05:00:00,2018/08/21 09:00:00,0.6794940571849283,0.6794940571849283,0.0,0.0,0.0,0.0,0.026843243274492543,0.00548980292637717,0.0,0.0005875982166715451,0.23565718915575795,0.0,0.0,0.0,0.0,0.0,0.0,0.4109162236116291,0.0,0.0,0.0,0.0,0.0,0.0,0.0,0.0,0.0,0.0,0.0,0.0,0.0,0.0,0.0,0.0,0.0,0.0,0.0023185281071612263,0.0023185281071612263
2018/08/21 05:00:00,2018/08/21 06:00:00,2018/08/21 10:00:00,0.3411210313651174,0.3411210313651174,0.0,0.0,0.0,0.0,0.06900948530167404,0.014113364412895239,0.0,0.0015106166599181724,0.25648756499062997,0.0,0.0,0.0,0.0,0.0,0.0,0.0,0.0,0.0,0.0,0.0,0.0,0.0,0.0,0.0,0.0,0.0,0.0,0.0,0.0,0.0,0.0,0.0,0.0,0.0,0.001163952341894586,0.001163952341894586
2018/08/21 06:00:00,2018/08/21 07:00:00,2018/08/21 11:00:00,0.5123818487333546,0.5123818487333546,0.0,0.0,0.0,0.0,0.16201522163153,0.03313428369051031,0.0,0.003546510916391187,0.3136858324949231,0.0,0.0,0.0,0.0,0.0,0.0,0.0,0.0,0.0,0.0,0.0,0.0,0.0,0.0,0.0,0.0,0.0,0.0,0.0,0.0,0.0,0.0,0.0,0.0,0.0,0.001748318039467711,0.001748318039467711
2018/08/21 07:00:00,2018/08/21 08:00:00,2018/08/21 12:00:00,1.3601673108575907,1.3601673108575907,0.0,0.0,0.007864438659060074,0.0,0.20502608639988215,0.041930581844827744,0.0,0.0044880181395291685,0.4566829047179834,0.0,0.0030480803385265313,0.0,0.0,0.0,0.0,0.6411272007577816,0.0,0.0,0.0,0.0,0.0,0.0,0.0,0.0,0.0,0.0,0.0,0.0,0.0,0.0,0.0,0.0,0.0,0.0,0.004641079796533023,0.004641079796533023
2018/08/21 08:00:00,2018/08/21 09:00:00,2018/08/21 13:00:00,4.178287187449401,4.178287187449401,0.0,0.0,0.07502007277397058,0.0,0.20318552328194064,0.04155416202522051,0.0,0.004447728238837415,2.506437797468054,0.0,0.02882103283052516,0.0,0.0,0.0,0.0,1.3188208708308526,0.0,0.0,0.0,0.0,0.0,0.0,0.0,0.0,0.0,0.0,0.0,0.0,0.0,0.0,0.0,0.0,0.0,0.0,0.014256896261944143,0.014256896261944143
2018/08/21 09:00:00,2018/08/21 10:00:00,2018/08/21 14:00:00,1.8214547246864918,1.8214547246864918,0.0,0.0,0.017427278855274432,0.0,0.19457144785868138,0.03979246817984311,0.0,0.0042591662493183975,0.2399550100229572,0.0,0.0066284826895646465,0.0,0.0,0.0,0.0,1.3188208708308526,0.0,0.0,0.0,0.0,0.0,0.0,0.0,0.0,0.0,0.0,0.0,0.0,0.0,0.0,0.0,0.0,0.0,0.0,0.0062150565269151505,0.0062150565269151505
2018/08/21 10:00:00,2018/08/21 11:00:00,2018/08/21 15:00:00,1.6900614604306923,1.6900614604306923,0.0,0.0,0.08787734508167137,0.0,0.18848183893972803,0.03854706156031103,0.0,0.004125864795972619,0.23647871378177573,0.0,0.03354029081742232,0.0,0.0,0.0,0.0,1.1010103454538112,0.0,0.0,0.0,0.0,0.0,0.0,0.0,0.0,0.0,0.0,0.0,0.0,0.0,0.0,0.0,0.0,0.0,0.0,0.00576672445830101,0.00576672445830101
2018/08/21 11:00:00,2018/08/21 12:00:00,2018/08/21 16:00:00,0.6115868120112427,0.6115868120112427,0.0,0.0,0.1005607004346077,0.0,0.18004485089820238,0.03682158445731919,0.0,0.003941179246742044,0.25158580738185676,0.0,0.038632689592514556,0.0,0.0,0.0,0.0,0.0,0.0,0.0,0.0,0.0,0.0,0.0,0.0,0.0,0.0,0.0,0.0,0.0,0.0,0.0,0.0,0.0,0.0,0.0,0.0020868191540802297,0.0020868191540802297
2018/08/21 12:00:00,2018/08/21 13:00:00,2018/08/21 17:00:00,1.4677506198257562,1.4677506198257562,0.0,0.0,0.11972150369189064,0.0,0.17395524197924905,0.03557617783778712,0.0,0.003807877793396267,0.2577264052368096,0.0,0.04626361852048546,0.0,0.0,0.0,0.0,0.8306997947661381,0.0,0.0,0.0,0.0,0.0,0.0,0.0,0.0,0.0,0.0,0.0,0.0,0.0,0.0,0.0,0.0,0.0,0.0,0.005008168990421612,0.005008168990421612
2018/08/21 13:00:00,2018/08/21 14:00:00,2018/08/21 18:00:00,0.7703433064457628,0.7703433064457628,0.0,0.0,0.21255123364219752,0.0,0.1721632852403147,0.035209698673971224,0.0,0.003768651885655419,0.26549933396158615,0.0,0.08115110304203775,0.0,0.0,0.0,0.0,0.0,0.0,0.0,0.0,0.0,0.0,0.0,0.0,0.0,0.0,0.0,0.0,0.0,0.0,0.0,0.0,0.0,0.0,0.0,0.002628518364910332,0.002628518364910332
2018/08/21 14:00:00,2018/08/21 15:00:00,2018/08/21 19:00:00,1.0627546689493277,1.0627546689493277,0.0,0.0,0.4063594075549557,0.0,0.17200135566103103,0.03517658190528837,0.0,0.0037651072494488146,0.29490152653433727,0.0,0.1505506900442665,0.0,0.0,0.0,0.0,0.0,0.0,0.0,0.0,0.0,0.0,0.0,0.0,0.0,0.0,0.0,0.0,0.0,0.0,0.0,0.0,0.0,0.0,0.0,0.0036262665507098635,0.0036262665507098635
2018/08/21 15:00:00,2018/08/21 16:00:00,2018/08/21 20:00:00,1.4624969710608133,1.4624969710608133,0.0,0.0,0.7114113180648026,0.0,0.17216046143222405,0.03520912116738004,0.0,0.003768590072536143,0.2828534135552759,0.0,0.25709406676859464,0.0,0.0,0.0,0.0,0.0,0.0,0.0,0.0,0.0,0.0,0.0,0.0,0.0,0.0,0.0,0.0,0.0,0.0,0.0,0.0,0.0,0.0,0.0,0.004990242811085863,0.004990242811085863
2018/08/21 16:00:00,2018/08/21 17:00:00,2018/08/21 21:00:00,1.9740493252982803,1.9740493252982803,0.0,0.0,1.0196486973174776,0.0,0.17312183072358475,0.03540573406899825,0.0,0.0037896344327645183,0.38312597586620323,0.0,0.3589574528892515,0.0,0.0,0.0,0.0,0.0,0.0,0.0,0.0,0.0,0.0,0.0,0.0,0.0,0.0,0.0,0.0,0.0,0.0,0.0,0.0,0.0,0.0,0.0,0.0067357305001139855,0.0067357305001139855
2018/08/21 17:00:00,2018/08/21 18:00:00,2018/08/21 22:00:00,2.3228404007879333,2.3228404007879333,0.0,0.0,1.167338714264107,0.0,0.17758213335500161,0.03631792572140365,0.0,0.003887270394456464,0.5342588683228459,0.0,0.4034554887301187,0.0,0.0,0.0,0.0,0.0,0.0,0.0,0.0,0.0,0.0,0.0,0.0,0.0,0.0,0.0,0.0,0.0,0.0,0.0,0.0,0.0,0.0,0.0,0.007925854097956823,0.007925854097956823
2018/08/21 18:00:00,2018/08/21 19:00:00,2018/08/21 23:00:00,2.254923433570795,2.254923433570795,0.0,0.0,1.0870706227359497,0.0,0.19286503779060593,0.03944348445647083,0.0,0.0042218129569960685,0.5498357040003157,0.0,0.38148677163045663,0.0,0.0,0.0,0.0,0.0,0.0,0.0,0.0,0.0,0.0,0.0,0.0,0.0,0.0,0.0,0.0,0.0,0.0,0.0,0.0,0.0,0.0,0.0,0.00769411197191314,0.00769411197191314
2018/08/21 19:00:00,2018/08/21 20:00:00,2018/08/22 00:00:00,3.7833830266224395,3.7833830266224395,0.0,0.0,1.1029476576101778,0.0,0.23099165129518737,0.04724088778251356,0.0,0.005056403988859405,0.8328620928618802,0.0,0.3924572927759822,0.0,0.0,0.0,0.0,1.171827040307839,0.0,0.0,0.0,0.0,0.0,0.0,0.0,0.0,0.0,0.0,0.0,0.0,0.0,0.0,0.0,0.0,0.0,0.0,0.012909428411665296,0.012909428411665296
2018/08/21 20:00:00,2018/08/21 21:00:00,2018/08/22 01:00:00,11.236792448803271,11.236792448803271,0.0,0.0,1.0101269149065244,0.0,0.29831842445461637,0.06101011501540101,0.0,0.006530186103717432,8.180663383592446,0.0,0.3613225538997146,0.0,0.0,0.0,0.0,1.3188208708308526,0.0,0.0,0.0,0.0,0.0,0.0,0.0,0.0,0.0,0.0,0.0,0.0,0.0,0.0,0.0,0.0,0.0,0.0,0.03834149666418199,0.03834149666418199
2018/08/21 21:00:00,2018/08/21 22:00:00,2018/08/22 02:00:00,7.01119755569042,7.01119755569042,0.0,0.0,0.9037144701141471,0.0,0.37692801925754593,0.07708683045464608,0.0,0.008250949025214567,3.9984253274364,0.0,0.32797108857161333,0.0,0.0,0.0,0.0,1.3188208708308526,0.0,0.0,0.0,0.0,0.0,0.0,0.0,0.0,0.0,0.0,0.0,0.0,0.0,0.0,0.0,0.0,0.0,0.0,0.02392317993931219,0.02392317993931219
2018/08/21 22:00:00,2018/08/21 23:00:00,2018/08/22 03:00:00,4.946462844692829,4.946462844692829,0.0,0.0,0.7815817724751967,0.0,0.29615062745122006,0.06056677148156112,0.0,0.006482733057888501,2.1974687642460076,0.0,0.2853913051501033,0.0,0.0,0.0,0.0,1.3188208708308526,0.0,0.0,0.0,0.0,0.0,0.0,0.0,0.0,0.0,0.0,0.0,0.0,0.0,0.0,0.0,0.0,0.0,0.0,0.01687801830668223,0.01687801830668223
2018/08/21 23:00:00,2018/08/22 00:00:00,2018/08/22 04:00:00,2.419461499010871,2.419461499010871,0.0,0.0,0.4069557098703588,0.0,0.13094360677997474,0.026779722120023,0.0,0.002866353705536267,0.3838973058415493,0.0,0.14919792986257605,0.0,0.0,0.0,0.0,1.3188208708308526,0.0,0.0,0.0,0.0,0.0,0.0,0.0,0.0,0.0,0.0,0.0,0.0,0.0,0.0,0.0,0.0,0.0,0.0,0.008255538706094166,0.008255538706094166
2018/08/22 00:00:00,2018/08/22 01:00:00,2018/08/22 05:00:00,2.110542234838023,2.110542234838023,0.0,0.0,0.29901010880622164,0.0,0.06501908921459039,0.013297274945155983,0.0,0.0014232669458539432,0.30359413995633894,0.0,0.10937748413900933,0.0,0.0,0.0,0.0,1.3188208708308526,0.0,0.0,0.0,0.0,0.0,0.0,0.0,0.0,0.0,0.0,0.0,0.0,0.0,0.0,0.0,0.0,0.0,0.0,0.007201463266795095,0.007201463266795095
2018/08/22 01:00:00,2018/08/22 02:00:00,2018/08/22 06:00:00,2.1096057806287014,2.1096057806287014,0.0,0.0,0.2703212906630274,0.0,0.03901145352875434,0.00797836496709361,0.0,0.0008539601675123682,0.3742696688576567,0.0,0.09835017161380427,0.0,0.0,0.0,0.0,1.3188208708308526,0.0,0.0,0.0,0.0,0.0,0.0,0.0,0.0,0.0,0.0,0.0,0.0,0.0,0.0,0.0,0.0,0.0,0.0,0.0071982679549562004,0.0071982679549562004
2018/08/22 02:00:00,2018/08/22 03:00:00,2018/08/22 07:00:00,2.8122495059873485,2.8122495059873485,0.0,0.0,0.29094049959484086,0.0,0.026007635685836212,0.005318909978062404,0.0,0.0005693067783415784,2.203699011271895,0.0,0.10569560659879276,0.0,0.0,0.0,0.0,0.18001853607958035,0.0,0.0,0.0,0.0,0.0,0.0,0.0,0.0,0.0,0.0,0.0,0.0,0.0,0.0,0.0,0.0,0.0,0.0,0.009595785945494163,0.009595785945494163
2018/08/22 03:00:00,2018/08/22 04:00:00,2018/08/22 08:00:00,2.2623033051738055,2.2623033051738055,0.0,0.0,0.2317750578676166,0.0,0.026007635685836212,0.005318909978062404,0.0,0.0005693067783415784,1.9129224553933235,0.0,0.0857099394706255,0.0,0.0,0.0,0.0,0.0,0.0,0.0,0.0,0.0,0.0,0.0,0.0,0.0,0.0,0.0,0.0,0.0,0.0,0.0,0.0,0.0,0.0,0.0,0.007719293118911994,0.007719293118911994
2018/08/22 04:00:00,2018/08/22 05:00:00,2018/08/22 09:00:00,2.192207360082659,2.192207360082659,0.0,0.0,0.16667616134273958,0.0,0.026843243274492543,0.00548980292637717,0.0,0.0005875982166715451,1.930447409666837,0.0,0.0621631446555413,0.0,0.0,0.0,0.0,0.0,0.0,0.0,0.0,0.0,0.0,0.0,0.0,0.0,0.0,0.0,0.0,0.0,0.0,0.0,0.0,0.0,0.0,0.0,0.007480116017694724,0.007480116017694724
2018/08/22 05:00:00,2018/08/22 06:00:00,2018/08/22 10:00:00,0.510714370754068,0.510714370754068,0.0,0.0,0.12362269831302417,0.0,0.06900948530167404,0.014113364412895239,0.0,0.0015106166599181724,0.25648756499062997,0.0,0.0459706410759264,0.0,0.0,0.0,0.0,0.0,0.0,0.0,0.0,0.0,0.0,0.0,0.0,0.0,0.0,0.0,0.0,0.0,0.0,0.0,0.0,0.0,0.0,0.0,0.0017426283729839963,0.0017426283729839963
2018/08/22 06:00:00,2018/08/22 07:00:00,2018/08/22 11:00:00,1.0143423503024034,1.0143423503024034,0.0,0.0,0.14211870304969343,0.0,0.16201522163153,0.03313428369051031,0.0,0.003546510916391187,0.3136858324949231,0.0,0.05256691800735049,0.0,0.0,0.0,0.0,0.3072748805120049,0.0,0.0,0.0,0.0,0.0,0.0,0.0,0.0,0.0,0.0,0.0,0.0,0.0,0.0,0.0,0.0,0.0,0.0,0.003461076994850082,0.003461076994850082
2018/08/22 07:00:00,2018/08/22 08:00:00,2018/08/22 12:00:00,0.9175863687182807,0.9175863687182807,0.0,0.0,0.15595427786271002,0.0,0.20502608639988215,0.041930581844827744,0.0,0.0044880181395291685,0.35862554090222465,0.0,0.05746159880555869,0.0,0.0,0.0,0.0,0.09410026476354826,0.0,0.0,0.0,0.0,0.0,0.0,0.0,0.0,0.0,0.0,0.0,0.0,0.0,0.0,0.0,0.0,0.0,0.0,0.003130932145948615,0.003130932145948615
2018/08/22 08:00:00,2018/08/22 09:00:00,2018/08/22 13:00:00,0.7846040315308624,0.7846040315308624,0.0,0.0,0.17551730054885514,0.0,0.20318552328194064,0.04155416202522051,0.0,0.004447728238837415,0.2959239672796783,0.0,0.06397535015633052,0.0,0.0,0.0,0.0,0.0,0.0,0.0,0.0,0.0,0.0,0.0,0.0,0.0,0.0,0.0,0.0,0.0,0.0,0.0,0.0,0.0,0.0,0.0,0.0026771779397641326,0.0026771779397641326
2018/08/22 09:00:00,2018/08/22 10:00:00,2018/08/22 14:00:00,0.916136902763758,0.916136902763758,0.0,0.0,0.32222301082256044,0.0,0.19457144785868138,0.03979246817984311,0.0,0.0042591662493183975,0.2399550100229572,0.0,0.1153357996303975,0.0,0.0,0.0,0.0,0.0,0.0,0.0,0.0,0.0,0.0,0.0,0.0,0.0,0.0,0.0,0.0,0.0,0.0,0.0,0.0,0.0,0.0,0.0,0.0031259863667760105,0.0031259863667760105
2018/08/22 10:00:00,2018/08/22 11:00:00,2018/08/22 15:00:00,1.154536518956216,1.154536518956216,0.0,0.0,0.5083773153981693,0.0,0.18848183893972803,0.03854706156031103,0.0,0.004125864795972619,0.23647871378177573,0.0,0.1785257244802593,0.0,0.0,0.0,0.0,0.0,0.0,0.0,0.0,0.0,0.0,0.0,0.0,0.0,0.0,0.0,0.0,0.0,0.0,0.0,0.0,0.0,0.0,0.0,0.0039394389717459346,0.0039394389717459346
2018/08/22 11:00:00,2018/08/22 12:00:00,2018/08/22 16:00:00,2.038204998837096,2.038204998837096,0.0,0.0,0.8621903623533342,0.0,0.18004485089820238,0.03682158445731919,0.0,0.003941179246742044,0.25158580738185676,0.0,0.2983710216550815,0.0,0.0,0.0,0.0,0.40525019284456,0.0,0.0,0.0,0.0,0.0,0.0,0.0,0.0,0.0,0.0,0.0,0.0,0.0,0.0,0.0,0.0,0.0,0.0,0.006954638569670687,0.006954638569670687
2018/08/22 12:00:00,2018/08/22 13:00:00,2018/08/22 17:00:00,3.166668276486438,3.166668276486438,0.0,0.0,1.025328525458709,0.0,0.17395524197924905,0.03557617783778712,0.0,0.003807877793396267,0.2577264052368096,0.0,0.35145317734963405,0.0,0.0,0.0,0.0,1.3188208708308526,0.0,0.0,0.0,0.0,0.0,0.0,0.0,0.0,0.0,0.0,0.0,0.0,0.0,0.0,0.0,0.0,0.0,0.0,0.010805112020415262,0.010805112020415262
2018/08/22 13:00:00,2018/08/22 14:00:00,2018/08/22 18:00:00,2.242070040350436,2.242070040350436,0.0,0.0,1.2025884748121354,0.0,0.1721632852403147,0.035209698673971224,0.0,0.003768651885655419,0.26549933396158615,0.0,0.41082547365579886,0.0,0.0,0.0,0.0,0.15201512212097412,0.0,0.0,0.0,0.0,0.0,0.0,0.0,0.0,0.0,0.0,0.0,0.0,0.0,0.0,0.0,0.0,0.0,0.0,0.007650254408865039,0.007650254408865039
2018/08/22 14:00:00,2018/08/22 15:00:00,2018/08/22 19:00:00,2.3595301508193103,2.3595301508193103,0.0,0.0,1.383893543813598,0.0,0.17200135566103103,0.03517658190528837,0.0,0.0037651072494488146,0.29490152653433727,0.0,0.46979203565560684,0.0,0.0,0.0,0.0,0.0,0.0,0.0,0.0,0.0,0.0,0.0,0.0,0.0,0.0,0.0,0.0,0.0,0.0,0.0,0.0,0.0,0.0,0.0,0.008051044621395524,0.008051044621395524
2018/08/22 15:00:00,2018/08/22 16:00:00,2018/08/22 20:00:00,2.6424857062416347,2.6424857062416347,0.0,0.0,1.5357005313604633,0.0,0.17216046143222405,0.03520912116738004,0.0,0.003768590072536143,0.3696208676729485,0.0,0.5260261345360829,0.0,0.0,0.0,0.0,0.0,0.0,0.0,0.0,0.0,0.0,0.0,0.0,0.0,0.0,0.0,0.0,0.0,0.0,0.0,0.0,0.0,0.0,0.0,0.009016528279989949,0.009016528279989949
2018/08/22 16:00:00,2018/08/22 17:00:00,2018/08/22 21:00:00,5.329217008967787,5.329217008967787,0.0,0.0,1.6398116337921838,0.0,0.17312183072358475,0.03540573406899825,0.0,0.0037896344327645183,2.4885765977890912,0.0,0.5674660392322038,0.0,0.0,0.0,0.0,0.4210455389289609,0.0,0.0,0.0,0.0,0.0,0.0,0.0,0.0,0.0,0.0,0.0,0.0,0.0,0.0,0.0,0.0,0.0,0.0,0.018184028681049607,0.018184028681049607
2018/08/22 17:00:00,2018/08/22 18:00:00,2018/08/22 22:00:00,6.325841125853474,6.325841125853474,0.0,0.0,1.5545775735363327,0.0,0.17758213335500161,0.03631792572140365,0.0,0.003887270394456464,3.903230108586545,0.0,0.5490743046778788,0.0,0.0,0.0,0.0,0.10117180958185519,0.0,0.0,0.0,0.0,0.0,0.0,0.0,0.0,0.0,0.0,0.0,0.0,0.0,0.0,0.0,0.0,0.0,0.0,0.02158464860235869,0.02158464860235869
2018/08/22 18:00:00,2018/08/22 19:00:00,2018/08/22 23:00:00,2.4399754437996495,2.4399754437996495,0.0,0.0,1.2119776287602717,0.0,0.19286503779060593,0.03944348445647083,0.0,0.0042218129569960685,0.5498357040003157,0.0,0.44163177583498914,0.0,0.0,0.0,0.0,0.0,0.0,0.0,0.0,0.0,0.0,0.0,0.0,0.0,0.0,0.0,0.0,0.0,0.0,0.0,0.0,0.0,0.0,0.0,0.008325535135170502,0.008325535135170502
2018/08/22 19:00:00,2018/08/22 20:00:00,2018/08/23 00:00:00,1.805190963451378,1.805190963451378,0.0,0.0,0.7407254018209459,0.0,0.23099165129518737,0.04724088778251356,0.0,0.005056403988859405,0.5036728235883939,0.0,0.2775037949754781,0.0,0.0,0.0,0.0,0.0,0.0,0.0,0.0,0.0,0.0,0.0,0.0,0.0,0.0,0.0,0.0,0.0,0.0,0.0,0.0,0.0,0.0,0.0,0.006159562314488936,0.006159562314488936
2018/08/22 20:00:00,2018/08/22 21:00:00,2018/08/23 01:00:00,1.5993725649226551,1.5993725649226551,0.0,0.0,0.45398465801270993,0.0,0.29831842445461637,0.06101011501540101,0.0,0.006530186103717432,0.6064543291185197,0.0,0.1730748522176906,0.0,0.0,0.0,0.0,0.0,0.0,0.0,0.0,0.0,0.0,0.0,0.0,0.0,0.0,0.0,0.0,0.0,0.0,0.0,0.0,0.0,0.0,0.0,0.005457281349830133,0.005457281349830133
2018/08/22 21:00:00,2018/08/22 22:00:00,2018/08/23 02:00:00,1.2956257070428037,1.2956257070428037,0.0,0.0,0.26702104671698873,0.0,0.37692801925754593,0.07708683045464608,0.0,0.008250949025214567,0.4632829053811929,0.0,0.10305595620721536,0.0,0.0,0.0,0.0,0.0,0.0,0.0,0.0,0.0,0.0,0.0,0.0,0.0,0.0,0.0,0.0,0.0,0.0,0.0,0.0,0.0,0.0,0.0,0.004420854879267673,0.004420854879267673
2018/08/22 22:00:00,2018/08/22 23:00:00,2018/08/23 03:00:00,0.8927754958635706,0.8927754958635706,0.0,0.0,0.09591537098547619,0.0,0.29615062745122006,0.06056677148156112,0.0,0.006482733057888501,0.39627516927644474,0.0,0.03738482361098016,0.0,0.0,0.0,0.0,0.0,0.0,0.0,0.0,0.0,0.0,0.0,0.0,0.0,0.0,0.0,0.0,0.0,0.0,0.0,0.0,0.0,0.0,0.0,0.003046274001453331,0.003046274001453331
2018/08/22 23:00:00,2018/08/23 00:00:00,2018/08/23 04:00:00,0.4986262720187343,0.4986262720187343,0.0,0.0,0.0,0.0,0.13094360677997474,0.026779722120023,0.0,0.002866353705536267,0.3380365894132003,0.0,0.0,0.0,0.0,0.0,0.0,0.0,0.0,0.0,0.0,0.0,0.0,0.0,0.0,0.0,0.0,0.0,0.0,0.0,0.0,0.0,0.0,0.0,0.0,0.0,0.0017013821010208204,0.0017013821010208204
2018/08/23 00:00:00,2018/08/23 01:00:00,2018/08/23 05:00:00,1.4171750246131638,1.4171750246131638,0.0,0.0,0.0,0.0,0.06501908921459039,0.013297274945155983,0.0,0.0014232669458539432,1.3374353935075636,0.0,0.0,0.0,0.0,0.0,0.0,0.0,0.0,0.0,0.0,0.0,0.0,0.0,0.0,0.0,0.0,0.0,0.0,0.0,0.0,0.0,0.0,0.0,0.0,0.0,0.004835598034433264,0.004835598034433264
2018/08/23 01:00:00,2018/08/23 02:00:00,2018/08/23 06:00:00,0.45082454025869273,0.45082454025869273,0.11175801203808594,0.0,0.0,0.0,0.03901145352875434,0.00797836496709361,0.0,0.0008539601675123682,0.2912227495572465,0.0,0.0,0.0,0.0,0.0,0.0,0.0,0.0,0.0,0.0,0.0,0.0,0.0,0.0,0.0,0.0,0.0,0.0,0.0,0.0,0.0,0.0,0.0,0.0,0.0,0.0015382759524316875,0.0015382759524316875
2018/08/23 02:00:00,2018/08/23 03:00:00,2018/08/23 07:00:00,0.680519329695022,0.680519329695022,0.3875169238468852,0.0,0.0,0.0,0.026007635685836212,0.005318909978062404,0.0,0.0005693067783415784,0.2611065534058968,0.0,0.0,0.0,0.0,0.0,0.0,0.0,0.0,0.0,0.0,0.0,0.0,0.0,0.0,0.0,0.0,0.0,0.0,0.0,0.0,0.0,0.0,0.0,0.0,0.0,0.0023220264793795214,0.0023220264793795214
2018/08/23 03:00:00,2018/08/23 04:00:00,2018/08/23 08:00:00,1.3186168710652433,1.3186168710652433,0.7624266575649257,0.0,0.0,0.0,0.026007635685836212,0.005318909978062404,0.0,0.0005693067783415784,0.249355504618253,0.0,0.0,0.0,0.0,0.0,0.0,0.2749388564398243,0.0,0.0,0.0,0.0,0.0,0.0,0.0,0.0,0.0,0.0,0.0,0.0,0.0,0.0,0.0,0.0,0.0,0.0,0.004499303924463477,0.004499303924463477
2018/08/23 04:00:00,2018/08/23 05:00:00,2018/08/23 09:00:00,1.505000410028433,1.505000410028433,1.1100077846858598,0.0,0.0,0.0,0.026843243274492543,0.00548980292637717,0.0,0.0005875982166715451,0.23565718915575795,0.0,0.0,0.0,0.0,0.0,0.0,0.12641479176927406,0.0,0.0,0.0,0.0,0.0,0.0,0.0,0.0,0.0,0.0,0.0,0.0,0.0,0.0,0.0,0.0,0.0,0.0,0.00513527044871628,0.00513527044871628
2018/08/23 05:00:00,2018/08/23 06:00:00,2018/08/23 10:00:00,1.7119828474134844,1.7119828474134844,1.370861816048367,0.0,0.0,0.0,0.06900948530167404,0.014113364412895239,0.0,0.0015106166599181724,0.25648756499062997,0.0,0.0,0.0,0.0,0.0,0.0,0.0,0.0,0.0,0.0,0.0,0.0,0.0,0.0,0.0,0.0,0.0,0.0,0.0,0.0,0.0,0.0,0.0,0.0,0.0,0.00584152327564185,0.00584152327564185
2018/08/23 06:00:00,2018/08/23 07:00:00,2018/08/23 11:00:00,1.9402821667348014,1.9402821667348014,1.4279003180014467,0.0,0.0,0.0,0.16201522163153,0.03313428369051031,0.0,0.003546510916391187,0.3136858324949231,0.0,0.0,0.0,0.0,0.0,0.0,0.0,0.0,0.0,0.0,0.0,0.0,0.0,0.0,0.0,0.0,0.0,0.0,0.0,0.0,0.0,0.0,0.0,0.0,0.0,0.006620512264721695,0.006620512264721695
2018/08/23 07:00:00,2018/08/23 08:00:00,2018/08/23 12:00:00,1.973505033928743,1.973505033928743,1.001758566610703,0.0,0.0,0.0,0.20502608639988215,0.041930581844827744,0.0,0.0044880181395291685,0.35862554090222465,0.0,0.0,0.0,0.0,0.0,0.0,0.36167624003157656,0.0,0.0,0.0,0.0,0.0,0.0,0.0,0.0,0.0,0.0,0.0,0.0,0.0,0.0,0.0,0.0,0.0,0.0,0.006733873302357193,0.006733873302357193
2018/08/23 08:00:00,2018/08/23 09:00:00,2018/08/23 13:00:00,2.5480761317344496,2.5480761317344496,0.6841438800779199,0.0,0.0,0.0,0.20318552328194064,0.04155416202522051,0.0,0.004447728238837415,0.2959239672796783,0.0,0.0,0.0,0.0,0.0,0.0,1.3188208708308526,0.0,0.0,0.0,0.0,0.0,0.0,0.0,0.0,0.0,0.0,0.0,0.0,0.0,0.0,0.0,0.0,0.0,0.0,0.008694389697958955,0.008694389697958955
2018/08/23 09:00:00,2018/08/23 10:00:00,2018/08/23 14:00:00,1.9344525431814044,1.9344525431814044,0.13705358003975152,0.0,0.0,0.0,0.19457144785868138,0.03979246817984311,0.0,0.0042591662493183975,0.2399550100229572,0.0,0.0,0.0,0.0,0.0,0.0,1.3188208708308526,0.0,0.0,0.0,0.0,0.0,0.0,0.0,0.0,0.0,0.0,0.0,0.0,0.0,0.0,0.0,0.0,0.0,0.0,0.006600620779402874,0.006600620779402874
2018/08/23 10:00:00,2018/08/23 11:00:00,2018/08/23 15:00:00,0.7387793799607265,0.7387793799607265,0.0,0.0,0.0,0.0,0.18848183893972803,0.03854706156031103,0.0,0.004125864795972619,0.23647871378177573,0.0,0.0,0.0,0.0,0.0,0.0,0.27114590088293905,0.0,0.0,0.0,0.0,0.0,0.0,0.0,0.0,0.0,0.0,0.0,0.0,0.0,0.0,0.0,0.0,0.0,0.0,0.002520817863406151,0.002520817863406151
2018/08/23 11:00:00,2018/08/23 12:00:00,2018/08/23 16:00:00,0.5239056720671522,0.5239056720671522,0.0,0.0,0.03723634862736196,0.0,0.18004485089820238,0.03682158445731919,0.0,0.003941179246742044,0.25158580738185676,0.0,0.01427590145566985,0.0,0.0,0.0,0.0,0.0,0.0,0.0,0.0,0.0,0.0,0.0,0.0,0.0,0.0,0.0,0.0,0.0,0.0,0.0,0.0,0.0,0.0,0.0,0.0017876389253810643,0.0017876389253810643
2018/08/23 12:00:00,2018/08/23 13:00:00,2018/08/23 17:00:00,0.6966323688225668,0.6966323688225668,0.0,0.0,0.16291630157946055,0.0,0.17395524197924905,0.03557617783778712,0.0,0.003807877793396267,0.2577264052368096,0.0,0.06265036439586433,0.0,0.0,0.0,0.0,0.0,0.0,0.0,0.0,0.0,0.0,0.0,0.0,0.0,0.0,0.0,0.0,0.0,0.0,0.0,0.0,0.0,0.0,0.0,0.002377006407038894,0.002377006407038894
2018/08/23 13:00:00,2018/08/23 14:00:00,2018/08/23 18:00:00,0.8911478740699568,0.8911478740699568,0.0,0.0,0.2995057350033233,0.0,0.1721632852403147,0.035209698673971224,0.0,0.003768651885655419,0.26549933396158615,0.0,0.11500116930510602,0.0,0.0,0.0,0.0,0.0,0.0,0.0,0.0,0.0,0.0,0.0,0.0,0.0,0.0,0.0,0.0,0.0,0.0,0.0,0.0,0.0,0.0,0.0,0.003040720329811292,0.003040720329811292
2018/08/23 14:00:00,2018/08/23 15:00:00,2018/08/23 19:00:00,1.2092450330799063,1.2092450330799063,0.0,0.0,0.4755039865932102,0.0,0.17200135566103103,0.03517658190528837,0.0,0.0037651072494488146,0.34229302080641794,0.0,0.18050498086450972,0.0,0.0,0.0,0.0,0.0,0.0,0.0,0.0,0.0,0.0,0.0,0.0,0.0,0.0,0.0,0.0,0.0,0.0,0.0,0.0,0.0,0.0,0.0,0.004126112021135506,0.004126112021135506
2018/08/23 15:00:00,2018/08/23 16:00:00,2018/08/23 20:00:00,2.541866738737086,2.541866738737086,0.0,0.0,0.7006930468158657,0.0,0.17216046143222405,0.03520912116738004,0.0,0.003768590072536143,1.366787688265343,0.0,0.26324783098373705,0.0,0.0,0.0,0.0,0.0,0.0,0.0,0.0,0.0,0.0,0.0,0.0,0.0,0.0,0.0,0.0,0.0,0.0,0.0,0.0,0.0,0.0,0.0,0.008673202386546047,0.008673202386546047
2018/08/23 16:00:00,2018/08/23 17:00:00,2018/08/23 21:00:00,2.061614116841934,2.061614116841934,0.0,0.0,0.8109243275924888,0.0,0.17312183072358475,0.03540573406899825,0.0,0.0037896344327645183,0.7344504942219786,0.0,0.30392209580211904,0.0,0.0,0.0,0.0,0.0,0.0,0.0,0.0,0.0,0.0,0.0,0.0,0.0,0.0,0.0,0.0,0.0,0.0,0.0,0.0,0.0,0.0,0.0,0.00703451373190967,0.00703451373190967
2018/08/23 17:00:00,2018/08/23 18:00:00,2018/08/23 22:00:00,1.9784077552393278,1.9784077552393278,0.0,0.0,0.856214411247832,0.0,0.17758213335500161,0.03631792572140365,0.0,0.003887270394456464,0.5342588683228459,0.0,0.3231445660499148,0.0,0.0,0.0,0.0,0.04700258014787343,0.0,0.0,0.0,0.0,0.0,0.0,0.0,0.0,0.0,0.0,0.0,0.0,0.0,0.0,0.0,0.0,0.0,0.0,0.00675060206847365,0.00675060206847365
2018/08/23 18:00:00,2018/08/23 19:00:00,2018/08/23 23:00:00,2.7225321073144086,2.7225321073144086,0.0,0.0,0.8386906154017587,0.0,0.19286503779060593,0.03944348445647083,0.0,0.0042218129569960685,0.5498357040003157,0.0,0.3196622133008575,0.0,0.0,0.0,0.0,0.7778132394074041,0.0,0.0,0.0,0.0,0.0,0.0,0.0,0.0,0.0,0.0,0.0,0.0,0.0,0.0,0.0,0.0,0.0,0.0,0.009289657719168868,0.009289657719168868
2018/08/23 19:00:00,2018/08/23 20:00:00,2018/08/24 00:00:00,3.0460578859392893,3.0460578859392893,0.0,0.0,0.6806866297888104,0.0,0.23099165129518737,0.04724088778251356,0.0,0.005056403988859405,0.49840003857373244,0.0,0.26486140367933364,0.0,0.0,0.0,0.0,1.3188208708308526,0.0,0.0,0.0,0.0,0.0,0.0,0.0,0.0,0.0,0.0,0.0,0.0,0.0,0.0,0.0,0.0,0.0,0.0,0.010393572614673042,0.010393572614673042
2018/08/23 20:00:00,2018/08/23 21:00:00,2018/08/24 01:00:00,2.6564871910648336,2.6564871910648336,0.0,0.0,0.3471937338145048,0.0,0.29831842445461637,0.06101011501540101,0.0,0.006530186103717432,0.48758957745724624,0.0,0.13702428338849515,0.0,0.0,0.0,0.0,1.3188208708308526,0.0,0.0,0.0,0.0,0.0,0.0,0.0,0.0,0.0,0.0,0.0,0.0,0.0,0.0,0.0,0.0,0.0,0.0,0.009064303291060788,0.009064303291060788
2018/08/23 21:00:00,2018/08/23 22:00:00,2018/08/24 02:00:00,2.0133938052803257,2.0133938052803257,0.0,0.0,0.15125260809919844,0.0,0.37692801925754593,0.07708683045464608,0.0,0.008250949025214567,0.4632829053811929,0.0,0.059700628349301774,0.0,0.0,0.0,0.0,0.8768918647132263,0.0,0.0,0.0,0.0,0.0,0.0,0.0,0.0,0.0,0.0,0.0,0.0,0.0,0.0,0.0,0.0,0.0,0.0,0.006869979330895428,0.006869979330895428
2018/08/23 22:00:00,2018/08/23 23:00:00,2018/08/24 03:00:00,0.771055928318795,0.771055928318795,0.0,0.0,0.008303384934425102,0.0,0.29615062745122006,0.06056677148156112,0.0,0.006482733057888501,0.39627516927644474,0.0,0.003277242117255525,0.0,0.0,0.0,0.0,0.0,0.0,0.0,0.0,0.0,0.0,0.0,0.0,0.0,0.0,0.0,0.0,0.0,0.0,0.0,0.0,0.0,0.0,0.0,0.0026309499297267305,0.0026309499297267305
2018/08/23 23:00:00,2018/08/24 00:00:00,2018/08/24 04:00:00,0.4986262720187343,0.4986262720187343,0.0,0.0,0.0,0.0,0.13094360677997474,0.026779722120023,0.0,0.002866353705536267,0.3380365894132003,0.0,0.0,0.0,0.0,0.0,0.0,0.0,0.0,0.0,0.0,0.0,0.0,0.0,0.0,0.0,0.0,0.0,0.0,0.0,0.0,0.0,0.0,0.0,0.0,0.0,0.0017013821010208204,0.0017013821010208204
2018/08/24 00:00:00,2018/08/24 01:00:00,2018/08/24 05:00:00,1.0822607177369004,1.0822607177369004,0.698926946674961,0.0,0.0,0.0,0.06501908921459039,0.013297274945155983,0.0,0.0014232669458539432,0.30359413995633894,0.0,0.0,0.0,0.0,0.0,0.0,0.0,0.0,0.0,0.0,0.0,0.0,0.0,0.0,0.0,0.0,0.0,0.0,0.0,0.0,0.0,0.0,0.0,0.0,0.0,0.003692823898629887,0.003692823898629887
2018/08/24 01:00:00,2018/08/24 02:00:00,2018/08/24 06:00:00,1.6417200790480464,1.6417200790480464,1.3026535508274395,0.0,0.0,0.0,0.03901145352875434,0.00797836496709361,0.0,0.0008539601675123682,0.2912227495572465,0.0,0.0,0.0,0.0,0.0,0.0,0.0,0.0,0.0,0.0,0.0,0.0,0.0,0.0,0.0,0.0,0.0,0.0,0.0,0.0,0.0,0.0,0.0,0.0,0.0,0.005601776950240374,0.005601776950240374
2018/08/24 02:00:00,2018/08/24 03:00:00,2018/08/24 07:00:00,1.8791532216971298,1.8791532216971298,1.5861508158489928,0.0,0.0,0.0,0.026007635685836212,0.005318909978062404,0.0,0.0005693067783415784,0.2611065534058968,0.0,0.0,0.0,0.0,0.0,0.0,0.0,0.0,0.0,0.0,0.0,0.0,0.0,0.0,0.0,0.0,0.0,0.0,0.0,0.0,0.0,0.0,0.0,0.0,0.0,0.0064119318132338276,0.0064119318132338276
2018/08/24 03:00:00,2018/08/24 04:00:00,2018/08/24 08:00:00,2.3361961875801813,2.3361961875801813,2.054944830519688,0.0,0.0,0.0,0.026007635685836212,0.005318909978062404,0.0,0.0005693067783415784,0.249355504618253,0.0,0.0,0.0,0.0,0.0,0.0,0.0,0.0,0.0,0.0,0.0,0.0,0.0,0.0,0.0,0.0,0.0,0.0,0.0,0.0,0.0,0.0,0.0,0.0,0.0,0.007971425897656394,0.007971425897656394
2018/08/24 04:00:00,2018/08/24 05:00:00,2018/08/24 09:00:00,2.7261382964505674,2.7261382964505674,2.457560462877268,0.0,0.0,0.0,0.026843243274492543,0.00548980292637717,0.0,0.0005875982166715451,0.23565718915575795,0.0,0.0,0.0,0.0,0.0,0.0,0.0,0.0,0.0,0.0,0.0,0.0,0.0,0.0,0.0,0.0,0.0,0.0,0.0,0.0,0.0,0.0,0.0,0.0,0.0,0.009301962537413434,0.009301962537413434
2018/08/24 05:00:00,2018/08/24 06:00:00,2018/08/24 10:00:00,3.0567599856156615,3.0567599856156615,2.7156389542505437,0.0,0.0,0.0,0.06900948530167404,0.014113364412895239,0.0,0.0015106166599181724,0.25648756499062997,0.0,0.0,0.0,0.0,0.0,0.0,0.0,0.0,0.0,0.0,0.0,0.0,0.0,0.0,0.0,0.0,0.0,0.0,0.0,0.0,0.0,0.0,0.0,0.0,0.0,0.010430089665327035,0.010430089665327035
2018/08/24 06:00:00,2018/08/24 07:00:00,2018/08/24 11:00:00,3.77836193913178,3.77836193913178,1.9905653281684694,0.0,0.0,0.0,0.16201522163153,0.03313428369051031,0.0,0.003546510916391187,0.3136858324949231,0.0,0.0,0.0,0.0,0.0,0.0,1.2754147622299565,0.0,0.0,0.0,0.0,0.0,0.0,0.0,0.0,0.0,0.0,0.0,0.0,0.0,0.0,0.0,0.0,0.0,0.0,0.012892295763700958,0.012892295763700958
2018/08/24 07:00:00,2018/08/24 08:00:00,2018/08/24 12:00:00,4.408091528973809,4.408091528973809,2.479200430856493,0.0,0.0,0.0,0.20502608639988215,0.041930581844827744,0.0,0.0044880181395291685,0.35862554090222465,0.0,0.0,0.0,0.0,0.0,0.0,1.3188208708308526,0.0,0.0,0.0,0.0,0.0,0.0,0.0,0.0,0.0,0.0,0.0,0.0,0.0,0.0,0.0,0.0,0.0,0.0,0.015041020595833664,0.015041020595833664
2018/08/24 08:00:00,2018/08/24 09:00:00,2018/08/24 13:00:00,3.293046208625246,3.293046208625246,1.4291139569687163,0.0,0.0,0.0,0.20318552328194064,0.04155416202522051,0.0,0.004447728238837415,0.2959239672796783,0.0,0.0,0.0,0.0,0.0,0.0,1.3188208708308526,0.0,0.0,0.0,0.0,0.0,0.0,0.0,0.0,0.0,0.0,0.0,0.0,0.0,0.0,0.0,0.0,0.0,0.0,0.01123633107919946,0.01123633107919946
2018/08/24 09:00:00,2018/08/24 10:00:00,2018/08/24 14:00:00,1.8552431619484573,1.8552431619484573,0.2624834563887156,0.0,0.0,0.0,0.19457144785868138,0.03979246817984311,0.0,0.0042591662493183975,0.2399550100229572,0.0,0.0,0.0,0.0,0.0,0.0,1.1141816132489415,0.0,0.0,0.0,0.0,0.0,0.0,0.0,0.0,0.0,0.0,0.0,0.0,0.0,0.0,0.0,0.0,0.0,0.0,0.006330347368182361,0.006330347368182361
2018/08/24 10:00:00,2018/08/24 11:00:00,2018/08/24 15:00:00,0.4676334790777874,0.4676334790777874,0.0,0.0,0.0,0.0,0.18848183893972803,0.03854706156031103,0.0,0.004125864795972619,0.23647871378177573,0.0,0.0,0.0,0.0,0.0,0.0,0.0,0.0,0.0,0.0,0.0,0.0,0.0,0.0,0.0,0.0,0.0,0.0,0.0,0.0,0.0,0.0,0.0,0.0,0.0,0.0015956303865014736,0.0015956303865014736
2018/08/24 11:00:00,2018/08/24 12:00:00,2018/08/24 16:00:00,0.8834245894978664,0.8834245894978664,0.0,0.0,0.04411492395188475,0.0,0.18004485089820238,0.03682158445731919,0.0,0.003941179246742044,0.25158580738185676,0.0,0.017402622354577114,0.0,0.0,0.0,0.0,0.34951362120728413,0.0,0.0,0.0,0.0,0.0,0.0,0.0,0.0,0.0,0.0,0.0,0.0,0.0,0.0,0.0,0.0,0.0,0.0,0.0030143674100607033,0.0030143674100607033
2018/08/24 12:00:00,2018/08/24 13:00:00,2018/08/24 17:00:00,1.424932345280146,1.424932345280146,0.0,0.0,0.06463156444437201,0.0,0.17395524197924905,0.03557617783778712,0.0,0.003807877793396267,0.2577264052368096,0.0,0.02528598511281646,0.0,0.0,0.0,0.0,0.8639490928757153,0.0,0.0,0.0,0.0,0.0,0.0,0.0,0.0,0.0,0.0,0.0,0.0,0.0,0.0,0.0,0.0,0.0,0.0,0.004862067090067353,0.004862067090067353
2018/08/24 13:00:00,2018/08/24 14:00:00,2018/08/24 18:00:00,0.7230960248287144,0.7230960248287144,0.0,0.0,0.17686674563752922,0.0,0.1721632852403147,0.035209698673971224,0.0,0.003768651885655419,0.26549933396158615,0.0,0.06958830942965763,0.0,0.0,0.0,0.0,0.0,0.0,0.0,0.0,0.0,0.0,0.0,0.0,0.0,0.0,0.0,0.0,0.0,0.0,0.0,0.0,0.0,0.0,0.0,0.0024673040772241104,0.0024673040772241104
2018/08/24 14:00:00,2018/08/24 15:00:00,2018/08/24 19:00:00,1.8258576784278264,1.8258576784278264,0.0,0.0,0.36412726689015384,0.0,0.17200135566103103,0.03517658190528837,0.0,0.0037651072494488146,0.6540638939244177,0.0,0.14150336178724865,0.0,0.0,0.0,0.0,0.45522011101023796,0.0,0.0,0.0,0.0,0.0,0.0,0.0,0.0,0.0,0.0,0.0,0.0,0.0,0.0,0.0,0.0,0.0,0.0,0.006230080016665903,0.006230080016665903
2018/08/24 15:00:00,2018/08/24 16:00:00,2018/08/24 20:00:00,1.240956619627173,1.240956619627173,0.0,0.0,0.5395590823119124,0.0,0.17216046143222405,0.03520912116738004,0.0,0.003768590072536143,0.2828534135552759,0.0,0.2074059510878447,0.0,0.0,0.0,0.0,0.0,0.0,0.0,0.0,0.0,0.0,0.0,0.0,0.0,0.0,0.0,0.0,0.0,0.0,0.0,0.0,0.0,0.0,0.0,0.004234316359282505,0.004234316359282505
2018/08/24 16:00:00,2018/08/24 17:00:00,2018/08/24 21:00:00,1.5566835138292079,1.5566835138292079,0.0,0.0,0.6939800563839192,0.0,0.17312183072358475,0.03540573406899825,0.0,0.0037896344327645183,0.38312597586620323,0.0,0.267260282353738,0.0,0.0,0.0,0.0,0.0,0.0,0.0,0.0,0.0,0.0,0.0,0.0,0.0,0.0,0.0,0.0,0.0,0.0,0.0,0.0,0.0,0.0,0.0,0.005311620377844234,0.005311620377844234
2018/08/24 17:00:00,2018/08/24 18:00:00,2018/08/24 22:00:00,1.8013312805670982,1.8013312805670982,0.0,0.0,0.754969701810877,0.0,0.17758213335500161,0.03631792572140365,0.0,0.003887270394456464,0.5342588683228459,0.0,0.2943153809625135,0.0,0.0,0.0,0.0,0.0,0.0,0.0,0.0,0.0,0.0,0.0,0.0,0.0,0.0,0.0,0.0,0.0,0.0,0.0,0.0,0.0,0.0,0.0,0.006146392540364633,0.006146392540364633
2018/08/24 18:00:00,2018/08/24 19:00:00,2018/08/24 23:00:00,1.7744354250582637,1.7744354250582637,0.0,0.0,0.7092325145349901,0.0,0.19286503779060593,0.03944348445647083,0.0,0.0042218129569960685,0.5498357040003157,0.0,0.27883687131888496,0.0,0.0,0.0,0.0,0.0,0.0,0.0,0.0,0.0,0.0,0.0,0.0,0.0,0.0,0.0,0.0,0.0,0.0,0.0,0.0,0.0,0.0,0.0,0.006054620145442261,0.006054620145442261
2018/08/24 19:00:00,2018/08/24 20:00:00,2018/08/25 00:00:00,2.531432185340754,2.531432185340754,0.0,0.0,0.6535367168406233,0.0,0.23099165129518737,0.04724088778251356,0.0,0.005056403988859405,0.49840003857373244,0.0,0.2581324595273651,0.0,0.0,0.0,0.0,0.8380740273324733,0.0,0.0,0.0,0.0,0.0,0.0,0.0,0.0,0.0,0.0,0.0,0.0,0.0,0.0,0.0,0.0,0.0,0.0,0.008637598240962642,0.008637598240962642
2018/08/24 20:00:00,2018/08/24 21:00:00,2018/08/25 01:00:00,2.696740454450387,2.696740454450387,0.0,0.0,0.37509980608274557,0.0,0.29831842445461637,0.06101011501540101,0.0,0.006530186103717432,0.48758957745724624,0.0,0.14937147450580762,0.0,0.0,0.0,0.0,1.3188208708308526,0.0,0.0,0.0,0.0,0.0,0.0,0.0,0.0,0.0,0.0,0.0,0.0,0.0,0.0,0.0,0.0,0.0,0.0,0.009201653017048117,0.009201653017048117
2018/08/24 21:00:00,2018/08/24 22:00:00,2018/08/25 02:00:00,2.0161239521020815,2.0161239521020815,0.0,0.0,0.19582341365176117,0.0,0.37692801925754593,0.07708683045464608,0.0,0.008250949025214567,0.4632829053811929,0.0,0.07808492463716384,0.0,0.0,0.0,0.0,0.8166669096945571,0.0,0.0,0.0,0.0,0.0,0.0,0.0,0.0,0.0,0.0,0.0,0.0,0.0,0.0,0.0,0.0,0.0,0.0,0.00687929497107798,0.00687929497107798
2018/08/24 22:00:00,2018/08/24 23:00:00,2018/08/25 03:00:00,0.8193614289538912,0.8193614289538912,0.0,0.0,0.04281998840662262,0.0,0.29615062745122006,0.06056677148156112,0.0,0.006482733057888501,0.39627516927644474,0.0,0.017066139280154193,0.0,0.0,0.0,0.0,0.0,0.0,0.0,0.0,0.0,0.0,0.0,0.0,0.0,0.0,0.0,0.0,0.0,0.0,0.0,0.0,0.0,0.0,0.0,0.002795775007692768,0.002795775007692768
2018/08/24 23:00:00,2018/08/25 00:00:00,2018/08/25 04:00:00,0.4986262720187343,0.4986262720187343,0.0,0.0,0.0,0.0,0.13094360677997474,0.026779722120023,0.0,0.002866353705536267,0.3380365894132003,0.0,0.0,0.0,0.0,0.0,0.0,0.0,0.0,0.0,0.0,0.0,0.0,0.0,0.0,0.0,0.0,0.0,0.0,0.0,0.0,0.0,0.0,0.0,0.0,0.0,0.0017013821010208204,0.0017013821010208204
2018/08/25 00:00:00,2018/08/25 01:00:00,2018/08/25 05:00:00,0.775442052389461,0.775442052389461,0.39210828132752173,0.0,0.0,0.0,0.06501908921459039,0.013297274945155983,0.0,0.0014232669458539432,0.30359413995633894,0.0,0.0,0.0,0.0,0.0,0.0,0.0,0.0,0.0,0.0,0.0,0.0,0.0,0.0,0.0,0.0,0.0,0.0,0.0,0.0,0.0,0.0,0.0,0.0,0.0,0.002645915994303463,0.002645915994303463
2018/08/25 01:00:00,2018/08/25 02:00:00,2018/08/25 06:00:00,1.2549727770384929,1.2549727770384929,0.9159062488178861,0.0,0.0,0.0,0.03901145352875434,0.00797836496709361,0.0,0.0008539601675123682,0.2912227495572465,0.0,0.0,0.0,0.0,0.0,0.0,0.0,0.0,0.0,0.0,0.0,0.0,0.0,0.0,0.0,0.0,0.0,0.0,0.0,0.0,0.0,0.0,0.0,0.0,0.0,0.004282141435262083,0.004282141435262083
2018/08/25 02:00:00,2018/08/25 03:00:00,2018/08/25 07:00:00,1.352309207796812,1.352309207796812,1.059306801948675,0.0,0.0,0.0,0.026007635685836212,0.005318909978062404,0.0,0.0005693067783415784,0.2611065534058968,0.0,0.0,0.0,0.0,0.0,0.0,0.0,0.0,0.0,0.0,0.0,0.0,0.0,0.0,0.0,0.0,0.0,0.0,0.0,0.0,0.0,0.0,0.0,0.0,0.0,0.004614266857372281,0.004614266857372281
2018/08/25 03:00:00,2018/08/25 04:00:00,2018/08/25 08:00:00,1.6532058999263735,1.6532058999263735,1.3719545428658804,0.0,0.0,0.0,0.026007635685836212,0.005318909978062404,0.0,0.0005693067783415784,0.249355504618253,0.0,0.0,0.0,0.0,0.0,0.0,0.0,0.0,0.0,0.0,0.0,0.0,0.0,0.0,0.0,0.0,0.0,0.0,0.0,0.0,0.0,0.0,0.0,0.0,0.0,0.005640968166496991,0.005640968166496991
2018/08/25 04:00:00,2018/08/25 05:00:00,2018/08/25 09:00:00,1.8780551877519733,1.8780551877519733,1.6094773541786742,0.0,0.0,0.0,0.026843243274492543,0.00548980292637717,0.0,0.0005875982166715451,0.23565718915575795,0.0,0.0,0.0,0.0,0.0,0.0,0.0,0.0,0.0,0.0,0.0,0.0,0.0,0.0,0.0,0.0,0.0,0.0,0.0,0.0,0.0,0.0,0.0,0.0,0.0,0.006408185168892287,0.006408185168892287
2018/08/25 05:00:00,2018/08/25 06:00:00,2018/08/25 10:00:00,2.101481534279947,2.101481534279947,1.76036050291483,0.0,0.0,0.0,0.06900948530167404,0.014113364412895239,0.0,0.0015106166599181724,0.25648756499062997,0.0,0.0,0.0,0.0,0.0,0.0,0.0,0.0,0.0,0.0,0.0,0.0,0.0,0.0,0.0,0.0,0.0,0.0,0.0,0.0,0.0,0.0,0.0,0.0,0.0,0.007170546897928673,0.007170546897928673
2018/08/25 06:00:00,2018/08/25 07:00:00,2018/08/25 11:00:00,2.308922250641113,2.308922250641113,1.7965404019077589,0.0,0.0,0.0,0.16201522163153,0.03313428369051031,0.0,0.003546510916391187,0.3136858324949231,0.0,0.0,0.0,0.0,0.0,0.0,0.0,0.0,0.0,0.0,0.0,0.0,0.0,0.0,0.0,0.0,0.0,0.0,0.0,0.0,0.0,0.0,0.0,0.0,0.0,0.007878363436377262,0.007878363436377262
2018/08/25 07:00:00,2018/08/25 08:00:00,2018/08/25 12:00:00,2.9263893586110523,2.9263893586110523,1.4420064401715995,0.0,0.0,0.0,0.20502608639988215,0.041930581844827744,0.0,0.0044880181395291685,0.35862554090222465,0.0,0.0,0.0,0.0,0.0,0.0,0.8743126911529895,0.0,0.0,0.0,0.0,0.0,0.0,0.0,0.0,0.0,0.0,0.0,0.0,0.0,0.0,0.0,0.0,0.0,0.0,0.009985246977061765,0.009985246977061765
2018/08/25 08:00:00,2018/08/25 09:00:00,2018/08/25 13:00:00,3.402805797167065,3.402805797167065,1.5388735455105356,0.0,0.0,0.0,0.20318552328194064,0.04155416202522051,0.0,0.004447728238837415,0.2959239672796783,0.0,0.0,0.0,0.0,0.0,0.0,1.3188208708308526,0.0,0.0,0.0,0.0,0.0,0.0,0.0,0.0,0.0,0.0,0.0,0.0,0.0,0.0,0.0,0.0,0.0,0.0,0.011610846041286024,0.011610846041286024
2018/08/25 09:00:00,2018/08/25 10:00:00,2018/08/25 14:00:00,1.7934613555230017,1.7934613555230017,1.046832460565238,0.0,0.0,0.0,0.19457144785868138,0.03979246817984311,0.0,0.0042591662493183975,0.2399550100229572,0.0,0.0,0.0,0.0,0.0,0.0,0.26805080264696385,0.0,0.0,0.0,0.0,0.0,0.0,0.0,0.0,0.0,0.0,0.0,0.0,0.0,0.0,0.0,0.0,0.0,0.0,0.006119539262954697,0.006119539262954697
2018/08/25 10:00:00,2018/08/25 11:00:00,2018/08/25 15:00:00,0.9736814618812504,0.9736814618812504,0.506047982803463,0.0,0.0,0.0,0.18848183893972803,0.03854706156031103,0.0,0.004125864795972619,0.23647871378177573,0.0,0.0,0.0,0.0,0.0,0.0,0.0,0.0,0.0,0.0,0.0,0.0,0.0,0.0,0.0,0.0,0.0,0.0,0.0,0.0,0.0,0.0,0.0,0.0,0.0,0.0033223363956207752,0.0033223363956207752
2018/08/25 11:00:00,2018/08/25 12:00:00,2018/08/25 16:00:00,0.5203839153976724,0.5203839153976724,0.04799049341355202,0.0,0.0,0.0,0.18004485089820238,0.03682158445731919,0.0,0.003941179246742044,0.25158580738185676,0.0,0.0,0.0,0.0,0.0,0.0,0.0,0.0,0.0,0.0,0.0,0.0,0.0,0.0,0.0,0.0,0.0,0.0,0.0,0.0,0.0,0.0,0.0,0.0,0.0,0.0017756222024407644,0.0017756222024407644
2018/08/25 12:00:00,2018/08/25 13:00:00,2018/08/25 17:00:00,0.4727954470238539,0.4727954470238539,0.0,0.0,0.0012507473113855785,0.0,0.17395524197924905,0.03557617783778712,0.0,0.003807877793396267,0.2577264052368096,0.0,0.0004789968652262953,0.0,0.0,0.0,0.0,0.0,0.0,0.0,0.0,0.0,0.0,0.0,0.0,0.0,0.0,0.0,0.0,0.0,0.0,0.0,0.0,0.0,0.0,0.0,0.0016132437381484377,0.0016132437381484377
2018/08/25 13:00:00,2018/08/25 14:00:00,2018/08/25 18:00:00,1.739290345134269,1.739290345134269,0.0,0.0,0.1558054723693821,0.0,0.1721632852403147,0.035209698673971224,0.0,0.003768651885655419,0.26549933396158615,0.0,0.05933312968368973,0.0,0.0,0.0,0.0,1.0475107733196696,0.0,0.0,0.0,0.0,0.0,0.0,0.0,0.0,0.0,0.0,0.0,0.0,0.0,0.0,0.0,0.0,0.0,0.0,0.005934700250969905,0.005934700250969905
2018/08/25 14:00:00,2018/08/25 15:00:00,2018/08/25 19:00:00,0.9593175259302043,0.9593175259302043,0.0,0.0,0.22450422667188813,0.0,0.17200135566103103,0.03517658190528837,0.0,0.0037651072494488146,0.29490152653433727,0.0,0.08587748407633423,0.0,0.0,0.0,0.0,0.1430912438318765,0.0,0.0,0.0,0.0,0.0,0.0,0.0,0.0,0.0,0.0,0.0,0.0,0.0,0.0,0.0,0.0,0.0,0.0,0.0032733246509560232,0.0032733246509560232
2018/08/25 15:00:00,2018/08/25 16:00:00,2018/08/25 20:00:00,0.9241070737960349,0.9241070737960349,0.0,0.0,0.31082432339858895,0.0,0.17216046143222405,0.03520912116738004,0.0,0.003768590072536143,0.2828534135552759,0.0,0.11929116417002973,0.0,0.0,0.0,0.0,0.0,0.0,0.0,0.0,0.0,0.0,0.0,0.0,0.0,0.0,0.0,0.0,0.0,0.0,0.0,0.0,0.0,0.0,0.0,0.0031531816974221276,0.0031531816974221276
2018/08/25 16:00:00,2018/08/25 17:00:00,2018/08/25 21:00:00,1.082498658664552,1.082498658664552,0.0,0.0,0.35192619692547555,0.0,0.17312183072358475,0.03540573406899825,0.0,0.0037896344327645183,0.38312597586620323,0.0,0.13512928664752566,0.0,0.0,0.0,0.0,0.0,0.0,0.0,0.0,0.0,0.0,0.0,0.0,0.0,0.0,0.0,0.0,0.0,0.0,0.0,0.0,0.0,0.0,0.0,0.0036936357861258417,0.0036936357861258417
2018/08/25 17:00:00,2018/08/25 18:00:00,2018/08/25 22:00:00,1.2395737934131679,1.2395737934131679,0.0,0.0,0.35125186061403935,0.0,0.17758213335500161,0.03631792572140365,0.0,0.003887270394456464,0.5342588683228459,0.0,0.1362757350054207,0.0,0.0,0.0,0.0,0.0,0.0,0.0,0.0,0.0,0.0,0.0,0.0,0.0,0.0,0.0,0.0,0.0,0.0,0.0,0.0,0.0,0.0,0.0,0.004229597964161033,0.004229597964161033
2018/08/25 18:00:00,2018/08/25 19:00:00,2018/08/25 23:00:00,2.657590944338502,2.657590944338502,0.0,0.0,0.4113883397437338,0.0,0.19286503779060593,0.03944348445647083,0.0,0.0042218129569960685,0.5498357040003157,0.0,0.16074644687300893,0.0,0.0,0.0,0.0,1.299090118517371,0.0,0.0,0.0,0.0,0.0,0.0,0.0,0.0,0.0,0.0,0.0,0.0,0.0,0.0,0.0,0.0,0.0,0.0,0.009068069450545646,0.009068069450545646
2018/08/25 19:00:00,2018/08/25 20:00:00,2018/08/26 00:00:00,2.897980633442552,2.897980633442552,0.0,0.0,0.2753151668470953,0.0,0.23099165129518737,0.04724088778251356,0.0,0.005056403988859405,0.9126247247527343,0.0,0.1079309279453095,0.0,0.0,0.0,0.0,1.3188208708308526,0.0,0.0,0.0,0.0,0.0,0.0,0.0,0.0,0.0,0.0,0.0,0.0,0.0,0.0,0.0,0.0,0.0,0.0,0.009888312460717849,0.009888312460717849
2018/08/25 20:00:00,2018/08/25 21:00:00,2018/08/26 01:00:00,1.3811155725619626,1.3811155725619626,0.0,0.0,0.15871455780098256,0.0,0.29831842445461637,0.06101011501540101,0.0,0.006530186103717432,0.48758957745724624,0.0,0.06263448864972869,0.0,0.0,0.0,0.0,0.3063182230802701,0.0,0.0,0.0,0.0,0.0,0.0,0.0,0.0,0.0,0.0,0.0,0.0,0.0,0.0,0.0,0.0,0.0,0.0,0.004712558175253467,0.004712558175253467
2018/08/25 21:00:00,2018/08/25 22:00:00,2018/08/26 02:00:00,1.019618130483966,1.019618130483966,0.0,0.0,0.06740040583866169,0.0,0.37692801925754593,0.07708683045464608,0.0,0.008250949025214567,0.4632829053811929,0.0,0.02666902052670491,0.0,0.0,0.0,0.0,0.0,0.0,0.0,0.0,0.0,0.0,0.0,0.0,0.0,0.0,0.0,0.0,0.0,0.0,0.0,0.0,0.0,0.0,0.0,0.003479078689653467,0.003479078689653467
2018/08/25 22:00:00,2018/08/25 23:00:00,2018/08/26 03:00:00,0.7594753012671144,0.7594753012671144,0.0,0.0,0.0,0.0,0.29615062745122006,0.06056677148156112,0.0,0.006482733057888501,0.39627516927644474,0.0,0.0,0.0,0.0,0.0,0.0,0.0,0.0,0.0,0.0,0.0,0.0,0.0,0.0,0.0,0.0,0.0,0.0,0.0,0.0,0.0,0.0,0.0,0.0,0.0,0.00259143522163773,0.00259143522163773
2018/08/25 23:00:00,2018/08/26 00:00:00,2018/08/26 04:00:00,0.4986262720187343,0.4986262720187343,0.0,0.0,0.0,0.0,0.13094360677997474,0.026779722120023,0.0,0.002866353705536267,0.3380365894132003,0.0,0.0,0.0,0.0,0.0,0.0,0.0,0.0,0.0,0.0,0.0,0.0,0.0,0.0,0.0,0.0,0.0,0.0,0.0,0.0,0.0,0.0,0.0,0.0,0.0,0.0017013821010208204,0.0017013821010208204
2018/08/26 00:00:00,2018/08/26 01:00:00,2018/08/26 05:00:00,0.6376203561656957,0.6376203561656957,0.25279151844260556,0.0,0.0,0.0,0.06501908921459039,0.013297274945155983,0.0,0.0014232669458539432,0.3050892066174897,0.0,0.0,0.0,0.0,0.0,0.0,0.0,0.0,0.0,0.0,0.0,0.0,0.0,0.0,0.0,0.0,0.0,0.0,0.0,0.0,0.0,0.0,0.0,0.0,0.0,0.0021756492228834586,0.0021756492228834586
2018/08/26 01:00:00,2018/08/26 02:00:00,2018/08/26 06:00:00,0.948025572638664,0.948025572638664,0.6089590444180573,0.0,0.0,0.0,0.03901145352875434,0.00797836496709361,0.0,0.0008539601675123682,0.2912227495572465,0.0,0.0,0.0,0.0,0.0,0.0,0.0,0.0,0.0,0.0,0.0,0.0,0.0,0.0,0.0,0.0,0.0,0.0,0.0,0.0,0.0,0.0,0.0,0.0,0.0,0.003234794937834393,0.003234794937834393
2018/08/26 02:00:00,2018/08/26 03:00:00,2018/08/26 07:00:00,0.9073936219486306,0.9073936219486306,0.6143912161004936,0.0,0.0,0.0,0.026007635685836212,0.005318909978062404,0.0,0.0005693067783415784,0.2611065534058968,0.0,0.0,0.0,0.0,0.0,0.0,0.0,0.0,0.0,0.0,0.0,0.0,0.0,0.0,0.0,0.0,0.0,0.0,0.0,0.0,0.0,0.0,0.0,0.0,0.0,0.0030961530781632163,0.0030961530781632163
2018/08/26 03:00:00,2018/08/26 04:00:00,2018/08/26 08:00:00,1.0290104317955167,1.0290104317955167,0.7477590747350235,0.0,0.0,0.0,0.026007635685836212,0.005318909978062404,0.0,0.0005693067783415784,0.249355504618253,0.0,0.0,0.0,0.0,0.0,0.0,0.0,0.0,0.0,0.0,0.0,0.0,0.0,0.0,0.0,0.0,0.0,0.0,0.0,0.0,0.0,0.0,0.0,0.0,0.0,0.0035111265263512216,0.0035111265263512216
2018/08/26 04:00:00,2018/08/26 05:00:00,2018/08/26 09:00:00,1.1327048032526703,1.1327048032526703,0.8641269696793711,0.0,0.0,0.0,0.026843243274492543,0.00548980292637717,0.0,0.0005875982166715451,0.23565718915575795,0.0,0.0,0.0,0.0,0.0,0.0,0.0,0.0,0.0,0.0,0.0,0.0,0.0,0.0,0.0,0.0,0.0,0.0,0.0,0.0,0.0,0.0,0.0,0.0,0.0,0.0038649461252655303,0.0038649461252655303
2018/08/26 05:00:00,2018/08/26 06:00:00,2018/08/26 10:00:00,1.2528321470726913,1.2528321470726913,0.9117111157075737,0.0,0.0,0.0,0.06900948530167404,0.014113364412895239,0.0,0.0015106166599181724,0.25648756499062997,0.0,0.0,0.0,0.0,0.0,0.0,0.0,0.0,0.0,0.0,0.0,0.0,0.0,0.0,0.0,0.0,0.0,0.0,0.0,0.0,0.0,0.0,0.0,0.0,0.0,0.004274837308477952,0.004274837308477952
2018/08/26 06:00:00,2018/08/26 07:00:00,2018/08/26 11:00:00,1.8343651776544534,1.8343651776544534,0.8325994613361931,0.0,0.0,0.0,0.16201522163153,0.03313428369051031,0.0,0.003546510916391187,0.3136858324949231,0.0,0.0,0.0,0.0,0.0,0.0,0.4893838675849057,0.0,0.0,0.0,0.0,0.0,0.0,0.0,0.0,0.0,0.0,0.0,0.0,0.0,0.0,0.0,0.0,0.0,0.0,0.0062591087857478645,0.0062591087857478645
2018/08/26 07:00:00,2018/08/26 08:00:00,2018/08/26 12:00:00,2.3062192990597854,2.3062192990597854,0.4322057723950811,0.0,0.0,0.0,0.20502608639988215,0.041930581844827744,0.0,0.0044880181395291685,0.35862554090222465,0.0,0.0,0.0,0.0,0.0,0.0,1.2639432993782407,0.0,0.0,0.0,0.0,0.0,0.0,0.0,0.0,0.0,0.0,0.0,0.0,0.0,0.0,0.0,0.0,0.0,0.0,0.007869140590132561,0.007869140590132561
2018/08/26 08:00:00,2018/08/26 09:00:00,2018/08/26 13:00:00,2.848050896401679,2.848050896401679,0.9841186447451491,0.0,0.0,0.0,0.20318552328194064,0.04155416202522051,0.0,0.004447728238837415,0.2959239672796783,0.0,0.0,0.0,0.0,0.0,0.0,1.3188208708308526,0.0,0.0,0.0,0.0,0.0,0.0,0.0,0.0,0.0,0.0,0.0,0.0,0.0,0.0,0.0,0.0,0.0,0.0,0.009717945262523313,0.009717945262523313
2018/08/26 09:00:00,2018/08/26 10:00:00,2018/08/26 14:00:00,2.832515974082359,2.832515974082359,1.035117010940706,0.0,0.0,0.0,0.19457144785868138,0.03979246817984311,0.0,0.0042591662493183975,0.2399550100229572,0.0,0.0,0.0,0.0,0.0,0.0,1.3188208708308526,0.0,0.0,0.0,0.0,0.0,0.0,0.0,0.0,0.0,0.0,0.0,0.0,0.0,0.0,0.0,0.0,0.0,0.0,0.009664937949716004,0.009664937949716004
2018/08/26 10:00:00,2018/08/26 11:00:00,2018/08/26 15:00:00,1.4314714451673363,1.4314714451673363,0.7787422058461723,0.0,0.0,0.0,0.18848183893972803,0.03854706156031103,0.0,0.004125864795972619,0.2708157574499429,0.0,0.0,0.0,0.0,0.0,0.0,0.15075871657520945,0.0,0.0,0.0,0.0,0.0,0.0,0.0,0.0,0.0,0.0,0.0,0.0,0.0,0.0,0.0,0.0,0.0,0.0,0.004884379407185764,0.004884379407185764
2018/08/26 11:00:00,2018/08/26 12:00:00,2018/08/26 16:00:00,1.6286205216087877,1.6286205216087877,0.3821647858663659,0.0,0.0,0.0,0.18004485089820238,0.03682158445731919,0.0,0.003941179246742044,1.0256481211401582,0.0,0.0,0.0,0.0,0.0,0.0,0.0,0.0,0.0,0.0,0.0,0.0,0.0,0.0,0.0,0.0,0.0,0.0,0.0,0.0,0.0,0.0,0.0,0.0,0.0,0.005557079440684337,0.005557079440684337
2018/08/26 12:00:00,2018/08/26 13:00:00,2018/08/26 17:00:00,0.7038043761222157,0.7038043761222157,0.23273867327497363,0.0,0.0,0.0,0.17395524197924905,0.03557617783778712,0.0,0.003807877793396267,0.2577264052368096,0.0,0.0,0.0,0.0,0.0,0.0,0.0,0.0,0.0,0.0,0.0,0.0,0.0,0.0,0.0,0.0,0.0,0.0,0.0,0.0,0.0,0.0,0.0,0.0,0.0,0.0024014782921616155,0.0024014782921616155
2018/08/26 13:00:00,2018/08/26 14:00:00,2018/08/26 18:00:00,1.032499666689988,1.032499666689988,0.1177704087818155,0.0,0.0,0.0,0.1721632852403147,0.035209698673971224,0.0,0.003768651885655419,0.26549933396158615,0.0,0.0,0.0,0.0,0.0,0.0,0.43808828814664497,0.0,0.0,0.0,0.0,0.0,0.0,0.0,0.0,0.0,0.0,0.0,0.0,0.0,0.0,0.0,0.0,0.0,0.0,0.0035230322804778065,0.0035230322804778065
2018/08/26 14:00:00,2018/08/26 15:00:00,2018/08/26 19:00:00,0.5733563445647532,0.5733563445647532,0.0675117732146478,0.0,0.0,0.0,0.17200135566103103,0.03517658190528837,0.0,0.0037651072494488146,0.29490152653433727,0.0,0.0,0.0,0.0,0.0,0.0,0.0,0.0,0.0,0.0,0.0,0.0,0.0,0.0,0.0,0.0,0.0,0.0,0.0,0.0,0.0,0.0,0.0,0.0,0.0,0.001956371488810253,0.001956371488810253
2018/08/26 15:00:00,2018/08/26 16:00:00,2018/08/26 20:00:00,0.5244377971009574,0.5244377971009574,0.0,0.0,0.0,0.0,0.17216046143222405,0.03520912116738004,0.0,0.003768590072536143,0.3132996244288172,0.0,0.0,0.0,0.0,0.0,0.0,0.0,0.0,0.0,0.0,0.0,0.0,0.0,0.0,0.0,0.0,0.0,0.0,0.0,0.0,0.0,0.0,0.0,0.0,0.0,0.001789454609910393,0.001789454609910393
2018/08/26 16:00:00,2018/08/26 17:00:00,2018/08/26 21:00:00,1.281794180195551,1.281794180195551,0.0,0.0,0.0,0.0,0.17312183072358475,0.03540573406899825,0.0,0.0037896344327645183,1.0694769809702034,0.0,0.0,0.0,0.0,0.0,0.0,0.0,0.0,0.0,0.0,0.0,0.0,0.0,0.0,0.0,0.0,0.0,0.0,0.0,0.0,0.0,0.0,0.0,0.0,0.0,0.004373659788418509,0.004373659788418509
2018/08/26 17:00:00,2018/08/26 18:00:00,2018/08/26 22:00:00,0.7520461977937075,0.7520461977937075,0.0,0.0,0.0,0.0,0.17758213335500161,0.03631792572140365,0.0,0.003887270394456464,0.5342588683228459,0.0,0.0,0.0,0.0,0.0,0.0,0.0,0.0,0.0,0.0,0.0,0.0,0.0,0.0,0.0,0.0,0.0,0.0,0.0,0.0,0.0,0.0,0.0,0.0,0.0,0.0025660860886586095,0.0025660860886586095
2018/08/26 18:00:00,2018/08/26 19:00:00,2018/08/26 23:00:00,1.4567151271780099,1.4567151271780099,0.0,0.0,0.0,0.0,0.19286503779060593,0.03944348445647083,0.0,0.0042218129569960685,0.5498357040003157,0.0,0.0,0.0,0.0,0.0,0.0,0.6703490879736215,0.0,0.0,0.0,0.0,0.0,0.0,0.0,0.0,0.0,0.0,0.0,0.0,0.0,0.0,0.0,0.0,0.0,0.0,0.004970514356639867,0.004970514356639867
2018/08/26 19:00:00,2018/08/26 20:00:00,2018/08/27 00:00:00,0.9501925470742261,0.9501925470742261,0.0,0.0,0.0,0.0,0.23099165129518737,0.04724088778251356,0.0,0.005056403988859405,0.49840003857373244,0.0,0.0,0.0,0.0,0.0,0.0,0.16850356543393333,0.0,0.0,0.0,0.0,0.0,0.0,0.0,0.0,0.0,0.0,0.0,0.0,0.0,0.0,0.0,0.0,0.0,0.0,0.0032421889556086838,0.0032421889556086838
2018/08/26 20:00:00,2018/08/26 21:00:00,2018/08/27 01:00:00,0.8917399619039298,0.8917399619039298,0.0,0.0,0.0,0.0,0.29831842445461637,0.06101011501540101,0.0,0.006530186103717432,0.5258812363301948,0.0,0.0,0.0,0.0,0.0,0.0,0.0,0.0,0.0,0.0,0.0,0.0,0.0,0.0,0.0,0.0,0.0,0.0,0.0,0.0,0.0,0.0,0.0,0.0,0.0,0.003042740615743831,0.003042740615743831
2018/08/26 21:00:00,2018/08/26 22:00:00,2018/08/27 02:00:00,1.7887601777469093,1.7887601777469093,0.0,0.0,0.0,0.0,0.37692801925754593,0.07708683045464608,0.0,0.008250949025214567,1.3264943790095027,0.0,0.0,0.0,0.0,0.0,0.0,0.0,0.0,0.0,0.0,0.0,0.0,0.0,0.0,0.0,0.0,0.0,0.0,0.0,0.0,0.0,0.0,0.0,0.0,0.0,0.0061034981913730135,0.0061034981913730135
2018/08/26 22:00:00,2018/08/26 23:00:00,2018/08/27 03:00:00,1.40039721127537,1.40039721127537,0.0,0.0,0.0,0.0,0.29615062745122006,0.06056677148156112,0.0,0.006482733057888501,0.39627516927644474,0.0,0.0,0.0,0.0,0.0,0.0,0.6409219100082557,0.0,0.0,0.0,0.0,0.0,0.0,0.0,0.0,0.0,0.0,0.0,0.0,0.0,0.0,0.0,0.0,0.0,0.0,0.0047783498048291125,0.0047783498048291125
2018/08/26 23:00:00,2018/08/27 00:00:00,2018/08/27 04:00:00,0.8952939014753437,0.8952939014753437,0.08725188551996028,0.0,0.0,0.0,0.13094360677997474,0.026779722120023,0.0,0.002866353705536267,0.3380365894132003,0.0,0.0,0.0,0.0,0.0,0.0,0.30941574393664917,0.0,0.0,0.0,0.0,0.0,0.0,0.0,0.0,0.0,0.0,0.0,0.0,0.0,0.0,0.0,0.0,0.0,0.0,0.0030548671512158447,0.0030548671512158447
2018/08/27 00:00:00,2018/08/27 01:00:00,2018/08/27 05:00:00,0.9585552326810347,0.9585552326810347,0.4136785061261632,0.0,0.0,0.0,0.06501908921459039,0.013297274945155983,0.0,0.0014232669458539432,0.30359413995633894,0.0,0.0,0.0,0.0,0.0,0.0,0.16154295549293227,0.0,0.0,0.0,0.0,0.0,0.0,0.0,0.0,0.0,0.0,0.0,0.0,0.0,0.0,0.0,0.0,0.0,0.0,0.0032707236005047194,0.0032707236005047194
2018/08/27 01:00:00,2018/08/27 02:00:00,2018/08/27 06:00:00,0.9947719211335505,0.9947719211335505,0.6557053929129436,0.0,0.0,0.0,0.03901145352875434,0.00797836496709361,0.0,0.0008539601675123682,0.2912227495572465,0.0,0.0,0.0,0.0,0.0,0.0,0.0,0.0,0.0,0.0,0.0,0.0,0.0,0.0,0.0,0.0,0.0,0.0,0.0,0.0,0.0,0.0,0.0,0.0,0.0,0.003394299972126475,0.003394299972126475
2018/08/27 02:00:00,2018/08/27 03:00:00,2018/08/27 07:00:00,1.0817351504146913,1.0817351504146913,0.7887327445665543,0.0,0.0,0.0,0.026007635685836212,0.005318909978062404,0.0,0.0005693067783415784,0.2611065534058968,0.0,0.0,0.0,0.0,0.0,0.0,0.0,0.0,0.0,0.0,0.0,0.0,0.0,0.0,0.0,0.0,0.0,0.0,0.0,0.0,0.0,0.0,0.0,0.0,0.0,0.0036910305899234127,0.0036910305899234127
2018/08/27 03:00:00,2018/08/27 04:00:00,2018/08/27 08:00:00,1.2478298643493757,1.2478298643493757,0.9665785072888825,0.0,0.0,0.0,0.026007635685836212,0.005318909978062404,0.0,0.0005693067783415784,0.249355504618253,0.0,0.0,0.0,0.0,0.0,0.0,0.0,0.0,0.0,0.0,0.0,0.0,0.0,0.0,0.0,0.0,0.0,0.0,0.0,0.0,0.0,0.0,0.0,0.0,0.0,0.0042577688249918364,0.0042577688249918364
2018/08/27 04:00:00,2018/08/27 05:00:00,2018/08/27 09:00:00,1.3991372713961603,1.3991372713961603,1.1305594378228612,0.0,0.0,0.0,0.026843243274492543,0.00548980292637717,0.0,0.0005875982166715451,0.23565718915575795,0.0,0.0,0.0,0.0,0.0,0.0,0.0,0.0,0.0,0.0,0.0,0.0,0.0,0.0,0.0,0.0,0.0,0.0,0.0,0.0,0.0,0.0,0.0,0.0,0.0,0.0047740507149512945,0.0047740507149512945
2018/08/27 05:00:00,2018/08/27 06:00:00,2018/08/27 10:00:00,1.516311752441157,1.516311752441157,1.1751907210760395,0.0,0.0,0.0,0.06900948530167404,0.014113364412895239,0.0,0.0015106166599181724,0.25648756499062997,0.0,0.0,0.0,0.0,0.0,0.0,0.0,0.0,0.0,0.0,0.0,0.0,0.0,0.0,0.0,0.0,0.0,0.0,0.0,0.0,0.0,0.0,0.0,0.0,0.0,0.005173866320212604,0.005173866320212604
2018/08/27 06:00:00,2018/08/27 07:00:00,2018/08/27 11:00:00,1.615982243411074,1.615982243411074,1.1036003946777193,0.0,0.0,0.0,0.16201522163153,0.03313428369051031,0.0,0.003546510916391187,0.3136858324949231,0.0,0.0,0.0,0.0,0.0,0.0,0.0,0.0,0.0,0.0,0.0,0.0,0.0,0.0,0.0,0.0,0.0,0.0,0.0,0.0,0.0,0.0,0.0,0.0,0.0,0.005513955879973714,0.005513955879973714
2018/08/27 07:00:00,2018/08/27 08:00:00,2018/08/27 12:00:00,2.0233398395684534,2.0233398395684534,0.998967234980474,0.0,0.0,0.0,0.20502608639988215,0.041930581844827744,0.0,0.0044880181395291685,0.35862554090222465,0.0,0.0,0.0,0.0,0.0,0.0,0.4143023773015156,0.0,0.0,0.0,0.0,0.0,0.0,0.0,0.0,0.0,0.0,0.0,0.0,0.0,0.0,0.0,0.0,0.0,0.0,0.006903916581424666,0.006903916581424666
2018/08/27 08:00:00,2018/08/27 09:00:00,2018/08/27 13:00:00,2.2232204352820606,2.2232204352820606,0.5177961714021639,0.0,0.0,0.0,0.20318552328194064,0.04155416202522051,0.0,0.004447728238837415,0.36908418990542324,0.0,0.0,0.0,0.0,0.0,0.0,1.0871526604284747,0.0,0.0,0.0,0.0,0.0,0.0,0.0,0.0,0.0,0.0,0.0,0.0,0.0,0.0,0.0,0.0,0.0,0.0,0.007585936938097193,0.007585936938097193
2018/08/27 09:00:00,2018/08/27 10:00:00,2018/08/27 14:00:00,4.088242695232018,4.088242695232018,0.6253016527459342,0.0,0.0,0.0,0.19457144785868138,0.03979246817984311,0.0,0.0042591662493183975,1.9054970893673877,0.0,0.0,0.0,0.0,0.0,0.0,1.3188208708308526,0.0,0.0,0.0,0.0,0.0,0.0,0.0,0.0,0.0,0.0,0.0,0.0,0.0,0.0,0.0,0.0,0.0,0.0,0.013949651947010798,0.013949651947010798
2018/08/27 10:00:00,2018/08/27 11:00:00,2018/08/27 15:00:00,2.3740095778109183,2.3740095778109183,0.21743772792466837,0.0,0.0,0.0,0.18848183893972803,0.03854706156031103,0.0,0.004125864795972619,0.6065962137593854,0.0,0.0,0.0,0.0,0.0,0.0,1.3188208708308526,0.0,0.0,0.0,0.0,0.0,0.0,0.0,0.0,0.0,0.0,0.0,0.0,0.0,0.0,0.0,0.0,0.0,0.0,0.008100450437532773,0.008100450437532773
2018/08/27 11:00:00,2018/08/27 12:00:00,2018/08/27 16:00:00,1.8775018182745657,1.8775018182745657,0.017713703427672815,0.0,0.0,0.0,0.18004485089820238,0.03682158445731919,0.0,0.003941179246742044,0.3557889691610797,0.0,0.0,0.0,0.0,0.0,0.0,1.2831915310835496,0.0,0.0,0.0,0.0,0.0,0.0,0.0,0.0,0.0,0.0,0.0,0.0,0.0,0.0,0.0,0.0,0.0,0.0,0.006406296995370461,0.006406296995370461
2018/08/27 12:00:00,2018/08/27 13:00:00,2018/08/27 17:00:00,1.307437287115699,1.307437287115699,0.0,0.0,0.0,0.0,0.17395524197924905,0.03557617783778712,0.0,0.003807877793396267,1.0940979895052667,0.0,0.0,0.0,0.0,0.0,0.0,0.0,0.0,0.0,0.0,0.0,0.0,0.0,0.0,0.0,0.0,0.0,0.0,0.0,0.0,0.0,0.0,0.0,0.0,0.0,0.004461157631145222,0.004461157631145222
2018/08/27 13:00:00,2018/08/27 14:00:00,2018/08/27 18:00:00,0.5042415063701178,0.5042415063701178,0.0,0.0,0.019857127135704162,0.0,0.1721632852403147,0.035209698673971224,0.0,0.003768651885655419,0.26549933396158615,0.0,0.007743409472886189,0.0,0.0,0.0,0.0,0.0,0.0,0.0,0.0,0.0,0.0,0.0,0.0,0.0,0.0,0.0,0.0,0.0,0.0,0.0,0.0,0.0,0.0,0.0,0.0017205420606029786,0.0017205420606029786
2018/08/27 14:00:00,2018/08/27 15:00:00,2018/08/27 19:00:00,0.5826754246702437,0.5826754246702437,0.0,0.0,0.0554489559051649,0.0,0.17200135566103103,0.03517658190528837,0.0,0.0037651072494488146,0.29490152653433727,0.0,0.021381897414973206,0.0,0.0,0.0,0.0,0.0,0.0,0.0,0.0,0.0,0.0,0.0,0.0,0.0,0.0,0.0,0.0,0.0,0.0,0.0,0.0,0.0,0.0,0.0,0.0019881694845822547,0.0019881694845822547
2018/08/27 15:00:00,2018/08/27 16:00:00,2018/08/27 20:00:00,1.13571377577362,1.13571377577362,0.0,0.0,0.04437400941285688,0.0,0.17216046143222405,0.03520912116738004,0.0,0.003768590072536143,0.2828534135552759,0.0,0.01711036993455603,0.0,0.0,0.0,0.0,0.5802378101987911,0.0,0.0,0.0,0.0,0.0,0.0,0.0,0.0,0.0,0.0,0.0,0.0,0.0,0.0,0.0,0.0,0.0,0.0,0.003875213157463575,0.003875213157463575
2018/08/27 16:00:00,2018/08/27 17:00:00,2018/08/27 21:00:00,0.6512278785235343,0.6512278785235343,0.0,0.0,0.04026302098783692,0.0,0.17312183072358475,0.03540573406899825,0.0,0.0037896344327645183,0.38312597586620323,0.0,0.015521682444146546,0.0,0.0,0.0,0.0,0.0,0.0,0.0,0.0,0.0,0.0,0.0,0.0,0.0,0.0,0.0,0.0,0.0,0.0,0.0,0.0,0.0,0.0,0.0,0.0022220799792997533,0.0022220799792997533
2018/08/27 17:00:00,2018/08/27 18:00:00,2018/08/27 22:00:00,0.7895402662727662,0.7895402662727662,0.0,0.0,0.027063200778546237,0.0,0.17758213335500161,0.03631792572140365,0.0,0.003887270394456464,0.5342588683228459,0.0,0.010430867700512393,0.0,0.0,0.0,0.0,0.0,0.0,0.0,0.0,0.0,0.0,0.0,0.0,0.0,0.0,0.0,0.0,0.0,0.0,0.0,0.0,0.0,0.0,0.0,0.0026940210583633797,0.0026940210583633797
2018/08/27 18:00:00,2018/08/27 19:00:00,2018/08/27 23:00:00,0.8043265224041805,0.8043265224041805,0.0,0.0,0.0,0.0,0.19286503779060593,0.03944348445647083,0.0,0.0042218129569960685,0.5498357040003157,0.0,0.0,0.0,0.0,0.0,0.0,0.01796048319979194,0.0,0.0,0.0,0.0,0.0,0.0,0.0,0.0,0.0,0.0,0.0,0.0,0.0,0.0,0.0,0.0,0.0,0.0,0.002744473818145264,0.002744473818145264
2018/08/27 19:00:00,2018/08/27 20:00:00,2018/08/28 00:00:00,2.1005098524711454,2.1005098524711454,0.0,0.0,0.0,0.0,0.23099165129518737,0.04724088778251356,0.0,0.005056403988859405,0.49840003857373244,0.0,0.0,0.0,0.0,0.0,0.0,1.3188208708308526,0.0,0.0,0.0,0.0,0.0,0.0,0.0,0.0,0.0,0.0,0.0,0.0,0.0,0.0,0.0,0.0,0.0,0.0,0.007167231384627119,0.007167231384627119
2018/08/27 20:00:00,2018/08/27 21:00:00,2018/08/28 01:00:00,1.1023821293599272,1.1023821293599272,0.0,0.0,0.0,0.0,0.29831842445461637,0.06101011501540101,0.0,0.006530186103717432,0.48758957745724624,0.0,0.0,0.0,0.0,0.0,0.0,0.2489338263289461,0.0,0.0,0.0,0.0,0.0,0.0,0.0,0.0,0.0,0.0,0.0,0.0,0.0,0.0,0.0,0.0,0.0,0.0,0.0037614809500204796,0.0037614809500204796
2018/08/27 21:00:00,2018/08/27 22:00:00,2018/08/28 02:00:00,1.1603482222845871,1.1603482222845871,0.0,0.0,0.0,0.0,0.37692801925754593,0.07708683045464608,0.0,0.008250949025214567,0.4632829053811929,0.0,0.0,0.0,0.0,0.0,0.0,0.23479951816598776,0.0,0.0,0.0,0.0,0.0,0.0,0.0,0.0,0.0,0.0,0.0,0.0,0.0,0.0,0.0,0.0,0.0,0.0,0.003959269310767786,0.003959269310767786
2018/08/27 22:00:00,2018/08/27 23:00:00,2018/08/28 03:00:00,0.9781627854924744,0.9781627854924744,0.02842435270992645,0.0,0.0,0.0,0.29615062745122006,0.06056677148156112,0.0,0.006482733057888501,0.39627516927644474,0.0,0.0,0.0,0.0,0.0,0.0,0.19026313151543348,0.0,0.0,0.0,0.0,0.0,0.0,0.0,0.0,0.0,0.0,0.0,0.0,0.0,0.0,0.0,0.0,0.0,0.0,0.0033376272942534325,0.0033376272942534325
2018/08/27 23:00:00,2018/08/28 00:00:00,2018/08/28 04:00:00,0.7803763059953807,0.7803763059953807,0.28175003397664644,0.0,0.0,0.0,0.13094360677997474,0.026779722120023,0.0,0.002866353705536267,0.3380365894132003,0.0,0.0,0.0,0.0,0.0,0.0,0.0,0.0,0.0,0.0,0.0,0.0,0.0,0.0,0.0,0.0,0.0,0.0,0.0,0.0,0.0,0.0,0.0,0.0,0.0,0.002662752352991546,0.002662752352991546
2018/08/28 00:00:00,2018/08/28 01:00:00,2018/08/28 05:00:00,1.049654039454672,1.049654039454672,0.6663202683927328,0.0,0.0,0.0,0.06501908921459039,0.013297274945155983,0.0,0.0014232669458539432,0.30359413995633894,0.0,0.0,0.0,0.0,0.0,0.0,0.0,0.0,0.0,0.0,0.0,0.0,0.0,0.0,0.0,0.0,0.0,0.0,0.0,0.0,0.0,0.0,0.0,0.0,0.0,0.003581565383151899,0.003581565383151899
2018/08/28 01:00:00,2018/08/28 02:00:00,2018/08/28 06:00:00,1.25764879716649,1.25764879716649,0.9185822689458832,0.0,0.0,0.0,0.03901145352875434,0.00797836496709361,0.0,0.0008539601675123682,0.2912227495572465,0.0,0.0,0.0,0.0,0.0,0.0,0.0,0.0,0.0,0.0,0.0,0.0,0.0,0.0,0.0,0.0,0.0,0.0,0.0,0.0,0.0,0.0,0.0,0.0,0.0,0.004291272387647149,0.004291272387647149
2018/08/28 02:00:00,2018/08/28 03:00:00,2018/08/28 07:00:00,1.2899912109418803,1.2899912109418803,0.9969888050937434,0.0,0.0,0.0,0.026007635685836212,0.005318909978062404,0.0,0.0005693067783415784,0.2611065534058968,0.0,0.0,0.0,0.0,0.0,0.0,0.0,0.0,0.0,0.0,0.0,0.0,0.0,0.0,0.0,0.0,0.0,0.0,0.0,0.0,0.0,0.0,0.0,0.0,0.0,0.004401629195920562,0.004401629195920562
2018/08/28 03:00:00,2018/08/28 04:00:00,2018/08/28 08:00:00,1.462905363041209,1.462905363041209,1.181654005980716,0.0,0.0,0.0,0.026007635685836212,0.005318909978062404,0.0,0.0005693067783415784,0.249355504618253,0.0,0.0,0.0,0.0,0.0,0.0,0.0,0.0,0.0,0.0,0.0,0.0,0.0,0.0,0.0,0.0,0.0,0.0,0.0,0.0,0.0,0.0,0.0,0.0,0.0,0.004991636301250014,0.004991636301250014
2018/08/28 04:00:00,2018/08/28 05:00:00,2018/08/28 09:00:00,1.961559740145654,1.961559740145654,1.2833414749114103,0.0,0.0,0.0,0.026843243274492543,0.00548980292637717,0.0,0.0005875982166715451,0.23565718915575795,0.0,0.0,0.0,0.0,0.0,0.0,0.40964043166094444,0.0,0.0,0.0,0.0,0.0,0.0,0.0,0.0,0.0,0.0,0.0,0.0,0.0,0.0,0.0,0.0,0.0,0.0,0.006693114300727172,0.006693114300727172
2018/08/28 05:00:00,2018/08/28 06:00:00,2018/08/28 10:00:00,1.6571660370085235,1.6571660370085235,1.3160450056434059,0.0,0.0,0.0,0.06900948530167404,0.014113364412895239,0.0,0.0015106166599181724,0.25648756499062997,0.0,0.0,0.0,0.0,0.0,0.0,0.0,0.0,0.0,0.0,0.0,0.0,0.0,0.0,0.0,0.0,0.0,0.0,0.0,0.0,0.0,0.0,0.0,0.0,0.0,0.005654480704297859,0.005654480704297859
2018/08/28 06:00:00,2018/08/28 07:00:00,2018/08/28 11:00:00,1.822330362845105,1.822330362845105,1.3099485141117506,0.0,0.0,0.0,0.16201522163153,0.03313428369051031,0.0,0.003546510916391187,0.3136858324949231,0.0,0.0,0.0,0.0,0.0,0.0,0.0,0.0,0.0,0.0,0.0,0.0,0.0,0.0,0.0,0.0,0.0,0.0,0.0,0.0,0.0,0.0,0.0,0.0,0.0,0.006218044325941471,0.006218044325941471
2018/08/28 07:00:00,2018/08/28 08:00:00,2018/08/28 12:00:00,2.2555028230946714,2.2555028230946714,0.9047638374537083,0.0,0.0,0.0,0.20502608639988215,0.041930581844827744,0.0,0.0044880181395291685,0.4566829047179834,0.0,0.0,0.0,0.0,0.0,0.0,0.6426113945387406,0.0,0.0,0.0,0.0,0.0,0.0,0.0,0.0,0.0,0.0,0.0,0.0,0.0,0.0,0.0,0.0,0.0,0.0,0.007696088929447791,0.007696088929447791
2018/08/28 08:00:00,2018/08/28 09:00:00,2018/08/28 13:00:00,4.665665891526855,4.665665891526855,0.5912198096819498,0.0,0.0,0.0,0.20318552328194064,0.04155416202522051,0.0,0.004447728238837415,2.506437797468054,0.0,0.0,0.0,0.0,0.0,0.0,1.3188208708308526,0.0,0.0,0.0,0.0,0.0,0.0,0.0,0.0,0.0,0.0,0.0,0.0,0.0,0.0,0.0,0.0,0.0,0.0,0.015919900098823696,0.015919900098823696
2018/08/28 09:00:00,2018/08/28 10:00:00,2018/08/28 14:00:00,2.656028627848497,2.656028627848497,0.8586296647068435,0.0,0.0,0.0,0.19457144785868138,0.03979246817984311,0.0,0.0042591662493183975,0.2399550100229572,0.0,0.0,0.0,0.0,0.0,0.0,1.3188208708308526,0.0,0.0,0.0,0.0,0.0,0.0,0.0,0.0,0.0,0.0,0.0,0.0,0.0,0.0,0.0,0.0,0.0,0.0,0.009062738609670648,0.009062738609670648
2018/08/28 10:00:00,2018/08/28 11:00:00,2018/08/28 15:00:00,2.12727305024855,2.12727305024855,0.5400825101308399,0.0,0.0,0.0,0.18848183893972803,0.03854706156031103,0.0,0.004125864795972619,0.23647871378177573,0.0,0.0,0.0,0.0,0.0,0.0,1.1195570610399228,0.0,0.0,0.0,0.0,0.0,0.0,0.0,0.0,0.0,0.0,0.0,0.0,0.0,0.0,0.0,0.0,0.0,0.0,0.00725855113294324,0.00725855113294324
2018/08/28 11:00:00,2018/08/28 12:00:00,2018/08/28 16:00:00,0.7781934975863481,0.7781934975863481,0.30580007560222777,0.0,0.0,0.0,0.18004485089820238,0.03682158445731919,0.0,0.003941179246742044,0.25158580738185676,0.0,0.0,0.0,0.0,0.0,0.0,0.0,0.0,0.0,0.0,0.0,0.0,0.0,0.0,0.0,0.0,0.0,0.0,0.0,0.0,0.0,0.0,0.0,0.0,0.0,0.002655304307500381,0.002655304307500381
2018/08/28 12:00:00,2018/08/28 13:00:00,2018/08/28 17:00:00,1.4454042144087915,1.4454042144087915,0.13938586060574032,0.0,0.0,0.0,0.17395524197924905,0.03557617783778712,0.0,0.003807877793396267,0.2577264052368096,0.0,0.0,0.0,0.0,0.0,0.0,0.8349526509558093,0.0,0.0,0.0,0.0,0.0,0.0,0.0,0.0,0.0,0.0,0.0,0.0,0.0,0.0,0.0,0.0,0.0,0.0,0.0049319199511468625,0.0049319199511468625
2018/08/28 13:00:00,2018/08/28 14:00:00,2018/08/28 18:00:00,0.6023952983869383,0.6023952983869383,0.12575432862541075,0.0,0.0,0.0,0.1721632852403147,0.035209698673971224,0.0,0.003768651885655419,0.26549933396158615,0.0,0.0,0.0,0.0,0.0,0.0,0.0,0.0,0.0,0.0,0.0,0.0,0.0,0.0,0.0,0.0,0.0,0.0,0.0,0.0,0.0,0.0,0.0,0.0,0.0,0.0020554564328614552,0.0020554564328614552
2018/08/28 14:00:00,2018/08/28 15:00:00,2018/08/28 19:00:00,0.5582978427309777,0.5582978427309777,0.05245327138087232,0.0,0.0,0.0,0.17200135566103103,0.03517658190528837,0.0,0.0037651072494488146,0.29490152653433727,0.0,0.0,0.0,0.0,0.0,0.0,0.0,0.0,0.0,0.0,0.0,0.0,0.0,0.0,0.0,0.0,0.0,0.0,0.0,0.0,0.0,0.0,0.0,0.0,0.0,0.001904989788876054,0.001904989788876054
2018/08/28 15:00:00,2018/08/28 16:00:00,2018/08/28 20:00:00,0.54392815988094,0.54392815988094,0.049936573653523955,0.0,0.0,0.0,0.17216046143222405,0.03520912116738004,0.0,0.003768590072536143,0.2828534135552759,0.0,0.0,0.0,0.0,0.0,0.0,0.0,0.0,0.0,0.0,0.0,0.0,0.0,0.0,0.0,0.0,0.0,0.0,0.0,0.0,0.0,0.0,0.0,0.0,0.0,0.0018559584349936789,0.0018559584349936789
2018/08/28 16:00:00,2018/08/28 17:00:00,2018/08/28 21:00:00,0.6169862227098661,0.6169862227098661,0.021543047618315474,0.0,0.0,0.0,0.17312183072358475,0.03540573406899825,0.0,0.0037896344327645183,0.38312597586620323,0.0,0.0,0.0,0.0,0.0,0.0,0.0,0.0,0.0,0.0,0.0,0.0,0.0,0.0,0.0,0.0,0.0,0.0,0.0,0.0,0.0,0.0,0.0,0.0,0.0,0.002105242693380528,0.002105242693380528
2018/08/28 17:00:00,2018/08/28 18:00:00,2018/08/28 22:00:00,0.7520461977937075,0.7520461977937075,0.0,0.0,0.0,0.0,0.17758213335500161,0.03631792572140365,0.0,0.003887270394456464,0.5342588683228459,0.0,0.0,0.0,0.0,0.0,0.0,0.0,0.0,0.0,0.0,0.0,0.0,0.0,0.0,0.0,0.0,0.0,0.0,0.0,0.0,0.0,0.0,0.0,0.0,0.0,0.0025660860886586095,0.0025660860886586095
2018/08/28 18:00:00,2018/08/28 19:00:00,2018/08/28 23:00:00,0.7863660392043885,0.7863660392043885,0.0,0.0,0.0,0.0,0.19286503779060593,0.03944348445647083,0.0,0.0042218129569960685,0.5498357040003157,0.0,0.0,0.0,0.0,0.0,0.0,0.0,0.0,0.0,0.0,0.0,0.0,0.0,0.0,0.0,0.0,0.0,0.0,0.0,0.0,0.0,0.0,0.0,0.0,0.0,0.0026831901546950894,0.0026831901546950894
2018/08/28 19:00:00,2018/08/28 20:00:00,2018/08/29 00:00:00,2.299821831523682,2.299821831523682,0.0,0.0,0.01141345016966168,0.0,0.23099165129518737,0.04724088778251356,0.0,0.005056403988859405,0.8328620928618802,0.0,0.004397441879172577,0.0,0.0,0.0,0.0,1.167859903546407,0.0,0.0,0.0,0.0,0.0,0.0,0.0,0.0,0.0,0.0,0.0,0.0,0.0,0.0,0.0,0.0,0.0,0.0,0.007847311542269277,0.007847311542269277
2018/08/28 20:00:00,2018/08/28 21:00:00,2018/08/29 01:00:00,9.939195432905555,9.939195432905555,0.027815705419394657,0.0,0.03324989020863185,0.0,0.29831842445461637,0.06101011501540101,0.0,0.006530186103717432,8.180663383592446,0.0,0.012786857280495273,0.0,0.0,0.0,0.0,1.3188208708308526,0.0,0.0,0.0,0.0,0.0,0.0,0.0,0.0,0.0,0.0,0.0,0.0,0.0,0.0,0.0,0.0,0.0,0.0,0.03391391540527981,0.03391391540527981
2018/08/28 21:00:00,2018/08/28 22:00:00,2018/08/29 02:00:00,5.853412755992303,5.853412755992303,0.0,0.0,0.05339888496688336,0.0,0.37692801925754593,0.07708683045464608,0.0,0.008250949025214567,3.9984253274364,0.0,0.020501874020759942,0.0,0.0,0.0,0.0,1.3188208708308526,0.0,0.0,0.0,0.0,0.0,0.0,0.0,0.0,0.0,0.0,0.0,0.0,0.0,0.0,0.0,0.0,0.0,0.0,0.0199726573824776,0.0199726573824776
2018/08/28 22:00:00,2018/08/28 23:00:00,2018/08/29 03:00:00,4.0093916031117205,4.0093916031117205,0.05756431861096791,0.0,0.05227817760347363,0.0,0.29615062745122006,0.06056677148156112,0.0,0.006482733057888501,2.1974687642460076,0.0,0.02005933982974896,0.0,0.0,0.0,0.0,1.3188208708308526,0.0,0.0,0.0,0.0,0.0,0.0,0.0,0.0,0.0,0.0,0.0,0.0,0.0,0.0,0.0,0.0,0.0,0.0,0.013680601068010228,0.013680601068010228
2018/08/28 23:00:00,2018/08/29 00:00:00,2018/08/29 04:00:00,2.334261604468224,2.334261604468224,0.47095374519028804,0.0,0.0,0.0,0.13094360677997474,0.026779722120023,0.0,0.002866353705536267,0.3838973058415493,0.0,0.0,0.0,0.0,0.0,0.0,1.3188208708308526,0.0,0.0,0.0,0.0,0.0,0.0,0.0,0.0,0.0,0.0,0.0,0.0,0.0,0.0,0.0,0.0,0.0,0.0,0.007964824831358191,0.007964824831358191
2018/08/29 00:00:00,2018/08/29 01:00:00,2018/08/29 05:00:00,2.8192611907470804,2.8192611907470804,1.1171065488542886,0.0,0.0,0.0,0.06501908921459039,0.013297274945155983,0.0,0.0014232669458539432,0.30359413995633894,0.0,0.0,0.0,0.0,0.0,0.0,1.3188208708308526,0.0,0.0,0.0,0.0,0.0,0.0,0.0,0.0,0.0,0.0,0.0,0.0,0.0,0.0,0.0,0.0,0.0,0.0,0.009619710787841337,0.009619710787841337
2018/08/29 01:00:00,2018/08/29 02:00:00,2018/08/29 06:00:00,3.516479882204888,3.516479882204888,1.775545563853018,0.0,0.0,0.0,0.03901145352875434,0.00797836496709361,0.0,0.0008539601675123682,0.3742696688576567,0.0,0.0,0.0,0.0,0.0,0.0,1.3188208708308526,0.0,0.0,0.0,0.0,0.0,0.0,0.0,0.0,0.0,0.0,0.0,0.0,0.0,0.0,0.0,0.0,0.0,0.0,0.011998717809153892,0.011998717809153892
2018/08/29 02:00:00,2018/08/29 03:00:00,2018/08/29 07:00:00,3.9419800301459955,3.9419800301459955,1.5071875635289025,0.0,0.0,0.0,0.026007635685836212,0.005318909978062404,0.0,0.0005693067783415784,2.203699011271895,0.0,0.0,0.0,0.0,0.0,0.0,0.19919760290295768,0.0,0.0,0.0,0.0,0.0,0.0,0.0,0.0,0.0,0.0,0.0,0.0,0.0,0.0,0.0,0.0,0.0,0.0,0.013450583417353357,0.013450583417353357
2018/08/29 03:00:00,2018/08/29 04:00:00,2018/08/29 08:00:00,3.696328689382871,3.696328689382871,1.7515103815473076,0.0,0.0,0.0,0.026007635685836212,0.005318909978062404,0.0,0.0005693067783415784,1.9129224553933235,0.0,0.0,0.0,0.0,0.0,0.0,0.0,0.0,0.0,0.0,0.0,0.0,0.0,0.0,0.0,0.0,0.0,0.0,0.0,0.0,0.0,0.0,0.0,0.0,0.0,0.012612386920858998,0.012612386920858998
2018/08/29 04:00:00,2018/08/29 05:00:00,2018/08/29 09:00:00,3.9561969381928956,3.9561969381928956,1.9928288841085178,0.0,0.0,0.0,0.026843243274492543,0.00548980292637717,0.0,0.0005875982166715451,1.930447409666837,0.0,0.0,0.0,0.0,0.0,0.0,0.0,0.0,0.0,0.0,0.0,0.0,0.0,0.0,0.0,0.0,0.0,0.0,0.0,0.0,0.0,0.0,0.0,0.0,0.0,0.013499093482386485,0.013499093482386485
2018/08/29 05:00:00,2018/08/29 06:00:00,2018/08/29 10:00:00,2.6326703178802995,2.6326703178802995,2.2915492865151816,0.0,0.0,0.0,0.06900948530167404,0.014113364412895239,0.0,0.0015106166599181724,0.25648756499062997,0.0,0.0,0.0,0.0,0.0,0.0,0.0,0.0,0.0,0.0,0.0,0.0,0.0,0.0,0.0,0.0,0.0,0.0,0.0,0.0,0.0,0.0,0.0,0.0,0.0,0.008983036811510093,0.008983036811510093
2018/08/29 06:00:00,2018/08/29 07:00:00,2018/08/29 11:00:00,3.293852411204485,3.293852411204485,2.3798079640788043,0.0,0.0,0.0,0.16201522163153,0.03313428369051031,0.0,0.003546510916391187,0.3136858324949231,0.0,0.0,0.0,0.0,0.0,0.0,0.401662598392326,0.0,0.0,0.0,0.0,0.0,0.0,0.0,0.0,0.0,0.0,0.0,0.0,0.0,0.0,0.0,0.0,0.0,0.0,0.011239081954384117,0.011239081954384117
2018/08/29 07:00:00,2018/08/29 08:00:00,2018/08/29 12:00:00,2.437865006288418,2.437865006288418,1.8277947790019546,0.0,0.0,0.0,0.20502608639988215,0.041930581844827744,0.0,0.0044880181395291685,0.35862554090222465,0.0,0.0,0.0,0.0,0.0,0.0,0.0,0.0,0.0,0.0,0.0,0.0,0.0,0.0,0.0,0.0,0.0,0.0,0.0,0.0,0.0,0.0,0.0,0.0,0.0,0.0083183340292352,0.0083183340292352
2018/08/29 08:00:00,2018/08/29 09:00:00,2018/08/29 13:00:00,1.373664702583558,1.373664702583558,0.8285533217578812,0.0,0.0,0.0,0.20318552328194064,0.04155416202522051,0.0,0.004447728238837415,0.2959239672796783,0.0,0.0,0.0,0.0,0.0,0.0,0.0,0.0,0.0,0.0,0.0,0.0,0.0,0.0,0.0,0.0,0.0,0.0,0.0,0.0,0.0,0.0,0.0,0.0,0.0,0.004687134771935853,0.004687134771935853
2018/08/29 09:00:00,2018/08/29 10:00:00,2018/08/29 14:00:00,0.5074669357024933,0.5074669357024933,0.02888884339169327,0.0,0.0,0.0,0.19457144785868138,0.03979246817984311,0.0,0.0042591662493183975,0.2399550100229572,0.0,0.0,0.0,0.0,0.0,0.0,0.0,0.0,0.0,0.0,0.0,0.0,0.0,0.0,0.0,0.0,0.0,0.0,0.0,0.0,0.0,0.0,0.0,0.0,0.0,0.0017315476735081992,0.0017315476735081992
2018/08/29 10:00:00,2018/08/29 11:00:00,2018/08/29 15:00:00,0.5692291100583746,0.5692291100583746,0.0,0.0,0.0735845892294427,0.0,0.18848183893972803,0.03854706156031103,0.0,0.004125864795972619,0.23647871378177573,0.0,0.028011041751144456,0.0,0.0,0.0,0.0,0.0,0.0,0.0,0.0,0.0,0.0,0.0,0.0,0.0,0.0,0.0,0.0,0.0,0.0,0.0,0.0,0.0,0.0,0.0,0.001942288791387514,0.001942288791387514
2018/08/29 11:00:00,2018/08/29 12:00:00,2018/08/29 16:00:00,1.3823910471515701,1.3823910471515701,0.0,0.0,0.36589303256850586,0.0,0.18004485089820238,0.03682158445731919,0.0,0.003941179246742044,0.25158580738185676,0.0,0.13825590287773493,0.0,0.0,0.0,0.0,0.405848689721209,0.0,0.0,0.0,0.0,0.0,0.0,0.0,0.0,0.0,0.0,0.0,0.0,0.0,0.0,0.0,0.0,0.0,0.0,0.004716910271720986,0.004716910271720986
2018/08/29 12:00:00,2018/08/29 13:00:00,2018/08/29 17:00:00,2.4446510177534706,2.4446510177534706,0.0,0.0,0.4771718051508602,0.0,0.17395524197924905,0.03557617783778712,0.0,0.003807877793396267,0.2577264052368096,0.0,0.1775926389245156,0.0,0.0,0.0,0.0,1.3188208708308526,0.0,0.0,0.0,0.0,0.0,0.0,0.0,0.0,0.0,0.0,0.0,0.0,0.0,0.0,0.0,0.0,0.0,0.0,0.008341488842954138,0.008341488842954138
2018/08/29 13:00:00,2018/08/29 14:00:00,2018/08/29 18:00:00,1.6134586873325039,1.6134586873325039,0.0,0.0,0.7098181220968717,0.0,0.1721632852403147,0.035209698673971224,0.0,0.003768651885655419,0.26549933396158615,0.0,0.2610706416688161,0.0,0.0,0.0,0.0,0.16592895380528844,0.0,0.0,0.0,0.0,0.0,0.0,0.0,0.0,0.0,0.0,0.0,0.0,0.0,0.0,0.0,0.0,0.0,0.0,0.00550534515610307,0.00550534515610307
2018/08/29 14:00:00,2018/08/29 15:00:00,2018/08/29 19:00:00,1.8363534463365634,1.8363534463365634,0.0,0.0,0.975748477433809,0.0,0.17200135566103103,0.03517658190528837,0.0,0.0037651072494488146,0.29490152653433727,0.0,0.3547603975526486,0.0,0.0,0.0,0.0,0.0,0.0,0.0,0.0,0.0,0.0,0.0,0.0,0.0,0.0,0.0,0.0,0.0,0.0,0.0,0.0,0.0,0.0,0.0,0.006265893034668538,0.006265893034668538
2018/08/29 15:00:00,2018/08/29 16:00:00,2018/08/29 20:00:00,2.2290240552534737,2.2290240552534737,0.0,0.0,1.2105220637853629,0.0,0.17216046143222405,0.03520912116738004,0.0,0.003768590072536143,0.3696208676729485,0.0,0.43774295112302253,0.0,0.0,0.0,0.0,0.0,0.0,0.0,0.0,0.0,0.0,0.0,0.0,0.0,0.0,0.0,0.0,0.0,0.0,0.0,0.0,0.0,0.0,0.0,0.0076057396955822995,0.0076057396955822995
2018/08/29 16:00:00,2018/08/29 17:00:00,2018/08/29 21:00:00,4.902962552090072,4.902962552090072,0.0,0.0,1.297943486588725,0.0,0.17312183072358475,0.03540573406899825,0.0,0.0037896344327645183,2.4885765977890912,0.0,0.4803444745981767,0.0,0.0,0.0,0.0,0.4237807938887313,0.0,0.0,0.0,0.0,0.0,0.0,0.0,0.0,0.0,0.0,0.0,0.0,0.0,0.0,0.0,0.0,0.0,0.0,0.016729589265982343,0.016729589265982343
2018/08/29 17:00:00,2018/08/29 18:00:00,2018/08/29 22:00:00,5.9364127332794645,5.9364127332794645,0.0,0.0,1.247362767374376,0.0,0.17758213335500161,0.03631792572140365,0.0,0.003887270394456464,3.903230108586545,0.0,0.4668028328286581,0.0,0.0,0.0,0.0,0.10122969501902339,0.0,0.0,0.0,0.0,0.0,0.0,0.0,0.0,0.0,0.0,0.0,0.0,0.0,0.0,0.0,0.0,0.0,0.0,0.020255864833961832,0.020255864833961832
2018/08/29 18:00:00,2018/08/29 19:00:00,2018/08/29 23:00:00,2.187733764325373,2.187733764325373,0.0,0.0,1.0178705865186812,0.0,0.19286503779060593,0.03944348445647083,0.0,0.0042218129569960685,0.5498357040003157,0.0,0.38349713860230317,0.0,0.0,0.0,0.0,0.0,0.0,0.0,0.0,0.0,0.0,0.0,0.0,0.0,0.0,0.0,0.0,0.0,0.0,0.0,0.0,0.0,0.0,0.0,0.0074648514875731275,0.0074648514875731275
2018/08/29 19:00:00,2018/08/29 20:00:00,2018/08/30 00:00:00,1.8388338601543903,1.8388338601543903,0.0,0.0,0.7596237587766878,0.0,0.23099165129518737,0.04724088778251356,0.0,0.005056403988859405,0.5036728235883939,0.0,0.29224833472274836,0.0,0.0,0.0,0.0,0.0,0.0,0.0,0.0,0.0,0.0,0.0,0.0,0.0,0.0,0.0,0.0,0.0,0.0,0.0,0.0,0.0,0.0,0.0,0.006274356551152918,0.006274356551152918
2018/08/29 20:00:00,2018/08/29 21:00:00,2018/08/30 01:00:00,1.5693361062468827,1.5693361062468827,0.0,0.0,0.4292412227686667,0.0,0.29831842445461637,0.06101011501540101,0.0,0.006530186103717432,0.6064543291185197,0.0,0.16778182878596168,0.0,0.0,0.0,0.0,0.0,0.0,0.0,0.0,0.0,0.0,0.0,0.0,0.0,0.0,0.0,0.0,0.0,0.0,0.0,0.0,0.0,0.0,0.0,0.005354792780661659,0.005354792780661659
2018/08/29 21:00:00,2018/08/29 22:00:00,2018/08/30 02:00:00,1.2388083282596087,1.2388083282596087,0.0,0.0,0.2251137101517157,0.0,0.37692801925754593,0.07708683045464608,0.0,0.008250949025214567,0.4632829053811929,0.0,0.08814591398929361,0.0,0.0,0.0,0.0,0.0,0.0,0.0,0.0,0.0,0.0,0.0,0.0,0.0,0.0,0.0,0.0,0.0,0.0,0.0,0.0,0.0,0.0,0.0,0.0042269860907313645,0.0042269860907313645
2018/08/29 22:00:00,2018/08/29 23:00:00,2018/08/30 03:00:00,0.8361585728329755,0.8361585728329755,0.0,0.0,0.055105808808094355,0.0,0.29615062745122006,0.06056677148156112,0.0,0.006482733057888501,0.39627516927644474,0.0,0.021577462757766664,0.0,0.0,0.0,0.0,0.0,0.0,0.0,0.0,0.0,0.0,0.0,0.0,0.0,0.0,0.0,0.0,0.0,0.0,0.0,0.0,0.0,0.0,0.0,0.0028530891957888813,0.0028530891957888813
2018/08/29 23:00:00,2018/08/30 00:00:00,2018/08/30 04:00:00,0.4986262720187343,0.4986262720187343,0.0,0.0,0.0,0.0,0.13094360677997474,0.026779722120023,0.0,0.002866353705536267,0.3380365894132003,0.0,0.0,0.0,0.0,0.0,0.0,0.0,0.0,0.0,0.0,0.0,0.0,0.0,0.0,0.0,0.0,0.0,0.0,0.0,0.0,0.0,0.0,0.0,0.0,0.0,0.0017013821010208204,0.0017013821010208204
2018/08/30 00:00:00,2018/08/30 01:00:00,2018/08/30 05:00:00,1.8174730656915352,1.8174730656915352,0.4002980410783714,0.0,0.0,0.0,0.06501908921459039,0.013297274945155983,0.0,0.0014232669458539432,1.3374353935075636,0.0,0.0,0.0,0.0,0.0,0.0,0.0,0.0,0.0,0.0,0.0,0.0,0.0,0.0,0.0,0.0,0.0,0.0,0.0,0.0,0.0,0.0,0.0,0.0,0.0,0.00620147055335832,0.00620147055335832
2018/08/30 01:00:00,2018/08/30 02:00:00,2018/08/30 06:00:00,1.0351425615573795,1.0351425615573795,0.6960760333367727,0.0,0.0,0.0,0.03901145352875434,0.00797836496709361,0.0,0.0008539601675123682,0.2912227495572465,0.0,0.0,0.0,0.0,0.0,0.0,0.0,0.0,0.0,0.0,0.0,0.0,0.0,0.0,0.0,0.0,0.0,0.0,0.0,0.0,0.0,0.0,0.0,0.0,0.0,0.003532050204872474,0.003532050204872474
2018/08/30 02:00:00,2018/08/30 03:00:00,2018/08/30 07:00:00,1.1641822785639393,1.1641822785639393,0.8711798727158023,0.0,0.0,0.0,0.026007635685836212,0.005318909978062404,0.0,0.0005693067783415784,0.2611065534058968,0.0,0.0,0.0,0.0,0.0,0.0,0.0,0.0,0.0,0.0,0.0,0.0,0.0,0.0,0.0,0.0,0.0,0.0,0.0,0.0,0.0,0.0,0.0,0.0,0.0,0.003972351643356453,0.003972351643356453
2018/08/30 03:00:00,2018/08/30 04:00:00,2018/08/30 08:00:00,1.8540200814067451,1.8540200814067451,1.171224482942988,0.0,0.0,0.0,0.026007635685836212,0.005318909978062404,0.0,0.0005693067783415784,0.249355504618253,0.0,0.0,0.0,0.0,0.0,0.0,0.40154424140326395,0.0,0.0,0.0,0.0,0.0,0.0,0.0,0.0,0.0,0.0,0.0,0.0,0.0,0.0,0.0,0.0,0.0,0.0,0.006326174047483973,0.006326174047483973
2018/08/30 04:00:00,2018/08/30 05:00:00,2018/08/30 09:00:00,1.7099228201397654,1.7099228201397654,1.441344986566466,0.0,0.0,0.0,0.026843243274492543,0.00548980292637717,0.0,0.0005875982166715451,0.23565718915575795,0.0,0.0,0.0,0.0,0.0,0.0,0.0,0.0,0.0,0.0,0.0,0.0,0.0,0.0,0.0,0.0,0.0,0.0,0.0,0.0,0.0,0.0,0.0,0.0,0.0,0.005834494176439093,0.005834494176439093
2018/08/30 05:00:00,2018/08/30 06:00:00,2018/08/30 10:00:00,1.963718139222183,1.963718139222183,1.6225971078570656,0.0,0.0,0.0,0.06900948530167404,0.014113364412895239,0.0,0.0015106166599181724,0.25648756499062997,0.0,0.0,0.0,0.0,0.0,0.0,0.0,0.0,0.0,0.0,0.0,0.0,0.0,0.0,0.0,0.0,0.0,0.0,0.0,0.0,0.0,0.0,0.0,0.0,0.0,0.006700479058185296,0.006700479058185296
2018/08/30 06:00:00,2018/08/30 07:00:00,2018/08/30 11:00:00,2.2037962492452596,2.2037962492452596,1.691414400511905,0.0,0.0,0.0,0.16201522163153,0.03313428369051031,0.0,0.003546510916391187,0.3136858324949231,0.0,0.0,0.0,0.0,0.0,0.0,0.0,0.0,0.0,0.0,0.0,0.0,0.0,0.0,0.0,0.0,0.0,0.0,0.0,0.0,0.0,0.0,0.0,0.0,0.0,0.007519658917253819,0.007519658917253819
2018/08/30 07:00:00,2018/08/30 08:00:00,2018/08/30 12:00:00,2.1530973128648685,2.1530973128648685,1.1791158847040548,0.0,0.0,0.0,0.20502608639988215,0.041930581844827744,0.0,0.0044880181395291685,0.35862554090222465,0.0,0.0,0.0,0.0,0.0,0.0,0.36391120087435,0.0,0.0,0.0,0.0,0.0,0.0,0.0,0.0,0.0,0.0,0.0,0.0,0.0,0.0,0.0,0.0,0.0,0.0,0.007346667104068432,0.007346667104068432
2018/08/30 08:00:00,2018/08/30 09:00:00,2018/08/30 13:00:00,2.457768431574641,2.457768431574641,0.5938361799181118,0.0,0.0,0.0,0.20318552328194064,0.04155416202522051,0.0,0.004447728238837415,0.2959239672796783,0.0,0.0,0.0,0.0,0.0,0.0,1.3188208708308526,0.0,0.0,0.0,0.0,0.0,0.0,0.0,0.0,0.0,0.0,0.0,0.0,0.0,0.0,0.0,0.0,0.0,0.0,0.008386247280965571,0.008386247280965571
2018/08/30 09:00:00,2018/08/30 10:00:00,2018/08/30 14:00:00,1.8274994658311359,1.8274994658311359,0.030100502689483104,0.0,0.0,0.0,0.19457144785868138,0.03979246817984311,0.0,0.0042591662493183975,0.2399550100229572,0.0,0.0,0.0,0.0,0.0,0.0,1.3188208708308526,0.0,0.0,0.0,0.0,0.0,0.0,0.0,0.0,0.0,0.0,0.0,0.0,0.0,0.0,0.0,0.0,0.0,0.0,0.006235682023335874,0.006235682023335874
2018/08/30 10:00:00,2018/08/30 11:00:00,2018/08/30 15:00:00,0.8161352757624566,0.8161352757624566,0.0,0.0,0.04262175987151322,0.0,0.18848183893972803,0.03854706156031103,0.0,0.004125864795972619,0.23647871378177573,0.0,0.01595082276798663,0.0,0.0,0.0,0.0,0.2899292140451693,0.0,0.0,0.0,0.0,0.0,0.0,0.0,0.0,0.0,0.0,0.0,0.0,0.0,0.0,0.0,0.0,0.0,0.0,0.0027847669248798916,0.0027847669248798916
2018/08/30 11:00:00,2018/08/30 12:00:00,2018/08/30 16:00:00,0.8284656229544193,0.8284656229544193,0.0,0.0,0.26065776503945315,0.0,0.18004485089820238,0.03682158445731919,0.0,0.003941179246742044,0.25158580738185676,0.0,0.09541443593084584,0.0,0.0,0.0,0.0,0.0,0.0,0.0,0.0,0.0,0.0,0.0,0.0,0.0,0.0,0.0,0.0,0.0,0.0,0.0,0.0,0.0,0.0,0.0,0.002826839782226224,0.002826839782226224
2018/08/30 12:00:00,2018/08/30 13:00:00,2018/08/30 17:00:00,1.158398440513005,1.158398440513005,0.0,0.0,0.5069884939142585,0.0,0.17395524197924905,0.03557617783778712,0.0,0.003807877793396267,0.2577264052368096,0.0,0.18034424375150424,0.0,0.0,0.0,0.0,0.0,0.0,0.0,0.0,0.0,0.0,0.0,0.0,0.0,0.0,0.0,0.0,0.0,0.0,0.0,0.0,0.0,0.0,0.0,0.003952616384531798,0.003952616384531798
2018/08/30 13:00:00,2018/08/30 14:00:00,2018/08/30 18:00:00,1.5291233371747668,1.5291233371747668,0.0,0.0,0.7800422930711965,0.0,0.1721632852403147,0.035209698673971224,0.0,0.003768651885655419,0.26549933396158615,0.0,0.2724400743420428,0.0,0.0,0.0,0.0,0.0,0.0,0.0,0.0,0.0,0.0,0.0,0.0,0.0,0.0,0.0,0.0,0.0,0.0,0.0,0.0,0.0,0.0,0.0,0.005217581226896575,0.005217581226896575
2018/08/30 14:00:00,2018/08/30 15:00:00,2018/08/30 19:00:00,1.8628948002899839,1.8628948002899839,0.0,0.0,0.9716359174803052,0.0,0.17200135566103103,0.03517658190528837,0.0,0.0037651072494488146,0.34229302080641794,0.0,0.33802281718749233,0.0,0.0,0.0,0.0,0.0,0.0,0.0,0.0,0.0,0.0,0.0,0.0,0.0,0.0,0.0,0.0,0.0,0.0,0.0,0.0,0.0,0.0,0.0,0.00635645582104236,0.00635645582104236
2018/08/30 15:00:00,2018/08/30 16:00:00,2018/08/30 20:00:00,3.0992679578343303,3.0992679578343303,0.0,0.0,1.130146817029639,0.0,0.17216046143222405,0.03520912116738004,0.0,0.003768590072536143,1.366787688265343,0.0,0.3911952798672085,0.0,0.0,0.0,0.0,0.0,0.0,0.0,0.0,0.0,0.0,0.0,0.0,0.0,0.0,0.0,0.0,0.0,0.0,0.0,0.0,0.0,0.0,0.0,0.010575132771039716,0.010575132771039716
2018/08/30 16:00:00,2018/08/30 17:00:00,2018/08/30 21:00:00,2.6861775967160884,2.6861775967160884,0.0,0.0,1.2977242841821601,0.0,0.17312183072358475,0.03540573406899825,0.0,0.0037896344327645183,0.7344504942219786,0.0,0.44168561908660187,0.0,0.0,0.0,0.0,0.0,0.0,0.0,0.0,0.0,0.0,0.0,0.0,0.0,0.0,0.0,0.0,0.0,0.0,0.0,0.0,0.0,0.0,0.0,0.00916561107924166,0.00916561107924166
2018/08/30 17:00:00,2018/08/30 18:00:00,2018/08/30 22:00:00,2.886857832353933,2.886857832353933,0.0,0.0,1.3864779098641673,0.0,0.17758213335500161,0.03631792572140365,0.0,0.003887270394456464,0.5342588683228459,0.0,0.4741210487953644,0.0,0.0,0.0,0.0,0.2742126759006941,0.0,0.0,0.0,0.0,0.0,0.0,0.0,0.0,0.0,0.0,0.0,0.0,0.0,0.0,0.0,0.0,0.0,0.0,0.009850359918408404,0.009850359918408404
2018/08/30 18:00:00,2018/08/30 19:00:00,2018/08/30 23:00:00,3.139161568140679,3.139161568140679,0.0,0.0,1.3356157905957344,0.0,0.19286503779060593,0.03944348445647083,0.0,0.0042218129569960685,0.5498357040003157,0.0,0.46419473195188443,0.0,0.0,0.0,0.0,0.5529850063886717,0.0,0.0,0.0,0.0,0.0,0.0,0.0,0.0,0.0,0.0,0.0,0.0,0.0,0.0,0.0,0.0,0.0,0.0,0.01071125531076376,0.01071125531076376
2018/08/30 19:00:00,2018/08/30 20:00:00,2018/08/31 00:00:00,3.5037039887841503,3.5037039887841503,0.0,0.0,1.0306207919429717,0.0,0.23099165129518737,0.04724088778251356,0.0,0.005056403988859405,0.49840003857373244,0.0,0.37257334437003287,0.0,0.0,0.0,0.0,1.3188208708308526,0.0,0.0,0.0,0.0,0.0,0.0,0.0,0.0,0.0,0.0,0.0,0.0,0.0,0.0,0.0,0.0,0.0,0.0,0.011955124686187086,0.011955124686187086
2018/08/30 20:00:00,2018/08/30 21:00:00,2018/08/31 01:00:00,3.0209742323852304,3.0209742323852304,0.0,0.0,0.6169453901879324,0.0,0.29831842445461637,0.06101011501540101,0.0,0.006530186103717432,0.48758957745724624,0.0,0.23175966833546402,0.0,0.0,0.0,0.0,1.3188208708308526,0.0,0.0,0.0,0.0,0.0,0.0,0.0,0.0,0.0,0.0,0.0,0.0,0.0,0.0,0.0,0.0,0.0,0.0,0.010307983704541406,0.010307983704541406
2018/08/30 21:00:00,2018/08/30 22:00:00,2018/08/31 02:00:00,2.3919064958276897,2.3919064958276897,0.0,0.0,0.408975357375429,0.0,0.37692801925754593,0.07708683045464608,0.0,0.008250949025214567,0.4632829053811929,0.0,0.15547467481698055,0.0,0.0,0.0,0.0,0.9019077595166802,0.0,0.0,0.0,0.0,0.0,0.0,0.0,0.0,0.0,0.0,0.0,0.0,0.0,0.0,0.0,0.0,0.0,0.0,0.00816151720774906,0.00816151720774906
2018/08/30 22:00:00,2018/08/30 23:00:00,2018/08/31 03:00:00,1.0966877072119403,1.0966877072119403,0.0,0.0,0.24380768665060298,0.0,0.29615062745122006,0.06056677148156112,0.0,0.006482733057888501,0.39627516927644474,0.0,0.09340471929422296,0.0,0.0,0.0,0.0,0.0,0.0,0.0,0.0,0.0,0.0,0.0,0.0,0.0,0.0,0.0,0.0,0.0,0.0,0.0,0.0,0.0,0.0,0.0,0.0037420507906768554,0.0037420507906768554
2018/08/30 23:00:00,2018/08/31 00:00:00,2018/08/31 04:00:00,0.6509910429336688,0.6509910429336688,0.0,0.0,0.10992988703332833,0.0,0.13094360677997474,0.026779722120023,0.0,0.002866353705536267,0.3380365894132003,0.0,0.042434883881606086,0.0,0.0,0.0,0.0,0.0,0.0,0.0,0.0,0.0,0.0,0.0,0.0,0.0,0.0,0.0,0.0,0.0,0.0,0.0,0.0,0.0,0.0,0.0,0.00222127186336986,0.00222127186336986
2018/08/31 00:00:00,2018/08/31 01:00:00,2018/08/31 05:00:00,0.39287918894262486,0.39287918894262486,0.0,0.0,0.006883475931865112,0.0,0.06501908921459039,0.013297274945155983,0.0,0.0014232669458539432,0.30359413995633894,0.0,0.00266194194882054,0.0,0.0,0.0,0.0,0.0,0.0,0.0,0.0,0.0,0.0,0.0,0.0,0.0,0.0,0.0,0.0,0.0,0.0,0.0,0.0,0.0,0.0,0.0,0.0013405583649339773,0.0013405583649339773
2018/08/31 01:00:00,2018/08/31 02:00:00,2018/08/31 06:00:00,0.33906652822060673,0.33906652822060673,0.0,0.0,0.0,0.0,0.03901145352875434,0.00797836496709361,0.0,0.0008539601675123682,0.2912227495572465,0.0,0.0,0.0,0.0,0.0,0.0,0.0,0.0,0.0,0.0,0.0,0.0,0.0,0.0,0.0,0.0,0.0,0.0,0.0,0.0,0.0,0.0,0.0,0.0,0.0,0.001156942091788009,0.001156942091788009
2018/08/31 02:00:00,2018/08/31 03:00:00,2018/08/31 07:00:00,0.29300240584813697,0.29300240584813697,0.0,0.0,0.0,0.0,0.026007635685836212,0.005318909978062404,0.0,0.0005693067783415784,0.2611065534058968,0.0,0.0,0.0,0.0,0.0,0.0,0.0,0.0,0.0,0.0,0.0,0.0,0.0,0.0,0.0,0.0,0.0,0.0,0.0,0.0,0.0,0.0,0.0,0.0,0.0,0.0009997649077891518,0.0009997649077891518
2018/08/31 03:00:00,2018/08/31 04:00:00,2018/08/31 08:00:00,0.2812513570604932,0.2812513570604932,0.0,0.0,0.0,0.0,0.026007635685836212,0.005318909978062404,0.0,0.0005693067783415784,0.249355504618253,0.0,0.0,0.0,0.0,0.0,0.0,0.0,0.0,0.0,0.0,0.0,0.0,0.0,0.0,0.0,0.0,0.0,0.0,0.0,0.0,0.0,0.0,0.0,0.0,0.0,0.0009596686970648835,0.0009596686970648835
2018/08/31 04:00:00,2018/08/31 05:00:00,2018/08/31 09:00:00,0.26857783357329923,0.26857783357329923,0.0,0.0,0.0,0.0,0.026843243274492543,0.00548980292637717,0.0,0.0005875982166715451,0.23565718915575795,0.0,0.0,0.0,0.0,0.0,0.0,0.0,0.0,0.0,0.0,0.0,0.0,0.0,0.0,0.0,0.0,0.0,0.0,0.0,0.0,0.0,0.0,0.0,0.0,0.0,0.0009164248745308621,0.0009164248745308621
2018/08/31 05:00:00,2018/08/31 06:00:00,2018/08/31 10:00:00,0.4123304900029619,0.4123304900029619,0.07120945863784447,0.0,0.0,0.0,0.06900948530167404,0.014113364412895239,0.0,0.0015106166599181724,0.25648756499062997,0.0,0.0,0.0,0.0,0.0,0.0,0.0,0.0,0.0,0.0,0.0,0.0,0.0,0.0,0.0,0.0,0.0,0.0,0.0,0.0,0.0,0.0,0.0,0.0,0.0,0.0014069289060040261,0.0014069289060040261
2018/08/31 06:00:00,2018/08/31 07:00:00,2018/08/31 11:00:00,1.8139231122779778,1.8139231122779778,0.0,0.0,0.018004814591661738,0.0,0.16201522163153,0.03313428369051031,0.0,0.003546510916391187,0.3136858324949231,0.0,0.007058007534084569,0.0,0.0,0.0,0.0,1.276478441418877,0.0,0.0,0.0,0.0,0.0,0.0,0.0,0.0,0.0,0.0,0.0,0.0,0.0,0.0,0.0,0.0,0.0,0.0,0.006189357619210602,0.006189357619210602
2018/08/31 07:00:00,2018/08/31 08:00:00,2018/08/31 12:00:00,2.0147253249231554,2.0147253249231554,0.0858342268058392,0.0,0.0,0.0,0.20502608639988215,0.041930581844827744,0.0,0.0044880181395291685,0.35862554090222465,0.0,0.0,0.0,0.0,0.0,0.0,1.3188208708308526,0.0,0.0,0.0,0.0,0.0,0.0,0.0,0.0,0.0,0.0,0.0,0.0,0.0,0.0,0.0,0.0,0.0,0.0,0.0068745226608693906,0.0068745226608693906
2018/08/31 08:00:00,2018/08/31 09:00:00,2018/08/31 13:00:00,1.960255597989624,1.960255597989624,0.09632334633309408,0.0,0.0,0.0,0.20318552328194064,0.04155416202522051,0.0,0.004447728238837415,0.2959239672796783,0.0,0.0,0.0,0.0,0.0,0.0,1.3188208708308526,0.0,0.0,0.0,0.0,0.0,0.0,0.0,0.0,0.0,0.0,0.0,0.0,0.0,0.0,0.0,0.0,0.0,0.0,0.006688664386540996,0.006688664386540996
2018/08/31 09:00:00,2018/08/31 10:00:00,2018/08/31 14:00:00,1.5717574844167066,1.5717574844167066,0.0,0.0,0.0,0.0,0.19457144785868138,0.03979246817984311,0.0,0.0042591662493183975,0.2399550100229572,0.0,0.0,0.0,0.0,0.0,0.0,1.0931793921059065,0.0,0.0,0.0,0.0,0.0,0.0,0.0,0.0,0.0,0.0,0.0,0.0,0.0,0.0,0.0,0.0,0.0,0.0,0.0053630548593148,0.0053630548593148
2018/08/31 10:00:00,2018/08/31 11:00:00,2018/08/31 15:00:00,0.5432986781414068,0.5432986781414068,0.0,0.0,0.05477733795052434,0.0,0.18848183893972803,0.03854706156031103,0.0,0.004125864795972619,0.23647871378177573,0.0,0.020887861113095076,0.0,0.0,0.0,0.0,0.0,0.0,0.0,0.0,0.0,0.0,0.0,0.0,0.0,0.0,0.0,0.0,0.0,0.0,0.0,0.0,0.0,0.0,0.0,0.0018538105558612268,0.0018538105558612268
2018/08/31 11:00:00,2018/08/31 12:00:00,2018/08/31 16:00:00,1.1482743282277035,1.1482743282277035,0.0,0.0,0.2362279611845973,0.0,0.18004485089820238,0.03682158445731919,0.0,0.003941179246742044,0.25158580738185676,0.0,0.08885429641818532,0.0,0.0,0.0,0.0,0.35079864864080024,0.0,0.0,0.0,0.0,0.0,0.0,0.0,0.0,0.0,0.0,0.0,0.0,0.0,0.0,0.0,0.0,0.0,0.0,0.00391807150714056,0.00391807150714056
2018/08/31 12:00:00,2018/08/31 13:00:00,2018/08/31 17:00:00,1.794612159521864,1.794612159521864,0.0,0.0,0.3271428444522718,0.0,0.17395524197924905,0.03557617783778712,0.0,0.003807877793396267,0.2577264052368096,0.0,0.12334386352767093,0.0,0.0,0.0,0.0,0.8730597486946793,0.0,0.0,0.0,0.0,0.0,0.0,0.0,0.0,0.0,0.0,0.0,0.0,0.0,0.0,0.0,0.0,0.0,0.0,0.0061234659660494226,0.0061234659660494226
2018/08/31 13:00:00,2018/08/31 14:00:00,2018/08/31 18:00:00,1.1475226834115626,1.1475226834115626,0.0,0.0,0.4885616174643136,0.0,0.1721632852403147,0.035209698673971224,0.0,0.003768651885655419,0.26549933396158615,0.0,0.18232009618572156,0.0,0.0,0.0,0.0,0.0,0.0,0.0,0.0,0.0,0.0,0.0,0.0,0.0,0.0,0.0,0.0,0.0,0.0,0.0,0.0,0.0,0.0,0.0,0.0039155067906218545,0.0039155067906218545
2018/08/31 14:00:00,2018/08/31 15:00:00,2018/08/31 19:00:00,2.2799434682825046,2.2799434682825046,0.0,0.0,0.699176485591162,0.0,0.17200135566103103,0.03517658190528837,0.0,0.0037651072494488146,0.6540638939244177,0.0,0.2577349237699,0.0,0.0,0.0,0.0,0.45802512018125685,0.0,0.0,0.0,0.0,0.0,0.0,0.0,0.0,0.0,0.0,0.0,0.0,0.0,0.0,0.0,0.0,0.0,0.0,0.007779483805717804,0.007779483805717804
2018/08/31 15:00:00,2018/08/31 16:00:00,2018/08/31 20:00:00,1.5449418976765321,1.5449418976765321,0.0,0.0,0.7684027228414632,0.0,0.17216046143222405,0.03520912116738004,0.0,0.003768590072536143,0.2828534135552759,0.0,0.28254758860765283,0.0,0.0,0.0,0.0,0.0,0.0,0.0,0.0,0.0,0.0,0.0,0.0,0.0,0.0,0.0,0.0,0.0,0.0,0.0,0.0,0.0,0.0,0.0,0.005271556352580702,0.005271556352580702
2018/08/31 16:00:00,2018/08/31 17:00:00,2018/08/31 21:00:00,1.780786526785142,1.780786526785142,0.0,0.0,0.8649120238162004,0.0,0.17312183072358475,0.03540573406899825,0.0,0.0037896344327645183,0.38312597586620323,0.0,0.3204313278773907,0.0,0.0,0.0,0.0,0.0,0.0,0.0,0.0,0.0,0.0,0.0,0.0,0.0,0.0,0.0,0.0,0.0,0.0,0.0,0.0,0.0,0.0,0.0,0.0060762909867241,0.0060762909867241
2018/08/31 17:00:00,2018/08/31 18:00:00,2018/08/31 22:00:00,1.910466370176489,1.910466370176489,0.0,0.0,0.8405524497881106,0.0,0.17758213335500161,0.03631792572140365,0.0,0.003887270394456464,0.5342588683228459,0.0,0.31786772259467105,0.0,0.0,0.0,0.0,0.0,0.0,0.0,0.0,0.0,0.0,0.0,0.0,0.0,0.0,0.0,0.0,0.0,0.0,0.0,0.0,0.0,0.0,0.0,0.006518776625348716,0.006518776625348716
2018/08/31 18:00:00,2018/08/31 19:00:00,2018/08/31 23:00:00,1.7825609183666786,1.7825609183666786,0.0,0.0,0.7193934043068647,0.0,0.19286503779060593,0.03944348445647083,0.0,0.0042218129569960685,0.5498357040003157,0.0,0.27680147485542556,0.0,0.0,0.0,0.0,0.0,0.0,0.0,0.0,0.0,0.0,0.0,0.0,0.0,0.0,0.0,0.0,0.0,0.0,0.0,0.0,0.0,0.0,0.0,0.006082345457269356,0.006082345457269356
2018/08/31 19:00:00,2018/08/31 20:00:00,2018/09/01 00:00:00,2.388073681844729,2.388073681844729,0.0,0.0,0.5516856525273641,0.0,0.23099165129518737,0.04724088778251356,0.0,0.005056403988859405,0.49840003857373244,0.0,0.21619973392296649,0.0,0.0,0.0,0.0,0.8384993137541058,0.0,0.0,0.0,0.0,0.0,0.0,0.0,0.0,0.0,0.0,0.0,0.0,0.0,0.0,0.0,0.0,0.0,0.0,0.00814843911404824,0.00814843911404824
2018/08/31 20:00:00,2018/08/31 21:00:00,2018/09/01 01:00:00,2.386656703333527,2.386656703333527,0.0,0.0,0.1536091796956431,0.0,0.29831842445461637,0.06101011501540101,0.0,0.006530186103717432,0.48758957745724624,0.0,0.06077834977604995,0.0,0.0,0.0,0.0,1.3188208708308526,0.0,0.0,0.0,0.0,0.0,0.0,0.0,0.0,0.0,0.0,0.0,0.0,0.0,0.0,0.0,0.0,0.0,0.0,0.00814360418654486,0.00814360418654486
2018/08/31 21:00:00,2018/08/31 22:00:00,2018/09/01 02:00:00,1.7587969305161377,1.7587969305161377,0.0,0.0,0.0,0.0,0.37692801925754593,0.07708683045464608,0.0,0.008250949025214567,0.4632829053811929,0.0,0.0,0.0,0.0,0.0,0.0,0.8332482263975384,0.0,0.0,0.0,0.0,0.0,0.0,0.0,0.0,0.0,0.0,0.0,0.0,0.0,0.0,0.0,0.0,0.0,0.0,0.0060012594298242015,0.0060012594298242015
2018/08/31 22:00:00,2018/08/31 23:00:00,2018/09/01 03:00:00,0.7594753012671144,0.7594753012671144,0.0,0.0,0.0,0.0,0.29615062745122006,0.06056677148156112,0.0,0.006482733057888501,0.39627516927644474,0.0,0.0,0.0,0.0,0.0,0.0,0.0,0.0,0.0,0.0,0.0,0.0,0.0,0.0,0.0,0.0,0.0,0.0,0.0,0.0,0.0,0.0,0.0,0.0,0.0,0.00259143522163773,0.00259143522163773
2018/08/31 23:00:00,2018/09/01 00:00:00,2018/09/01 04:00:00,0.5365147559336377,0.5365147559336377,0.037888483914903404,0.0,0.0,0.0,0.13094360677997474,0.026779722120023,0.0,0.002866353705536267,0.3380365894132003,0.0,0.0,0.0,0.0,0.0,0.0,0.0,0.0,0.0,0.0,0.0,0.0,0.0,0.0,0.0,0.0,0.0,0.0,0.0,0.0,0.0,0.0,0.0,0.0,0.0,0.0018306628709783448,0.0018306628709783448
2018/09/01 00:00:00,2018/09/01 01:00:00,2018/09/01 05:00:00,0.7660081967932317,0.7660081967932317,0.3826744257312924,0.0,0.0,0.0,0.06501908921459039,0.013297274945155983,0.0,0.0014232669458539432,0.30359413995633894,0.0,0.0,0.0,0.0,0.0,0.0,0.0,0.0,0.0,0.0,0.0,0.0,0.0,0.0,0.0,0.0,0.0,0.0,0.0,0.0,0.0,0.0,0.0,0.0,0.0,0.0026137263686143524,0.0026137263686143524
2018/09/01 01:00:00,2018/09/01 02:00:00,2018/09/01 06:00:00,0.7387798832861011,0.7387798832861011,0.3983347234458184,0.0,0.0,0.0,0.03901145352875434,0.00797836496709361,0.0,0.0008539601675123682,0.2926013811769224,0.0,0.0,0.0,0.0,0.0,0.0,0.0,0.0,0.0,0.0,0.0,0.0,0.0,0.0,0.0,0.0,0.0,0.0,0.0,0.0,0.0,0.0,0.0,0.0,0.0,0.0025208195808222424,0.0025208195808222424
2018/09/01 02:00:00,2018/09/01 03:00:00,2018/09/01 07:00:00,0.5322720844431228,0.5322720844431228,0.2378664467359472,0.0,0.0,0.0,0.026007635685836212,0.005318909978062404,0.0,0.0005693067783415784,0.2625097852649354,0.0,0.0,0.0,0.0,0.0,0.0,0.0,0.0,0.0,0.0,0.0,0.0,0.0,0.0,0.0,0.0,0.0,0.0,0.0,0.0,0.0,0.0,0.0,0.0,0.0,0.0018161862865311415,0.0018161862865311415
2018/09/01 03:00:00,2018/09/01 04:00:00,2018/09/01 08:00:00,0.37006157251275645,0.37006157251275645,0.0874457952737164,0.0,0.0,0.0,0.026007635685836212,0.005318909978062404,0.0,0.0005693067783415784,0.25071992479679983,0.0,0.0,0.0,0.0,0.0,0.0,0.0,0.0,0.0,0.0,0.0,0.0,0.0,0.0,0.0,0.0,0.0,0.0,0.0,0.0,0.0,0.0,0.0,0.0,0.0,0.0012627014882303804,0.0012627014882303804
2018/09/01 04:00:00,2018/09/01 05:00:00,2018/09/01 09:00:00,0.27029951738206165,0.27029951738206165,0.0,0.0,0.0,0.0,0.027249552419694536,0.005572898590769679,0.0,0.0005964923181292811,0.23688057405346816,0.0,0.0,0.0,0.0,0.0,0.0,0.0,0.0,0.0,0.0,0.0,0.0,0.0,0.0,0.0,0.0,0.0,0.0,0.0,0.0,0.0,0.0,0.0,0.0,0.0,0.0009222994988341232,0.0009222994988341232
2018/09/01 05:00:00,2018/09/01 06:00:00,2018/09/01 10:00:00,0.3449127893543942,0.3449127893543942,0.0,0.0,0.0,0.0,0.07103552208494862,0.014527716082253228,0.0,0.0015549665765280758,0.25779458461066423,0.0,0.0,0.0,0.0,0.0,0.0,0.0,0.0,0.0,0.0,0.0,0.0,0.0,0.0,0.0,0.0,0.0,0.0,0.0,0.0,0.0,0.0,0.0,0.0,0.0,0.0011768903468421389,0.0011768903468421389
2018/09/01 06:00:00,2018/09/01 07:00:00,2018/09/01 11:00:00,0.5196792287863781,0.5196792287863781,0.0,0.0,0.0,0.0,0.1667717967174164,0.03410706702965493,0.0,0.0036506322779327363,0.31514973276137404,0.0,0.0,0.0,0.0,0.0,0.0,0.0,0.0,0.0,0.0,0.0,0.0,0.0,0.0,0.0,0.0,0.0,0.0,0.0,0.0,0.0,0.0,0.0,0.0,0.0,0.0017732177138396503,0.0017732177138396503
2018/09/01 07:00:00,2018/09/01 08:00:00,2018/09/01 12:00:00,1.6199512127503304,1.6199512127503304,0.0,0.0,0.0923513223556386,0.0,0.21104540955177992,0.043161614083227134,0.0,0.004619781038425436,0.36010528653425383,0.0,0.03445508207189382,0.0,0.0,0.0,0.0,0.8742127171151116,0.0,0.0,0.0,0.0,0.0,0.0,0.0,0.0,0.0,0.0,0.0,0.0,0.0,0.0,0.0,0.0,0.0,0.0,0.005527498554662658,0.005527498554662658
2018/09/01 08:00:00,2018/09/01 09:00:00,2018/09/01 13:00:00,1.938750430354252,1.938750430354252,0.0,0.0,0.04590755759562617,0.0,0.21211882851794048,0.043381142644712725,0.0,0.004643278164454789,0.29686636074616646,0.0,0.017012391854498744,0.0,0.0,0.0,0.0,1.3188208708308526,0.0,0.0,0.0,0.0,0.0,0.0,0.0,0.0,0.0,0.0,0.0,0.0,0.0,0.0,0.0,0.0,0.0,0.0,0.006615285767427844,0.006615285767427844
2018/09/01 09:00:00,2018/09/01 10:00:00,2018/09/01 14:00:00,0.8741066602179124,0.8741066602179124,0.0,0.0,0.07341894279199832,0.0,0.2062198728771374,0.04217472717515497,0.0,0.004514150108678676,0.24045407484446327,0.0,0.027462976260705745,0.0,0.0,0.0,0.0,0.279861916159774,0.0,0.0,0.0,0.0,0.0,0.0,0.0,0.0,0.0,0.0,0.0,0.0,0.0,0.0,0.0,0.0,0.0,0.0,0.002982573341065286,0.002982573341065286
2018/09/01 10:00:00,2018/09/01 11:00:00,2018/09/01 15:00:00,0.7001221742251602,0.7001221742251602,0.0,0.0,0.1590449736051037,0.0,0.19995148025023965,0.040892756891797895,0.0,0.004376935082487628,0.23706579076249806,0.0,0.05879023763303326,0.0,0.0,0.0,0.0,0.0,0.0,0.0,0.0,0.0,0.0,0.0,0.0,0.0,0.0,0.0,0.0,0.0,0.0,0.0,0.0,0.0,0.0,0.0,0.0023889141078184376,0.0023889141078184376
2018/09/01 11:00:00,2018/09/01 12:00:00,2018/09/01 16:00:00,0.9502116527748956,0.9502116527748956,0.0,0.0,0.3415754196699987,0.0,0.19126679222895843,0.03911662182397593,0.0,0.004186827384193855,0.2521460954047706,0.0,0.1219198962629979,0.0,0.0,0.0,0.0,0.0,0.0,0.0,0.0,0.0,0.0,0.0,0.0,0.0,0.0,0.0,0.0,0.0,0.0,0.0,0.0,0.0,0.0,0.0,0.0032422541469132155,0.0032422541469132155
2018/09/01 12:00:00,2018/09/01 13:00:00,2018/09/01 17:00:00,1.3453677768715473,1.3453677768715473,0.0,0.0,0.6386455857167266,0.0,0.1849983996020602,0.03783465154061874,0.0,0.004049612358002795,0.25819048102071934,0.0,0.22164904663341978,0.0,0.0,0.0,0.0,0.0,0.0,0.0,0.0,0.0,0.0,0.0,0.0,0.0,0.0,0.0,0.0,0.0,0.0,0.0,0.0,0.0,0.0,0.0,0.004590581730866805,0.004590581730866805
2018/09/01 13:00:00,2018/09/01 14:00:00,2018/09/01 18:00:00,2.9488053002985595,2.9488053002985595,0.0,0.0,1.054557117007257,0.0,0.1831538331348946,0.037457412982453704,0.0,0.004009234824052993,0.26620885734512484,0.0,0.3554061491944918,0.0,0.0,0.0,0.0,1.0480126958102842,0.0,0.0,0.0,0.0,0.0,0.0,0.0,0.0,0.0,0.0,0.0,0.0,0.0,0.0,0.0,0.0,0.0,0.0,0.010061733283750431,0.010061733283750431
2018/09/01 14:00:00,2018/09/01 15:00:00,2018/09/01 19:00:00,2.565421961343104,2.565421961343104,0.0,0.0,1.429229444086967,0.0,0.18302017057615164,0.03743007719822559,0.0,0.004006308952527337,0.2956372840816883,0.0,0.4648485005754407,0.0,0.0,0.0,0.0,0.15125017587210315,0.0,0.0,0.0,0.0,0.0,0.0,0.0,0.0,0.0,0.0,0.0,0.0,0.0,0.0,0.0,0.0,0.0,0.0,0.008753576077978683,0.008753576077978683
2018/09/01 15:00:00,2018/09/01 16:00:00,2018/09/01 20:00:00,2.713484377783649,2.713484377783649,0.0,0.0,1.6666796210246602,0.0,0.18349684026526766,0.037527562536620276,0.0,0.0040167432452989605,0.28373458382035643,0.0,0.5380290268914454,0.0,0.0,0.0,0.0,0.0,0.0,0.0,0.0,0.0,0.0,0.0,0.0,0.0,0.0,0.0,0.0,0.0,0.0,0.0,0.0,0.0,0.0,0.0,0.00925878560924937,0.00925878560924937
2018/09/01 16:00:00,2018/09/01 17:00:00,2018/09/01 21:00:00,2.769726484654778,2.769726484654778,0.0,0.0,1.6262160787282152,0.0,0.18612867792959029,0.03806580860337172,0.0,0.004074354134650564,0.38388522406492354,0.0,0.5313563411940267,0.0,0.0,0.0,0.0,0.0,0.0,0.0,0.0,0.0,0.0,0.0,0.0,0.0,0.0,0.0,0.0,0.0,0.0,0.0,0.0,0.0,0.0,0.0,0.009450691490114474,0.009450691490114474
2018/09/01 17:00:00,2018/09/01 18:00:00,2018/09/01 22:00:00,2.830532074011347,2.830532074011347,0.0,0.0,1.5436783330086075,0.0,0.19696408002817453,0.04028179351775072,0.0,0.004311540933762028,0.5350858754207735,0.0,0.5102104511022784,0.0,0.0,0.0,0.0,0.0,0.0,0.0,0.0,0.0,0.0,0.0,0.0,0.0,0.0,0.0,0.0,0.0,0.0,0.0,0.0,0.0,0.0,0.0,0.009658168607103211,0.009658168607103211
2018/09/01 18:00:00,2018/09/01 19:00:00,2018/09/01 23:00:00,4.0457288628225525,4.0457288628225525,0.0,0.0,1.43269592373047,0.0,0.22873324489695904,0.04677901341334135,0.0,0.005006967504655592,0.5513214305361466,0.0,0.48156685480207695,0.0,0.0,0.0,0.0,1.299625427938903,0.0,0.0,0.0,0.0,0.0,0.0,0.0,0.0,0.0,0.0,0.0,0.0,0.0,0.0,0.0,0.0,0.0,0.0,0.01380458884551312,0.01380458884551312
2018/09/01 19:00:00,2018/09/01 20:00:00,2018/09/02 00:00:00,4.035957665831299,4.035957665831299,0.0,0.0,1.0682733969074656,0.0,0.29344032222657884,0.060012477747325606,0.0,0.0064234045147482585,0.9147331025584201,0.0,0.37425409104590873,0.0,0.0,0.0,0.0,1.3188208708308526,0.0,0.0,0.0,0.0,0.0,0.0,0.0,0.0,0.0,0.0,0.0,0.0,0.0,0.0,0.0,0.0,0.0,0.0,0.013771248164126315,0.013771248164126315
2018/09/01 20:00:00,2018/09/01 21:00:00,2018/09/02 01:00:00,2.361829870922052,2.361829870922052,0.0,0.0,0.7911372467206796,0.0,0.3798491860217515,0.07768424819908869,0.0,0.008314893324481805,0.49005820397958605,0.0,0.2855460932200816,0.0,0.0,0.0,0.0,0.329239999456383,0.0,0.0,0.0,0.0,0.0,0.0,0.0,0.0,0.0,0.0,0.0,0.0,0.0,0.0,0.0,0.0,0.0,0.0,0.008058891585825057,0.008058891585825057
2018/09/01 21:00:00,2018/09/01 22:00:00,2018/09/02 02:00:00,1.8642862787656456,1.8642862787656456,0.0,0.0,0.6276037582030777,0.0,0.44204960907651225,0.0904050681468183,0.0,0.009676459707852593,0.4657559093404247,0.0,0.2287954742909598,0.0,0.0,0.0,0.0,0.0,0.0,0.0,0.0,0.0,0.0,0.0,0.0,0.0,0.0,0.0,0.0,0.0,0.0,0.0,0.0,0.0,0.0,0.0,0.006361203738882432,0.006361203738882432
2018/09/01 22:00:00,2018/09/01 23:00:00,2018/09/02 03:00:00,1.4194940885740652,1.4194940885740652,0.0,0.0,0.4683078682090343,0.0,0.3095070107337689,0.06329833082707534,0.0,0.006775104099560094,0.39843385714884805,0.0,0.17317191755577885,0.0,0.0,0.0,0.0,0.0,0.0,0.0,0.0,0.0,0.0,0.0,0.0,0.0,0.0,0.0,0.0,0.0,0.0,0.0,0.0,0.0,0.0,0.0,0.004843511002793768,0.004843511002793768
2018/09/01 23:00:00,2018/09/02 00:00:00,2018/09/02 04:00:00,0.94829955187306,0.94829955187306,0.0,0.0,0.3262355437921523,0.0,0.13094360677997474,0.026779722120023,0.0,0.002866353705536267,0.33988697256011713,0.0,0.12158735291525676,0.0,0.0,0.0,0.0,0.0,0.0,0.0,0.0,0.0,0.0,0.0,0.0,0.0,0.0,0.0,0.0,0.0,0.0,0.0,0.0,0.0,0.0,0.0,0.003235729793038804,0.003235729793038804
2018/09/02 00:00:00,2018/09/02 01:00:00,2018/09/02 05:00:00,0.6866287010249084,0.6866287010249084,0.0,0.0,0.21988242708742745,0.0,0.06501908921459039,0.013297274945155983,0.0,0.0014232669458539432,0.3050892066174897,0.0,0.08191743621439074,0.0,0.0,0.0,0.0,0.0,0.0,0.0,0.0,0.0,0.0,0.0,0.0,0.0,0.0,0.0,0.0,0.0,0.0,0.0,0.0,0.0,0.0,0.0,0.0023428725029696457,0.0023428725029696457
2018/09/02 01:00:00,2018/09/02 02:00:00,2018/09/02 06:00:00,0.5465824029009979,0.5465824029009979,0.0,0.0,0.150033597922551,0.0,0.03901145352875434,0.00797836496709361,0.0,0.0008539601675123682,0.2926013811769224,0.0,0.056103645138164036,0.0,0.0,0.0,0.0,0.0,0.0,0.0,0.0,0.0,0.0,0.0,0.0,0.0,0.0,0.0,0.0,0.0,0.0,0.0,0.0,0.0,0.0,0.0,0.0018650150808615408,0.0018650150808615408
2018/09/02 02:00:00,2018/09/02 03:00:00,2018/09/02 07:00:00,0.4516967710084695,0.4516967710084695,0.0,0.0,0.11454843897974966,0.0,0.026007635685836212,0.005318909978062404,0.0,0.0005693067783415784,0.2625097852649354,0.0,0.04274269432154419,0.0,0.0,0.0,0.0,0.0,0.0,0.0,0.0,0.0,0.0,0.0,0.0,0.0,0.0,0.0,0.0,0.0,0.0,0.0,0.0,0.0,0.0,0.0,0.001541252124905757,0.001541252124905757
2018/09/02 03:00:00,2018/09/02 04:00:00,2018/09/02 08:00:00,0.39659214491050204,0.39659214491050204,0.0,0.0,0.0831010566939027,0.0,0.026007635685836212,0.005318909978062404,0.0,0.0005693067783415784,0.25071992479679983,0.0,0.030875310977559266,0.0,0.0,0.0,0.0,0.0,0.0,0.0,0.0,0.0,0.0,0.0,0.0,0.0,0.0,0.0,0.0,0.0,0.0,0.0,0.0,0.0,0.0,0.0,0.0013532274864386446,0.0013532274864386446
2018/09/02 04:00:00,2018/09/02 05:00:00,2018/09/02 09:00:00,0.3448114843824427,0.3448114843824427,0.0,0.0,0.05420019450469914,0.0,0.027249552419694536,0.005572898590769679,0.0,0.0005964923181292811,0.23688057405346816,0.0,0.020311772495681866,0.0,0.0,0.0,0.0,0.0,0.0,0.0,0.0,0.0,0.0,0.0,0.0,0.0,0.0,0.0,0.0,0.0,0.0,0.0,0.0,0.0,0.0,0.0,0.0011765446802062334,0.0011765446802062334
2018/09/02 05:00:00,2018/09/02 06:00:00,2018/09/02 10:00:00,0.406770174975864,0.406770174975864,0.0,0.0,0.04502093489109633,0.0,0.07103552208494862,0.014527716082253228,0.0,0.0015549665765280758,0.25779458461066423,0.0,0.01683645073037353,0.0,0.0,0.0,0.0,0.0,0.0,0.0,0.0,0.0,0.0,0.0,0.0,0.0,0.0,0.0,0.0,0.0,0.0,0.0,0.0,0.0,0.0,0.0,0.0013879563387848121,0.0013879563387848121
2018/09/02 06:00:00,2018/09/02 07:00:00,2018/09/02 11:00:00,1.1325576643678408,1.1325576643678408,0.0,0.0,0.08613617165734619,0.0,0.1667717967174164,0.03410706702965493,0.0,0.0036506322779327363,0.31514973276137404,0.0,0.03196841024466567,0.0,0.0,0.0,0.0,0.49477385367945087,0.0,0.0,0.0,0.0,0.0,0.0,0.0,0.0,0.0,0.0,0.0,0.0,0.0,0.0,0.0,0.0,0.0,0.0,0.0038644440669523984,0.0038644440669523984
2018/09/02 07:00:00,2018/09/02 08:00:00,2018/09/02 12:00:00,2.2973317574405363,2.2973317574405363,0.0,0.0,0.3018419054347392,0.0,0.21104540955177992,0.043161614083227134,0.0,0.004619781038425436,0.36010528653425383,0.0,0.1119672904277451,0.0,0.0,0.0,0.0,1.2645904703703656,0.0,0.0,0.0,0.0,0.0,0.0,0.0,0.0,0.0,0.0,0.0,0.0,0.0,0.0,0.0,0.0,0.0,0.0,0.007838815063617785,0.007838815063617785
2018/09/02 08:00:00,2018/09/02 09:00:00,2018/09/02 13:00:00,2.0094642653288006,2.0094642653288006,0.0,0.0,0.09735515773717143,0.0,0.21211882851794048,0.043381142644712725,0.0,0.004643278164454789,0.29686636074616646,0.0,0.0362786266875019,0.0,0.0,0.0,0.0,1.3188208708308526,0.0,0.0,0.0,0.0,0.0,0.0,0.0,0.0,0.0,0.0,0.0,0.0,0.0,0.0,0.0,0.0,0.0,0.0,0.006856571194754297,0.006856571194754297
2018/09/02 09:00:00,2018/09/02 10:00:00,2018/09/02 14:00:00,1.9319713877087958,1.9319713877087958,0.0,0.0,0.08730920066005113,0.0,0.2062198728771374,0.04217472717515497,0.0,0.004514150108678676,0.24045407484446327,0.0,0.032478491212457744,0.0,0.0,0.0,0.0,1.3188208708308526,0.0,0.0,0.0,0.0,0.0,0.0,0.0,0.0,0.0,0.0,0.0,0.0,0.0,0.0,0.0,0.0,0.0,0.0,0.0065921547322893605,0.0065921547322893605
2018/09/02 10:00:00,2018/09/02 11:00:00,2018/09/02 15:00:00,0.8615852019739088,0.8615852019739088,0.0,0.0,0.12479494621198355,0.0,0.19995148025023965,0.040892756891797895,0.0,0.004376935082487628,0.27140283443066526,0.0,0.046208003258627534,0.0,0.0,0.0,0.0,0.1739582458481072,0.0,0.0,0.0,0.0,0.0,0.0,0.0,0.0,0.0,0.0,0.0,0.0,0.0,0.0,0.0,0.0,0.0,0.0,0.0029398483862634116,0.0029398483862634116
2018/09/02 11:00:00,2018/09/02 12:00:00,2018/09/02 16:00:00,1.5568153490536172,1.5568153490536172,0.0,0.0,0.2167097660749387,0.0,0.19126679222895843,0.03911662182397593,0.0,0.004186827384193855,1.0262084091630723,0.0,0.07932693237847789,0.0,0.0,0.0,0.0,0.0,0.0,0.0,0.0,0.0,0.0,0.0,0.0,0.0,0.0,0.0,0.0,0.0,0.0,0.0,0.0,0.0,0.0,0.0,0.005312070217942282,0.005312070217942282
2018/09/02 12:00:00,2018/09/02 13:00:00,2018/09/02 17:00:00,0.9321274314939922,0.9321274314939922,0.0,0.0,0.32785587354970314,0.0,0.1849983996020602,0.03783465154061874,0.0,0.004049612358002795,0.25819048102071934,0.0,0.1191984134228882,0.0,0.0,0.0,0.0,0.0,0.0,0.0,0.0,0.0,0.0,0.0,0.0,0.0,0.0,0.0,0.0,0.0,0.0,0.0,0.0,0.0,0.0,0.0,0.003180548271942647,0.003180548271942647
2018/09/02 13:00:00,2018/09/02 14:00:00,2018/09/02 18:00:00,1.6800671406938963,1.6800671406938963,0.0,0.0,0.5528076275688376,0.0,0.1831538331348946,0.037457412982453704,0.0,0.004009234824052993,0.26620885734512484,0.0,0.19624602734058533,0.0,0.0,0.0,0.0,0.4401841474979472,0.0,0.0,0.0,0.0,0.0,0.0,0.0,0.0,0.0,0.0,0.0,0.0,0.0,0.0,0.0,0.0,0.0,0.0,0.005732622451113902,0.005732622451113902
2018/09/02 14:00:00,2018/09/02 15:00:00,2018/09/02 19:00:00,1.639370680346639,1.639370680346639,0.0,0.0,0.8307722612573568,0.0,0.18302017057615164,0.03743007719822559,0.0,0.004006308952527337,0.2956372840816883,0.0,0.2885045782806892,0.0,0.0,0.0,0.0,0.0,0.0,0.0,0.0,0.0,0.0,0.0,0.0,0.0,0.0,0.0,0.0,0.0,0.0,0.0,0.0,0.0,0.0,0.0,0.005593760475531665,0.005593760475531665
2018/09/02 15:00:00,2018/09/02 16:00:00,2018/09/02 20:00:00,2.0428351898479,2.0428351898479,0.0,0.0,1.117249817834472,0.0,0.18349684026526766,0.037527562536620276,0.0,0.0040167432452989605,0.3141807946938977,0.0,0.38636343127234307,0.0,0.0,0.0,0.0,0.0,0.0,0.0,0.0,0.0,0.0,0.0,0.0,0.0,0.0,0.0,0.0,0.0,0.0,0.0,0.0,0.0,0.0,0.0,0.006970437424548902,0.006970437424548902
2018/09/02 16:00:00,2018/09/02 17:00:00,2018/09/02 21:00:00,3.1085931703358884,3.1085931703358884,0.0,0.0,1.3423592645987943,0.0,0.18612867792959029,0.03806580860337172,0.0,0.004074354134650564,1.0702362291689236,0.0,0.46772883590055814,0.0,0.0,0.0,0.0,0.0,0.0,0.0,0.0,0.0,0.0,0.0,0.0,0.0,0.0,0.0,0.0,0.0,0.0,0.0,0.0,0.0,0.0,0.0,0.01060695169139891,0.01060695169139891
2018/09/02 17:00:00,2018/09/02 18:00:00,2018/09/02 22:00:00,2.591797277165053,2.591797277165053,0.0,0.0,1.344065518169387,0.0,0.19696408002817453,0.04028179351775072,0.0,0.004311540933762028,0.5350858754207735,0.0,0.47108846909520535,0.0,0.0,0.0,0.0,0.0,0.0,0.0,0.0,0.0,0.0,0.0,0.0,0.0,0.0,0.0,0.0,0.0,0.0,0.0,0.0,0.0,0.0,0.0,0.00884357231918466,0.00884357231918466
2018/09/02 18:00:00,2018/09/02 19:00:00,2018/09/02 23:00:00,3.1855812468921614,3.1855812468921614,0.0,0.0,1.2359717661535023,0.0,0.22873324489695904,0.04677901341334135,0.0,0.005006967504655592,0.5513214305361466,0.0,0.43651416859005154,0.0,0.0,0.0,0.0,0.6812546557975052,0.0,0.0,0.0,0.0,0.0,0.0,0.0,0.0,0.0,0.0,0.0,0.0,0.0,0.0,0.0,0.0,0.0,0.0,0.010869645702515803,0.010869645702515803
2018/09/02 19:00:00,2018/09/02 20:00:00,2018/09/03 00:00:00,2.3355238283118336,2.3355238283118336,0.0,0.0,0.9576167623484056,0.0,0.29344032222657884,0.060012477747325606,0.0,0.0064234045147482585,0.5005084163794185,0.0,0.34559276169059067,0.0,0.0,0.0,0.0,0.1719296834047661,0.0,0.0,0.0,0.0,0.0,0.0,0.0,0.0,0.0,0.0,0.0,0.0,0.0,0.0,0.0,0.0,0.0,0.0,0.007969131714439791,0.007969131714439791
2018/09/02 20:00:00,2018/09/02 21:00:00,2018/09/03 01:00:00,1.9010219951299636,1.9010219951299636,0.0,0.0,0.6597467920188111,0.0,0.3798491860217515,0.07768424819908869,0.0,0.008314893324481805,0.5283498628525346,0.0,0.2470770127132956,0.0,0.0,0.0,0.0,0.0,0.0,0.0,0.0,0.0,0.0,0.0,0.0,0.0,0.0,0.0,0.0,0.0,0.0,0.0,0.0,0.0,0.0,0.0,0.0064865511058340075,0.0064865511058340075
2018/09/02 21:00:00,2018/09/02 22:00:00,2018/09/03 02:00:00,2.4564177466127353,2.4564177466127353,0.0,0.0,0.4221200302256928,0.0,0.44204960907651225,0.0904050681468183,0.0,0.009676459707852593,1.328967382968734,0.0,0.16319919648712533,0.0,0.0,0.0,0.0,0.0,0.0,0.0,0.0,0.0,0.0,0.0,0.0,0.0,0.0,0.0,0.0,0.0,0.0,0.0,0.0,0.0,0.0,0.0,0.008381638556260793,0.008381638556260793
2018/09/02 22:00:00,2018/09/02 23:00:00,2018/09/03 03:00:00,1.7057669371796562,1.7057669371796562,0.0,0.0,0.2006084849250096,0.0,0.3095070107337689,0.06329833082707534,0.0,0.006775104099560094,0.39843385714884805,0.0,0.07811027454472655,0.0,0.0,0.0,0.0,0.6490338749006677,0.0,0.0,0.0,0.0,0.0,0.0,0.0,0.0,0.0,0.0,0.0,0.0,0.0,0.0,0.0,0.0,0.0,0.0,0.005820313726512858,0.005820313726512858
2018/09/02 23:00:00,2018/09/03 00:00:00,2018/09/03 04:00:00,0.863897630067692,0.863897630067692,0.0,0.0,0.0359519411711326,0.0,0.13094360677997474,0.026779722120023,0.0,0.002866353705536267,0.33988697256011713,0.0,0.013996691490469147,0.0,0.0,0.0,0.0,0.3134723422404393,0.0,0.0,0.0,0.0,0.0,0.0,0.0,0.0,0.0,0.0,0.0,0.0,0.0,0.0,0.0,0.0,0.0,0.0,0.0029477387121235638,0.0029477387121235638
2018/09/03 00:00:00,2018/09/03 01:00:00,2018/09/03 05:00:00,0.5461076696324904,0.5461076696324904,0.0,0.0,0.0,0.0,0.06501908921459039,0.013297274945155983,0.0,0.0014232669458539432,0.3050892066174897,0.0,0.0,0.0,0.0,0.0,0.0,0.16127883190940023,0.0,0.0,0.0,0.0,0.0,0.0,0.0,0.0,0.0,0.0,0.0,0.0,0.0,0.0,0.0,0.0,0.0,0.0,0.00186339522500732,0.00186339522500732
2018/09/03 01:00:00,2018/09/03 02:00:00,2018/09/03 06:00:00,0.45440327680466974,0.45440327680466974,0.11395811696438694,0.0,0.0,0.0,0.03901145352875434,0.00797836496709361,0.0,0.0008539601675123682,0.2926013811769224,0.0,0.0,0.0,0.0,0.0,0.0,0.0,0.0,0.0,0.0,0.0,0.0,0.0,0.0,0.0,0.0,0.0,0.0,0.0,0.0,0.0,0.0,0.0,0.0,0.0,0.001550487098625295,0.001550487098625295
2018/09/03 02:00:00,2018/09/03 03:00:00,2018/09/03 07:00:00,0.63634558304456,0.63634558304456,0.3419399453373845,0.0,0.0,0.0,0.026007635685836212,0.005318909978062404,0.0,0.0005693067783415784,0.2625097852649354,0.0,0.0,0.0,0.0,0.0,0.0,0.0,0.0,0.0,0.0,0.0,0.0,0.0,0.0,0.0,0.0,0.0,0.0,0.0,0.0,0.0,0.0,0.0,0.0,0.0,0.0021712995199238013,0.0021712995199238013
2018/09/03 03:00:00,2018/09/03 04:00:00,2018/09/03 08:00:00,0.9340167082111952,0.9340167082111952,0.6514009309721551,0.0,0.0,0.0,0.026007635685836212,0.005318909978062404,0.0,0.0005693067783415784,0.25071992479679983,0.0,0.0,0.0,0.0,0.0,0.0,0.0,0.0,0.0,0.0,0.0,0.0,0.0,0.0,0.0,0.0,0.0,0.0,0.0,0.0,0.0,0.0,0.0,0.0,0.0,0.0031869947465287345,0.0031869947465287345
2018/09/03 04:00:00,2018/09/03 05:00:00,2018/09/03 09:00:00,1.1672522953222886,1.1672522953222886,0.8969527779402269,0.0,0.0,0.0,0.027249552419694536,0.005572898590769679,0.0,0.0005964923181292811,0.23688057405346816,0.0,0.0,0.0,0.0,0.0,0.0,0.0,0.0,0.0,0.0,0.0,0.0,0.0,0.0,0.0,0.0,0.0,0.0,0.0,0.0,0.0,0.0,0.0,0.0,0.0,0.003982826966971759,0.003982826966971759
2018/09/03 05:00:00,2018/09/03 06:00:00,2018/09/03 10:00:00,1.3768838167691984,1.3768838167691984,1.0319710274148042,0.0,0.0,0.0,0.07103552208494862,0.014527716082253228,0.0,0.0015549665765280758,0.25779458461066423,0.0,0.0,0.0,0.0,0.0,0.0,0.0,0.0,0.0,0.0,0.0,0.0,0.0,0.0,0.0,0.0,0.0,0.0,0.0,0.0,0.0,0.0,0.0,0.0,0.0,0.004698118836683217,0.004698118836683217
2018/09/03 06:00:00,2018/09/03 07:00:00,2018/09/03 11:00:00,1.5601471070065314,1.5601471070065314,1.040467878220153,0.0,0.0,0.0,0.1667717967174164,0.03410706702965493,0.0,0.0036506322779327363,0.31514973276137404,0.0,0.0,0.0,0.0,0.0,0.0,0.0,0.0,0.0,0.0,0.0,0.0,0.0,0.0,0.0,0.0,0.0,0.0,0.0,0.0,0.0,0.0,0.0,0.0,0.0,0.005323438638870188,0.005323438638870188
2018/09/03 07:00:00,2018/09/03 08:00:00,2018/09/03 12:00:00,1.811293874627132,1.811293874627132,0.7767787332890618,0.0,0.0,0.0,0.21104540955177992,0.043161614083227134,0.0,0.004619781038425436,0.36010528653425383,0.0,0.0,0.0,0.0,0.0,0.0,0.415583050130384,0.0,0.0,0.0,0.0,0.0,0.0,0.0,0.0,0.0,0.0,0.0,0.0,0.0,0.0,0.0,0.0,0.0,0.0,0.006180386295135824,0.006180386295135824
2018/09/03 08:00:00,2018/09/03 09:00:00,2018/09/03 13:00:00,1.8675778294472638,1.8675778294472638,0.10922318971988186,0.0,0.02936207348650031,0.0,0.21211882851794048,0.043381142644712725,0.0,0.004643278164454789,0.3700265833719114,0.0,0.01141770553900932,0.0,0.0,0.0,0.0,1.0874050280028529,0.0,0.0,0.0,0.0,0.0,0.0,0.0,0.0,0.0,0.0,0.0,0.0,0.0,0.0,0.0,0.0,0.0,0.0,0.00637243496701575,0.00637243496701575
2018/09/03 09:00:00,2018/09/03 10:00:00,2018/09/03 14:00:00,3.6056845180210733,3.6056845180210733,0.0,0.0,0.09269529803474798,0.0,0.2062198728771374,0.04217472717515497,0.0,0.004514150108678676,1.9059961541888941,0.0,0.03526344480560717,0.0,0.0,0.0,0.0,1.3188208708308526,0.0,0.0,0.0,0.0,0.0,0.0,0.0,0.0,0.0,0.0,0.0,0.0,0.0,0.0,0.0,0.0,0.0,0.0,0.012303096417387426,0.012303096417387426
2018/09/03 10:00:00,2018/09/03 11:00:00,2018/09/03 15:00:00,2.704475885650809,2.704475885650809,0.0,0.0,0.38856253086921705,0.0,0.19995148025023965,0.040892756891797895,0.0,0.004376935082487628,0.6071832907401078,0.0,0.14468802098610628,0.0,0.0,0.0,0.0,1.3188208708308526,0.0,0.0,0.0,0.0,0.0,0.0,0.0,0.0,0.0,0.0,0.0,0.0,0.0,0.0,0.0,0.0,0.0,0.0,0.009228047382781783,0.009228047382781783
2018/09/03 11:00:00,2018/09/03 12:00:00,2018/09/03 16:00:00,2.772985738921779,2.772985738921779,0.0,0.0,0.6363242644856383,0.0,0.19126679222895843,0.03911662182397593,0.0,0.004186827384193855,0.35634925718399363,0.0,0.23157445323090878,0.0,0.0,0.0,0.0,1.3141675225841103,0.0,0.0,0.0,0.0,0.0,0.0,0.0,0.0,0.0,0.0,0.0,0.0,0.0,0.0,0.0,0.0,0.0,0.0,0.009461812518395037,0.009461812518395037
2018/09/03 12:00:00,2018/09/03 13:00:00,2018/09/03 17:00:00,2.498052105604458,2.498052105604458,0.0,0.0,0.866851726069438,0.0,0.1849983996020602,0.03783465154061874,0.0,0.004049612358002795,1.0945620652891763,0.0,0.3097556507451621,0.0,0.0,0.0,0.0,0.0,0.0,0.0,0.0,0.0,0.0,0.0,0.0,0.0,0.0,0.0,0.0,0.0,0.0,0.0,0.0,0.0,0.0,0.0,0.008523700772295272,0.008523700772295272
2018/09/03 13:00:00,2018/09/03 14:00:00,2018/09/03 18:00:00,1.9419579473290534,1.9419579473290534,0.0,0.0,1.0728576097690674,0.0,0.1831538331348946,0.037457412982453704,0.0,0.004009234824052993,0.26620885734512484,0.0,0.37827099927345953,0.0,0.0,0.0,0.0,0.0,0.0,0.0,0.0,0.0,0.0,0.0,0.0,0.0,0.0,0.0,0.0,0.0,0.0,0.0,0.0,0.0,0.0,0.0,0.006626230260880933,0.006626230260880933
2018/09/03 14:00:00,2018/09/03 15:00:00,2018/09/03 19:00:00,2.2384839411920647,2.2384839411920647,0.0,0.0,1.2738715995363399,0.0,0.18302017057615164,0.03743007719822559,0.0,0.004006308952527337,0.2956372840816883,0.0,0.44451850084713207,0.0,0.0,0.0,0.0,0.0,0.0,0.0,0.0,0.0,0.0,0.0,0.0,0.0,0.0,0.0,0.0,0.0,0.0,0.0,0.0,0.0,0.0,0.0,0.007638018140415251,0.007638018140415251
2018/09/03 15:00:00,2018/09/03 16:00:00,2018/09/03 20:00:00,3.015013755653907,3.015013755653907,0.0,0.0,1.417201017702678,0.0,0.18349684026526766,0.037527562536620276,0.0,0.0040167432452989605,0.28373458382035643,0.0,0.49963177812240617,0.0,0.0,0.0,0.0,0.5894052299612793,0.0,0.0,0.0,0.0,0.0,0.0,0.0,0.0,0.0,0.0,0.0,0.0,0.0,0.0,0.0,0.0,0.0,0.0,0.010287645730003549,0.010287645730003549
2018/09/03 16:00:00,2018/09/03 17:00:00,2018/09/03 21:00:00,2.671049562914797,2.671049562914797,0.0,0.0,1.5205503691792694,0.0,0.18612867792959029,0.03806580860337172,0.0,0.004074354134650564,0.38388522406492354,0.0,0.5383451290029915,0.0,0.0,0.0,0.0,0.0,0.0,0.0,0.0,0.0,0.0,0.0,0.0,0.0,0.0,0.0,0.0,0.0,0.0,0.0,0.0,0.0,0.0,0.0,0.009113992126576069,0.009113992126576069
2018/09/03 17:00:00,2018/09/03 18:00:00,2018/09/03 22:00:00,2.876231126237306,2.876231126237306,0.0,0.0,1.5519815509488701,0.0,0.19696408002817453,0.04028179351775072,0.0,0.004311540933762028,0.5350858754207735,0.0,0.547606285387975,0.0,0.0,0.0,0.0,0.0,0.0,0.0,0.0,0.0,0.0,0.0,0.0,0.0,0.0,0.0,0.0,0.0,0.0,0.0,0.0,0.0,0.0,0.0,0.009814100121052684,0.009814100121052684
2018/09/03 18:00:00,2018/09/03 19:00:00,2018/09/03 23:00:00,2.781365984944512,2.781365984944512,0.0,0.0,1.3996697622722927,0.0,0.22873324489695904,0.04677901341334135,0.0,0.005006967504655592,0.5513214305361466,0.0,0.5004395595009999,0.0,0.0,0.0,0.0,0.049416006820116584,0.0,0.0,0.0,0.0,0.0,0.0,0.0,0.0,0.0,0.0,0.0,0.0,0.0,0.0,0.0,0.0,0.0,0.0,0.009490407081869406,0.009490407081869406
2018/09/03 19:00:00,2018/09/03 20:00:00,2018/09/04 00:00:00,3.690654512127775,3.690654512127775,0.0,0.0,1.107129111687449,0.0,0.29344032222657884,0.060012477747325606,0.0,0.0064234045147482585,0.5005084163794185,0.0,0.4043199087414025,0.0,0.0,0.0,0.0,1.3188208708308526,0.0,0.0,0.0,0.0,0.0,0.0,0.0,0.0,0.0,0.0,0.0,0.0,0.0,0.0,0.0,0.0,0.0,0.0,0.012593025839902003,0.012593025839902003
2018/09/03 20:00:00,2018/09/03 21:00:00,2018/09/04 01:00:00,2.1935007405003955,2.1935007405003955,0.0,0.0,0.7258061715945651,0.0,0.3798491860217515,0.07768424819908869,0.0,0.008314893324481805,0.49005820397958605,0.0,0.2743590275746325,0.0,0.0,0.0,0.0,0.23742900980628964,0.0,0.0,0.0,0.0,0.0,0.0,0.0,0.0,0.0,0.0,0.0,0.0,0.0,0.0,0.0,0.0,0.0,0.0,0.007484529211334999,0.007484529211334999
2018/09/03 21:00:00,2018/09/03 22:00:00,2018/09/04 02:00:00,1.896702903741263,1.896702903741263,0.0,0.0,0.46805996512509807,0.0,0.44204960907651225,0.0904050681468183,0.0,0.009676459707852593,0.4657559093404247,0.0,0.18250705964015532,0.0,0.0,0.0,0.0,0.23824883270440186,0.0,0.0,0.0,0.0,0.0,0.0,0.0,0.0,0.0,0.0,0.0,0.0,0.0,0.0,0.0,0.0,0.0,0.0,0.0064718137660792095,0.0064718137660792095
2018/09/03 22:00:00,2018/09/03 23:00:00,2018/09/04 03:00:00,1.307086949474588,1.307086949474588,0.0,0.0,0.24107611450408095,0.0,0.3095070107337689,0.06329833082707534,0.0,0.006775104099560094,0.39843385714884805,0.0,0.09484273917110025,0.0,0.0,0.0,0.0,0.19315379299015467,0.0,0.0,0.0,0.0,0.0,0.0,0.0,0.0,0.0,0.0,0.0,0.0,0.0,0.0,0.0,0.0,0.0,0.0,0.004459962230450656,0.004459962230450656
2018/09/03 23:00:00,2018/09/04 00:00:00,2018/09/04 04:00:00,0.5944637170126499,0.5944637170126499,0.0,0.0,0.06745648581289394,0.0,0.13094360677997474,0.026779722120023,0.0,0.002866353705536267,0.33988697256011713,0.0,0.026530576034104813,0.0,0.0,0.0,0.0,0.0,0.0,0.0,0.0,0.0,0.0,0.0,0.0,0.0,0.0,0.0,0.0,0.0,0.0,0.0,0.0,0.0,0.0,0.0,0.0020283927754886294,0.0020283927754886294
2018/09/04 00:00:00,2018/09/04 01:00:00,2018/09/04 05:00:00,0.38482883772309007,0.38482883772309007,0.0,0.0,0.0,0.0,0.06501908921459039,0.013297274945155983,0.0,0.0014232669458539432,0.3050892066174897,0.0,0.0,0.0,0.0,0.0,0.0,0.0,0.0,0.0,0.0,0.0,0.0,0.0,0.0,0.0,0.0,0.0,0.0,0.0,0.0,0.0,0.0,0.0,0.0,0.0,0.0013130894483516335,0.0013130894483516335
2018/09/04 01:00:00,2018/09/04 02:00:00,2018/09/04 06:00:00,0.34044515984028273,0.34044515984028273,0.0,0.0,0.0,0.0,0.03901145352875434,0.00797836496709361,0.0,0.0008539601675123682,0.2926013811769224,0.0,0.0,0.0,0.0,0.0,0.0,0.0,0.0,0.0,0.0,0.0,0.0,0.0,0.0,0.0,0.0,0.0,0.0,0.0,0.0,0.0,0.0,0.0,0.0,0.0,0.001161646174370986,0.001161646174370986
2018/09/04 02:00:00,2018/09/04 03:00:00,2018/09/04 07:00:00,0.3670300070067833,0.3670300070067833,0.07262436929960772,0.0,0.0,0.0,0.026007635685836212,0.005318909978062404,0.0,0.0005693067783415784,0.2625097852649354,0.0,0.0,0.0,0.0,0.0,0.0,0.0,0.0,0.0,0.0,0.0,0.0,0.0,0.0,0.0,0.0,0.0,0.0,0.0,0.0,0.0,0.0,0.0,0.0,0.0,0.0012523573656291929,0.0012523573656291929
2018/09/04 03:00:00,2018/09/04 04:00:00,2018/09/04 08:00:00,0.5995618836341802,0.5995618836341802,0.3169461063951401,0.0,0.0,0.0,0.026007635685836212,0.005318909978062404,0.0,0.0005693067783415784,0.25071992479679983,0.0,0.0,0.0,0.0,0.0,0.0,0.0,0.0,0.0,0.0,0.0,0.0,0.0,0.0,0.0,0.0,0.0,0.0,0.0,0.0,0.0,0.0,0.0,0.0,0.0,0.0020457884281540537,0.0020457884281540537
2018/09/04 04:00:00,2018/09/04 05:00:00,2018/09/04 09:00:00,1.242320062490431,1.242320062490431,0.5587948449699662,0.0,0.0,0.0,0.027249552419694536,0.005572898590769679,0.0,0.0005964923181292811,0.23688057405346816,0.0,0.0,0.0,0.0,0.0,0.0,0.4132257001384029,0.0,0.0,0.0,0.0,0.0,0.0,0.0,0.0,0.0,0.0,0.0,0.0,0.0,0.0,0.0,0.0,0.0,0.0,0.004238968615718813,0.004238968615718813
2018/09/04 05:00:00,2018/09/04 06:00:00,2018/09/04 10:00:00,1.0880711785369928,1.0880711785369928,0.7431583891825988,0.0,0.0,0.0,0.07103552208494862,0.014527716082253228,0.0,0.0015549665765280758,0.25779458461066423,0.0,0.0,0.0,0.0,0.0,0.0,0.0,0.0,0.0,0.0,0.0,0.0,0.0,0.0,0.0,0.0,0.0,0.0,0.0,0.0,0.0,0.0,0.0,0.0,0.0,0.0037126499979726604,0.0037126499979726604
2018/09/04 06:00:00,2018/09/04 07:00:00,2018/09/04 11:00:00,1.4508643338978073,1.4508643338978073,0.9311851051114294,0.0,0.0,0.0,0.1667717967174164,0.03410706702965493,0.0,0.0036506322779327363,0.31514973276137404,0.0,0.0,0.0,0.0,0.0,0.0,0.0,0.0,0.0,0.0,0.0,0.0,0.0,0.0,0.0,0.0,0.0,0.0,0.0,0.0,0.0,0.0,0.0,0.0,0.0,0.004950550637272638,0.004950550637272638
2018/09/04 07:00:00,2018/09/04 08:00:00,2018/09/04 12:00:00,1.963731367881362,1.963731367881362,0.6037362507959965,0.0,0.0,0.0,0.21104540955177992,0.043161614083227134,0.0,0.004619781038425436,0.4581626503500126,0.0,0.0,0.0,0.0,0.0,0.0,0.6430056620619202,0.0,0.0,0.0,0.0,0.0,0.0,0.0,0.0,0.0,0.0,0.0,0.0,0.0,0.0,0.0,0.0,0.0,0.0,0.00670052419620792,0.00670052419620792
2018/09/04 08:00:00,2018/09/04 09:00:00,2018/09/04 13:00:00,4.097897099888882,4.097897099888882,0.011552788796379018,0.0,0.0,0.0,0.21211882851794048,0.043381142644712725,0.0,0.004643278164454789,2.507380190934542,0.0,0.0,0.0,0.0,0.0,0.0,1.3188208708308526,0.0,0.0,0.0,0.0,0.0,0.0,0.0,0.0,0.0,0.0,0.0,0.0,0.0,0.0,0.0,0.0,0.0,0.0,0.01398259411672981,0.01398259411672981
2018/09/04 09:00:00,2018/09/04 10:00:00,2018/09/04 14:00:00,1.8121836958362871,1.8121836958362871,0.0,0.0,0.0,0.0,0.2062198728771374,0.04217472717515497,0.0,0.004514150108678676,0.24045407484446327,0.0,0.0,0.0,0.0,0.0,0.0,1.3188208708308526,0.0,0.0,0.0,0.0,0.0,0.0,0.0,0.0,0.0,0.0,0.0,0.0,0.0,0.0,0.0,0.0,0.0,0.0,0.006183422488700667,0.006183422488700667
2018/09/04 10:00:00,2018/09/04 11:00:00,2018/09/04 15:00:00,1.8218981999559103,1.8218981999559103,0.0,0.0,0.1564359229945546,0.0,0.19995148025023965,0.040892756891797895,0.0,0.004376935082487628,0.23706579076249806,0.0,0.056635153373702514,0.0,0.0,0.0,0.0,1.12654016060063,0.0,0.0,0.0,0.0,0.0,0.0,0.0,0.0,0.0,0.0,0.0,0.0,0.0,0.0,0.0,0.0,0.0,0.0,0.006216569726134636,0.006216569726134636
2018/09/04 11:00:00,2018/09/04 12:00:00,2018/09/04 16:00:00,1.008542252390728,1.008542252390728,0.0,0.0,0.38462300918450265,0.0,0.19126679222895843,0.03911662182397593,0.0,0.004186827384193855,0.2521460954047706,0.0,0.13720290636432642,0.0,0.0,0.0,0.0,0.0,0.0,0.0,0.0,0.0,0.0,0.0,0.0,0.0,0.0,0.0,0.0,0.0,0.0,0.0,0.0,0.0,0.0,0.0,0.0034412862551220272,0.0034412862551220272
2018/09/04 12:00:00,2018/09/04 13:00:00,2018/09/04 17:00:00,1.9637823280123876,1.9637823280123876,0.0,0.0,0.4676490882149482,0.0,0.1849983996020602,0.03783465154061874,0.0,0.004049612358002795,0.25819048102071934,0.0,0.16902744475958364,0.0,0.0,0.0,0.0,0.8420326505164548,0.0,0.0,0.0,0.0,0.0,0.0,0.0,0.0,0.0,0.0,0.0,0.0,0.0,0.0,0.0,0.0,0.0,0.0,0.006700698079253516,0.006700698079253516
2018/09/04 13:00:00,2018/09/04 14:00:00,2018/09/04 18:00:00,1.1369740498311507,1.1369740498311507,0.0,0.0,0.4723709505434223,0.0,0.1831538331348946,0.037457412982453704,0.0,0.004009234824052993,0.26620885734512484,0.0,0.17377376100120243,0.0,0.0,0.0,0.0,0.0,0.0,0.0,0.0,0.0,0.0,0.0,0.0,0.0,0.0,0.0,0.0,0.0,0.0,0.0,0.0,0.0,0.0,0.0,0.0038795133876042423,0.0038795133876042423
2018/09/04 14:00:00,2018/09/04 15:00:00,2018/09/04 19:00:00,1.3999185434010935,1.3999185434010935,0.0,0.0,0.6455113351708327,0.0,0.18302017057615164,0.03743007719822559,0.0,0.004006308952527337,0.2956372840816883,0.0,0.23431336742166783,0.0,0.0,0.0,0.0,0.0,0.0,0.0,0.0,0.0,0.0,0.0,0.0,0.0,0.0,0.0,0.0,0.0,0.0,0.0,0.0,0.0,0.0,0.0,0.004776716523553478,0.004776716523553478
2018/09/04 15:00:00,2018/09/04 16:00:00,2018/09/04 20:00:00,1.6571557676560997,1.6571557676560997,0.0,0.0,0.8462610334307215,0.0,0.18349684026526766,0.037527562536620276,0.0,0.0040167432452989605,0.28373458382035643,0.0,0.3021190043578352,0.0,0.0,0.0,0.0,0.0,0.0,0.0,0.0,0.0,0.0,0.0,0.0,0.0,0.0,0.0,0.0,0.0,0.0,0.0,0.0,0.0,0.0,0.0,0.005654445663840941,0.005654445663840941
2018/09/04 16:00:00,2018/09/04 17:00:00,2018/09/04 21:00:00,2.129281951568315,2.129281951568315,0.0,0.0,1.1246834324756751,0.0,0.18612867792959029,0.03806580860337172,0.0,0.004074354134650564,0.38388522406492354,0.0,0.3924444543601037,0.0,0.0,0.0,0.0,0.0,0.0,0.0,0.0,0.0,0.0,0.0,0.0,0.0,0.0,0.0,0.0,0.0,0.0,0.0,0.0,0.0,0.0,0.0,0.007265405783289535,0.007265405783289535
2018/09/04 17:00:00,2018/09/04 18:00:00,2018/09/04 22:00:00,2.553943649099524,2.553943649099524,0.0,0.0,1.3243372987193962,0.0,0.19696408002817453,0.04028179351775072,0.0,0.004311540933762028,0.5350858754207735,0.0,0.4529630604796667,0.0,0.0,0.0,0.0,0.0,0.0,0.0,0.0,0.0,0.0,0.0,0.0,0.0,0.0,0.0,0.0,0.0,0.0,0.0,0.0,0.0,0.0,0.0,0.008714410482226799,0.008714410482226799
2018/09/04 18:00:00,2018/09/04 19:00:00,2018/09/04 23:00:00,2.5757077166599642,2.5757077166599642,0.0,0.0,1.2966670043194573,0.0,0.22873324489695904,0.04677901341334135,0.0,0.005006967504655592,0.5513214305361466,0.0,0.44720005598940454,0.0,0.0,0.0,0.0,0.0,0.0,0.0,0.0,0.0,0.0,0.0,0.0,0.0,0.0,0.0,0.0,0.0,0.0,0.0,0.0,0.0,0.0,0.0,0.008788672503846368,0.008788672503846368
2018/09/04 19:00:00,2018/09/04 20:00:00,2018/09/05 00:00:00,3.9916632966709673,3.9916632966709673,0.0,0.0,1.1946705514685223,0.0,0.29344032222657884,0.060012477747325606,0.0,0.0064234045147482585,0.8349704706675662,0.0,0.42614475720790423,0.0,0.0,0.0,0.0,1.1760013128383218,0.0,0.0,0.0,0.0,0.0,0.0,0.0,0.0,0.0,0.0,0.0,0.0,0.0,0.0,0.0,0.0,0.0,0.0,0.013620109623912038,0.013620109623912038
2018/09/04 20:00:00,2018/09/04 21:00:00,2018/09/05 01:00:00,11.268312597049258,11.268312597049258,0.0,0.0,0.9498217262995999,0.0,0.3798491860217515,0.07768424819908869,0.0,0.008314893324481805,8.183132010114784,0.0,0.35068966225869813,0.0,0.0,0.0,0.0,1.3188208708308526,0.0,0.0,0.0,0.0,0.0,0.0,0.0,0.0,0.0,0.0,0.0,0.0,0.0,0.0,0.0,0.0,0.0,0.0,0.03844904778825358,0.03844904778825358
2018/09/04 21:00:00,2018/09/04 22:00:00,2018/09/05 02:00:00,6.9264531690784965,6.9264531690784965,0.0,0.0,0.7744673142267764,0.0,0.44204960907651225,0.0904050681468183,0.0,0.009676459707852593,4.00089833139563,0.0,0.290135515694055,0.0,0.0,0.0,0.0,1.3188208708308526,0.0,0.0,0.0,0.0,0.0,0.0,0.0,0.0,0.0,0.0,0.0,0.0,0.0,0.0,0.0,0.0,0.0,0.0,0.023634020320907452,0.023634020320907452
2018/09/04 22:00:00,2018/09/04 23:00:00,2018/09/05 03:00:00,4.739297095104376,4.739297095104376,0.0,0.0,0.6110476532808262,0.0,0.3095070107337689,0.06329833082707534,0.0,0.006775104099560094,2.199627452118412,0.0,0.23022067321388004,0.0,0.0,0.0,0.0,1.3188208708308526,0.0,0.0,0.0,0.0,0.0,0.0,0.0,0.0,0.0,0.0,0.0,0.0,0.0,0.0,0.0,0.0,0.0,0.0,0.016171139993055958,0.016171139993055958
2018/09/04 23:00:00,2018/09/05 00:00:00,2018/09/05 04:00:00,2.1679372261268104,2.1679372261268104,0.0,0.0,0.2192394542556216,0.0,0.13094360677997474,0.026779722120023,0.0,0.002866353705536267,0.385747688988466,0.0,0.08353952944633625,0.0,0.0,0.0,0.0,1.3188208708308526,0.0,0.0,0.0,0.0,0.0,0.0,0.0,0.0,0.0,0.0,0.0,0.0,0.0,0.0,0.0,0.0,0.0,0.0,0.007397302949432836,0.007397302949432836
2018/09/05 00:00:00,2018/09/05 01:00:00,2018/09/05 05:00:00,1.792034805404226,1.792034805404226,0.0,0.0,0.0639488558079239,0.0,0.06501908921459039,0.013297274945155983,0.0,0.0014232669458539432,0.3050892066174897,0.0,0.024436241042359582,0.0,0.0,0.0,0.0,1.3188208708308526,0.0,0.0,0.0,0.0,0.0,0.0,0.0,0.0,0.0,0.0,0.0,0.0,0.0,0.0,0.0,0.0,0.0,0.0,0.006114671675796749,0.006114671675796749
2018/09/05 01:00:00,2018/09/05 02:00:00,2018/09/05 06:00:00,1.742312949971546,1.742312949971546,0.0,0.0,0.0,0.0,0.03901145352875434,0.00797836496709361,0.0,0.0008539601675123682,0.3756483004773328,0.0,0.0,0.0,0.0,0.0,0.0,1.3188208708308526,0.0,0.0,0.0,0.0,0.0,0.0,0.0,0.0,0.0,0.0,0.0,0.0,0.0,0.0,0.0,0.0,0.0,0.0,0.005945013798524834,0.005945013798524834
2018/09/05 02:00:00,2018/09/05 03:00:00,2018/09/05 07:00:00,2.4840021968379147,2.4840021968379147,0.0,0.0,0.002482036740929234,0.0,0.026007635685836212,0.005318909978062404,0.0,0.0005693067783415784,2.2051022431309333,0.0,0.0009549804790808208,0.0,0.0,0.0,0.0,0.2435670840447315,0.0,0.0,0.0,0.0,0.0,0.0,0.0,0.0,0.0,0.0,0.0,0.0,0.0,0.0,0.0,0.0,0.0,0.0,0.008475760532003492,0.008475760532003492
2018/09/05 03:00:00,2018/09/05 04:00:00,2018/09/05 08:00:00,1.9461827280141102,1.9461827280141102,0.0,0.0,0.0,0.0,0.026007635685836212,0.005318909978062404,0.0,0.0005693067783415784,1.91428687557187,0.0,0.0,0.0,0.0,0.0,0.0,0.0,0.0,0.0,0.0,0.0,0.0,0.0,0.0,0.0,0.0,0.0,0.0,0.0,0.0,0.0,0.0,0.0,0.0,0.0,0.00664064579941482,0.00664064579941482
2018/09/05 04:00:00,2018/09/05 05:00:00,2018/09/05 09:00:00,1.9650897378931405,1.9650897378931405,0.0,0.0,0.0,0.0,0.027249552419694536,0.005572898590769679,0.0,0.0005964923181292811,1.931670794564547,0.0,0.0,0.0,0.0,0.0,0.0,0.0,0.0,0.0,0.0,0.0,0.0,0.0,0.0,0.0,0.0,0.0,0.0,0.0,0.0,0.0,0.0,0.0,0.0,0.0,0.006705159143370345,0.006705159143370345
2018/09/05 05:00:00,2018/09/05 06:00:00,2018/09/05 10:00:00,0.3449127893543942,0.3449127893543942,0.0,0.0,0.0,0.0,0.07103552208494862,0.014527716082253228,0.0,0.0015549665765280758,0.25779458461066423,0.0,0.0,0.0,0.0,0.0,0.0,0.0,0.0,0.0,0.0,0.0,0.0,0.0,0.0,0.0,0.0,0.0,0.0,0.0,0.0,0.0,0.0,0.0,0.0,0.0,0.0011768903468421389,0.0011768903468421389
2018/09/05 06:00:00,2018/09/05 07:00:00,2018/09/05 11:00:00,0.9762260963358436,0.9762260963358436,0.055113657881978154,0.0,0.0,0.0,0.1667717967174164,0.03410706702965493,0.0,0.0036506322779327363,0.31514973276137404,0.0,0.0,0.0,0.0,0.0,0.0,0.4014332096674873,0.0,0.0,0.0,0.0,0.0,0.0,0.0,0.0,0.0,0.0,0.0,0.0,0.0,0.0,0.0,0.0,0.0,0.0,0.0033310190418382674,0.0033310190418382674
2018/09/05 07:00:00,2018/09/05 08:00:00,2018/09/05 12:00:00,0.6206345932548475,0.6206345932548475,0.0017025020471611299,0.0,0.0,0.0,0.21104540955177992,0.043161614083227134,0.0,0.004619781038425436,0.36010528653425383,0.0,0.0,0.0,0.0,0.0,0.0,0.0,0.0,0.0,0.0,0.0,0.0,0.0,0.0,0.0,0.0,0.0,0.0,0.0,0.0,0.0,0.0,0.0,0.0,0.0,0.0021176914404511388,0.0021176914404511388
2018/09/05 08:00:00,2018/09/05 09:00:00,2018/09/05 13:00:00,0.6188558328828406,0.6188558328828406,0.0,0.0,0.04473741832237047,0.0,0.21211882851794048,0.043381142644712725,0.0,0.004643278164454789,0.29686636074616646,0.0,0.01710880448719585,0.0,0.0,0.0,0.0,0.0,0.0,0.0,0.0,0.0,0.0,0.0,0.0,0.0,0.0,0.0,0.0,0.0,0.0,0.0,0.0,0.0,0.0,0.0,0.002111622062985958,0.002111622062985958
2018/09/05 09:00:00,2018/09/05 10:00:00,2018/09/05 14:00:00,0.9217327610349232,0.9217327610349232,0.0,0.0,0.3113909571360384,0.0,0.2062198728771374,0.04217472717515497,0.0,0.004514150108678676,0.24045407484446327,0.0,0.11697897889345052,0.0,0.0,0.0,0.0,0.0,0.0,0.0,0.0,0.0,0.0,0.0,0.0,0.0,0.0,0.0,0.0,0.0,0.0,0.0,0.0,0.0,0.0,0.0,0.00314508021248106,0.00314508021248106
2018/09/05 10:00:00,2018/09/05 11:00:00,2018/09/05 15:00:00,1.320110486332111,1.320110486332111,0.0,0.0,0.6128764093644647,0.0,0.19995148025023965,0.040892756891797895,0.0,0.004376935082487628,0.23706579076249806,0.0,0.22494711398062292,0.0,0.0,0.0,0.0,0.0,0.0,0.0,0.0,0.0,0.0,0.0,0.0,0.0,0.0,0.0,0.0,0.0,0.0,0.0,0.0,0.0,0.0,0.0,0.004504400347222293,0.004504400347222293
2018/09/05 11:00:00,2018/09/05 12:00:00,2018/09/05 16:00:00,2.132555742220337,2.132555742220337,0.0,0.0,0.9116055440619802,0.0,0.19126679222895843,0.03911662182397593,0.0,0.004186827384193855,0.2521460954047706,0.0,0.3277517772308211,0.0,0.0,0.0,0.0,0.40648208408563724,0.0,0.0,0.0,0.0,0.0,0.0,0.0,0.0,0.0,0.0,0.0,0.0,0.0,0.0,0.0,0.0,0.0,0.0,0.007276576411734942,0.007276576411734942
2018/09/05 12:00:00,2018/09/05 13:00:00,2018/09/05 17:00:00,3.130861450399983,3.130861450399983,0.0,0.0,0.9806614683480874,0.0,0.1849983996020602,0.03783465154061874,0.0,0.004049612358002795,0.25819048102071934,0.0,0.3463059666996419,0.0,0.0,0.0,0.0,1.3188208708308526,0.0,0.0,0.0,0.0,0.0,0.0,0.0,0.0,0.0,0.0,0.0,0.0,0.0,0.0,0.0,0.0,0.0,0.0,0.01068293415611779,0.01068293415611779
2018/09/05 13:00:00,2018/09/05 14:00:00,2018/09/05 18:00:00,2.1738722225444294,2.1738722225444294,0.0,0.0,1.1132318113756299,0.0,0.1831538331348946,0.037457412982453704,0.0,0.004009234824052993,0.26620885734512484,0.0,0.39033573627116325,0.0,0.0,0.0,0.0,0.17947533661111023,0.0,0.0,0.0,0.0,0.0,0.0,0.0,0.0,0.0,0.0,0.0,0.0,0.0,0.0,0.0,0.0,0.0,0.0,0.007417553981601033,0.007417553981601033
2018/09/05 14:00:00,2018/09/05 15:00:00,2018/09/05 19:00:00,2.2847365204577628,2.2847365204577628,0.0,0.0,1.3103931672854139,0.0,0.18302017057615164,0.03743007719822559,0.0,0.004006308952527337,0.2956372840816883,0.0,0.45424951236375605,0.0,0.0,0.0,0.0,0.0,0.0,0.0,0.0,0.0,0.0,0.0,0.0,0.0,0.0,0.0,0.0,0.0,0.0,0.0,0.0,0.0,0.0,0.0,0.0077958383655111095,0.0077958383655111095
2018/09/05 15:00:00,2018/09/05 16:00:00,2018/09/05 20:00:00,2.6139759670053313,2.6139759670053313,0.0,0.0,1.5015953975192844,0.0,0.18349684026526766,0.037527562536620276,0.0,0.0040167432452989605,0.37050203793802905,0.0,0.5168373855008308,0.0,0.0,0.0,0.0,0.0,0.0,0.0,0.0,0.0,0.0,0.0,0.0,0.0,0.0,0.0,0.0,0.0,0.0,0.0,0.0,0.0,0.0,0.0,0.00891924908961549,0.00891924908961549
2018/09/05 16:00:00,2018/09/05 17:00:00,2018/09/05 21:00:00,5.399084858552122,5.399084858552122,0.0,0.0,1.6768789050107022,0.0,0.18612867792959029,0.03806580860337172,0.0,0.004074354134650564,2.489335845987811,0.0,0.5739335009467881,0.0,0.0,0.0,0.0,0.4306677659392085,0.0,0.0,0.0,0.0,0.0,0.0,0.0,0.0,0.0,0.0,0.0,0.0,0.0,0.0,0.0,0.0,0.0,0.0,0.01842242748871439,0.01842242748871439
2018/09/05 17:00:00,2018/09/05 18:00:00,2018/09/05 22:00:00,6.561407578576165,6.561407578576165,0.0,0.0,1.7208194200612177,0.0,0.19696408002817453,0.04028179351775072,0.0,0.004311540933762028,3.904057115684472,0.0,0.5947251690595934,0.0,0.0,0.0,0.0,0.10024845929119448,0.0,0.0,0.0,0.0,0.0,0.0,0.0,0.0,0.0,0.0,0.0,0.0,0.0,0.0,0.0,0.0,0.0,0.0,0.02238843406003368,0.02238843406003368
2018/09/05 18:00:00,2018/09/05 19:00:00,2018/09/05 23:00:00,2.84451415895195,2.84451415895195,0.0,0.0,1.4843880115134027,0.0,0.22873324489695904,0.04677901341334135,0.0,0.005006967504655592,0.5513214305361466,0.0,0.5282854910874446,0.0,0.0,0.0,0.0,0.0,0.0,0.0,0.0,0.0,0.0,0.0,0.0,0.0,0.0,0.0,0.0,0.0,0.0,0.0,0.0,0.0,0.0,0.0,0.009705877423079922,0.009705877423079922
2018/09/05 19:00:00,2018/09/05 20:00:00,2018/09/06 00:00:00,2.3726868090625097,2.3726868090625097,0.0,0.0,1.1006483795025759,0.0,0.29344032222657884,0.060012477747325606,0.0,0.0064234045147482585,0.5057812013940799,0.0,0.40638102367720086,0.0,0.0,0.0,0.0,0.0,0.0,0.0,0.0,0.0,0.0,0.0,0.0,0.0,0.0,0.0,0.0,0.0,0.0,0.0,0.0,0.0,0.0,0.0,0.008095936966826103,0.008095936966826103
2018/09/05 20:00:00,2018/09/05 21:00:00,2018/09/06 01:00:00,2.0985329776607644,2.0985329776607644,0.0,0.0,0.7404005449519514,0.0,0.3798491860217515,0.07768424819908869,0.0,0.008314893324481805,0.6089229556408596,0.0,0.2833611495226314,0.0,0.0,0.0,0.0,0.0,0.0,0.0,0.0,0.0,0.0,0.0,0.0,0.0,0.0,0.0,0.0,0.0,0.0,0.0,0.0,0.0,0.0,0.0,0.007160486013179432,0.007160486013179432
2018/09/05 21:00:00,2018/09/05 22:00:00,2018/09/06 02:00:00,1.6577465502838329,1.6577465502838329,0.0,0.0,0.46711487684974,0.0,0.44204960907651225,0.0904050681468183,0.0,0.009676459707852593,0.4657559093404247,0.0,0.18274462716248527,0.0,0.0,0.0,0.0,0.0,0.0,0.0,0.0,0.0,0.0,0.0,0.0,0.0,0.0,0.0,0.0,0.0,0.0,0.0,0.0,0.0,0.0,0.0,0.005656461496228492,0.005656461496228492
2018/09/05 22:00:00,2018/09/05 23:00:00,2018/09/06 03:00:00,1.14077379651603,1.14077379651603,0.0,0.0,0.26059772160356315,0.0,0.3095070107337689,0.06329833082707534,0.0,0.006775104099560094,0.39843385714884805,0.0,0.1021617721032146,0.0,0.0,0.0,0.0,0.0,0.0,0.0,0.0,0.0,0.0,0.0,0.0,0.0,0.0,0.0,0.0,0.0,0.0,0.0,0.0,0.0,0.0,0.0,0.0038924786510908488,0.0038924786510908488
2018/09/05 23:00:00,2018/09/06 00:00:00,2018/09/06 04:00:00,0.6471549169645107,0.6471549169645107,0.0,0.0,0.10537638292142198,0.0,0.13094360677997474,0.026779722120023,0.0,0.002866353705536267,0.33988697256011713,0.0,0.04130187887743745,0.0,0.0,0.0,0.0,0.0,0.0,0.0,0.0,0.0,0.0,0.0,0.0,0.0,0.0,0.0,0.0,0.0,0.0,0.0,0.0,0.0,0.0,0.0,0.002208182468712088,0.002208182468712088
2018/09/06 00:00:00,2018/09/06 01:00:00,2018/09/06 05:00:00,1.4186700912743149,1.4186700912743149,0.0,0.0,0.0,0.0,0.06501908921459039,0.013297274945155983,0.0,0.0014232669458539432,1.3389304601687144,0.0,0.0,0.0,0.0,0.0,0.0,0.0,0.0,0.0,0.0,0.0,0.0,0.0,0.0,0.0,0.0,0.0,0.0,0.0,0.0,0.0,0.0,0.0,0.0,0.0,0.0048406994095509795,0.0048406994095509795
2018/09/06 01:00:00,2018/09/06 02:00:00,2018/09/06 06:00:00,0.34044515984028273,0.34044515984028273,0.0,0.0,0.0,0.0,0.03901145352875434,0.00797836496709361,0.0,0.0008539601675123682,0.2926013811769224,0.0,0.0,0.0,0.0,0.0,0.0,0.0,0.0,0.0,0.0,0.0,0.0,0.0,0.0,0.0,0.0,0.0,0.0,0.0,0.0,0.0,0.0,0.0,0.0,0.0,0.001161646174370986,0.001161646174370986
2018/09/06 02:00:00,2018/09/06 03:00:00,2018/09/06 07:00:00,0.3169681194499107,0.3169681194499107,0.022562481742735094,0.0,0.0,0.0,0.026007635685836212,0.005318909978062404,0.0,0.0005693067783415784,0.2625097852649354,0.0,0.0,0.0,0.0,0.0,0.0,0.0,0.0,0.0,0.0,0.0,0.0,0.0,0.0,0.0,0.0,0.0,0.0,0.0,0.0,0.0,0.0,0.0,0.0,0.0,0.0010815392515179096,0.0010815392515179096
2018/09/06 03:00:00,2018/09/06 04:00:00,2018/09/06 08:00:00,0.9713328999923645,0.9713328999923645,0.2872988565982128,0.0,0.0,0.0,0.026007635685836212,0.005318909978062404,0.0,0.0005693067783415784,0.25071992479679983,0.0,0.0,0.0,0.0,0.0,0.0,0.40141826615511167,0.0,0.0,0.0,0.0,0.0,0.0,0.0,0.0,0.0,0.0,0.0,0.0,0.0,0.0,0.0,0.0,0.0,0.0,0.0033143227762326252,0.0033143227762326252
2018/09/06 04:00:00,2018/09/06 05:00:00,2018/09/06 09:00:00,0.8601417878105797,0.8601417878105797,0.589842270428518,0.0,0.0,0.0,0.027249552419694536,0.005572898590769679,0.0,0.0005964923181292811,0.23688057405346816,0.0,0.0,0.0,0.0,0.0,0.0,0.0,0.0,0.0,0.0,0.0,0.0,0.0,0.0,0.0,0.0,0.0,0.0,0.0,0.0,0.0,0.0,0.0,0.0,0.0,0.0029349232566429737,0.0029349232566429737
2018/09/06 05:00:00,2018/09/06 06:00:00,2018/09/06 10:00:00,1.1771312387481614,1.1771312387481614,0.8322184493937674,0.0,0.0,0.0,0.07103552208494862,0.014527716082253228,0.0,0.0015549665765280758,0.25779458461066423,0.0,0.0,0.0,0.0,0.0,0.0,0.0,0.0,0.0,0.0,0.0,0.0,0.0,0.0,0.0,0.0,0.0,0.0,0.0,0.0,0.0,0.0,0.0,0.0,0.0,0.0040165352941598335,0.0040165352941598335
2018/09/06 06:00:00,2018/09/06 07:00:00,2018/09/06 11:00:00,1.462091592121709,1.462091592121709,0.942412363335331,0.0,0.0,0.0,0.1667717967174164,0.03410706702965493,0.0,0.0036506322779327363,0.31514973276137404,0.0,0.0,0.0,0.0,0.0,0.0,0.0,0.0,0.0,0.0,0.0,0.0,0.0,0.0,0.0,0.0,0.0,0.0,0.0,0.0,0.0,0.0,0.0,0.0,0.0,0.004988859601837119,0.004988859601837119
2018/09/06 07:00:00,2018/09/06 08:00:00,2018/09/06 12:00:00,1.496298498466802,1.496298498466802,0.5125479318648735,0.0,0.0,0.0,0.21104540955177992,0.043161614083227134,0.0,0.004619781038425436,0.36010528653425383,0.0,0.0,0.0,0.0,0.0,0.0,0.36481847539424217,0.0,0.0,0.0,0.0,0.0,0.0,0.0,0.0,0.0,0.0,0.0,0.0,0.0,0.0,0.0,0.0,0.0,0.0,0.0051055783177427465,0.0051055783177427465
2018/09/06 08:00:00,2018/09/06 09:00:00,2018/09/06 13:00:00,1.9588168083804407,1.9588168083804407,0.08298632747631372,0.0,0.0,0.0,0.21211882851794048,0.043381142644712725,0.0,0.004643278164454789,0.29686636074616646,0.0,0.0,0.0,0.0,0.0,0.0,1.3188208708308526,0.0,0.0,0.0,0.0,0.0,0.0,0.0,0.0,0.0,0.0,0.0,0.0,0.0,0.0,0.0,0.0,0.0,0.0,0.00668375503654167,0.00668375503654167
2018/09/06 09:00:00,2018/09/06 10:00:00,2018/09/06 14:00:00,1.8374624415874998,1.8374624415874998,0.0,0.0,0.018311174259080482,0.0,0.2062198728771374,0.04217472717515497,0.0,0.004514150108678676,0.24045407484446327,0.0,0.006967571492132408,0.0,0.0,0.0,0.0,1.3188208708308526,0.0,0.0,0.0,0.0,0.0,0.0,0.0,0.0,0.0,0.0,0.0,0.0,0.0,0.0,0.0,0.0,0.0,0.0,0.006269677080507963,0.006269677080507963
2018/09/06 10:00:00,2018/09/06 11:00:00,2018/09/06 15:00:00,1.1348180040298796,1.1348180040298796,0.0,0.0,0.24030492257950278,0.0,0.19995148025023965,0.040892756891797895,0.0,0.004376935082487628,0.23706579076249806,0.0,0.08964404766993936,0.0,0.0,0.0,0.0,0.32258207079341433,0.0,0.0,0.0,0.0,0.0,0.0,0.0,0.0,0.0,0.0,0.0,0.0,0.0,0.0,0.0,0.0,0.0,0.0,0.003872156659848177,0.003872156659848177
2018/09/06 11:00:00,2018/09/06 12:00:00,2018/09/06 16:00:00,1.1466155907695654,1.1466155907695654,0.0,0.0,0.48405967022006097,0.0,0.19126679222895843,0.03911662182397593,0.0,0.004186827384193855,0.2521460954047706,0.0,0.17583958370760572,0.0,0.0,0.0,0.0,0.0,0.0,0.0,0.0,0.0,0.0,0.0,0.0,0.0,0.0,0.0,0.0,0.0,0.0,0.0,0.0,0.0,0.0,0.0,0.003912411664529093,0.003912411664529093
2018/09/06 12:00:00,2018/09/06 13:00:00,2018/09/06 17:00:00,1.4552762770507466,1.4552762770507466,0.0,0.0,0.7147698374729339,0.0,0.1849983996020602,0.03783465154061874,0.0,0.004049612358002795,0.25819048102071934,0.0,0.2554332950564118,0.0,0.0,0.0,0.0,0.0,0.0,0.0,0.0,0.0,0.0,0.0,0.0,0.0,0.0,0.0,0.0,0.0,0.0,0.0,0.0,0.0,0.0,0.0,0.004965604800144446,0.004965604800144446
2018/09/06 13:00:00,2018/09/06 14:00:00,2018/09/06 18:00:00,1.7776196988317057,1.7776196988317057,0.0,0.0,0.9504602610419439,0.0,0.1831538331348946,0.037457412982453704,0.0,0.004009234824052993,0.26620885734512484,0.0,0.3363300995032352,0.0,0.0,0.0,0.0,0.0,0.0,0.0,0.0,0.0,0.0,0.0,0.0,0.0,0.0,0.0,0.0,0.0,0.0,0.0,0.0,0.0,0.0,0.0,0.0060654853298637516,0.0060654853298637516
2018/09/06 14:00:00,2018/09/06 15:00:00,2018/09/06 19:00:00,2.1445395522756483,2.1445395522756483,0.0,0.0,1.1660420495554829,0.0,0.18302017057615164,0.03743007719822559,0.0,0.004006308952527337,0.3430287783537689,0.0,0.4110121676394922,0.0,0.0,0.0,0.0,0.0,0.0,0.0,0.0,0.0,0.0,0.0,0.0,0.0,0.0,0.0,0.0,0.0,0.0,0.0,0.0,0.0,0.0,0.0,0.007317466836235827,0.007317466836235827
2018/09/06 15:00:00,2018/09/06 16:00:00,2018/09/06 20:00:00,3.4463577849316316,3.4463577849316316,0.0,0.0,1.3726867568081287,0.0,0.18349684026526766,0.037527562536620276,0.0,0.0040167432452989605,1.3676688585304235,0.0,0.48096102354589193,0.0,0.0,0.0,0.0,0.0,0.0,0.0,0.0,0.0,0.0,0.0,0.0,0.0,0.0,0.0,0.0,0.0,0.0,0.0,0.0,0.0,0.0,0.0,0.011759451473058635,0.011759451473058635
2018/09/06 16:00:00,2018/09/06 17:00:00,2018/09/06 21:00:00,2.9399888382608785,2.9399888382608785,0.0,0.0,1.4624871033358866,0.0,0.18612867792959029,0.03806580860337172,0.0,0.004074354134650564,0.7352097424206989,0.0,0.5140231518366808,0.0,0.0,0.0,0.0,0.0,0.0,0.0,0.0,0.0,0.0,0.0,0.0,0.0,0.0,0.0,0.0,0.0,0.0,0.0,0.0,0.0,0.0,0.0,0.010031650290641162,0.010031650290641162
2018/09/06 17:00:00,2018/09/06 18:00:00,2018/09/06 22:00:00,3.166072564132204,3.166072564132204,0.0,0.0,1.4654953903927197,0.0,0.19696408002817453,0.04028179351775072,0.0,0.004311540933762028,0.5350858754207735,0.0,0.5217743618826374,0.0,0.0,0.0,0.0,0.40215952195638593,0.0,0.0,0.0,0.0,0.0,0.0,0.0,0.0,0.0,0.0,0.0,0.0,0.0,0.0,0.0,0.0,0.0,0.0,0.010803079367116135,0.010803079367116135
2018/09/06 18:00:00,2018/09/06 19:00:00,2018/09/06 23:00:00,3.1825530249137794,3.1825530249137794,0.0,0.0,1.4157715813139664,0.0,0.22873324489695904,0.04677901341334135,0.0,0.005006967504655592,0.5513214305361466,0.0,0.5099427487084521,0.0,0.0,0.0,0.0,0.4249980385402584,0.0,0.0,0.0,0.0,0.0,0.0,0.0,0.0,0.0,0.0,0.0,0.0,0.0,0.0,0.0,0.0,0.0,0.0,0.010859312988495184,0.010859312988495184
2018/09/06 19:00:00,2018/09/06 20:00:00,2018/09/07 00:00:00,3.6812249813430817,3.6812249813430817,0.0,0.0,1.0950214230721567,0.0,0.29344032222657884,0.060012477747325606,0.0,0.0064234045147482585,0.5005084163794185,0.0,0.4069980665720008,0.0,0.0,0.0,0.0,1.3188208708308526,0.0,0.0,0.0,0.0,0.0,0.0,0.0,0.0,0.0,0.0,0.0,0.0,0.0,0.0,0.0,0.0,0.0,0.0,0.012560850971070582,0.012560850971070582
2018/09/06 20:00:00,2018/09/06 21:00:00,2018/09/07 01:00:00,3.196990173823271,3.196990173823271,0.0,0.0,0.6675555457818724,0.0,0.3798491860217515,0.07768424819908869,0.0,0.008314893324481805,0.49005820397958605,0.0,0.25470722568563703,0.0,0.0,0.0,0.0,1.3188208708308526,0.0,0.0,0.0,0.0,0.0,0.0,0.0,0.0,0.0,0.0,0.0,0.0,0.0,0.0,0.0,0.0,0.0,0.0,0.010908574545943682,0.010908574545943682
2018/09/06 21:00:00,2018/09/06 22:00:00,2018/09/07 02:00:00,2.5532373786379554,2.5532373786379554,0.0,0.0,0.4403968300341027,0.0,0.44204960907651225,0.0904050681468183,0.0,0.009676459707852593,0.4657559093404247,0.0,0.16941480069922243,0.0,0.0,0.0,0.0,0.9355387016330223,0.0,0.0,0.0,0.0,0.0,0.0,0.0,0.0,0.0,0.0,0.0,0.0,0.0,0.0,0.0,0.0,0.0,0.0,0.008712000589308546,0.008712000589308546
2018/09/06 22:00:00,2018/09/06 23:00:00,2018/09/07 03:00:00,1.0939411415886928,1.0939411415886928,0.0,0.0,0.22683843678512045,0.0,0.3095070107337689,0.06329833082707534,0.0,0.006775104099560094,0.39843385714884805,0.0,0.08908840199431997,0.0,0.0,0.0,0.0,0.0,0.0,0.0,0.0,0.0,0.0,0.0,0.0,0.0,0.0,0.0,0.0,0.0,0.0,0.0,0.0,0.0,0.0,0.0,0.0037326791272629853,0.0037326791272629853
2018/09/06 23:00:00,2018/09/07 00:00:00,2018/09/07 04:00:00,0.5545012361115357,0.5545012361115357,0.0,0.0,0.0387403910711703,0.0,0.13094360677997474,0.026779722120023,0.0,0.002866353705536267,0.33988697256011713,0.0,0.01528418987471425,0.0,0.0,0.0,0.0,0.0,0.0,0.0,0.0,0.0,0.0,0.0,0.0,0.0,0.0,0.0,0.0,0.0,0.0,0.0,0.0,0.0,0.0,0.0,0.001892035239728886,0.001892035239728886
2018/09/07 00:00:00,2018/09/07 01:00:00,2018/09/07 05:00:00,0.38482883772309007,0.38482883772309007,0.0,0.0,0.0,0.0,0.06501908921459039,0.013297274945155983,0.0,0.0014232669458539432,0.3050892066174897,0.0,0.0,0.0,0.0,0.0,0.0,0.0,0.0,0.0,0.0,0.0,0.0,0.0,0.0,0.0,0.0,0.0,0.0,0.0,0.0,0.0,0.0,0.0,0.0,0.0,0.0013130894483516335,0.0013130894483516335
2018/09/07 01:00:00,2018/09/07 02:00:00,2018/09/07 06:00:00,0.8032788873579146,0.8032788873579146,0.4628337275176319,0.0,0.0,0.0,0.03901145352875434,0.00797836496709361,0.0,0.0008539601675123682,0.2926013811769224,0.0,0.0,0.0,0.0,0.0,0.0,0.0,0.0,0.0,0.0,0.0,0.0,0.0,0.0,0.0,0.0,0.0,0.0,0.0,0.0,0.0,0.0,0.0,0.0,0.0,0.0027408991418473175,0.0027408991418473175
2018/09/07 02:00:00,2018/09/07 03:00:00,2018/09/07 07:00:00,1.0688489076421557,1.0688489076421557,0.7744432699349799,0.0,0.0,0.0,0.026007635685836212,0.005318909978062404,0.0,0.0005693067783415784,0.2625097852649354,0.0,0.0,0.0,0.0,0.0,0.0,0.0,0.0,0.0,0.0,0.0,0.0,0.0,0.0,0.0,0.0,0.0,0.0,0.0,0.0,0.0,0.0,0.0,0.0,0.0,0.00364706093964037,0.00364706093964037
2018/09/07 03:00:00,2018/09/07 04:00:00,2018/09/07 08:00:00,1.4722828952061757,1.4722828952061757,1.1896671179671356,0.0,0.0,0.0,0.026007635685836212,0.005318909978062404,0.0,0.0005693067783415784,0.25071992479679983,0.0,0.0,0.0,0.0,0.0,0.0,0.0,0.0,0.0,0.0,0.0,0.0,0.0,0.0,0.0,0.0,0.0,0.0,0.0,0.0,0.0,0.0,0.0,0.0,0.0,0.00502363374356814,0.00502363374356814
2018/09/07 04:00:00,2018/09/07 05:00:00,2018/09/07 09:00:00,1.7904167688326516,1.7904167688326516,1.52011725145059,0.0,0.0,0.0,0.027249552419694536,0.005572898590769679,0.0,0.0005964923181292811,0.23688057405346816,0.0,0.0,0.0,0.0,0.0,0.0,0.0,0.0,0.0,0.0,0.0,0.0,0.0,0.0,0.0,0.0,0.0,0.0,0.0,0.0,0.0,0.0,0.0,0.0,0.0,0.006109150710263728,0.006109150710263728
2018/09/07 05:00:00,2018/09/07 06:00:00,2018/09/07 10:00:00,2.055442471896203,2.055442471896203,1.710529682541809,0.0,0.0,0.0,0.07103552208494862,0.014527716082253228,0.0,0.0015549665765280758,0.25779458461066423,0.0,0.0,0.0,0.0,0.0,0.0,0.0,0.0,0.0,0.0,0.0,0.0,0.0,0.0,0.0,0.0,0.0,0.0,0.0,0.0,0.0,0.0,0.0,0.0,0.0,0.0070134552220922665,0.0070134552220922665
2018/09/07 06:00:00,2018/09/07 07:00:00,2018/09/07 11:00:00,2.7750051802983164,2.7750051802983164,0.9787643714281933,0.0,0.0,0.0,0.1667717967174164,0.03410706702965493,0.0,0.0036506322779327363,0.31514973276137404,0.0,0.0,0.0,0.0,0.0,0.0,1.276561580083745,0.0,0.0,0.0,0.0,0.0,0.0,0.0,0.0,0.0,0.0,0.0,0.0,0.0,0.0,0.0,0.0,0.0,0.0,0.00946870313287909,0.00946870313287909
2018/09/07 07:00:00,2018/09/07 08:00:00,2018/09/07 12:00:00,3.560920381392655,3.560920381392655,1.6231674193541161,0.0,0.0,0.0,0.21104540955177992,0.043161614083227134,0.0,0.004619781038425436,0.36010528653425383,0.0,0.0,0.0,0.0,0.0,0.0,1.3188208708308526,0.0,0.0,0.0,0.0,0.0,0.0,0.0,0.0,0.0,0.0,0.0,0.0,0.0,0.0,0.0,0.0,0.0,0.0,0.012150354965319734,0.012150354965319734
2018/09/07 08:00:00,2018/09/07 09:00:00,2018/09/07 13:00:00,2.9758093850936933,2.9758093850936933,1.099978904189566,0.0,0.0,0.0,0.21211882851794048,0.043381142644712725,0.0,0.004643278164454789,0.29686636074616646,0.0,0.0,0.0,0.0,0.0,0.0,1.3188208708308526,0.0,0.0,0.0,0.0,0.0,0.0,0.0,0.0,0.0,0.0,0.0,0.0,0.0,0.0,0.0,0.0,0.0,0.0,0.010153874972031074,0.010153874972031074
2018/09/07 09:00:00,2018/09/07 10:00:00,2018/09/07 14:00:00,1.9223024534203343,1.9223024534203343,0.2579999958022063,0.0,0.0,0.0,0.2062198728771374,0.04217472717515497,0.0,0.004514150108678676,0.24045407484446327,0.0,0.0,0.0,0.0,0.0,0.0,1.1709396326126935,0.0,0.0,0.0,0.0,0.0,0.0,0.0,0.0,0.0,0.0,0.0,0.0,0.0,0.0,0.0,0.0,0.0,0.0,0.00655916298544912,0.00655916298544912
2018/09/07 10:00:00,2018/09/07 11:00:00,2018/09/07 15:00:00,0.4822869629870232,0.4822869629870232,0.0,0.0,0.0,0.0,0.19995148025023965,0.040892756891797895,0.0,0.004376935082487628,0.23706579076249806,0.0,0.0,0.0,0.0,0.0,0.0,0.0,0.0,0.0,0.0,0.0,0.0,0.0,0.0,0.0,0.0,0.0,0.0,0.0,0.0,0.0,0.0,0.0,0.0,0.0,0.0016456301090187694,0.0016456301090187694
2018/09/07 11:00:00,2018/09/07 12:00:00,2018/09/07 16:00:00,0.9194297805407938,0.9194297805407938,0.0,0.0,0.05992754997985769,0.0,0.19126679222895843,0.03911662182397593,0.0,0.004186827384193855,0.2521460954047706,0.0,0.022290944756047093,0.0,0.0,0.0,0.0,0.3504949489629901,0.0,0.0,0.0,0.0,0.0,0.0,0.0,0.0,0.0,0.0,0.0,0.0,0.0,0.0,0.0,0.0,0.0,0.0,0.0031372221231432307,0.0031372221231432307
2018/09/07 12:00:00,2018/09/07 13:00:00,2018/09/07 17:00:00,1.5385031263114886,1.5385031263114886,0.0,0.0,0.12693364605610796,0.0,0.1849983996020602,0.03783465154061874,0.0,0.004049612358002795,0.25819048102071934,0.0,0.04730575570936386,0.0,0.0,0.0,0.0,0.8791905800246157,0.0,0.0,0.0,0.0,0.0,0.0,0.0,0.0,0.0,0.0,0.0,0.0,0.0,0.0,0.0,0.0,0.0,0.0,0.005249586370315831,0.005249586370315831
2018/09/07 13:00:00,2018/09/07 14:00:00,2018/09/07 18:00:00,0.8735700338960051,0.8735700338960051,0.0,0.0,0.27878769745068066,0.0,0.1831538331348946,0.037457412982453704,0.0,0.004009234824052993,0.26620885734512484,0.0,0.10395299815879827,0.0,0.0,0.0,0.0,0.0,0.0,0.0,0.0,0.0,0.0,0.0,0.0,0.0,0.0,0.0,0.0,0.0,0.0,0.0,0.0,0.0,0.0,0.0,0.0029807422975157085,0.0029807422975157085
2018/09/07 14:00:00,2018/09/07 15:00:00,2018/09/07 19:00:00,2.060558280227348,2.060558280227348,0.0,0.0,0.5264580583304754,0.0,0.18302017057615164,0.03743007719822559,0.0,0.004006308952527337,0.6547996514717686,0.0,0.19531181289684443,0.0,0.0,0.0,0.0,0.45953220080135454,0.0,0.0,0.0,0.0,0.0,0.0,0.0,0.0,0.0,0.0,0.0,0.0,0.0,0.0,0.0,0.0,0.0,0.0,0.007030911070721389,0.007030911070721389
2018/09/07 15:00:00,2018/09/07 16:00:00,2018/09/07 20:00:00,1.4958363848690637,1.4958363848690637,0.0,0.0,0.7225642925562307,0.0,0.18349684026526766,0.037527562536620276,0.0,0.0040167432452989605,0.28373458382035643,0.0,0.2644963624452896,0.0,0.0,0.0,0.0,0.0,0.0,0.0,0.0,0.0,0.0,0.0,0.0,0.0,0.0,0.0,0.0,0.0,0.0,0.0,0.0,0.0,0.0,0.0,0.005104001521958106,0.005104001521958106
2018/09/07 16:00:00,2018/09/07 17:00:00,2018/09/07 21:00:00,1.8866081505283492,1.8866081505283492,0.0,0.0,0.9361392803986551,0.0,0.18612867792959029,0.03806580860337172,0.0,0.004074354134650564,0.38388522406492354,0.0,0.33831480539715814,0.0,0.0,0.0,0.0,0.0,0.0,0.0,0.0,0.0,0.0,0.0,0.0,0.0,0.0,0.0,0.0,0.0,0.0,0.0,0.0,0.0,0.0,0.0,0.006437369065921034,0.006437369065921034
2018/09/07 17:00:00,2018/09/07 18:00:00,2018/09/07 22:00:00,2.190333528968377,2.190333528968377,0.0,0.0,1.0361079885486355,0.0,0.19696408002817453,0.04028179351775072,0.0,0.004311540933762028,0.5350858754207735,0.0,0.3775822505192806,0.0,0.0,0.0,0.0,0.0,0.0,0.0,0.0,0.0,0.0,0.0,0.0,0.0,0.0,0.0,0.0,0.0,0.0,0.0,0.0,0.0,0.0,0.0,0.00747372224565125,0.00747372224565125
2018/09/07 18:00:00,2018/09/07 19:00:00,2018/09/07 23:00:00,2.1256826897958305,2.1256826897958305,0.0,0.0,0.9432606906975033,0.0,0.22873324489695904,0.04677901341334135,0.0,0.005006967504655592,0.5513214305361466,0.0,0.3505813427472245,0.0,0.0,0.0,0.0,0.0,0.0,0.0,0.0,0.0,0.0,0.0,0.0,0.0,0.0,0.0,0.0,0.0,0.0,0.0,0.0,0.0,0.0,0.0,0.00725312460217206,0.00725312460217206
2018/09/07 19:00:00,2018/09/07 20:00:00,2018/09/08 00:00:00,2.8299254927733455,2.8299254927733455,0.0,0.0,0.8191697886804282,0.0,0.29344032222657884,0.060012477747325606,0.0,0.0064234045147482585,0.5005084163794185,0.0,0.31141531082891905,0.0,0.0,0.0,0.0,0.8389557723959271,0.0,0.0,0.0,0.0,0.0,0.0,0.0,0.0,0.0,0.0,0.0,0.0,0.0,0.0,0.0,0.0,0.0,0.0,0.009656098867662943,0.009656098867662943
2018/09/07 20:00:00,2018/09/07 21:00:00,2018/09/08 01:00:00,2.9522776299423015,2.9522776299423015,0.0,0.0,0.48797570047898603,0.0,0.3798491860217515,0.07768424819908869,0.0,0.008314893324481805,0.49005820397958605,0.0,0.18957452710755437,0.0,0.0,0.0,0.0,1.3188208708308526,0.0,0.0,0.0,0.0,0.0,0.0,0.0,0.0,0.0,0.0,0.0,0.0,0.0,0.0,0.0,0.0,0.0,0.0,0.01007358135481333,0.01007358135481333
2018/09/07 21:00:00,2018/09/07 22:00:00,2018/09/08 02:00:00,2.2284513717755985,2.2284513717755985,0.0,0.0,0.25833455348110274,0.0,0.44204960907651225,0.0904050681468183,0.0,0.009676459707852593,0.4657559093404247,0.0,0.10129267881438075,0.0,0.0,0.0,0.0,0.860937093208507,0.0,0.0,0.0,0.0,0.0,0.0,0.0,0.0,0.0,0.0,0.0,0.0,0.0,0.0,0.0,0.0,0.0,0.0,0.007603785620008096,0.007603785620008096
2018/09/07 22:00:00,2018/09/07 23:00:00,2018/09/08 03:00:00,0.8645944514622675,0.8645944514622675,0.0,0.0,0.06219751075843429,0.0,0.3095070107337689,0.06329833082707534,0.0,0.006775104099560094,0.39843385714884805,0.0,0.024382637894580735,0.0,0.0,0.0,0.0,0.0,0.0,0.0,0.0,0.0,0.0,0.0,0.0,0.0,0.0,0.0,0.0,0.0,0.0,0.0,0.0,0.0,0.0,0.0,0.0029501163635127278,0.0029501163635127278
2018/09/07 23:00:00,2018/09/08 00:00:00,2018/09/08 04:00:00,0.5004766551656511,0.5004766551656511,0.0,0.0,0.0,0.0,0.13094360677997474,0.026779722120023,0.0,0.002866353705536267,0.33988697256011713,0.0,0.0,0.0,0.0,0.0,0.0,0.0,0.0,0.0,0.0,0.0,0.0,0.0,0.0,0.0,0.0,0.0,0.0,0.0,0.0,0.0,0.0,0.0,0.0,0.0,0.0017076958653426423,0.0017076958653426423
2018/09/08 00:00:00,2018/09/08 01:00:00,2018/09/08 05:00:00,0.6554426385082167,0.6554426385082167,0.2706138007851266,0.0,0.0,0.0,0.06501908921459039,0.013297274945155983,0.0,0.0014232669458539432,0.3050892066174897,0.0,0.0,0.0,0.0,0.0,0.0,0.0,0.0,0.0,0.0,0.0,0.0,0.0,0.0,0.0,0.0,0.0,0.0,0.0,0.0,0.0,0.0,0.0,0.0,0.0,0.002236461325812053,0.002236461325812053
2018/09/08 01:00:00,2018/09/08 02:00:00,2018/09/08 06:00:00,1.1918108157910952,1.1918108157910952,0.8513656559508122,0.0,0.0,0.0,0.03901145352875434,0.00797836496709361,0.0,0.0008539601675123682,0.2926013811769224,0.0,0.0,0.0,0.0,0.0,0.0,0.0,0.0,0.0,0.0,0.0,0.0,0.0,0.0,0.0,0.0,0.0,0.0,0.0,0.0,0.0,0.0,0.0,0.0,0.0,0.004066624050073732,0.004066624050073732
2018/09/08 02:00:00,2018/09/08 03:00:00,2018/09/08 07:00:00,1.2681713639755692,1.2681713639755692,0.9737657262683936,0.0,0.0,0.0,0.026007635685836212,0.005318909978062404,0.0,0.0005693067783415784,0.2625097852649354,0.0,0.0,0.0,0.0,0.0,0.0,0.0,0.0,0.0,0.0,0.0,0.0,0.0,0.0,0.0,0.0,0.0,0.0,0.0,0.0,0.0,0.0,0.0,0.0,0.0,0.00432717684722021,0.00432717684722021
2018/09/08 03:00:00,2018/09/08 04:00:00,2018/09/08 08:00:00,1.5727193457829491,1.5727193457829491,1.290103568543909,0.0,0.0,0.0,0.026007635685836212,0.005318909978062404,0.0,0.0005693067783415784,0.25071992479679983,0.0,0.0,0.0,0.0,0.0,0.0,0.0,0.0,0.0,0.0,0.0,0.0,0.0,0.0,0.0,0.0,0.0,0.0,0.0,0.0,0.0,0.0,0.0,0.0,0.0,0.005366336863902249,0.005366336863902249
2018/09/08 04:00:00,2018/09/08 05:00:00,2018/09/08 09:00:00,1.8152292736310869,1.8152292736310869,1.5449297562490254,0.0,0.0,0.0,0.027249552419694536,0.005572898590769679,0.0,0.0005964923181292811,0.23688057405346816,0.0,0.0,0.0,0.0,0.0,0.0,0.0,0.0,0.0,0.0,0.0,0.0,0.0,0.0,0.0,0.0,0.0,0.0,0.0,0.0,0.0,0.0,0.0,0.0,0.0,0.006193814423177685,0.006193814423177685
2018/09/08 05:00:00,2018/09/08 06:00:00,2018/09/08 10:00:00,1.9568580684473063,1.9568580684473063,1.611945279092912,0.0,0.0,0.0,0.07103552208494862,0.014527716082253228,0.0,0.0015549665765280758,0.25779458461066423,0.0,0.0,0.0,0.0,0.0,0.0,0.0,0.0,0.0,0.0,0.0,0.0,0.0,0.0,0.0,0.0,0.0,0.0,0.0,0.0,0.0,0.0,0.0,0.0,0.0,0.006677071543814146,0.006677071543814146
2018/09/08 06:00:00,2018/09/08 07:00:00,2018/09/08 11:00:00,2.1172840964098376,2.1172840964098376,1.5976048676234593,0.0,0.0,0.0,0.1667717967174164,0.03410706702965493,0.0,0.0036506322779327363,0.31514973276137404,0.0,0.0,0.0,0.0,0.0,0.0,0.0,0.0,0.0,0.0,0.0,0.0,0.0,0.0,0.0,0.0,0.0,0.0,0.0,0.0,0.0,0.0,0.0,0.0,0.0,0.007224467434945733,0.007224467434945733
2018/09/08 07:00:00,2018/09/08 08:00:00,2018/09/08 12:00:00,2.5778340294156616,2.5778340294156616,1.0843758951097844,0.0,0.0,0.0,0.21104540955177992,0.043161614083227134,0.0,0.004619781038425436,0.36010528653425383,0.0,0.0,0.0,0.0,0.0,0.0,0.8745260430981908,0.0,0.0,0.0,0.0,0.0,0.0,0.0,0.0,0.0,0.0,0.0,0.0,0.0,0.0,0.0,0.0,0.0,0.0,0.008795927778320915,0.008795927778320915
2018/09/08 08:00:00,2018/09/08 09:00:00,2018/09/08 13:00:00,2.366765344131021,2.366765344131021,0.49093486322689356,0.0,0.0,0.0,0.21211882851794048,0.043381142644712725,0.0,0.004643278164454789,0.29686636074616646,0.0,0.0,0.0,0.0,0.0,0.0,1.3188208708308526,0.0,0.0,0.0,0.0,0.0,0.0,0.0,0.0,0.0,0.0,0.0,0.0,0.0,0.0,0.0,0.0,0.0,0.0,0.008075732105968153,0.008075732105968153
2018/09/08 09:00:00,2018/09/08 10:00:00,2018/09/08 14:00:00,0.7963851187689062,0.7963851187689062,0.0,0.0,0.0,0.0,0.2062198728771374,0.04217472717515497,0.0,0.004514150108678676,0.24045407484446327,0.0,0.0,0.0,0.0,0.0,0.0,0.3030222937634719,0.0,0.0,0.0,0.0,0.0,0.0,0.0,0.0,0.0,0.0,0.0,0.0,0.0,0.0,0.0,0.0,0.0,0.0,0.0027173766458536085,0.0027173766458536085
2018/09/08 10:00:00,2018/09/08 11:00:00,2018/09/08 15:00:00,0.7662849749348857,0.7662849749348857,0.0,0.0,0.2072875985947962,0.0,0.19995148025023965,0.040892756891797895,0.0,0.004376935082487628,0.23706579076249806,0.0,0.07671041335306625,0.0,0.0,0.0,0.0,0.0,0.0,0.0,0.0,0.0,0.0,0.0,0.0,0.0,0.0,0.0,0.0,0.0,0.0,0.0,0.0,0.0,0.0,0.0,0.0026146707740791054,0.0026146707740791054
2018/09/08 11:00:00,2018/09/08 12:00:00,2018/09/08 16:00:00,1.1494446155888323,1.1494446155888323,0.0,0.0,0.48742259704913743,0.0,0.19126679222895843,0.03911662182397593,0.0,0.004186827384193855,0.2521460954047706,0.0,0.17530568169779595,0.0,0.0,0.0,0.0,0.0,0.0,0.0,0.0,0.0,0.0,0.0,0.0,0.0,0.0,0.0,0.0,0.0,0.0,0.0,0.0,0.0,0.0,0.0,0.003922064690173645,0.003922064690173645
2018/09/08 12:00:00,2018/09/08 13:00:00,2018/09/08 17:00:00,1.5329253490158896,1.5329253490158896,0.0,0.0,0.7756069380265034,0.0,0.1849983996020602,0.03783465154061874,0.0,0.004049612358002795,0.25819048102071934,0.0,0.27224526646798536,0.0,0.0,0.0,0.0,0.0,0.0,0.0,0.0,0.0,0.0,0.0,0.0,0.0,0.0,0.0,0.0,0.0,0.0,0.0,0.0,0.0,0.0,0.0,0.005230554219410923,0.005230554219410923
2018/09/08 13:00:00,2018/09/08 14:00:00,2018/09/08 18:00:00,3.0197301819427205,3.0197301819427205,0.0,0.0,1.099681056426791,0.0,0.1831538331348946,0.037457412982453704,0.0,0.004009234824052993,0.26620885734512484,0.0,0.38049156678890667,0.0,0.0,0.0,0.0,1.0487282204404964,0.0,0.0,0.0,0.0,0.0,0.0,0.0,0.0,0.0,0.0,0.0,0.0,0.0,0.0,0.0,0.0,0.0,0.0,0.010303738831628705,0.010303738831628705
2018/09/08 14:00:00,2018/09/08 15:00:00,2018/09/08 19:00:00,2.4225730487482418,2.4225730487482418,0.0,0.0,1.2963750266832097,0.0,0.18302017057615164,0.03743007719822559,0.0,0.004006308952527337,0.2956372840816883,0.0,0.4437704762892686,0.0,0.0,0.0,0.0,0.16233370496717053,0.0,0.0,0.0,0.0,0.0,0.0,0.0,0.0,0.0,0.0,0.0,0.0,0.0,0.0,0.0,0.0,0.0,0.0,0.008266155746002965,0.008266155746002965
2018/09/08 15:00:00,2018/09/08 16:00:00,2018/09/08 20:00:00,2.58130033290094,2.58130033290094,0.0,0.0,1.5455177668942797,0.0,0.18349684026526766,0.037527562536620276,0.0,0.0040167432452989605,0.28373458382035643,0.0,0.5270068361391167,0.0,0.0,0.0,0.0,0.0,0.0,0.0,0.0,0.0,0.0,0.0,0.0,0.0,0.0,0.0,0.0,0.0,0.0,0.0,0.0,0.0,0.0,0.0,0.008807755287294083,0.008807755287294083
2018/09/08 16:00:00,2018/09/08 17:00:00,2018/09/08 21:00:00,2.8547480023683707,2.8547480023683707,0.0,0.0,1.668736597651991,0.0,0.18612867792959029,0.03806580860337172,0.0,0.004074354134650564,0.38388522406492354,0.0,0.5738573399838436,0.0,0.0,0.0,0.0,0.0,0.0,0.0,0.0,0.0,0.0,0.0,0.0,0.0,0.0,0.0,0.0,0.0,0.0,0.0,0.0,0.0,0.0,0.0,0.009740796718332567,0.009740796718332567
2018/09/08 17:00:00,2018/09/08 18:00:00,2018/09/08 22:00:00,2.9350181894610556,2.9350181894610556,0.0,0.0,1.6010736705164144,0.0,0.19696408002817453,0.04028179351775072,0.0,0.004311540933762028,0.5350858754207735,0.0,0.5573012290441801,0.0,0.0,0.0,0.0,0.0,0.0,0.0,0.0,0.0,0.0,0.0,0.0,0.0,0.0,0.0,0.0,0.0,0.0,0.0,0.0,0.0,0.0,0.0,0.010014689746496065,0.010014689746496065
2018/09/08 18:00:00,2018/09/08 19:00:00,2018/09/08 23:00:00,4.059337729150692,4.059337729150692,0.0,0.0,1.4247296394579188,0.0,0.22873324489695904,0.04677901341334135,0.0,0.005006967504655592,0.5513214305361466,0.0,0.504853036145635,0.0,0.0,0.0,0.0,1.2979143971960356,0.0,0.0,0.0,0.0,0.0,0.0,0.0,0.0,0.0,0.0,0.0,0.0,0.0,0.0,0.0,0.0,0.0,0.0,0.013851024187742762,0.013851024187742762
2018/09/08 19:00:00,2018/09/08 20:00:00,2018/09/09 00:00:00,3.970356821829639,3.970356821829639,0.0,0.0,1.0063303750722878,0.0,0.29344032222657884,0.060012477747325606,0.0,0.0064234045147482585,0.9147331025584201,0.0,0.370596268879425,0.0,0.0,0.0,0.0,1.3188208708308526,0.0,0.0,0.0,0.0,0.0,0.0,0.0,0.0,0.0,0.0,0.0,0.0,0.0,0.0,0.0,0.0,0.0,0.0,0.01354740897221127,0.01354740897221127
2018/09/08 20:00:00,2018/09/08 21:00:00,2018/09/09 01:00:00,2.220767835636982,2.220767835636982,0.0,0.0,0.6608069507560893,0.0,0.3798491860217515,0.07768424819908869,0.0,0.008314893324481805,0.49005820397958605,0.0,0.25223021234223764,0.0,0.0,0.0,0.0,0.35182414101374654,0.0,0.0,0.0,0.0,0.0,0.0,0.0,0.0,0.0,0.0,0.0,0.0,0.0,0.0,0.0,0.0,0.0,0.0,0.0075775683274337145,0.0075775683274337145
2018/09/08 21:00:00,2018/09/08 22:00:00,2018/09/09 02:00:00,1.5810637221458357,1.5810637221458357,0.0,0.0,0.4118805779633149,0.0,0.44204960907651225,0.0904050681468183,0.0,0.009676459707852593,0.4657559093404247,0.0,0.1612960979109129,0.0,0.0,0.0,0.0,0.0,0.0,0.0,0.0,0.0,0.0,0.0,0.0,0.0,0.0,0.0,0.0,0.0,0.0,0.0,0.0,0.0,0.0,0.0,0.005394809035114806,0.005394809035114806
2018/09/08 22:00:00,2018/09/08 23:00:00,2018/09/09 03:00:00,1.0744104360877502,1.0744104360877502,0.0,0.0,0.21257945485041918,0.0,0.3095070107337689,0.06329833082707534,0.0,0.006775104099560094,0.39843385714884805,0.0,0.08381667842807883,0.0,0.0,0.0,0.0,0.0,0.0,0.0,0.0,0.0,0.0,0.0,0.0,0.0,0.0,0.0,0.0,0.0,0.0,0.0,0.0,0.0,0.0,0.0,0.0036660376472120422,0.0036660376472120422
2018/09/08 23:00:00,2018/09/09 00:00:00,2018/09/09 04:00:00,0.583041713438206,0.583041713438206,0.0,0.0,0.05922561805950392,0.0,0.13094360677997474,0.026779722120023,0.0,0.002866353705536267,0.33988697256011713,0.0,0.02333944021305087,0.0,0.0,0.0,0.0,0.0,0.0,0.0,0.0,0.0,0.0,0.0,0.0,0.0,0.0,0.0,0.0,0.0,0.0,0.0,0.0,0.0,0.0,0.0,0.001989419312737303,0.001989419312737303
2018/09/09 00:00:00,2018/09/09 01:00:00,2018/09/09 05:00:00,0.38482883772309007,0.38482883772309007,0.0,0.0,0.0,0.0,0.06501908921459039,0.013297274945155983,0.0,0.0014232669458539432,0.3050892066174897,0.0,0.0,0.0,0.0,0.0,0.0,0.0,0.0,0.0,0.0,0.0,0.0,0.0,0.0,0.0,0.0,0.0,0.0,0.0,0.0,0.0,0.0,0.0,0.0,0.0,0.0013130894483516335,0.0013130894483516335
2018/09/09 01:00:00,2018/09/09 02:00:00,2018/09/09 06:00:00,0.3437822037850538,0.3437822037850538,0.003337043944771007,0.0,0.0,0.0,0.03901145352875434,0.00797836496709361,0.0,0.0008539601675123682,0.2926013811769224,0.0,0.0,0.0,0.0,0.0,0.0,0.0,0.0,0.0,0.0,0.0,0.0,0.0,0.0,0.0,0.0,0.0,0.0,0.0,0.0,0.0,0.0,0.0,0.0,0.0,0.001173032631837351,0.001173032631837351
2018/09/09 02:00:00,2018/09/09 03:00:00,2018/09/09 07:00:00,0.46530267941506037,0.46530267941506037,0.1708970417078848,0.0,0.0,0.0,0.026007635685836212,0.005318909978062404,0.0,0.0005693067783415784,0.2625097852649354,0.0,0.0,0.0,0.0,0.0,0.0,0.0,0.0,0.0,0.0,0.0,0.0,0.0,0.0,0.0,0.0,0.0,0.0,0.0,0.0,0.0,0.0,0.0,0.0,0.0,0.0015876773742962119,0.0015876773742962119
2018/09/09 03:00:00,2018/09/09 04:00:00,2018/09/09 08:00:00,0.7503571120736563,0.7503571120736563,0.46774133483461633,0.0,0.0,0.0,0.026007635685836212,0.005318909978062404,0.0,0.0005693067783415784,0.25071992479679983,0.0,0.0,0.0,0.0,0.0,0.0,0.0,0.0,0.0,0.0,0.0,0.0,0.0,0.0,0.0,0.0,0.0,0.0,0.0,0.0,0.0,0.0,0.0,0.0,0.0,0.0025603226935620167,0.0025603226935620167
2018/09/09 04:00:00,2018/09/09 05:00:00,2018/09/09 09:00:00,0.9289326195999401,0.9289326195999401,0.6586331022178784,0.0,0.0,0.0,0.027249552419694536,0.005572898590769679,0.0,0.0005964923181292811,0.23688057405346816,0.0,0.0,0.0,0.0,0.0,0.0,0.0,0.0,0.0,0.0,0.0,0.0,0.0,0.0,0.0,0.0,0.0,0.0,0.0,0.0,0.0,0.0,0.0,0.0,0.0,0.0031696471299898525,0.0031696471299898525
2018/09/09 05:00:00,2018/09/09 06:00:00,2018/09/09 10:00:00,1.064458103366711,1.064458103366711,0.719545314012317,0.0,0.0,0.0,0.07103552208494862,0.014527716082253228,0.0,0.0015549665765280758,0.25779458461066423,0.0,0.0,0.0,0.0,0.0,0.0,0.0,0.0,0.0,0.0,0.0,0.0,0.0,0.0,0.0,0.0,0.0,0.0,0.0,0.0,0.0,0.0,0.0,0.0,0.0,0.0036320789055548364,0.0036320789055548364
2018/09/09 06:00:00,2018/09/09 07:00:00,2018/09/09 11:00:00,1.621027394533766,1.621027394533766,0.6056420243754465,0.0,0.0,0.0,0.1667717967174164,0.03410706702965493,0.0,0.0036506322779327363,0.31514973276137404,0.0,0.0,0.0,0.0,0.0,0.0,0.49570614137194124,0.0,0.0,0.0,0.0,0.0,0.0,0.0,0.0,0.0,0.0,0.0,0.0,0.0,0.0,0.0,0.0,0.0,0.0,0.005531170636393068,0.005531170636393068
2018/09/09 07:00:00,2018/09/09 08:00:00,2018/09/09 12:00:00,2.0590452217883812,2.0590452217883812,0.17454907523476573,0.0,0.0,0.0,0.21104540955177992,0.043161614083227134,0.0,0.004619781038425436,0.36010528653425383,0.0,0.0,0.0,0.0,0.0,0.0,1.2655640553459293,0.0,0.0,0.0,0.0,0.0,0.0,0.0,0.0,0.0,0.0,0.0,0.0,0.0,0.0,0.0,0.0,0.0,0.0,0.007025748305158648,0.007025748305158648
2018/09/09 08:00:00,2018/09/09 09:00:00,2018/09/09 13:00:00,2.3714423357120467,2.3714423357120467,0.49561185480791975,0.0,0.0,0.0,0.21211882851794048,0.043381142644712725,0.0,0.004643278164454789,0.29686636074616646,0.0,0.0,0.0,0.0,0.0,0.0,1.3188208708308526,0.0,0.0,0.0,0.0,0.0,0.0,0.0,0.0,0.0,0.0,0.0,0.0,0.0,0.0,0.0,0.0,0.0,0.0,0.008091690650892724,0.008091690650892724
2018/09/09 09:00:00,2018/09/09 10:00:00,2018/09/09 14:00:00,2.1074138626781673,2.1074138626781673,0.2952301668418804,0.0,0.0,0.0,0.2062198728771374,0.04217472717515497,0.0,0.004514150108678676,0.24045407484446327,0.0,0.0,0.0,0.0,0.0,0.0,1.3188208708308526,0.0,0.0,0.0,0.0,0.0,0.0,0.0,0.0,0.0,0.0,0.0,0.0,0.0,0.0,0.0,0.0,0.0,0.0,0.007190788826444085,0.007190788826444085
2018/09/09 10:00:00,2018/09/09 11:00:00,2018/09/09 15:00:00,0.7451364081254848,0.7451364081254848,0.02412594274434743,0.0,0.0,0.0,0.19995148025023965,0.040892756891797895,0.0,0.004376935082487628,0.27140283443066526,0.0,0.0,0.0,0.0,0.0,0.0,0.2043864587259469,0.0,0.0,0.0,0.0,0.0,0.0,0.0,0.0,0.0,0.0,0.0,0.0,0.0,0.0,0.0,0.0,0.0,0.0,0.002542508926517239,0.002542508926517239
2018/09/09 11:00:00,2018/09/09 12:00:00,2018/09/09 16:00:00,1.2607786506002006,1.2607786506002006,0.0,0.0,0.0,0.0,0.19126679222895843,0.03911662182397593,0.0,0.004186827384193855,1.0262084091630723,0.0,0.0,0.0,0.0,0.0,0.0,0.0,0.0,0.0,0.0,0.0,0.0,0.0,0.0,0.0,0.0,0.0,0.0,0.0,0.0,0.0,0.0,0.0,0.0,0.0,0.004301951882310306,0.004301951882310306
2018/09/09 12:00:00,2018/09/09 13:00:00,2018/09/09 17:00:00,0.6535944273807444,0.6535944273807444,0.0,0.0,0.12385041806992547,0.0,0.1849983996020602,0.03783465154061874,0.0,0.004049612358002795,0.25819048102071934,0.0,0.04467086478941783,0.0,0.0,0.0,0.0,0.0,0.0,0.0,0.0,0.0,0.0,0.0,0.0,0.0,0.0,0.0,0.0,0.0,0.0,0.0,0.0,0.0,0.0,0.0,0.0022301549727222767,0.0022301549727222767
2018/09/09 13:00:00,2018/09/09 14:00:00,2018/09/09 18:00:00,1.4032294521825788,1.4032294521825788,0.0,0.0,0.3471574666817823,0.0,0.1831538331348946,0.037457412982453704,0.0,0.004009234824052993,0.26620885734512484,0.0,0.1227512731983161,0.0,0.0,0.0,0.0,0.4424913740159543,0.0,0.0,0.0,0.0,0.0,0.0,0.0,0.0,0.0,0.0,0.0,0.0,0.0,0.0,0.0,0.0,0.0,0.0,0.004788013804212448,0.004788013804212448
2018/09/09 14:00:00,2018/09/09 15:00:00,2018/09/09 19:00:00,1.2027292789916024,1.2027292789916024,0.0,0.0,0.5037493191426236,0.0,0.18302017057615164,0.03743007719822559,0.0,0.004006308952527337,0.2956372840816883,0.0,0.17888611904038595,0.0,0.0,0.0,0.0,0.0,0.0,0.0,0.0,0.0,0.0,0.0,0.0,0.0,0.0,0.0,0.0,0.0,0.0,0.0,0.0,0.0,0.0,0.0,0.004103879363125708,0.004103879363125708
2018/09/09 15:00:00,2018/09/09 16:00:00,2018/09/09 20:00:00,1.3435303539554742,1.3435303539554742,0.0,0.0,0.5913314357278577,0.0,0.18349684026526766,0.037527562536620276,0.0,0.0040167432452989605,0.3141807946938977,0.0,0.2129769774865317,0.0,0.0,0.0,0.0,0.0,0.0,0.0,0.0,0.0,0.0,0.0,0.0,0.0,0.0,0.0,0.0,0.0,0.0,0.0,0.0,0.0,0.0,0.0,0.004584312188652842,0.004584312188652842
2018/09/09 16:00:00,2018/09/09 17:00:00,2018/09/09 21:00:00,2.3004418472324515,2.3004418472324515,0.0,0.0,0.7380466667082649,0.0,0.18612867792959029,0.03806580860337172,0.0,0.004074354134650564,1.0702362291689236,0.0,0.2638901106876502,0.0,0.0,0.0,0.0,0.0,0.0,0.0,0.0,0.0,0.0,0.0,0.0,0.0,0.0,0.0,0.0,0.0,0.0,0.0,0.0,0.0,0.0,0.0,0.007849427121989898,0.007849427121989898
2018/09/09 17:00:00,2018/09/09 18:00:00,2018/09/09 22:00:00,2.066894433925686,2.066894433925686,0.0,0.0,0.9540072408749027,0.0,0.19696408002817453,0.04028179351775072,0.0,0.004311540933762028,0.5350858754207735,0.0,0.3362439031503225,0.0,0.0,0.0,0.0,0.0,0.0,0.0,0.0,0.0,0.0,0.0,0.0,0.0,0.0,0.0,0.0,0.0,0.0,0.0,0.0,0.0,0.0,0.0,0.0070525309072535175,0.0070525309072535175
2018/09/09 18:00:00,2018/09/09 19:00:00,2018/09/09 23:00:00,2.811533121093737,2.811533121093737,0.0,0.0,0.9560439720983019,0.0,0.22873324489695904,0.04677901341334135,0.0,0.005006967504655592,0.5513214305361466,0.0,0.34166401881743674,0.0,0.0,0.0,0.0,0.6819844738268959,0.0,0.0,0.0,0.0,0.0,0.0,0.0,0.0,0.0,0.0,0.0,0.0,0.0,0.0,0.0,0.0,0.0,0.0,0.00959334154072885,0.00959334154072885
2018/09/09 19:00:00,2018/09/09 20:00:00,2018/09/10 00:00:00,1.9321931194864368,1.9321931194864368,0.0,0.0,0.6505076819926762,0.0,0.29344032222657884,0.060012477747325606,0.0,0.0064234045147482585,0.5005084163794185,0.0,0.2437205829047364,0.0,0.0,0.0,0.0,0.1775802337209531,0.0,0.0,0.0,0.0,0.0,0.0,0.0,0.0,0.0,0.0,0.0,0.0,0.0,0.0,0.0,0.0,0.0,0.0,0.006592911311913973,0.006592911311913973
2018/09/09 20:00:00,2018/09/09 21:00:00,2018/09/10 01:00:00,1.5087934297480152,1.5087934297480152,0.0,0.0,0.3705994633012124,0.0,0.3798491860217515,0.07768424819908869,0.0,0.008314893324481805,0.5283498628525346,0.0,0.14399577604894623,0.0,0.0,0.0,0.0,0.0,0.0,0.0,0.0,0.0,0.0,0.0,0.0,0.0,0.0,0.0,0.0,0.0,0.0,0.0,0.0,0.0,0.0,0.0,0.005148212758862894,0.005148212758862894
2018/09/09 21:00:00,2018/09/09 22:00:00,2018/09/10 02:00:00,2.1133093642274083,2.1133093642274083,0.0,0.0,0.17432618092169347,0.0,0.44204960907651225,0.0904050681468183,0.0,0.009676459707852593,1.328967382968734,0.0,0.06788466340579719,0.0,0.0,0.0,0.0,0.0,0.0,0.0,0.0,0.0,0.0,0.0,0.0,0.0,0.0,0.0,0.0,0.0,0.0,0.0,0.0,0.0,0.0,0.0,0.007210905096635403,0.007210905096635403
2018/09/09 22:00:00,2018/09/09 23:00:00,2018/09/10 03:00:00,1.4477663460877208,1.4477663460877208,0.0,0.0,0.012490503225353248,0.0,0.3095070107337689,0.06329833082707534,0.0,0.006775104099560094,0.39843385714884805,0.0,0.004864200229313492,0.0,0.0,0.0,0.0,0.6523973398238017,0.0,0.0,0.0,0.0,0.0,0.0,0.0,0.0,0.0,0.0,0.0,0.0,0.0,0.0,0.0,0.0,0.0,0.0,0.004939979872543531,0.004939979872543531
2018/09/09 23:00:00,2018/09/10 00:00:00,2018/09/10 04:00:00,0.817921151561565,0.817921151561565,0.0,0.0,0.0,0.0,0.13094360677997474,0.026779722120023,0.0,0.002866353705536267,0.33988697256011713,0.0,0.0,0.0,0.0,0.0,0.0,0.3174444963959139,0.0,0.0,0.0,0.0,0.0,0.0,0.0,0.0,0.0,0.0,0.0,0.0,0.0,0.0,0.0,0.0,0.0,0.0,0.0027908605811707,0.0027908605811707
2018/09/10 00:00:00,2018/09/10 01:00:00,2018/09/10 05:00:00,1.0102749311180437,1.0102749311180437,0.46422653444551853,0.0,0.0,0.0,0.06501908921459039,0.013297274945155983,0.0,0.0014232669458539432,0.3050892066174897,0.0,0.0,0.0,0.0,0.0,0.0,0.16121955894943507,0.0,0.0,0.0,0.0,0.0,0.0,0.0,0.0,0.0,0.0,0.0,0.0,0.0,0.0,0.0,0.0,0.0,0.0,0.003447198395614624,0.003447198395614624
2018/09/10 01:00:00,2018/09/10 02:00:00,2018/09/10 06:00:00,1.3576723551817707,1.3576723551817707,1.0172271953414878,0.0,0.0,0.0,0.03901145352875434,0.00797836496709361,0.0,0.0008539601675123682,0.2926013811769224,0.0,0.0,0.0,0.0,0.0,0.0,0.0,0.0,0.0,0.0,0.0,0.0,0.0,0.0,0.0,0.0,0.0,0.0,0.0,0.0,0.0,0.0,0.0,0.0,0.0,0.004632566661209257,0.004632566661209257
2018/09/10 02:00:00,2018/09/10 03:00:00,2018/09/10 07:00:00,1.5550317444466664,1.5550317444466664,1.2606261067394908,0.0,0.0,0.0,0.026007635685836212,0.005318909978062404,0.0,0.0005693067783415784,0.2625097852649354,0.0,0.0,0.0,0.0,0.0,0.0,0.0,0.0,0.0,0.0,0.0,0.0,0.0,0.0,0.0,0.0,0.0,0.0,0.0,0.0,0.0,0.0,0.0,0.0,0.0,0.005305984311274591,0.005305984311274591
2018/09/10 03:00:00,2018/09/10 04:00:00,2018/09/10 08:00:00,1.8992266715371544,1.8992266715371544,1.6166108942981146,0.0,0.0,0.0,0.026007635685836212,0.005318909978062404,0.0,0.0005693067783415784,0.25071992479679983,0.0,0.0,0.0,0.0,0.0,0.0,0.0,0.0,0.0,0.0,0.0,0.0,0.0,0.0,0.0,0.0,0.0,0.0,0.0,0.0,0.0,0.0,0.0,0.0,0.0,0.006480425212358761,0.006480425212358761
2018/09/10 04:00:00,2018/09/10 05:00:00,2018/09/10 09:00:00,2.207465676987224,2.207465676987224,1.9371661596051624,0.0,0.0,0.0,0.027249552419694536,0.005572898590769679,0.0,0.0005964923181292811,0.23688057405346816,0.0,0.0,0.0,0.0,0.0,0.0,0.0,0.0,0.0,0.0,0.0,0.0,0.0,0.0,0.0,0.0,0.0,0.0,0.0,0.0,0.0,0.0,0.0,0.0,0.0,0.007532179514405452,0.007532179514405452
2018/09/10 05:00:00,2018/09/10 06:00:00,2018/09/10 10:00:00,2.570032212897074,2.570032212897074,2.2251194235426803,0.0,0.0,0.0,0.07103552208494862,0.014527716082253228,0.0,0.0015549665765280758,0.25779458461066423,0.0,0.0,0.0,0.0,0.0,0.0,0.0,0.0,0.0,0.0,0.0,0.0,0.0,0.0,0.0,0.0,0.0,0.0,0.0,0.0,0.0,0.0,0.0,0.0,0.0,0.008769306896660523,0.008769306896660523
2018/09/10 06:00:00,2018/09/10 07:00:00,2018/09/10 11:00:00,3.0297636416539024,3.0297636416539024,2.5100844128675246,0.0,0.0,0.0,0.1667717967174164,0.03410706702965493,0.0,0.0036506322779327363,0.31514973276137404,0.0,0.0,0.0,0.0,0.0,0.0,0.0,0.0,0.0,0.0,0.0,0.0,0.0,0.0,0.0,0.0,0.0,0.0,0.0,0.0,0.0,0.0,0.0,0.0,0.0,0.010337974389845093,0.010337974389845093
2018/09/10 07:00:00,2018/09/10 08:00:00,2018/09/10 12:00:00,3.521820570951897,3.521820570951897,2.4834868663130703,0.0,0.0,0.0,0.21104540955177992,0.043161614083227134,0.0,0.004619781038425436,0.36010528653425383,0.0,0.0,0.0,0.0,0.0,0.0,0.4194016134311402,0.0,0.0,0.0,0.0,0.0,0.0,0.0,0.0,0.0,0.0,0.0,0.0,0.0,0.0,0.0,0.0,0.0,0.0,0.0120169409809986,0.0120169409809986
2018/09/10 08:00:00,2018/09/10 09:00:00,2018/09/10 13:00:00,2.946265821077491,2.946265821077491,1.227185673470831,0.0,0.0,0.0,0.21211882851794048,0.043381142644712725,0.0,0.004643278164454789,0.3700265833719114,0.0,0.0,0.0,0.0,0.0,0.0,1.0889103149076402,0.0,0.0,0.0,0.0,0.0,0.0,0.0,0.0,0.0,0.0,0.0,0.0,0.0,0.0,0.0,0.0,0.0,0.0,0.010053068227905804,0.010053068227905804
2018/09/10 09:00:00,2018/09/10 10:00:00,2018/09/10 14:00:00,3.993709196431456,3.993709196431456,0.5159834212507378,0.0,0.0,0.0,0.2062198728771374,0.04217472717515497,0.0,0.004514150108678676,1.9059961541888941,0.0,0.0,0.0,0.0,0.0,0.0,1.3188208708308526,0.0,0.0,0.0,0.0,0.0,0.0,0.0,0.0,0.0,0.0,0.0,0.0,0.0,0.0,0.0,0.0,0.0,0.0,0.013627090518077294,0.013627090518077294
2018/09/10 10:00:00,2018/09/10 11:00:00,2018/09/10 15:00:00,2.1712253337954857,2.1712253337954857,0.0,0.0,0.0,0.0,0.19995148025023965,0.040892756891797895,0.0,0.004376935082487628,0.6071832907401078,0.0,0.0,0.0,0.0,0.0,0.0,1.3188208708308526,0.0,0.0,0.0,0.0,0.0,0.0,0.0,0.0,0.0,0.0,0.0,0.0,0.0,0.0,0.0,0.0,0.0,0.0,0.007408522429527746,0.007408522429527746
2018/09/10 11:00:00,2018/09/10 12:00:00,2018/09/10 16:00:00,1.9157474256660574,1.9157474256660574,0.0,0.0,0.004323536086955738,0.0,0.19126679222895843,0.03911662182397593,0.0,0.004186827384193855,0.35634925718399363,0.0,0.0016835201271270346,0.0,0.0,0.0,0.0,1.3188208708308526,0.0,0.0,0.0,0.0,0.0,0.0,0.0,0.0,0.0,0.0,0.0,0.0,0.0,0.0,0.0,0.0,0.0,0.0,0.006536796320235775,0.006536796320235775
2018/09/10 12:00:00,2018/09/10 13:00:00,2018/09/10 17:00:00,1.4797202560423797,1.4797202560423797,0.0,0.0,0.08611244440179995,0.0,0.1849983996020602,0.03783465154061874,0.0,0.004049612358002795,1.0945620652891763,0.0,0.033515175165603574,0.0,0.0,0.0,0.0,0.03864790768511802,0.0,0.0,0.0,0.0,0.0,0.0,0.0,0.0,0.0,0.0,0.0,0.0,0.0,0.0,0.0,0.0,0.0,0.0,0.0050490110518161,0.0050490110518161
2018/09/10 13:00:00,2018/09/10 14:00:00,2018/09/10 18:00:00,0.8233531467875506,0.8233531467875506,0.0,0.0,0.23997977554642794,0.0,0.1831538331348946,0.037457412982453704,0.0,0.004009234824052993,0.26620885734512484,0.0,0.09254403295459658,0.0,0.0,0.0,0.0,0.0,0.0,0.0,0.0,0.0,0.0,0.0,0.0,0.0,0.0,0.0,0.0,0.0,0.0,0.0,0.0,0.0,0.0,0.0,0.00280939530340446,0.00280939530340446
2018/09/10 14:00:00,2018/09/10 15:00:00,2018/09/10 19:00:00,1.1007740631174854,1.1007740631174854,0.0,0.0,0.4200969687016707,0.0,0.18302017057615164,0.03743007719822559,0.0,0.004006308952527337,0.2956372840816883,0.0,0.16058325360722164,0.0,0.0,0.0,0.0,0.0,0.0,0.0,0.0,0.0,0.0,0.0,0.0,0.0,0.0,0.0,0.0,0.0,0.0,0.0,0.0,0.0,0.0,0.0,0.0037559940046353727,0.0037559940046353727
2018/09/10 15:00:00,2018/09/10 16:00:00,2018/09/10 20:00:00,1.9353971061834419,1.9353971061834419,0.0,0.0,0.6063715549590795,0.0,0.18349684026526766,0.037527562536620276,0.0,0.0040167432452989605,0.28373458382035643,0.0,0.23054177407042778,0.0,0.0,0.0,0.0,0.5897080472863915,0.0,0.0,0.0,0.0,0.0,0.0,0.0,0.0,0.0,0.0,0.0,0.0,0.0,0.0,0.0,0.0,0.0,0.0,0.006603843759568855,0.006603843759568855
2018/09/10 16:00:00,2018/09/10 17:00:00,2018/09/10 21:00:00,1.637470214265432,1.637470214265432,0.0,0.0,0.7428612184807568,0.0,0.18612867792959029,0.03806580860337172,0.0,0.004074354134650564,0.38388522406492354,0.0,0.2824549310521391,0.0,0.0,0.0,0.0,0.0,0.0,0.0,0.0,0.0,0.0,0.0,0.0,0.0,0.0,0.0,0.0,0.0,0.0,0.0,0.0,0.0,0.0,0.0,0.005587275821281355,0.005587275821281355
2018/09/10 17:00:00,2018/09/10 18:00:00,2018/09/10 22:00:00,1.8879821330658328,1.8879821330658328,0.0,0.0,0.8046000273799601,0.0,0.19696408002817453,0.04028179351775072,0.0,0.004311540933762028,0.5350858754207735,0.0,0.3067388157854121,0.0,0.0,0.0,0.0,0.0,0.0,0.0,0.0,0.0,0.0,0.0,0.0,0.0,0.0,0.0,0.0,0.0,0.0,0.0,0.0,0.0,0.0,0.0,0.006442057285189798,0.006442057285189798
2018/09/10 18:00:00,2018/09/10 19:00:00,2018/09/10 23:00:00,1.8654293410116105,1.8654293410116105,0.0,0.0,0.7085350833913417,0.0,0.22873324489695904,0.04677901341334135,0.0,0.005006967504655592,0.5513214305361466,0.0,0.27327399651855555,0.0,0.0,0.0,0.0,0.051779604750610685,0.0,0.0,0.0,0.0,0.0,0.0,0.0,0.0,0.0,0.0,0.0,0.0,0.0,0.0,0.0,0.0,0.0,0.0,0.006365104026040916,0.006365104026040916
2018/09/10 19:00:00,2018/09/10 20:00:00,2018/09/11 00:00:00,2.853245755067344,2.853245755067344,0.0,0.0,0.4830763394310573,0.0,0.29344032222657884,0.060012477747325606,0.0,0.0064234045147482585,0.5005084163794185,0.0,0.1909639239373625,0.0,0.0,0.0,0.0,1.3188208708308526,0.0,0.0,0.0,0.0,0.0,0.0,0.0,0.0,0.0,0.0,0.0,0.0,0.0,0.0,0.0,0.0,0.0,0.0,0.009735670841874182,0.009735670841874182
2018/09/10 20:00:00,2018/09/10 21:00:00,2018/09/11 01:00:00,1.508291060265542,1.508291060265542,0.0,0.0,0.21751356695913468,0.0,0.3798491860217515,0.07768424819908869,0.0,0.008314893324481805,0.49005820397958605,0.0,0.0864787798160896,0.0,0.0,0.0,0.0,0.24839218196540974,0.0,0.0,0.0,0.0,0.0,0.0,0.0,0.0,0.0,0.0,0.0,0.0,0.0,0.0,0.0,0.0,0.0,0.0,0.005146498604407858,0.005146498604407858
2018/09/10 21:00:00,2018/09/10 22:00:00,2018/09/11 02:00:00,1.312018233764976,1.312018233764976,0.0,0.0,0.046325530632740634,0.0,0.44204960907651225,0.0904050681468183,0.0,0.009676459707852593,0.4657559093404247,0.0,0.01841223560465142,0.0,0.0,0.0,0.0,0.23939342125597607,0.0,0.0,0.0,0.0,0.0,0.0,0.0,0.0,0.0,0.0,0.0,0.0,0.0,0.0,0.0,0.0,0.0,0.0,0.004476788457421697,0.004476788457421697
2018/09/10 22:00:00,2018/09/10 23:00:00,2018/09/11 03:00:00,0.9717599561702325,0.9717599561702325,0.0,0.0,0.0,0.0,0.3095070107337689,0.06329833082707534,0.0,0.006775104099560094,0.39843385714884805,0.0,0.0,0.0,0.0,0.0,0.0,0.19374565336098007,0.0,0.0,0.0,0.0,0.0,0.0,0.0,0.0,0.0,0.0,0.0,0.0,0.0,0.0,0.0,0.0,0.0,0.0,0.003315779951231073,0.003315779951231073
2018/09/10 23:00:00,2018/09/11 00:00:00,2018/09/11 04:00:00,0.8030672421199175,0.8030672421199175,0.30259058695426644,0.0,0.0,0.0,0.13094360677997474,0.026779722120023,0.0,0.002866353705536267,0.33988697256011713,0.0,0.0,0.0,0.0,0.0,0.0,0.0,0.0,0.0,0.0,0.0,0.0,0.0,0.0,0.0,0.0,0.0,0.0,0.0,0.0,0.0,0.0,0.0,0.0,0.0,0.0027401769788970246,0.0027401769788970246
2018/09/11 00:00:00,2018/09/11 01:00:00,2018/09/11 05:00:00,1.5872359410703574,1.5872359410703574,1.2024071033472674,0.0,0.0,0.0,0.06501908921459039,0.013297274945155983,0.0,0.0014232669458539432,0.3050892066174897,0.0,0.0,0.0,0.0,0.0,0.0,0.0,0.0,0.0,0.0,0.0,0.0,0.0,0.0,0.0,0.0,0.0,0.0,0.0,0.0,0.0,0.0,0.0,0.0,0.0,0.0054158695034275724,0.0054158695034275724
2018/09/11 01:00:00,2018/09/11 02:00:00,2018/09/11 06:00:00,2.1685134239632746,2.1685134239632746,1.8280682641229917,0.0,0.0,0.0,0.03901145352875434,0.00797836496709361,0.0,0.0008539601675123682,0.2926013811769224,0.0,0.0,0.0,0.0,0.0,0.0,0.0,0.0,0.0,0.0,0.0,0.0,0.0,0.0,0.0,0.0,0.0,0.0,0.0,0.0,0.0,0.0,0.0,0.0,0.0,0.007399269016486699,0.007399269016486699
2018/09/11 02:00:00,2018/09/11 03:00:00,2018/09/11 07:00:00,2.3400076651166715,2.3400076651166715,2.0456020274094957,0.0,0.0,0.0,0.026007635685836212,0.005318909978062404,0.0,0.0005693067783415784,0.2625097852649354,0.0,0.0,0.0,0.0,0.0,0.0,0.0,0.0,0.0,0.0,0.0,0.0,0.0,0.0,0.0,0.0,0.0,0.0,0.0,0.0,0.0,0.0,0.0,0.0,0.0,0.00798443118843815,0.00798443118843815
2018/09/11 03:00:00,2018/09/11 04:00:00,2018/09/11 08:00:00,2.7608567551964183,2.7608567551964183,2.478240977957378,0.0,0.0,0.0,0.026007635685836212,0.005318909978062404,0.0,0.0005693067783415784,0.25071992479679983,0.0,0.0,0.0,0.0,0.0,0.0,0.0,0.0,0.0,0.0,0.0,0.0,0.0,0.0,0.0,0.0,0.0,0.0,0.0,0.0,0.0,0.0,0.0,0.0,0.0,0.009420426741166823,0.009420426741166823
2018/09/11 04:00:00,2018/09/11 05:00:00,2018/09/11 09:00:00,3.565205639851473,3.565205639851473,2.8789577923675655,0.0,0.0,0.0,0.027249552419694536,0.005572898590769679,0.0,0.0005964923181292811,0.23688057405346816,0.0,0.0,0.0,0.0,0.0,0.0,0.4159483301018458,0.0,0.0,0.0,0.0,0.0,0.0,0.0,0.0,0.0,0.0,0.0,0.0,0.0,0.0,0.0,0.0,0.0,0.0,0.012164976862418263,0.012164976862418263
2018/09/11 05:00:00,2018/09/11 06:00:00,2018/09/11 10:00:00,3.4667297494195513,3.4667297494195513,3.1218169600651575,0.0,0.0,0.0,0.07103552208494862,0.014527716082253228,0.0,0.0015549665765280758,0.25779458461066423,0.0,0.0,0.0,0.0,0.0,0.0,0.0,0.0,0.0,0.0,0.0,0.0,0.0,0.0,0.0,0.0,0.0,0.0,0.0,0.0,0.0,0.0,0.0,0.0,0.0,0.011828963445626891,0.011828963445626891
2018/09/11 06:00:00,2018/09/11 07:00:00,2018/09/11 11:00:00,3.8484425335754615,3.8484425335754615,3.3287633047890837,0.0,0.0,0.0,0.1667717967174164,0.03410706702965493,0.0,0.0036506322779327363,0.31514973276137404,0.0,0.0,0.0,0.0,0.0,0.0,0.0,0.0,0.0,0.0,0.0,0.0,0.0,0.0,0.0,0.0,0.0,0.0,0.0,0.0,0.0,0.0,0.0,0.0,0.0,0.01313142048637682,0.01313142048637682
2018/09/11 07:00:00,2018/09/11 08:00:00,2018/09/11 12:00:00,4.0472326753298535,4.0472326753298535,2.686402994384948,0.0,0.0,0.0,0.21104540955177992,0.043161614083227134,0.0,0.004619781038425436,0.4581626503500126,0.0,0.0,0.0,0.0,0.0,0.0,0.6438402259214602,0.0,0.0,0.0,0.0,0.0,0.0,0.0,0.0,0.0,0.0,0.0,0.0,0.0,0.0,0.0,0.0,0.0,0.0,0.013809720062672724,0.013809720062672724
2018/09/11 08:00:00,2018/09/11 09:00:00,2018/09/11 13:00:00,5.496294658222654,5.496294658222654,1.4099503471301515,0.0,0.0,0.0,0.21211882851794048,0.043381142644712725,0.0,0.004643278164454789,2.507380190934542,0.0,0.0,0.0,0.0,0.0,0.0,1.3188208708308526,0.0,0.0,0.0,0.0,0.0,0.0,0.0,0.0,0.0,0.0,0.0,0.0,0.0,0.0,0.0,0.0,0.0,0.0,0.01875412082796357,0.01875412082796357
2018/09/11 09:00:00,2018/09/11 10:00:00,2018/09/11 14:00:00,2.619016115776938,2.619016115776938,0.8068324199406511,0.0,0.0,0.0,0.2062198728771374,0.04217472717515497,0.0,0.004514150108678676,0.24045407484446327,0.0,0.0,0.0,0.0,0.0,0.0,1.3188208708308526,0.0,0.0,0.0,0.0,0.0,0.0,0.0,0.0,0.0,0.0,0.0,0.0,0.0,0.0,0.0,0.0,0.0,0.0,0.0089364467773181,0.0089364467773181
2018/09/11 10:00:00,2018/09/11 11:00:00,2018/09/11 15:00:00,1.7968176394004967,1.7968176394004967,0.12392772842753237,0.0,0.0,0.0,0.19995148025023965,0.040892756891797895,0.0,0.004376935082487628,0.23706579076249806,0.0,0.0,0.0,0.0,0.0,0.0,1.190602947985941,0.0,0.0,0.0,0.0,0.0,0.0,0.0,0.0,0.0,0.0,0.0,0.0,0.0,0.0,0.0,0.0,0.0,0.0,0.006130991369744008,0.006130991369744008
2018/09/11 11:00:00,2018/09/11 12:00:00,2018/09/11 16:00:00,0.48829314101828186,0.48829314101828186,0.0,0.0,0.0011383144663772837,0.0,0.19126679222895843,0.03911662182397593,0.0,0.004186827384193855,0.2521460954047706,0.0,0.00043848971000576774,0.0,0.0,0.0,0.0,0.0,0.0,0.0,0.0,0.0,0.0,0.0,0.0,0.0,0.0,0.0,0.0,0.0,0.0,0.0,0.0,0.0,0.0,0.0,0.0016661240227400745,0.0016661240227400745
2018/09/11 12:00:00,2018/09/11 13:00:00,2018/09/11 17:00:00,1.5187473834580438,1.5187473834580438,0.0,0.0,0.1329888126337952,0.0,0.1849983996020602,0.03783465154061874,0.0,0.004049612358002795,0.25819048102071934,0.0,0.050475390719362086,0.0,0.0,0.0,0.0,0.8502100355834852,0.0,0.0,0.0,0.0,0.0,0.0,0.0,0.0,0.0,0.0,0.0,0.0,0.0,0.0,0.0,0.0,0.0,0.0,0.005182177031559693,0.005182177031559693
2018/09/11 13:00:00,2018/09/11 14:00:00,2018/09/11 18:00:00,0.9395307694084445,0.9395307694084445,0.0,0.0,0.3268800633857352,0.0,0.1831538331348946,0.037457412982453704,0.0,0.004009234824052993,0.26620885734512484,0.0,0.12182136773618306,0.0,0.0,0.0,0.0,0.0,0.0,0.0,0.0,0.0,0.0,0.0,0.0,0.0,0.0,0.0,0.0,0.0,0.0,0.0,0.0,0.0,0.0,0.0,0.00320580948925569,0.00320580948925569
2018/09/11 14:00:00,2018/09/11 15:00:00,2018/09/11 19:00:00,1.259082016992964,1.259082016992964,0.0,0.0,0.5384021168672131,0.0,0.18302017057615164,0.03743007719822559,0.0,0.004006308952527337,0.2956372840816883,0.0,0.20058605931715778,0.0,0.0,0.0,0.0,0.0,0.0,0.0,0.0,0.0,0.0,0.0,0.0,0.0,0.0,0.0,0.0,0.0,0.0,0.0,0.0,0.0,0.0,0.0,0.004296162732774209,0.004296162732774209
2018/09/11 15:00:00,2018/09/11 16:00:00,2018/09/11 20:00:00,1.379286630195098,1.379286630195098,0.0,0.0,0.6344728954867725,0.0,0.18349684026526766,0.037527562536620276,0.0,0.0040167432452989605,0.28373458382035643,0.0,0.23603800484078213,0.0,0.0,0.0,0.0,0.0,0.0,0.0,0.0,0.0,0.0,0.0,0.0,0.0,0.0,0.0,0.0,0.0,0.0,0.0,0.0,0.0,0.0,0.0,0.004706317569851381,0.004706317569851381
2018/09/11 16:00:00,2018/09/11 17:00:00,2018/09/11 21:00:00,1.502328258332837,1.502328258332837,0.0,0.0,0.6494669870774571,0.0,0.18612867792959029,0.03806580860337172,0.0,0.004074354134650564,0.38388522406492354,0.0,0.24070720652284375,0.0,0.0,0.0,0.0,0.0,0.0,0.0,0.0,0.0,0.0,0.0,0.0,0.0,0.0,0.0,0.0,0.0,0.0,0.0,0.0,0.0,0.0,0.0,0.005126152695959906,0.005126152695959906
2018/09/11 17:00:00,2018/09/11 18:00:00,2018/09/11 22:00:00,1.6032964523747326,1.6032964523747326,0.0,0.0,0.6020606757056868,0.0,0.19696408002817453,0.04028179351775072,0.0,0.004311540933762028,0.5350858754207735,0.0,0.22459248676858512,0.0,0.0,0.0,0.0,0.0,0.0,0.0,0.0,0.0,0.0,0.0,0.0,0.0,0.0,0.0,0.0,0.0,0.0,0.0,0.0,0.0,0.0,0.0,0.0054706701988579964,0.0054706701988579964
2018/09/11 18:00:00,2018/09/11 19:00:00,2018/09/11 23:00:00,1.5537302624971197,1.5537302624971197,0.0,0.0,0.5229378032580791,0.0,0.22873324489695904,0.04677901341334135,0.0,0.005006967504655592,0.5513214305361466,0.0,0.19895180288793768,0.0,0.0,0.0,0.0,0.0,0.0,0.0,0.0,0.0,0.0,0.0,0.0,0.0,0.0,0.0,0.0,0.0,0.0,0.0,0.0,0.0,0.0,0.0,0.0053015434740824475,0.0053015434740824475
2018/09/11 19:00:00,2018/09/11 20:00:00,2018/09/12 00:00:00,3.0365944443379362,3.0365944443379362,0.0,0.0,0.47855387827121554,0.0,0.29344032222657884,0.060012477747325606,0.0,0.0064234045147482585,0.8349704706675662,0.0,0.18722111000747993,0.0,0.0,0.0,0.0,1.1759727809030223,0.0,0.0,0.0,0.0,0.0,0.0,0.0,0.0,0.0,0.0,0.0,0.0,0.0,0.0,0.0,0.0,0.0,0.0,0.01036128203742485,0.01036128203742485
2018/09/11 20:00:00,2018/09/11 21:00:00,2018/09/12 01:00:00,10.486249696762194,10.486249696762194,0.0,0.0,0.37141458484770956,0.0,0.3798491860217515,0.07768424819908869,0.0,0.008314893324481805,8.183132010114784,0.0,0.1470339034235244,0.0,0.0,0.0,0.0,1.3188208708308526,0.0,0.0,0.0,0.0,0.0,0.0,0.0,0.0,0.0,0.0,0.0,0.0,0.0,0.0,0.0,0.0,0.0,0.0,0.0357805405412651,0.0357805405412651
2018/09/11 21:00:00,2018/09/11 22:00:00,2018/09/12 02:00:00,6.30765803145499,6.30765803145499,0.0,0.0,0.3195064655079738,0.0,0.44204960907651225,0.0904050681468183,0.0,0.009676459707852593,4.00089833139563,0.0,0.1263012267893489,0.0,0.0,0.0,0.0,1.3188208708308526,0.0,0.0,0.0,0.0,0.0,0.0,0.0,0.0,0.0,0.0,0.0,0.0,0.0,0.0,0.0,0.0,0.0,0.0,0.02152260535857712,0.02152260535857712
2018/09/11 22:00:00,2018/09/11 23:00:00,2018/09/12 03:00:00,4.248682960717418,4.248682960717418,0.0,0.0,0.25142882127989824,0.0,0.3095070107337689,0.06329833082707534,0.0,0.006775104099560094,2.199627452118412,0.0,0.09922537082785074,0.0,0.0,0.0,0.0,1.3188208708308526,0.0,0.0,0.0,0.0,0.0,0.0,0.0,0.0,0.0,0.0,0.0,0.0,0.0,0.0,0.0,0.0,0.0,0.0,0.014497096418548055,0.014497096418548055
2018/09/11 23:00:00,2018/09/12 00:00:00,2018/09/12 04:00:00,1.8651582424248525,1.8651582424248525,0.0,0.0,0.0,0.0,0.13094360677997474,0.026779722120023,0.0,0.002866353705536267,0.385747688988466,0.0,0.0,0.0,0.0,0.0,0.0,1.3188208708308526,0.0,0.0,0.0,0.0,0.0,0.0,0.0,0.0,0.0,0.0,0.0,0.0,0.0,0.0,0.0,0.0,0.0,0.0,0.006364179000006378,0.006364179000006378
2018/09/12 00:00:00,2018/09/12 01:00:00,2018/09/12 05:00:00,1.7036497085539428,1.7036497085539428,0.0,0.0,0.0,0.0,0.06501908921459039,0.013297274945155983,0.0,0.0014232669458539432,0.3050892066174897,0.0,0.0,0.0,0.0,0.0,0.0,1.3188208708308526,0.0,0.0,0.0,0.0,0.0,0.0,0.0,0.0,0.0,0.0,0.0,0.0,0.0,0.0,0.0,0.0,0.0,0.0,0.005813089448351633,0.005813089448351633
2018/09/12 01:00:00,2018/09/12 02:00:00,2018/09/12 06:00:00,2.069103431064924,2.069103431064924,0.3267904810933782,0.0,0.0,0.0,0.03901145352875434,0.00797836496709361,0.0,0.0008539601675123682,0.3756483004773328,0.0,0.0,0.0,0.0,0.0,0.0,1.3188208708308526,0.0,0.0,0.0,0.0,0.0,0.0,0.0,0.0,0.0,0.0,0.0,0.0,0.0,0.0,0.0,0.0,0.0,0.0,0.007060068312329848,0.007060068312329848
2018/09/12 02:00:00,2018/09/12 03:00:00,2018/09/12 07:00:00,2.709817230635521,2.709817230635521,0.17157434673880445,0.0,0.0,0.0,0.026007635685836212,0.005318909978062404,0.0,0.0005693067783415784,2.2051022431309333,0.0,0.0,0.0,0.0,0.0,0.0,0.3012447883235431,0.0,0.0,0.0,0.0,0.0,0.0,0.0,0.0,0.0,0.0,0.0,0.0,0.0,0.0,0.0,0.0,0.0,0.0,0.009246272793800688,0.009246272793800688
2018/09/12 03:00:00,2018/09/12 04:00:00,2018/09/12 08:00:00,2.2114355783523325,2.2114355783523325,0.2652528503382224,0.0,0.0,0.0,0.026007635685836212,0.005318909978062404,0.0,0.0005693067783415784,1.91428687557187,0.0,0.0,0.0,0.0,0.0,0.0,0.0,0.0,0.0,0.0,0.0,0.0,0.0,0.0,0.0,0.0,0.0,0.0,0.0,0.0,0.0,0.0,0.0,0.0,0.0,0.007545725369296067,0.007545725369296067
2018/09/12 04:00:00,2018/09/12 05:00:00,2018/09/12 09:00:00,2.381006693946199,2.381006693946199,0.4159169560530585,0.0,0.0,0.0,0.027249552419694536,0.005572898590769679,0.0,0.0005964923181292811,1.931670794564547,0.0,0.0,0.0,0.0,0.0,0.0,0.0,0.0,0.0,0.0,0.0,0.0,0.0,0.0,0.0,0.0,0.0,0.0,0.0,0.0,0.0,0.0,0.0,0.0,0.0,0.008124325569709689,0.008124325569709689
2018/09/12 05:00:00,2018/09/12 06:00:00,2018/09/12 10:00:00,0.9463889727187124,0.9463889727187124,0.6014761833643183,0.0,0.0,0.0,0.07103552208494862,0.014527716082253228,0.0,0.0015549665765280758,0.25779458461066423,0.0,0.0,0.0,0.0,0.0,0.0,0.0,0.0,0.0,0.0,0.0,0.0,0.0,0.0,0.0,0.0,0.0,0.0,0.0,0.0,0.0,0.0,0.0,0.0,0.0,0.003229210631578197,0.003229210631578197
2018/09/12 06:00:00,2018/09/12 07:00:00,2018/09/12 11:00:00,1.4707319570809354,1.4707319570809354,0.549521496418832,0.0,0.0,0.0,0.1667717967174164,0.03410706702965493,0.0,0.0036506322779327363,0.31514973276137404,0.0,0.0,0.0,0.0,0.0,0.0,0.4015312318757253,0.0,0.0,0.0,0.0,0.0,0.0,0.0,0.0,0.0,0.0,0.0,0.0,0.0,0.0,0.0,0.0,0.0,0.0,0.005018341727254215,0.005018341727254215
2018/09/12 07:00:00,2018/09/12 08:00:00,2018/09/12 12:00:00,1.1610101420492114,1.1610101420492114,0.5420780508415252,0.0,0.0,0.0,0.21104540955177992,0.043161614083227134,0.0,0.004619781038425436,0.36010528653425383,0.0,0.0,0.0,0.0,0.0,0.0,0.0,0.0,0.0,0.0,0.0,0.0,0.0,0.0,0.0,0.0,0.0,0.0,0.0,0.0,0.0,0.0,0.0,0.0,0.0,0.003961527872947602,0.003961527872947602
2018/09/12 08:00:00,2018/09/12 09:00:00,2018/09/12 13:00:00,0.9680608420473391,0.9680608420473391,0.41105123197406473,0.0,0.0,0.0,0.21211882851794048,0.043381142644712725,0.0,0.004643278164454789,0.29686636074616646,0.0,0.0,0.0,0.0,0.0,0.0,0.0,0.0,0.0,0.0,0.0,0.0,0.0,0.0,0.0,0.0,0.0,0.0,0.0,0.0,0.0,0.0,0.0,0.0,0.0,0.00330315806002417,0.00330315806002417
2018/09/12 09:00:00,2018/09/12 10:00:00,2018/09/12 14:00:00,0.6214275180725296,0.6214275180725296,0.1280646930670954,0.0,0.0,0.0,0.2062198728771374,0.04217472717515497,0.0,0.004514150108678676,0.24045407484446327,0.0,0.0,0.0,0.0,0.0,0.0,0.0,0.0,0.0,0.0,0.0,0.0,0.0,0.0,0.0,0.0,0.0,0.0,0.0,0.0,0.0,0.0,0.0,0.0,0.0,0.0021203970100690367,0.0021203970100690367
2018/09/12 10:00:00,2018/09/12 11:00:00,2018/09/12 15:00:00,0.4822869629870232,0.4822869629870232,0.0,0.0,0.0,0.0,0.19995148025023965,0.040892756891797895,0.0,0.004376935082487628,0.23706579076249806,0.0,0.0,0.0,0.0,0.0,0.0,0.0,0.0,0.0,0.0,0.0,0.0,0.0,0.0,0.0,0.0,0.0,0.0,0.0,0.0,0.0,0.0,0.0,0.0,0.0,0.0016456301090187694,0.0016456301090187694
2018/09/12 11:00:00,2018/09/12 12:00:00,2018/09/12 16:00:00,1.0003860363964956,1.0003860363964956,0.0,0.0,0.07726699165440416,0.0,0.19126679222895843,0.03911662182397593,0.0,0.004186827384193855,0.2521460954047706,0.0,0.02892668627055577,0.0,0.0,0.0,0.0,0.40747602162963686,0.0,0.0,0.0,0.0,0.0,0.0,0.0,0.0,0.0,0.0,0.0,0.0,0.0,0.0,0.0,0.0,0.0,0.0,0.0034134561132234367,0.0034134561132234367
2018/09/12 12:00:00,2018/09/12 13:00:00,2018/09/12 17:00:00,1.8831701323339896,1.8831701323339896,0.0,0.0,0.05765619292009585,0.0,0.1849983996020602,0.03783465154061874,0.0,0.004049612358002795,0.25819048102071934,0.0,0.021619924061640126,0.0,0.0,0.0,0.0,1.3188208708308526,0.0,0.0,0.0,0.0,0.0,0.0,0.0,0.0,0.0,0.0,0.0,0.0,0.0,0.0,0.0,0.0,0.0,0.0,0.006425638070289405,0.006425638070289405
2018/09/12 13:00:00,2018/09/12 14:00:00,2018/09/12 18:00:00,0.8903387004455233,0.8903387004455233,0.0,0.0,0.144065396354278,0.0,0.1831538331348946,0.037457412982453704,0.0,0.004009234824052993,0.26620885734512484,0.0,0.054392972050926636,0.0,0.0,0.0,0.0,0.2010509937537925,0.0,0.0,0.0,0.0,0.0,0.0,0.0,0.0,0.0,0.0,0.0,0.0,0.0,0.0,0.0,0.0,0.0,0.0,0.0030379593170077436,0.0030379593170077436
2018/09/12 14:00:00,2018/09/12 15:00:00,2018/09/12 19:00:00,0.8128531265531936,0.8128531265531936,0.0,0.0,0.2121032134674509,0.0,0.18302017057615164,0.03743007719822559,0.0,0.004006308952527337,0.2956372840816883,0.0,0.08065607227714992,0.0,0.0,0.0,0.0,0.0,0.0,0.0,0.0,0.0,0.0,0.0,0.0,0.0,0.0,0.0,0.0,0.0,0.0,0.0,0.0,0.0,0.0,0.0,0.002773567775876147,0.002773567775876147
2018/09/12 15:00:00,2018/09/12 16:00:00,2018/09/12 20:00:00,0.948841648160439,0.948841648160439,0.0,0.0,0.2554054747933996,0.0,0.18349684026526766,0.037527562536620276,0.0,0.0040167432452989605,0.37050203793802905,0.0,0.0978929893818235,0.0,0.0,0.0,0.0,0.0,0.0,0.0,0.0,0.0,0.0,0.0,0.0,0.0,0.0,0.0,0.0,0.0,0.0,0.0,0.0,0.0,0.0,0.0,0.0032375795008703677,0.0032375795008703677
2018/09/12 16:00:00,2018/09/12 17:00:00,2018/09/12 21:00:00,3.584137970107876,3.584137970107876,0.0,0.0,0.31539452991528794,0.0,0.18612867792959029,0.03806580860337172,0.0,0.004074354134650564,2.489335845987811,0.0,0.12173035973884319,0.0,0.0,0.0,0.0,0.4294083937983213,0.0,0.0,0.0,0.0,0.0,0.0,0.0,0.0,0.0,0.0,0.0,0.0,0.0,0.0,0.0,0.0,0.0,0.0,0.012229576603018471,0.012229576603018471
2018/09/12 17:00:00,2018/09/12 18:00:00,2018/09/12 22:00:00,4.734579034603612,4.734579034603612,0.0,0.0,0.3507461797751777,0.0,0.19696408002817453,0.04028179351775072,0.0,0.004311540933762028,3.904057115684472,0.0,0.1357079734441298,0.0,0.0,0.0,0.0,0.10251035122014465,0.0,0.0,0.0,0.0,0.0,0.0,0.0,0.0,0.0,0.0,0.0,0.0,0.0,0.0,0.0,0.0,0.0,0.0,0.01615504131527263,0.01615504131527263
2018/09/12 18:00:00,2018/09/12 19:00:00,2018/09/12 23:00:00,1.1859590750387516,1.1859590750387516,0.0,0.0,0.2553278094066883,0.0,0.22873324489695904,0.04677901341334135,0.0,0.005006967504655592,0.5513214305361466,0.0,0.09879060928096074,0.0,0.0,0.0,0.0,0.0,0.0,0.0,0.0,0.0,0.0,0.0,0.0,0.0,0.0,0.0,0.0,0.0,0.0,0.0,0.0,0.0,0.0,0.0,0.004046657097799951,0.004046657097799951
2018/09/12 19:00:00,2018/09/12 20:00:00,2018/09/13 00:00:00,1.1284747114324727,1.1284747114324727,0.0,0.0,0.18930930793038261,0.0,0.29344032222657884,0.060012477747325606,0.0,0.0064234045147482585,0.5057812013940799,0.0,0.07350799761935747,0.0,0.0,0.0,0.0,0.0,0.0,0.0,0.0,0.0,0.0,0.0,0.0,0.0,0.0,0.0,0.0,0.0,0.0,0.0,0.0,0.0,0.0,0.0,0.0038505124644008086,0.0038505124644008086
2018/09/12 20:00:00,2018/09/12 21:00:00,2018/09/13 01:00:00,1.229810877479477,1.229810877479477,0.0,0.0,0.11160023434556782,0.0,0.3798491860217515,0.07768424819908869,0.0,0.008314893324481805,0.6089229556408596,0.0,0.04343935994772776,0.0,0.0,0.0,0.0,0.0,0.0,0.0,0.0,0.0,0.0,0.0,0.0,0.0,0.0,0.0,0.0,0.0,0.0,0.0,0.0,0.0,0.0,0.0,0.004196285538892898,0.004196285538892898
2018/09/12 21:00:00,2018/09/12 22:00:00,2018/09/13 02:00:00,1.0742075821192032,1.0742075821192032,0.0,0.0,0.047743666183877397,0.0,0.44204960907651225,0.0904050681468183,0.0,0.009676459707852593,0.4657559093404247,0.0,0.01857686966371805,0.0,0.0,0.0,0.0,0.0,0.0,0.0,0.0,0.0,0.0,0.0,0.0,0.0,0.0,0.0,0.0,0.0,0.0,0.0,0.0,0.0,0.0,0.0,0.0036653454812942505,0.0036653454812942505
2018/09/12 22:00:00,2018/09/12 23:00:00,2018/09/13 03:00:00,0.7797673821129022,0.7797673821129022,0.0,0.0,0.0012621478678070982,0.0,0.3095070107337689,0.06329833082707534,0.0,0.006775104099560094,0.39843385714884805,0.0,0.000490931435842661,0.0,0.0,0.0,0.0,0.0,0.0,0.0,0.0,0.0,0.0,0.0,0.0,0.0,0.0,0.0,0.0,0.0,0.0,0.0,0.0,0.0,0.0,0.0,0.002660674620122922,0.002660674620122922
2018/09/12 23:00:00,2018/09/13 00:00:00,2018/09/13 04:00:00,0.5004766551656511,0.5004766551656511,0.0,0.0,0.0,0.0,0.13094360677997474,0.026779722120023,0.0,0.002866353705536267,0.33988697256011713,0.0,0.0,0.0,0.0,0.0,0.0,0.0,0.0,0.0,0.0,0.0,0.0,0.0,0.0,0.0,0.0,0.0,0.0,0.0,0.0,0.0,0.0,0.0,0.0,0.0,0.0017076958653426423,0.0017076958653426423
2018/09/13 00:00:00,2018/09/13 01:00:00,2018/09/13 05:00:00,1.4186700912743149,1.4186700912743149,0.0,0.0,0.0,0.0,0.06501908921459039,0.013297274945155983,0.0,0.0014232669458539432,1.3389304601687144,0.0,0.0,0.0,0.0,0.0,0.0,0.0,0.0,0.0,0.0,0.0,0.0,0.0,0.0,0.0,0.0,0.0,0.0,0.0,0.0,0.0,0.0,0.0,0.0,0.0,0.0048406994095509795,0.0048406994095509795
2018/09/13 01:00:00,2018/09/13 02:00:00,2018/09/13 06:00:00,0.34044515984028273,0.34044515984028273,0.0,0.0,0.0,0.0,0.03901145352875434,0.00797836496709361,0.0,0.0008539601675123682,0.2926013811769224,0.0,0.0,0.0,0.0,0.0,0.0,0.0,0.0,0.0,0.0,0.0,0.0,0.0,0.0,0.0,0.0,0.0,0.0,0.0,0.0,0.0,0.0,0.0,0.0,0.0,0.001161646174370986,0.001161646174370986
2018/09/13 02:00:00,2018/09/13 03:00:00,2018/09/13 07:00:00,0.29440563770717565,0.29440563770717565,0.0,0.0,0.0,0.0,0.026007635685836212,0.005318909978062404,0.0,0.0005693067783415784,0.2625097852649354,0.0,0.0,0.0,0.0,0.0,0.0,0.0,0.0,0.0,0.0,0.0,0.0,0.0,0.0,0.0,0.0,0.0,0.0,0.0,0.0,0.0,0.0,0.0,0.0,0.0,0.0010045529298058915,0.0010045529298058915
2018/09/13 03:00:00,2018/09/13 04:00:00,2018/09/13 08:00:00,0.4646137962607651,0.4646137962607651,0.0,0.0,0.0,0.0,0.026007635685836212,0.005318909978062404,0.0,0.0005693067783415784,0.25071992479679983,0.0,0.0,0.0,0.0,0.0,0.0,0.18199801902172505,0.0,0.0,0.0,0.0,0.0,0.0,0.0,0.0,0.0,0.0,0.0,0.0,0.0,0.0,0.0,0.0,0.0,0.0,0.0015853268092855322,0.0015853268092855322
2018/09/13 04:00:00,2018/09/13 05:00:00,2018/09/13 09:00:00,0.4897533162324557,0.4897533162324557,0.0,0.0,0.0,0.0,0.027249552419694536,0.005572898590769679,0.0,0.0005964923181292811,0.23688057405346816,0.0,0.0,0.0,0.0,0.0,0.0,0.21945379885039407,0.0,0.0,0.0,0.0,0.0,0.0,0.0,0.0,0.0,0.0,0.0,0.0,0.0,0.0,0.0,0.0,0.0,0.0,0.001671106343394162,0.001671106343394162
2018/09/13 05:00:00,2018/09/13 06:00:00,2018/09/13 10:00:00,0.3449127893543942,0.3449127893543942,0.0,0.0,0.0,0.0,0.07103552208494862,0.014527716082253228,0.0,0.0015549665765280758,0.25779458461066423,0.0,0.0,0.0,0.0,0.0,0.0,0.0,0.0,0.0,0.0,0.0,0.0,0.0,0.0,0.0,0.0,0.0,0.0,0.0,0.0,0.0,0.0,0.0,0.0,0.0,0.0011768903468421389,0.0011768903468421389
2018/09/13 06:00:00,2018/09/13 07:00:00,2018/09/13 11:00:00,0.5196792287863781,0.5196792287863781,0.0,0.0,0.0,0.0,0.1667717967174164,0.03410706702965493,0.0,0.0036506322779327363,0.31514973276137404,0.0,0.0,0.0,0.0,0.0,0.0,0.0,0.0,0.0,0.0,0.0,0.0,0.0,0.0,0.0,0.0,0.0,0.0,0.0,0.0,0.0,0.0,0.0,0.0,0.0,0.0017732177138396503,0.0017732177138396503
2018/09/13 07:00:00,2018/09/13 08:00:00,2018/09/13 12:00:00,1.0506018198953966,1.0506018198953966,0.0,0.0,0.049472994725991454,0.0,0.21104540955177992,0.043161614083227134,0.0,0.004619781038425436,0.36010528653425383,0.0,0.019013822530969244,0.0,0.0,0.0,0.0,0.3631829114307497,0.0,0.0,0.0,0.0,0.0,0.0,0.0,0.0,0.0,0.0,0.0,0.0,0.0,0.0,0.0,0.0,0.0,0.0,0.0035847993416655934,0.0035847993416655934
2018/09/13 08:00:00,2018/09/13 09:00:00,2018/09/13 13:00:00,1.8758304809041273,1.8758304809041273,0.0,0.0,0.0,0.0,0.21211882851794048,0.043381142644712725,0.0,0.004643278164454789,0.29686636074616646,0.0,0.0,0.0,0.0,0.0,0.0,1.3188208708308526,0.0,0.0,0.0,0.0,0.0,0.0,0.0,0.0,0.0,0.0,0.0,0.0,0.0,0.0,0.0,0.0,0.0,0.0,0.006400594160108053,0.006400594160108053
2018/09/13 09:00:00,2018/09/13 10:00:00,2018/09/13 14:00:00,1.8121836958362871,1.8121836958362871,0.0,0.0,0.0,0.0,0.2062198728771374,0.04217472717515497,0.0,0.004514150108678676,0.24045407484446327,0.0,0.0,0.0,0.0,0.0,0.0,1.3188208708308526,0.0,0.0,0.0,0.0,0.0,0.0,0.0,0.0,0.0,0.0,0.0,0.0,0.0,0.0,0.0,0.0,0.0,0.0,0.006183422488700667,0.006183422488700667
2018/09/13 10:00:00,2018/09/13 11:00:00,2018/09/13 15:00:00,0.8230364680127811,0.8230364680127811,0.0,0.0,0.0,0.0,0.19995148025023965,0.040892756891797895,0.0,0.004376935082487628,0.23706579076249806,0.0,0.0,0.0,0.0,0.0,0.0,0.34074950502575785,0.0,0.0,0.0,0.0,0.0,0.0,0.0,0.0,0.0,0.0,0.0,0.0,0.0,0.0,0.0,0.0,0.0,0.0,0.002808314751437183,0.002808314751437183
2018/09/13 11:00:00,2018/09/13 12:00:00,2018/09/13 16:00:00,0.569059695917523,0.569059695917523,0.0,0.0,0.06035531675955773,0.0,0.19126679222895843,0.03911662182397593,0.0,0.004186827384193855,0.2521460954047706,0.0,0.02198804231606646,0.0,0.0,0.0,0.0,0.0,0.0,0.0,0.0,0.0,0.0,0.0,0.0,0.0,0.0,0.0,0.0,0.0,0.0,0.0,0.0,0.0,0.0,0.0,0.0019417107268067256,0.0019417107268067256
2018/09/13 12:00:00,2018/09/13 13:00:00,2018/09/13 17:00:00,0.7016370046181226,0.7016370046181226,0.0,0.0,0.15867017075038856,0.0,0.1849983996020602,0.03783465154061874,0.0,0.004049612358002795,0.25819048102071934,0.0,0.0578936893463329,0.0,0.0,0.0,0.0,0.0,0.0,0.0,0.0,0.0,0.0,0.0,0.0,0.0,0.0,0.0,0.0,0.0,0.0,0.0,0.0,0.0,0.0,0.0,0.0023940829195343424,0.0023940829195343424
2018/09/13 13:00:00,2018/09/13 14:00:00,2018/09/13 18:00:00,0.8162039341810374,0.8162039341810374,0.0,0.0,0.23754811471936665,0.0,0.1831538331348946,0.037457412982453704,0.0,0.004009234824052993,0.26620885734512484,0.0,0.08782648117514467,0.0,0.0,0.0,0.0,0.0,0.0,0.0,0.0,0.0,0.0,0.0,0.0,0.0,0.0,0.0,0.0,0.0,0.0,0.0,0.0,0.0,0.0,0.0,0.0027850011969409788,0.0027850011969409788
2018/09/13 14:00:00,2018/09/13 15:00:00,2018/09/13 19:00:00,1.089480681268785,1.089480681268785,0.0,0.0,0.38147689340852436,0.0,0.18302017057615164,0.03743007719822559,0.0,0.004006308952527337,0.3430287783537689,0.0,0.14051845277958697,0.0,0.0,0.0,0.0,0.0,0.0,0.0,0.0,0.0,0.0,0.0,0.0,0.0,0.0,0.0,0.0,0.0,0.0,0.0,0.0,0.0,0.0,0.0,0.0037174594170782805,0.0037174594170782805
2018/09/13 15:00:00,2018/09/13 16:00:00,2018/09/13 20:00:00,2.345174262983754,2.345174262983754,0.0,0.0,0.5516499240350315,0.0,0.18349684026526766,0.037527562536620276,0.0,0.0040167432452989605,1.3676688585304235,0.0,0.20081433437111218,0.0,0.0,0.0,0.0,0.0,0.0,0.0,0.0,0.0,0.0,0.0,0.0,0.0,0.0,0.0,0.0,0.0,0.0,0.0,0.0,0.0,0.0,0.0,0.008002060338018733,0.008002060338018733
2018/09/13 16:00:00,2018/09/13 17:00:00,2018/09/13 21:00:00,2.0396936673167714,2.0396936673167714,0.0,0.0,0.7945301466719599,0.0,0.18612867792959029,0.03806580860337172,0.0,0.004074354134650564,0.7352097424206989,0.0,0.28168493755650015,0.0,0.0,0.0,0.0,0.0,0.0,0.0,0.0,0.0,0.0,0.0,0.0,0.0,0.0,0.0,0.0,0.0,0.0,0.0,0.0,0.0,0.0,0.0,0.006959718113304479,0.006959718113304479
2018/09/13 17:00:00,2018/09/13 18:00:00,2018/09/13 22:00:00,2.235166442461573,2.235166442461573,0.0,0.0,0.9697893257508106,0.0,0.19696408002817453,0.04028179351775072,0.0,0.004311540933762028,0.5350858754207735,0.0,0.3387463644182352,0.0,0.0,0.0,0.0,0.1499874623920666,0.0,0.0,0.0,0.0,0.0,0.0,0.0,0.0,0.0,0.0,0.0,0.0,0.0,0.0,0.0,0.0,0.0,0.0,0.007626698373934905,0.007626698373934905
2018/09/13 18:00:00,2018/09/13 19:00:00,2018/09/13 23:00:00,2.8741949680419094,2.8741949680419094,0.0,0.0,1.0073678630311698,0.0,0.22873324489695904,0.04677901341334135,0.0,0.005006967504655592,0.5513214305361466,0.0,0.3585500820512263,0.0,0.0,0.0,0.0,0.6764363666084107,0.0,0.0,0.0,0.0,0.0,0.0,0.0,0.0,0.0,0.0,0.0,0.0,0.0,0.0,0.0,0.0,0.0,0.0,0.009807152466460661,0.009807152466460661
2018/09/13 19:00:00,2018/09/13 20:00:00,2018/09/14 00:00:00,3.3067352481138976,3.3067352481138976,0.0,0.0,0.8266223937626653,0.0,0.29344032222657884,0.060012477747325606,0.0,0.0064234045147482585,0.5005084163794185,0.0,0.3009073626523082,0.0,0.0,0.0,0.0,1.3188208708308526,0.0,0.0,0.0,0.0,0.0,0.0,0.0,0.0,0.0,0.0,0.0,0.0,0.0,0.0,0.0,0.0,0.0,0.0,0.011283039983389097,0.011283039983389097
2018/09/13 20:00:00,2018/09/13 21:00:00,2018/09/14 01:00:00,3.042945855432587,3.042945855432587,0.0,0.0,0.5611875767552531,0.0,0.3798491860217515,0.07768424819908869,0.0,0.008314893324481805,0.49005820397958605,0.0,0.20703087632157308,0.0,0.0,0.0,0.0,1.3188208708308526,0.0,0.0,0.0,0.0,0.0,0.0,0.0,0.0,0.0,0.0,0.0,0.0,0.0,0.0,0.0,0.0,0.0,0.0,0.010382953934312503,0.010382953934312503
2018/09/13 21:00:00,2018/09/13 22:00:00,2018/09/14 02:00:00,2.5693135625359034,2.5693135625359034,0.0,0.0,0.43190781708274584,0.0,0.44204960907651225,0.0904050681468183,0.0,0.009676459707852593,0.4657559093404247,0.0,0.16140435523611016,0.0,0.0,0.0,0.0,0.9681143439454399,0.0,0.0,0.0,0.0,0.0,0.0,0.0,0.0,0.0,0.0,0.0,0.0,0.0,0.0,0.0,0.0,0.0,0.0,0.008766854761805219,0.008766854761805219
2018/09/13 22:00:00,2018/09/13 23:00:00,2018/09/14 03:00:00,1.181382194931047,1.181382194931047,0.0,0.0,0.2930592317948757,0.0,0.3095070107337689,0.06329833082707534,0.0,0.006775104099560094,0.39843385714884805,0.0,0.110308660326919,0.0,0.0,0.0,0.0,0.0,0.0,0.0,0.0,0.0,0.0,0.0,0.0,0.0,0.0,0.0,0.0,0.0,0.0,0.0,0.0,0.0,0.0,0.0,0.004031040147128177,0.004031040147128177
2018/09/13 23:00:00,2018/09/14 00:00:00,2018/09/14 04:00:00,0.736835621951185,0.736835621951185,0.0,0.0,0.17172162030952534,0.0,0.13094360677997474,0.026779722120023,0.0,0.002866353705536267,0.33988697256011713,0.0,0.0646373464760086,0.0,0.0,0.0,0.0,0.0,0.0,0.0,0.0,0.0,0.0,0.0,0.0,0.0,0.0,0.0,0.0,0.0,0.0,0.0,0.0,0.0,0.0,0.0,0.0025141854910829663,0.0025141854910829663
2018/09/14 00:00:00,2018/09/14 01:00:00,2018/09/14 05:00:00,0.4805138249264849,0.4805138249264849,0.0,0.0,0.069524005225725,0.0,0.06501908921459039,0.013297274945155983,0.0,0.0014232669458539432,0.3050892066174897,0.0,0.026160981977669914,0.0,0.0,0.0,0.0,0.0,0.0,0.0,0.0,0.0,0.0,0.0,0.0,0.0,0.0,0.0,0.0,0.0,0.0,0.0,0.0,0.0,0.0,0.0,0.0016395799156612777,0.0016395799156612777
2018/09/14 01:00:00,2018/09/14 02:00:00,2018/09/14 06:00:00,0.3654165719578744,0.3654165719578744,0.0,0.0,0.0181328482189479,0.0,0.03901145352875434,0.00797836496709361,0.0,0.0008539601675123682,0.2926013811769224,0.0,0.006838563898643749,0.0,0.0,0.0,0.0,0.0,0.0,0.0,0.0,0.0,0.0,0.0,0.0,0.0,0.0,0.0,0.0,0.0,0.0,0.0,0.0,0.0,0.0,0.0,0.0012468521011306747,0.0012468521011306747
2018/09/14 02:00:00,2018/09/14 03:00:00,2018/09/14 07:00:00,0.31002964004015454,0.31002964004015454,0.0,0.0,0.011333162757533106,0.0,0.026007635685836212,0.005318909978062404,0.0,0.0005693067783415784,0.2625097852649354,0.0,0.0042908395754457755,0.0,0.0,0.0,0.0,0.0,0.0,0.0,0.0,0.0,0.0,0.0,0.0,0.0,0.0,0.0,0.0,0.0,0.0,0.0,0.0,0.0,0.0,0.0,0.001057864195993324,0.001057864195993324
2018/09/14 03:00:00,2018/09/14 04:00:00,2018/09/14 08:00:00,0.28261577723904,0.28261577723904,0.0,0.0,0.0,0.0,0.026007635685836212,0.005318909978062404,0.0,0.0005693067783415784,0.25071992479679983,0.0,0.0,0.0,0.0,0.0,0.0,0.0,0.0,0.0,0.0,0.0,0.0,0.0,0.0,0.0,0.0,0.0,0.0,0.0,0.0,0.0,0.0,0.0,0.0,0.0,0.00096432428823671,0.00096432428823671
2018/09/14 04:00:00,2018/09/14 05:00:00,2018/09/14 09:00:00,0.27029951738206165,0.27029951738206165,0.0,0.0,0.0,0.0,0.027249552419694536,0.005572898590769679,0.0,0.0005964923181292811,0.23688057405346816,0.0,0.0,0.0,0.0,0.0,0.0,0.0,0.0,0.0,0.0,0.0,0.0,0.0,0.0,0.0,0.0,0.0,0.0,0.0,0.0,0.0,0.0,0.0,0.0,0.0,0.0009222994988341232,0.0009222994988341232
2018/09/14 05:00:00,2018/09/14 06:00:00,2018/09/14 10:00:00,0.3449127893543942,0.3449127893543942,0.0,0.0,0.0,0.0,0.07103552208494862,0.014527716082253228,0.0,0.0015549665765280758,0.25779458461066423,0.0,0.0,0.0,0.0,0.0,0.0,0.0,0.0,0.0,0.0,0.0,0.0,0.0,0.0,0.0,0.0,0.0,0.0,0.0,0.0,0.0,0.0,0.0,0.0,0.0,0.0011768903468421389,0.0011768903468421389
2018/09/14 06:00:00,2018/09/14 07:00:00,2018/09/14 11:00:00,2.0344876644377052,2.0344876644377052,0.0,0.0,0.17208335639279568,0.0,0.1667717967174164,0.03410706702965493,0.0,0.0036506322779327363,0.31514973276137404,0.0,0.0661176910130518,0.0,0.0,0.0,0.0,1.2766073882454796,0.0,0.0,0.0,0.0,0.0,0.0,0.0,0.0,0.0,0.0,0.0,0.0,0.0,0.0,0.0,0.0,0.0,0.0,0.006941954508349516,0.006941954508349516
2018/09/14 07:00:00,2018/09/14 08:00:00,2018/09/14 12:00:00,1.937752962038539,1.937752962038539,0.0,0.0,0.0,0.0,0.21104540955177992,0.043161614083227134,0.0,0.004619781038425436,0.36010528653425383,0.0,0.0,0.0,0.0,0.0,0.0,1.3188208708308526,0.0,0.0,0.0,0.0,0.0,0.0,0.0,0.0,0.0,0.0,0.0,0.0,0.0,0.0,0.0,0.0,0.0,0.0,0.006611882266982874,0.006611882266982874
2018/09/14 08:00:00,2018/09/14 09:00:00,2018/09/14 13:00:00,1.8941184583874087,1.8941184583874087,0.0,0.0,0.013298175856314823,0.0,0.21211882851794048,0.043381142644712725,0.0,0.004643278164454789,0.29686636074616646,0.0,0.004989801626966577,0.0,0.0,0.0,0.0,1.3188208708308526,0.0,0.0,0.0,0.0,0.0,0.0,0.0,0.0,0.0,0.0,0.0,0.0,0.0,0.0,0.0,0.0,0.0,0.0,0.006462995279543568,0.006462995279543568
2018/09/14 09:00:00,2018/09/14 10:00:00,2018/09/14 14:00:00,1.895515708249126,1.895515708249126,0.0,0.0,0.13519510282263367,0.0,0.2062198728771374,0.04217472717515497,0.0,0.004514150108678676,0.24045407484446327,0.0,0.05012245976637739,0.0,0.0,0.0,0.0,1.2168353206546807,0.0,0.0,0.0,0.0,0.0,0.0,0.0,0.0,0.0,0.0,0.0,0.0,0.0,0.0,0.0,0.0,0.0,0.0,0.0064677628901545275,0.0064677628901545275
2018/09/14 10:00:00,2018/09/14 11:00:00,2018/09/14 15:00:00,0.7958111839094274,0.7958111839094274,0.0,0.0,0.22970732057098847,0.0,0.19995148025023965,0.040892756891797895,0.0,0.004376935082487628,0.23706579076249806,0.0,0.0838169003514156,0.0,0.0,0.0,0.0,0.0,0.0,0.0,0.0,0.0,0.0,0.0,0.0,0.0,0.0,0.0,0.0,0.0,0.0,0.0,0.0,0.0,0.0,0.0,0.002715418300391554,0.002715418300391554
2018/09/14 11:00:00,2018/09/14 12:00:00,2018/09/14 16:00:00,1.415602439681052,1.415602439681052,0.0,0.0,0.42377897648284935,0.0,0.19126679222895843,0.03911662182397593,0.0,0.004186827384193855,0.2521460954047706,0.0,0.1536568995035849,0.0,0.0,0.0,0.0,0.3514502268527188,0.0,0.0,0.0,0.0,0.0,0.0,0.0,0.0,0.0,0.0,0.0,0.0,0.0,0.0,0.0,0.0,0.0,0.0,0.004830232156207479,0.004830232156207479
2018/09/14 12:00:00,2018/09/14 13:00:00,2018/09/14 17:00:00,2.1580047231172603,2.1580047231172603,0.0,0.0,0.5741698025489202,0.0,0.1849983996020602,0.03783465154061874,0.0,0.004049612358002795,0.25819048102071934,0.0,0.20598909765882265,0.0,0.0,0.0,0.0,0.8927726783881166,0.0,0.0,0.0,0.0,0.0,0.0,0.0,0.0,0.0,0.0,0.0,0.0,0.0,0.0,0.0,0.0,0.0,0.0,0.007363411869505646,0.007363411869505646
2018/09/14 13:00:00,2018/09/14 14:00:00,2018/09/14 18:00:00,1.4119669214043542,1.4119669214043542,0.0,0.0,0.6780559479622804,0.0,0.1831538331348946,0.037457412982453704,0.0,0.004009234824052993,0.26620885734512484,0.0,0.24308163515554795,0.0,0.0,0.0,0.0,0.0,0.0,0.0,0.0,0.0,0.0,0.0,0.0,0.0,0.0,0.0,0.0,0.0,0.0,0.0,0.0,0.0,0.0,0.0,0.004817827262861475,0.004817827262861475
2018/09/14 14:00:00,2018/09/14 15:00:00,2018/09/14 19:00:00,2.46211441344626,2.46211441344626,0.0,0.0,0.8249761940143846,0.0,0.18302017057615164,0.03743007719822559,0.0,0.004006308952527337,0.6547996514717686,0.0,0.2938635671003362,0.0,0.0,0.0,0.0,0.46401844413286597,0.0,0.0,0.0,0.0,0.0,0.0,0.0,0.0,0.0,0.0,0.0,0.0,0.0,0.0,0.0,0.0,0.0,0.0,0.008401076374783267,0.008401076374783267
2018/09/14 15:00:00,2018/09/14 16:00:00,2018/09/14 20:00:00,1.7282285168720808,1.7282285168720808,0.0,0.0,0.8996032976101079,0.0,0.18349684026526766,0.037527562536620276,0.0,0.0040167432452989605,0.28373458382035643,0.0,0.3198494893944295,0.0,0.0,0.0,0.0,0.0,0.0,0.0,0.0,0.0,0.0,0.0,0.0,0.0,0.0,0.0,0.0,0.0,0.0,0.0,0.0,0.0,0.0,0.0,0.005896955756413577,0.005896955756413577
2018/09/14 16:00:00,2018/09/14 17:00:00,2018/09/14 21:00:00,1.749212024997173,1.749212024997173,0.0,0.0,0.8319887288677443,0.0,0.18612867792959029,0.03806580860337172,0.0,0.004074354134650564,0.38388522406492354,0.0,0.3050692313968926,0.0,0.0,0.0,0.0,0.0,0.0,0.0,0.0,0.0,0.0,0.0,0.0,0.0,0.0,0.0,0.0,0.0,0.0,0.0,0.0,0.0,0.0,0.0,0.005968554400817367,0.005968554400817367
2018/09/14 17:00:00,2018/09/14 18:00:00,2018/09/14 22:00:00,1.6440197117478548,1.6440197117478548,0.0,0.0,0.628524019434412,0.0,0.19696408002817453,0.04028179351775072,0.0,0.004311540933762028,0.5350858754207735,0.0,0.23885240241298186,0.0,0.0,0.0,0.0,0.0,0.0,0.0,0.0,0.0,0.0,0.0,0.0,0.0,0.0,0.0,0.0,0.0,0.0,0.0,0.0,0.0,0.0,0.0,0.00560962361643896,0.00560962361643896
2018/09/14 18:00:00,2018/09/14 19:00:00,2018/09/14 23:00:00,1.3972954756201494,1.3972954756201494,0.0,0.0,0.4077055853158715,0.0,0.22873324489695904,0.04677901341334135,0.0,0.005006967504655592,0.5513214305361466,0.0,0.1577492339531755,0.0,0.0,0.0,0.0,0.0,0.0,0.0,0.0,0.0,0.0,0.0,0.0,0.0,0.0,0.0,0.0,0.0,0.0,0.0,0.0,0.0,0.0,0.0,0.004767766251931819,0.004767766251931819
2018/09/14 19:00:00,2018/09/14 20:00:00,2018/09/15 00:00:00,2.1087186080640943,2.1087186080640943,0.0,0.0,0.2948474834490507,0.0,0.29344032222657884,0.060012477747325606,0.0,0.0064234045147482585,0.5005084163794185,0.0,0.11415968889757946,0.0,0.0,0.0,0.0,0.8393268148493933,0.0,0.0,0.0,0.0,0.0,0.0,0.0,0.0,0.0,0.0,0.0,0.0,0.0,0.0,0.0,0.0,0.0,0.0,0.007195240798934461,0.007195240798934461
2018/09/14 20:00:00,2018/09/14 21:00:00,2018/09/15 01:00:00,2.3283620027958096,2.3283620027958096,0.0,0.0,0.03866693488165895,0.0,0.3798491860217515,0.07768424819908869,0.0,0.008314893324481805,0.49005820397958605,0.0,0.014967665558389695,0.0,0.0,0.0,0.0,1.3188208708308526,0.0,0.0,0.0,0.0,0.0,0.0,0.0,0.0,0.0,0.0,0.0,0.0,0.0,0.0,0.0,0.0,0.0,0.0,0.007944694570977082,0.007944694570977082
2018/09/14 21:00:00,2018/09/14 22:00:00,2018/09/15 02:00:00,1.9015619557449108,1.9015619557449108,0.0,0.0,0.0,0.0,0.44204960907651225,0.0904050681468183,0.0,0.009676459707852593,0.4657559093404247,0.0,0.0,0.0,0.0,0.0,0.0,0.8936749094733031,0.0,0.0,0.0,0.0,0.0,0.0,0.0,0.0,0.0,0.0,0.0,0.0,0.0,0.0,0.0,0.0,0.0,0.0,0.006488393526454582,0.006488393526454582
2018/09/14 22:00:00,2018/09/14 23:00:00,2018/09/15 03:00:00,0.7780143028092524,0.7780143028092524,0.0,0.0,0.0,0.0,0.3095070107337689,0.06329833082707534,0.0,0.006775104099560094,0.39843385714884805,0.0,0.0,0.0,0.0,0.0,0.0,0.0,0.0,0.0,0.0,0.0,0.0,0.0,0.0,0.0,0.0,0.0,0.0,0.0,0.0,0.0,0.0,0.0,0.0,0.0,0.0026546928700301635,0.0026546928700301635
2018/09/14 23:00:00,2018/09/15 00:00:00,2018/09/15 04:00:00,0.7034098134795724,0.7034098134795724,0.2029331583139213,0.0,0.0,0.0,0.13094360677997474,0.026779722120023,0.0,0.002866353705536267,0.33988697256011713,0.0,0.0,0.0,0.0,0.0,0.0,0.0,0.0,0.0,0.0,0.0,0.0,0.0,0.0,0.0,0.0,0.0,0.0,0.0,0.0,0.0,0.0,0.0,0.0,0.0,0.0024001319896188172,0.0024001319896188172
2018/09/15 00:00:00,2018/09/15 01:00:00,2018/09/15 05:00:00,1.1275234114884523,1.1275234114884523,0.7426945737653621,0.0,0.0,0.0,0.06501908921459039,0.013297274945155983,0.0,0.0014232669458539432,0.3050892066174897,0.0,0.0,0.0,0.0,0.0,0.0,0.0,0.0,0.0,0.0,0.0,0.0,0.0,0.0,0.0,0.0,0.0,0.0,0.0,0.0,0.0,0.0,0.0,0.0,0.0,0.003847266496852998,0.003847266496852998
2018/09/15 01:00:00,2018/09/15 02:00:00,2018/09/15 06:00:00,1.3319479147824143,1.3319479147824143,0.9915027549421314,0.0,0.0,0.0,0.03901145352875434,0.00797836496709361,0.0,0.0008539601675123682,0.2926013811769224,0.0,0.0,0.0,0.0,0.0,0.0,0.0,0.0,0.0,0.0,0.0,0.0,0.0,0.0,0.0,0.0,0.0,0.0,0.0,0.0,0.0,0.0,0.0,0.0,0.0,0.0045447912973539855,0.0045447912973539855
2018/09/15 02:00:00,2018/09/15 03:00:00,2018/09/15 07:00:00,1.3184755071600314,1.3184755071600314,1.0240698694528558,0.0,0.0,0.0,0.026007635685836212,0.005318909978062404,0.0,0.0005693067783415784,0.2625097852649354,0.0,0.0,0.0,0.0,0.0,0.0,0.0,0.0,0.0,0.0,0.0,0.0,0.0,0.0,0.0,0.0,0.0,0.0,0.0,0.0,0.0,0.0,0.0,0.0,0.0,0.004498821571182964,0.004498821571182964
2018/09/15 03:00:00,2018/09/15 04:00:00,2018/09/15 08:00:00,1.4248075244726408,1.4248075244726408,1.1421917472336007,0.0,0.0,0.0,0.026007635685836212,0.005318909978062404,0.0,0.0005693067783415784,0.25071992479679983,0.0,0.0,0.0,0.0,0.0,0.0,0.0,0.0,0.0,0.0,0.0,0.0,0.0,0.0,0.0,0.0,0.0,0.0,0.0,0.0,0.0,0.0,0.0,0.0,0.0,0.004861641184134109,0.004861641184134109
2018/09/15 04:00:00,2018/09/15 05:00:00,2018/09/15 09:00:00,1.5316371001306917,1.5316371001306917,1.2613375827486302,0.0,0.0,0.0,0.027249552419694536,0.005572898590769679,0.0,0.0005964923181292811,0.23688057405346816,0.0,0.0,0.0,0.0,0.0,0.0,0.0,0.0,0.0,0.0,0.0,0.0,0.0,0.0,0.0,0.0,0.0,0.0,0.0,0.0,0.0,0.0,0.0,0.0,0.0,0.005226158535272455,0.005226158535272455
2018/09/15 05:00:00,2018/09/15 06:00:00,2018/09/15 10:00:00,1.6805722986260623,1.6805722986260623,1.335659509271668,0.0,0.0,0.0,0.07103552208494862,0.014527716082253228,0.0,0.0015549665765280758,0.25779458461066423,0.0,0.0,0.0,0.0,0.0,0.0,0.0,0.0,0.0,0.0,0.0,0.0,0.0,0.0,0.0,0.0,0.0,0.0,0.0,0.0,0.0,0.0,0.0,0.0,0.0,0.005734346120146615,0.005734346120146615
2018/09/15 06:00:00,2018/09/15 07:00:00,2018/09/15 11:00:00,1.7894515906139263,1.7894515906139263,1.2697723618275483,0.0,0.0,0.0,0.1667717967174164,0.03410706702965493,0.0,0.0036506322779327363,0.31514973276137404,0.0,0.0,0.0,0.0,0.0,0.0,0.0,0.0,0.0,0.0,0.0,0.0,0.0,0.0,0.0,0.0,0.0,0.0,0.0,0.0,0.0,0.0,0.0,0.0,0.0,0.006105857388114885,0.006105857388114885
2018/09/15 07:00:00,2018/09/15 08:00:00,2018/09/15 12:00:00,2.523764664201453,2.523764664201453,1.030260070236039,0.0,0.0,0.0,0.21104540955177992,0.043161614083227134,0.0,0.004619781038425436,0.36010528653425383,0.0,0.0,0.0,0.0,0.0,0.0,0.8745725027577276,0.0,0.0,0.0,0.0,0.0,0.0,0.0,0.0,0.0,0.0,0.0,0.0,0.0,0.0,0.0,0.0,0.0,0.0,0.008611435593790462,0.008611435593790462
2018/09/15 08:00:00,2018/09/15 09:00:00,2018/09/15 13:00:00,3.161174200501538,3.161174200501538,1.2853437195974107,0.0,0.0,0.0,0.21211882851794048,0.043381142644712725,0.0,0.004643278164454789,0.29686636074616646,0.0,0.0,0.0,0.0,0.0,0.0,1.3188208708308526,0.0,0.0,0.0,0.0,0.0,0.0,0.0,0.0,0.0,0.0,0.0,0.0,0.0,0.0,0.0,0.0,0.0,0.0,0.010786365470008857,0.010786365470008857
2018/09/15 09:00:00,2018/09/15 10:00:00,2018/09/15 14:00:00,1.9523131843746613,1.9523131843746613,1.1284951595932573,0.0,0.0,0.0,0.2062198728771374,0.04217472717515497,0.0,0.004514150108678676,0.24045407484446327,0.0,0.0,0.0,0.0,0.0,0.0,0.3304551997759699,0.0,0.0,0.0,0.0,0.0,0.0,0.0,0.0,0.0,0.0,0.0,0.0,0.0,0.0,0.0,0.0,0.0,0.0,0.006661563768058355,0.006661563768058355
2018/09/15 10:00:00,2018/09/15 11:00:00,2018/09/15 15:00:00,1.3004841441097026,1.3004841441097026,0.8181971811226794,0.0,0.0,0.0,0.19995148025023965,0.040892756891797895,0.0,0.004376935082487628,0.23706579076249806,0.0,0.0,0.0,0.0,0.0,0.0,0.0,0.0,0.0,0.0,0.0,0.0,0.0,0.0,0.0,0.0,0.0,0.0,0.0,0.0,0.0,0.0,0.0,0.0,0.0,0.00443743254139344,0.00443743254139344
2018/09/15 11:00:00,2018/09/15 12:00:00,2018/09/15 16:00:00,0.9284994729386418,0.9284994729386418,0.44178313609674286,0.0,0.0,0.0,0.19126679222895843,0.03911662182397593,0.0,0.004186827384193855,0.2521460954047706,0.0,0.0,0.0,0.0,0.0,0.0,0.0,0.0,0.0,0.0,0.0,0.0,0.0,0.0,0.0,0.0,0.0,0.0,0.0,0.0,0.0,0.0,0.0,0.0,0.0,0.0031681691734159515,0.0031681691734159515
2018/09/15 12:00:00,2018/09/15 13:00:00,2018/09/15 17:00:00,0.5474492168530107,0.5474492168530107,0.062376072331609585,0.0,0.0,0.0,0.1849983996020602,0.03783465154061874,0.0,0.004049612358002795,0.25819048102071934,0.0,0.0,0.0,0.0,0.0,0.0,0.0,0.0,0.0,0.0,0.0,0.0,0.0,0.0,0.0,0.0,0.0,0.0,0.0,0.0,0.0,0.0,0.0,0.0,0.0,0.0018679727704692282,0.0018679727704692282
2018/09/15 13:00:00,2018/09/15 14:00:00,2018/09/15 18:00:00,1.5399166800600246,1.5399166800600246,0.0,0.0,0.0,0.0,0.1831538331348946,0.037457412982453704,0.0,0.004009234824052993,0.26620885734512484,0.0,0.0,0.0,0.0,0.0,0.0,1.0490873417734983,0.0,0.0,0.0,0.0,0.0,0.0,0.0,0.0,0.0,0.0,0.0,0.0,0.0,0.0,0.0,0.0,0.0,0.0,0.00525440961205328,0.00525440961205328
2018/09/15 14:00:00,2018/09/15 15:00:00,2018/09/15 19:00:00,0.6931918967800622,0.6931918967800622,0.0,0.0,0.0,0.0,0.18302017057615164,0.03743007719822559,0.0,0.004006308952527337,0.2956372840816883,0.0,0.0,0.0,0.0,0.0,0.0,0.17309805597146927,0.0,0.0,0.0,0.0,0.0,0.0,0.0,0.0,0.0,0.0,0.0,0.0,0.0,0.0,0.0,0.0,0.0,0.0,0.0023652670385365462,0.0023652670385365462
2018/09/15 15:00:00,2018/09/15 16:00:00,2018/09/15 20:00:00,0.5361742806494731,0.5361742806494731,0.0,0.0,0.019748717310174402,0.0,0.18349684026526766,0.037527562536620276,0.0,0.0040167432452989605,0.28373458382035643,0.0,0.007649833471755335,0.0,0.0,0.0,0.0,0.0,0.0,0.0,0.0,0.0,0.0,0.0,0.0,0.0,0.0,0.0,0.0,0.0,0.0,0.0,0.0,0.0,0.0,0.0,0.001829501122015595,0.001829501122015595
2018/09/15 16:00:00,2018/09/15 17:00:00,2018/09/15 21:00:00,0.724431667795586,0.724431667795586,0.0,0.0,0.08091600141313629,0.0,0.18612867792959029,0.03806580860337172,0.0,0.004074354134650564,0.38388522406492354,0.0,0.031361601649913626,0.0,0.0,0.0,0.0,0.0,0.0,0.0,0.0,0.0,0.0,0.0,0.0,0.0,0.0,0.0,0.0,0.0,0.0,0.0,0.0,0.0,0.0,0.0,0.0024718614765524482,0.0024718614765524482
2018/09/15 17:00:00,2018/09/15 18:00:00,2018/09/15 22:00:00,0.9319302036542167,0.9319302036542167,0.0,0.0,0.11190548271754261,0.0,0.19696408002817453,0.04028179351775072,0.0,0.004311540933762028,0.5350858754207735,0.0,0.04338143103621342,0.0,0.0,0.0,0.0,0.0,0.0,0.0,0.0,0.0,0.0,0.0,0.0,0.0,0.0,0.0,0.0,0.0,0.0,0.0,0.0,0.0,0.0,0.0,0.003179875303157712,0.003179875303157712
2018/09/15 18:00:00,2018/09/15 19:00:00,2018/09/15 23:00:00,2.418611234254422,2.418611234254422,0.0,0.0,0.2069389110439747,0.0,0.22873324489695904,0.04677901341334135,0.0,0.005006967504655592,0.5513214305361466,0.0,0.08023285589240957,0.0,0.0,0.0,0.0,1.2995988109669354,0.0,0.0,0.0,0.0,0.0,0.0,0.0,0.0,0.0,0.0,0.0,0.0,0.0,0.0,0.0,0.0,0.0,0.0,0.008252637484640482,0.008252637484640482
2018/09/15 19:00:00,2018/09/15 20:00:00,2018/09/16 00:00:00,2.6965381015449634,2.6965381015449634,0.0,0.0,0.07429927724455147,0.0,0.29344032222657884,0.060012477747325606,0.0,0.0064234045147482585,0.9147331025584201,0.0,0.028808646422486296,0.0,0.0,0.0,0.0,1.3188208708308526,0.0,0.0,0.0,0.0,0.0,0.0,0.0,0.0,0.0,0.0,0.0,0.0,0.0,0.0,0.0,0.0,0.0,0.0,0.009200962560827303,0.009200962560827303
2018/09/15 20:00:00,2018/09/15 21:00:00,2018/09/16 01:00:00,1.3356761192485909,1.3356761192485909,0.0,0.0,0.0,0.0,0.3798491860217515,0.07768424819908869,0.0,0.008314893324481805,0.49005820397958605,0.0,0.0,0.0,0.0,0.0,0.0,0.37976958772368274,0.0,0.0,0.0,0.0,0.0,0.0,0.0,0.0,0.0,0.0,0.0,0.0,0.0,0.0,0.0,0.0,0.0,0.0,0.004557512448852919,0.004557512448852919
2018/09/15 21:00:00,2018/09/15 22:00:00,2018/09/16 02:00:00,1.0078870462716079,1.0078870462716079,0.0,0.0,0.0,0.0,0.44204960907651225,0.0904050681468183,0.0,0.009676459707852593,0.4657559093404247,0.0,0.0,0.0,0.0,0.0,0.0,0.0,0.0,0.0,0.0,0.0,0.0,0.0,0.0,0.0,0.0,0.0,0.0,0.0,0.0,0.0,0.0,0.0,0.0,0.0,0.0034390506008332203,0.0034390506008332203
2018/09/15 22:00:00,2018/09/15 23:00:00,2018/09/16 03:00:00,0.7780143028092524,0.7780143028092524,0.0,0.0,0.0,0.0,0.3095070107337689,0.06329833082707534,0.0,0.006775104099560094,0.39843385714884805,0.0,0.0,0.0,0.0,0.0,0.0,0.0,0.0,0.0,0.0,0.0,0.0,0.0,0.0,0.0,0.0,0.0,0.0,0.0,0.0,0.0,0.0,0.0,0.0,0.0,0.0026546928700301635,0.0026546928700301635
2018/09/15 23:00:00,2018/09/16 00:00:00,2018/09/16 04:00:00,0.6878793654264194,0.6878793654264194,0.1874027102607682,0.0,0.0,0.0,0.13094360677997474,0.026779722120023,0.0,0.002866353705536267,0.33988697256011713,0.0,0.0,0.0,0.0,0.0,0.0,0.0,0.0,0.0,0.0,0.0,0.0,0.0,0.0,0.0,0.0,0.0,0.0,0.0,0.0,0.0,0.0,0.0,0.0,0.0,0.00234713994362916,0.00234713994362916
2018/09/16 00:00:00,2018/09/16 01:00:00,2018/09/16 05:00:00,1.0837275558969344,1.0837275558969344,0.6988987181738443,0.0,0.0,0.0,0.06501908921459039,0.013297274945155983,0.0,0.0014232669458539432,0.3050892066174897,0.0,0.0,0.0,0.0,0.0,0.0,0.0,0.0,0.0,0.0,0.0,0.0,0.0,0.0,0.0,0.0,0.0,0.0,0.0,0.0,0.0,0.0,0.0,0.0,0.0,0.003697828954180755,0.003697828954180755
2018/09/16 01:00:00,2018/09/16 02:00:00,2018/09/16 06:00:00,1.2644764888768625,1.2644764888768625,0.9240313290365797,0.0,0.0,0.0,0.03901145352875434,0.00797836496709361,0.0,0.0008539601675123682,0.2926013811769224,0.0,0.0,0.0,0.0,0.0,0.0,0.0,0.0,0.0,0.0,0.0,0.0,0.0,0.0,0.0,0.0,0.0,0.0,0.0,0.0,0.0,0.0,0.0,0.0,0.0,0.004314569420152648,0.004314569420152648
2018/09/16 02:00:00,2018/09/16 03:00:00,2018/09/16 07:00:00,1.2431828379971408,1.2431828379971408,0.948777200289965,0.0,0.0,0.0,0.026007635685836212,0.005318909978062404,0.0,0.0005693067783415784,0.2625097852649354,0.0,0.0,0.0,0.0,0.0,0.0,0.0,0.0,0.0,0.0,0.0,0.0,0.0,0.0,0.0,0.0,0.0,0.0,0.0,0.0,0.0,0.0,0.0,0.0,0.0,0.0042419125255901725,0.0042419125255901725
2018/09/16 03:00:00,2018/09/16 04:00:00,2018/09/16 08:00:00,1.4610372878022648,1.4610372878022648,1.1784215105632248,0.0,0.0,0.0,0.026007635685836212,0.005318909978062404,0.0,0.0005693067783415784,0.25071992479679983,0.0,0.0,0.0,0.0,0.0,0.0,0.0,0.0,0.0,0.0,0.0,0.0,0.0,0.0,0.0,0.0,0.0,0.0,0.0,0.0,0.0,0.0,0.0,0.0,0.0,0.004985262169052703,0.004985262169052703
2018/09/16 04:00:00,2018/09/16 05:00:00,2018/09/16 09:00:00,1.5826899845476474,1.5826899845476474,1.312390467165586,0.0,0.0,0.0,0.027249552419694536,0.005572898590769679,0.0,0.0005964923181292811,0.23688057405346816,0.0,0.0,0.0,0.0,0.0,0.0,0.0,0.0,0.0,0.0,0.0,0.0,0.0,0.0,0.0,0.0,0.0,0.0,0.0,0.0,0.0,0.0,0.0,0.0,0.0,0.005400358068323192,0.005400358068323192
2018/09/16 05:00:00,2018/09/16 06:00:00,2018/09/16 10:00:00,1.6619159767945393,1.6619159767945393,1.317003187440145,0.0,0.0,0.0,0.07103552208494862,0.014527716082253228,0.0,0.0015549665765280758,0.25779458461066423,0.0,0.0,0.0,0.0,0.0,0.0,0.0,0.0,0.0,0.0,0.0,0.0,0.0,0.0,0.0,0.0,0.0,0.0,0.0,0.0,0.0,0.0,0.0,0.0,0.0,0.005670688158630611,0.005670688158630611
2018/09/16 06:00:00,2018/09/16 07:00:00,2018/09/16 11:00:00,2.183880511337981,2.183880511337981,1.168185168718284,0.0,0.0,0.0,0.1667717967174164,0.03410706702965493,0.0,0.0036506322779327363,0.31514973276137404,0.0,0.0,0.0,0.0,0.0,0.0,0.4960161138333188,0.0,0.0,0.0,0.0,0.0,0.0,0.0,0.0,0.0,0.0,0.0,0.0,0.0,0.0,0.0,0.0,0.0,0.0,0.007451703653150141,0.007451703653150141
2018/09/16 07:00:00,2018/09/16 08:00:00,2018/09/16 12:00:00,2.4294838072811715,2.4294838072811715,0.5437424765469578,0.0,0.0,0.0,0.21104540955177992,0.043161614083227134,0.0,0.004619781038425436,0.36010528653425383,0.0,0.0,0.0,0.0,0.0,0.0,1.2668092395265274,0.0,0.0,0.0,0.0,0.0,0.0,0.0,0.0,0.0,0.0,0.0,0.0,0.0,0.0,0.0,0.0,0.0,0.0,0.008289736214045294,0.008289736214045294
2018/09/16 08:00:00,2018/09/16 09:00:00,2018/09/16 13:00:00,2.842320553947206,2.842320553947206,0.9664900730430781,0.0,0.0,0.0,0.21211882851794048,0.043381142644712725,0.0,0.004643278164454789,0.29686636074616646,0.0,0.0,0.0,0.0,0.0,0.0,1.3188208708308526,0.0,0.0,0.0,0.0,0.0,0.0,0.0,0.0,0.0,0.0,0.0,0.0,0.0,0.0,0.0,0.0,0.0,0.0,0.009698392538104504,0.009698392538104504
2018/09/16 09:00:00,2018/09/16 10:00:00,2018/09/16 14:00:00,2.490880303562263,2.490880303562263,0.6786966077259761,0.0,0.0,0.0,0.2062198728771374,0.04217472717515497,0.0,0.004514150108678676,0.24045407484446327,0.0,0.0,0.0,0.0,0.0,0.0,1.3188208708308526,0.0,0.0,0.0,0.0,0.0,0.0,0.0,0.0,0.0,0.0,0.0,0.0,0.0,0.0,0.0,0.0,0.0,0.0,0.008499229587539493,0.008499229587539493
2018/09/16 10:00:00,2018/09/16 11:00:00,2018/09/16 15:00:00,0.9889921108931952,0.9889921108931952,0.21407333438485057,0.0,0.0,0.0,0.19995148025023965,0.040892756891797895,0.0,0.004376935082487628,0.27140283443066526,0.0,0.0,0.0,0.0,0.0,0.0,0.25829476985315414,0.0,0.0,0.0,0.0,0.0,0.0,0.0,0.0,0.0,0.0,0.0,0.0,0.0,0.0,0.0,0.0,0.0,0.0,0.003374578456750992,0.003374578456750992
2018/09/16 11:00:00,2018/09/16 12:00:00,2018/09/16 16:00:00,1.2607786506002006,1.2607786506002006,0.0,0.0,0.0,0.0,0.19126679222895843,0.03911662182397593,0.0,0.004186827384193855,1.0262084091630723,0.0,0.0,0.0,0.0,0.0,0.0,0.0,0.0,0.0,0.0,0.0,0.0,0.0,0.0,0.0,0.0,0.0,0.0,0.0,0.0,0.0,0.0,0.0,0.0,0.0,0.004301951882310306,0.004301951882310306
2018/09/16 12:00:00,2018/09/16 13:00:00,2018/09/16 17:00:00,0.48507314452140105,0.48507314452140105,0.0,0.0,0.0,0.0,0.1849983996020602,0.03783465154061874,0.0,0.004049612358002795,0.25819048102071934,0.0,0.0,0.0,0.0,0.0,0.0,0.0,0.0,0.0,0.0,0.0,0.0,0.0,0.0,0.0,0.0,0.0,0.0,0.0,0.0,0.0,0.0,0.0,0.0,0.0,0.0016551369474242016,0.0016551369474242016
2018/09/16 13:00:00,2018/09/16 14:00:00,2018/09/16 18:00:00,0.9344190219687705,0.9344190219687705,0.0,0.0,0.0,0.0,0.1831538331348946,0.037457412982453704,0.0,0.004009234824052993,0.26620885734512484,0.0,0.0,0.0,0.0,0.0,0.0,0.44358968368224433,0.0,0.0,0.0,0.0,0.0,0.0,0.0,0.0,0.0,0.0,0.0,0.0,0.0,0.0,0.0,0.0,0.0,0.0,0.003188367496952337,0.003188367496952337
2018/09/16 14:00:00,2018/09/16 15:00:00,2018/09/16 19:00:00,0.5200938408085929,0.5200938408085929,0.0,0.0,0.0,0.0,0.18302017057615164,0.03743007719822559,0.0,0.004006308952527337,0.2956372840816883,0.0,0.0,0.0,0.0,0.0,0.0,0.0,0.0,0.0,0.0,0.0,0.0,0.0,0.0,0.0,0.0,0.0,0.0,0.0,0.0,0.0,0.0,0.0,0.0,0.0,0.0017746324276504738,0.0017746324276504738
2018/09/16 15:00:00,2018/09/16 16:00:00,2018/09/16 20:00:00,0.5392219407410846,0.5392219407410846,0.0,0.0,0.0,0.0,0.18349684026526766,0.037527562536620276,0.0,0.0040167432452989605,0.3141807946938977,0.0,0.0,0.0,0.0,0.0,0.0,0.0,0.0,0.0,0.0,0.0,0.0,0.0,0.0,0.0,0.0,0.0,0.0,0.0,0.0,0.0,0.0,0.0,0.0,0.0,0.0018399001615785734,0.0018399001615785734
2018/09/16 16:00:00,2018/09/16 17:00:00,2018/09/16 21:00:00,1.3429073972136492,1.3429073972136492,0.0,0.0,0.03206499335862725,0.0,0.18612867792959029,0.03806580860337172,0.0,0.004074354134650564,1.0702362291689236,0.0,0.012337334018485557,0.0,0.0,0.0,0.0,0.0,0.0,0.0,0.0,0.0,0.0,0.0,0.0,0.0,0.0,0.0,0.0,0.0,0.0,0.0,0.0,0.0,0.0,0.0,0.0045821865737189155,0.0045821865737189155
2018/09/16 17:00:00,2018/09/16 18:00:00,2018/09/16 22:00:00,0.9047942297212049,0.9047942297212049,0.0,0.0,0.09281221469976839,0.0,0.19696408002817453,0.04028179351775072,0.0,0.004311540933762028,0.5350858754207735,0.0,0.03533872512097575,0.0,0.0,0.0,0.0,0.0,0.0,0.0,0.0,0.0,0.0,0.0,0.0,0.0,0.0,0.0,0.0,0.0,0.0,0.0,0.0,0.0,0.0,0.0,0.0030872835908187777,0.0030872835908187777
2018/09/16 18:00:00,2018/09/16 19:00:00,2018/09/16 23:00:00,1.7300692180831891,1.7300692180831891,0.0,0.0,0.1572073844053758,0.0,0.22873324489695904,0.04677901341334135,0.0,0.005006967504655592,0.5513214305361466,0.0,0.05954467177321527,0.0,0.0,0.0,0.0,0.6814765055534955,0.0,0.0,0.0,0.0,0.0,0.0,0.0,0.0,0.0,0.0,0.0,0.0,0.0,0.0,0.0,0.0,0.0,0.0,0.005903236484625566,0.005903236484625566
2018/09/16 19:00:00,2018/09/16 20:00:00,2018/09/17 00:00:00,1.202764616443217,1.202764616443217,0.0,0.0,0.11412851293139378,0.0,0.29344032222657884,0.060012477747325606,0.0,0.0064234045147482585,0.5005084163794185,0.0,0.043706979397524354,0.0,0.0,0.0,0.0,0.1845445032462277,0.0,0.0,0.0,0.0,0.0,0.0,0.0,0.0,0.0,0.0,0.0,0.0,0.0,0.0,0.0,0.0,0.0,0.0,0.004103999939419109,0.004103999939419109
2018/09/16 20:00:00,2018/09/16 21:00:00,2018/09/17 01:00:00,1.0968672560152923,1.0968672560152923,0.0,0.0,0.07407774717697024,0.0,0.3798491860217515,0.07768424819908869,0.0,0.008314893324481805,0.5283498628525346,0.0,0.02859131844046567,0.0,0.0,0.0,0.0,0.0,0.0,0.0,0.0,0.0,0.0,0.0,0.0,0.0,0.0,0.0,0.0,0.0,0.0,0.0,0.0,0.0,0.0,0.0,0.003742663436133835,0.003742663436133835
2018/09/16 21:00:00,2018/09/16 22:00:00,2018/09/17 02:00:00,1.9111947705521624,1.9111947705521624,0.0,0.0,0.028930619903305654,0.0,0.44204960907651225,0.0904050681468183,0.0,0.009676459707852593,1.328967382968734,0.0,0.01116563074893935,0.0,0.0,0.0,0.0,0.0,0.0,0.0,0.0,0.0,0.0,0.0,0.0,0.0,0.0,0.0,0.0,0.0,0.0,0.0,0.0,0.0,0.0,0.0,0.006521262028607814,0.006521262028607814
2018/09/16 22:00:00,2018/09/16 23:00:00,2018/09/17 03:00:00,1.4344382703320997,1.4344382703320997,0.0,0.0,0.0,0.0,0.3095070107337689,0.06329833082707534,0.0,0.006775104099560094,0.39843385714884805,0.0,0.0,0.0,0.0,0.0,0.0,0.6564239675228473,0.0,0.0,0.0,0.0,0.0,0.0,0.0,0.0,0.0,0.0,0.0,0.0,0.0,0.0,0.0,0.0,0.0,0.0,0.0048945026267500896,0.0048945026267500896
2018/09/16 23:00:00,2018/09/17 00:00:00,2018/09/17 04:00:00,0.8237103762746787,0.8237103762746787,0.0,0.0,0.0,0.0,0.13094360677997474,0.026779722120023,0.0,0.002866353705536267,0.33988697256011713,0.0,0.0,0.0,0.0,0.0,0.0,0.3232337211090276,0.0,0.0,0.0,0.0,0.0,0.0,0.0,0.0,0.0,0.0,0.0,0.0,0.0,0.0,0.0,0.0,0.0,0.0,0.0028106142200349377,0.0028106142200349377
2018/09/17 00:00:00,2018/09/17 01:00:00,2018/09/17 05:00:00,0.6297501863485554,0.6297501863485554,0.08373573227477342,0.0,0.0,0.0,0.06501908921459039,0.013297274945155983,0.0,0.0014232669458539432,0.3050892066174897,0.0,0.0,0.0,0.0,0.0,0.0,0.16118561635069195,0.0,0.0,0.0,0.0,0.0,0.0,0.0,0.0,0.0,0.0,0.0,0.0,0.0,0.0,0.0,0.0,0.0,0.0,0.0021487951102738974,0.0021487951102738974
2018/09/17 01:00:00,2018/09/17 02:00:00,2018/09/17 06:00:00,0.6240166763938451,0.6240166763938451,0.2835715165535624,0.0,0.0,0.0,0.03901145352875434,0.00797836496709361,0.0,0.0008539601675123682,0.2926013811769224,0.0,0.0,0.0,0.0,0.0,0.0,0.0,0.0,0.0,0.0,0.0,0.0,0.0,0.0,0.0,0.0,0.0,0.0,0.0,0.0,0.0,0.0,0.0,0.0,0.0,0.0021292315779043026,0.0021292315779043026
2018/09/17 02:00:00,2018/09/17 03:00:00,2018/09/17 07:00:00,0.5696268145084531,0.5696268145084531,0.2752211768012775,0.0,0.0,0.0,0.026007635685836212,0.005318909978062404,0.0,0.0005693067783415784,0.2625097852649354,0.0,0.0,0.0,0.0,0.0,0.0,0.0,0.0,0.0,0.0,0.0,0.0,0.0,0.0,0.0,0.0,0.0,0.0,0.0,0.0,0.0,0.0,0.0,0.0,0.0,0.0019436458142136888,0.0019436458142136888
2018/09/17 03:00:00,2018/09/17 04:00:00,2018/09/17 08:00:00,0.6629087613142454,0.6629087613142454,0.3802929840752053,0.0,0.0,0.0,0.026007635685836212,0.005318909978062404,0.0,0.0005693067783415784,0.25071992479679983,0.0,0.0,0.0,0.0,0.0,0.0,0.0,0.0,0.0,0.0,0.0,0.0,0.0,0.0,0.0,0.0,0.0,0.0,0.0,0.0,0.0,0.0,0.0,0.0,0.0,0.002261936773896191,0.002261936773896191
2018/09/17 04:00:00,2018/09/17 05:00:00,2018/09/17 09:00:00,0.7203552922486347,0.7203552922486347,0.450055774866573,0.0,0.0,0.0,0.027249552419694536,0.005572898590769679,0.0,0.0005964923181292811,0.23688057405346816,0.0,0.0,0.0,0.0,0.0,0.0,0.0,0.0,0.0,0.0,0.0,0.0,0.0,0.0,0.0,0.0,0.0,0.0,0.0,0.0,0.0,0.0,0.0,0.0,0.0,0.0024579523169637584,0.0024579523169637584
2018/09/17 05:00:00,2018/09/17 06:00:00,2018/09/17 10:00:00,0.8437280884582803,0.8437280884582803,0.4988152991038862,0.0,0.0,0.0,0.07103552208494862,0.014527716082253228,0.0,0.0015549665765280758,0.25779458461066423,0.0,0.0,0.0,0.0,0.0,0.0,0.0,0.0,0.0,0.0,0.0,0.0,0.0,0.0,0.0,0.0,0.0,0.0,0.0,0.0,0.0,0.0,0.0,0.0,0.0,0.0028789174345340055,0.0028789174345340055
2018/09/17 06:00:00,2018/09/17 07:00:00,2018/09/17 11:00:00,0.9064572996872059,0.9064572996872059,0.3867780709008277,0.0,0.0,0.0,0.1667717967174164,0.03410706702965493,0.0,0.0036506322779327363,0.31514973276137404,0.0,0.0,0.0,0.0,0.0,0.0,0.0,0.0,0.0,0.0,0.0,0.0,0.0,0.0,0.0,0.0,0.0,0.0,0.0,0.0,0.0,0.0,0.0,0.0,0.0,0.0030929582165488733,0.0030929582165488733
2018/09/17 07:00:00,2018/09/17 08:00:00,2018/09/17 12:00:00,1.7094655948542432,1.7094655948542432,0.6696627497775729,0.0,0.0,0.0,0.21104540955177992,0.043161614083227134,0.0,0.004619781038425436,0.36010528653425383,0.0,0.0,0.0,0.0,0.0,0.0,0.420870753868984,0.0,0.0,0.0,0.0,0.0,0.0,0.0,0.0,0.0,0.0,0.0,0.0,0.0,0.0,0.0,0.0,0.0,0.0,0.0058329340602547375,0.0058329340602547375
2018/09/17 08:00:00,2018/09/17 09:00:00,2018/09/17 13:00:00,2.536905760890343,2.536905760890343,0.817456853458711,0.0,0.0,0.0,0.21211882851794048,0.043381142644712725,0.0,0.004643278164454789,0.3700265833719114,0.0,0.0,0.0,0.0,0.0,0.0,1.0892790747326124,0.0,0.0,0.0,0.0,0.0,0.0,0.0,0.0,0.0,0.0,0.0,0.0,0.0,0.0,0.0,0.0,0.0,0.0,0.008656274841036185,0.008656274841036185
2018/09/17 09:00:00,2018/09/17 10:00:00,2018/09/17 14:00:00,5.154556234494139,5.154556234494139,1.676830459313421,0.0,0.0,0.0,0.2062198728771374,0.04217472717515497,0.0,0.004514150108678676,1.9059961541888941,0.0,0.0,0.0,0.0,0.0,0.0,1.3188208708308526,0.0,0.0,0.0,0.0,0.0,0.0,0.0,0.0,0.0,0.0,0.0,0.0,0.0,0.0,0.0,0.0,0.0,0.0,0.017588061857567158,0.017588061857567158
2018/09/17 10:00:00,2018/09/17 11:00:00,2018/09/17 15:00:00,3.894241163869269,3.894241163869269,1.723015830073783,0.0,0.0,0.0,0.19995148025023965,0.040892756891797895,0.0,0.004376935082487628,0.6071832907401078,0.0,0.0,0.0,0.0,0.0,0.0,1.3188208708308526,0.0,0.0,0.0,0.0,0.0,0.0,0.0,0.0,0.0,0.0,0.0,0.0,0.0,0.0,0.0,0.0,0.0,0.0,0.013287691774525524,0.013287691774525524
2018/09/17 11:00:00,2018/09/17 12:00:00,2018/09/17 16:00:00,3.4008141250838118,3.4008141250838118,1.4910737556318372,0.0,0.0,0.0,0.19126679222895843,0.03911662182397593,0.0,0.004186827384193855,0.35634925718399363,0.0,0.0,0.0,0.0,0.0,0.0,1.3188208708308526,0.0,0.0,0.0,0.0,0.0,0.0,0.0,0.0,0.0,0.0,0.0,0.0,0.0,0.0,0.0,0.0,0.0,0.0,0.011604050179487907,0.011604050179487907
2018/09/17 12:00:00,2018/09/17 13:00:00,2018/09/17 17:00:00,2.5749170103898,2.5749170103898,1.161527601208897,0.0,0.0,0.0,0.1849983996020602,0.03783465154061874,0.0,0.004049612358002795,1.0945620652891763,0.0,0.0,0.0,0.0,0.0,0.0,0.09194468039104439,0.0,0.0,0.0,0.0,0.0,0.0,0.0,0.0,0.0,0.0,0.0,0.0,0.0,0.0,0.0,0.0,0.0,0.0,0.008785974504220764,0.008785974504220764
2018/09/17 13:00:00,2018/09/17 14:00:00,2018/09/17 18:00:00,1.4415164769143447,1.4415164769143447,0.9506871386278185,0.0,0.0,0.0,0.1831538331348946,0.037457412982453704,0.0,0.004009234824052993,0.26620885734512484,0.0,0.0,0.0,0.0,0.0,0.0,0.0,0.0,0.0,0.0,0.0,0.0,0.0,0.0,0.0,0.0,0.0,0.0,0.0,0.0,0.0,0.0,0.0,0.0,0.0,0.0049186544507957885,0.0049186544507957885
2018/09/17 14:00:00,2018/09/17 15:00:00,2018/09/17 19:00:00,1.0640265792536971,1.0640265792536971,0.5439327384451041,0.0,0.0,0.0,0.18302017057615164,0.03743007719822559,0.0,0.004006308952527337,0.2956372840816883,0.0,0.0,0.0,0.0,0.0,0.0,0.0,0.0,0.0,0.0,0.0,0.0,0.0,0.0,0.0,0.0,0.0,0.0,0.0,0.0,0.0,0.0,0.0,0.0,0.0,0.003630606485341059,0.003630606485341059
2018/09/17 15:00:00,2018/09/17 16:00:00,2018/09/17 20:00:00,1.353168477861608,1.353168477861608,0.2496033924919329,0.0,0.0,0.0,0.18349684026526766,0.037527562536620276,0.0,0.0040167432452989605,0.28373458382035643,0.0,0.0,0.0,0.0,0.0,0.0,0.5947893555021317,0.0,0.0,0.0,0.0,0.0,0.0,0.0,0.0,0.0,0.0,0.0,0.0,0.0,0.0,0.0,0.0,0.0,0.0,0.004617198806188913,0.004617198806188913
2018/09/17 16:00:00,2018/09/17 17:00:00,2018/09/17 21:00:00,0.6648320722474073,0.6648320722474073,0.05267800751487117,0.0,0.0,0.0,0.18612867792959029,0.03806580860337172,0.0,0.004074354134650564,0.38388522406492354,0.0,0.0,0.0,0.0,0.0,0.0,0.0,0.0,0.0,0.0,0.0,0.0,0.0,0.0,0.0,0.0,0.0,0.0,0.0,0.0,0.0,0.0,0.0,0.0,0.0,0.0022684993779545997,0.0022684993779545997
2018/09/17 17:00:00,2018/09/17 18:00:00,2018/09/17 22:00:00,0.7766432899004608,0.7766432899004608,0.0,0.0,0.0,0.0,0.19696408002817453,0.04028179351775072,0.0,0.004311540933762028,0.5350858754207735,0.0,0.0,0.0,0.0,0.0,0.0,0.0,0.0,0.0,0.0,0.0,0.0,0.0,0.0,0.0,0.0,0.0,0.0,0.0,0.0,0.0,0.0,0.0,0.0,0.0,0.002650014783546989,0.002650014783546989
2018/09/17 18:00:00,2018/09/17 19:00:00,2018/09/17 23:00:00,0.8846157280295558,0.8846157280295558,0.0,0.0,0.0,0.0,0.22873324489695904,0.04677901341334135,0.0,0.005006967504655592,0.5513214305361466,0.0,0.0,0.0,0.0,0.0,0.0,0.05277507167845316,0.0,0.0,0.0,0.0,0.0,0.0,0.0,0.0,0.0,0.0,0.0,0.0,0.0,0.0,0.0,0.0,0.0,0.0,0.0030184317401840393,0.0030184317401840393
2018/09/17 19:00:00,2018/09/17 20:00:00,2018/09/18 00:00:00,2.3335338130414196,2.3335338130414196,0.15432832134249577,0.0,0.0,0.0,0.29344032222657884,0.060012477747325606,0.0,0.0064234045147482585,0.5005084163794185,0.0,0.0,0.0,0.0,0.0,0.0,1.3188208708308526,0.0,0.0,0.0,0.0,0.0,0.0,0.0,0.0,0.0,0.0,0.0,0.0,0.0,0.0,0.0,0.0,0.0,0.0,0.007962341505917217,0.007962341505917217
2018/09/17 20:00:00,2018/09/17 21:00:00,2018/09/18 01:00:00,1.8863797577638224,1.8863797577638224,0.6663997300084028,0.0,0.0,0.0,0.3798491860217515,0.07768424819908869,0.0,0.008314893324481805,0.49005820397958605,0.0,0.0,0.0,0.0,0.0,0.0,0.2640734962305114,0.0,0.0,0.0,0.0,0.0,0.0,0.0,0.0,0.0,0.0,0.0,0.0,0.0,0.0,0.0,0.0,0.0,0.0,0.006436589758083933,0.006436589758083933
2018/09/17 21:00:00,2018/09/17 22:00:00,2018/09/18 02:00:00,2.254655475963696,2.254655475963696,1.004913067739226,0.0,0.0,0.0,0.44204960907651225,0.0904050681468183,0.0,0.009676459707852593,0.4657559093404247,0.0,0.0,0.0,0.0,0.0,0.0,0.24185536195286245,0.0,0.0,0.0,0.0,0.0,0.0,0.0,0.0,0.0,0.0,0.0,0.0,0.0,0.0,0.0,0.0,0.0,0.0,0.007693197663337492,0.007693197663337492
2018/09/17 22:00:00,2018/09/17 23:00:00,2018/09/18 03:00:00,2.4517646615412434,2.4517646615412434,1.4778902390658386,0.0,0.0,0.0,0.3095070107337689,0.06329833082707534,0.0,0.006775104099560094,0.39843385714884805,0.0,0.0,0.0,0.0,0.0,0.0,0.19586011966615202,0.0,0.0,0.0,0.0,0.0,0.0,0.0,0.0,0.0,0.0,0.0,0.0,0.0,0.0,0.0,0.0,0.0,0.0,0.008365761583667445,0.008365761583667445
2018/09/17 23:00:00,2018/09/18 00:00:00,2018/09/18 04:00:00,2.547926697186537,2.547926697186537,2.0474500420208854,0.0,0.0,0.0,0.13094360677997474,0.026779722120023,0.0,0.002866353705536267,0.33988697256011713,0.0,0.0,0.0,0.0,0.0,0.0,0.0,0.0,0.0,0.0,0.0,0.0,0.0,0.0,0.0,0.0,0.0,0.0,0.0,0.0,0.0,0.0,0.0,0.0,0.0,0.008693879806524508,0.008693879806524508
2018/09/18 00:00:00,2018/09/18 01:00:00,2018/09/18 05:00:00,3.255481828281415,3.255481828281415,2.8706529905583253,0.0,0.0,0.0,0.06501908921459039,0.013297274945155983,0.0,0.0014232669458539432,0.3050892066174897,0.0,0.0,0.0,0.0,0.0,0.0,0.0,0.0,0.0,0.0,0.0,0.0,0.0,0.0,0.0,0.0,0.0,0.0,0.0,0.0,0.0,0.0,0.0,0.0,0.0,0.011108156195645529,0.011108156195645529
2018/09/18 01:00:00,2018/09/18 02:00:00,2018/09/18 06:00:00,3.6302677113062694,3.6302677113062694,3.2898225514659867,0.0,0.0,0.0,0.03901145352875434,0.00797836496709361,0.0,0.0008539601675123682,0.2926013811769224,0.0,0.0,0.0,0.0,0.0,0.0,0.0,0.0,0.0,0.0,0.0,0.0,0.0,0.0,0.0,0.0,0.0,0.0,0.0,0.0,0.0,0.0,0.0,0.0,0.0,0.01238697768756606,0.01238697768756606
2018/09/18 02:00:00,2018/09/18 03:00:00,2018/09/18 07:00:00,3.6119042705436666,3.6119042705436666,3.317498632836491,0.0,0.0,0.0,0.026007635685836212,0.005318909978062404,0.0,0.0005693067783415784,0.2625097852649354,0.0,0.0,0.0,0.0,0.0,0.0,0.0,0.0,0.0,0.0,0.0,0.0,0.0,0.0,0.0,0.0,0.0,0.0,0.0,0.0,0.0,0.0,0.0,0.0,0.0,0.012324319076939393,0.012324319076939393
2018/09/18 03:00:00,2018/09/18 04:00:00,2018/09/18 08:00:00,3.8894149587836853,3.8894149587836853,3.606799181544645,0.0,0.0,0.0,0.026007635685836212,0.005318909978062404,0.0,0.0005693067783415784,0.25071992479679983,0.0,0.0,0.0,0.0,0.0,0.0,0.0,0.0,0.0,0.0,0.0,0.0,0.0,0.0,0.0,0.0,0.0,0.0,0.0,0.0,0.0,0.0,0.0,0.0,0.0,0.013271224092397137,0.013271224092397137
2018/09/18 04:00:00,2018/09/18 05:00:00,2018/09/18 09:00:00,4.509219114710187,4.509219114710187,3.817178130975132,0.0,0.0,0.0,0.027249552419694536,0.005572898590769679,0.0,0.0005964923181292811,0.23688057405346816,0.0,0.0,0.0,0.0,0.0,0.0,0.4217414663529935,0.0,0.0,0.0,0.0,0.0,0.0,0.0,0.0,0.0,0.0,0.0,0.0,0.0,0.0,0.0,0.0,0.0,0.0,0.015386081965333377,0.015386081965333377
2018/09/18 05:00:00,2018/09/18 06:00:00,2018/09/18 10:00:00,4.343088317368296,4.343088317368296,3.9981755280139017,0.0,0.0,0.0,0.07103552208494862,0.014527716082253228,0.0,0.0015549665765280758,0.25779458461066423,0.0,0.0,0.0,0.0,0.0,0.0,0.0,0.0,0.0,0.0,0.0,0.0,0.0,0.0,0.0,0.0,0.0,0.0,0.0,0.0,0.0,0.0,0.0,0.0,0.0,0.014819220608667456,0.014819220608667456
2018/09/18 06:00:00,2018/09/18 07:00:00,2018/09/18 11:00:00,4.681416177613318,4.681416177613318,4.161736948826942,0.0,0.0,0.0,0.1667717967174164,0.03410706702965493,0.0,0.0036506322779327363,0.31514973276137404,0.0,0.0,0.0,0.0,0.0,0.0,0.0,0.0,0.0,0.0,0.0,0.0,0.0,0.0,0.0,0.0,0.0,0.0,0.0,0.0,0.0,0.0,0.0,0.0,0.0,0.015973642262719266,0.015973642262719266
2018/09/18 07:00:00,2018/09/18 08:00:00,2018/09/18 12:00:00,4.951004426504022,4.951004426504022,3.5892020121244737,0.0,0.0,0.0,0.21104540955177992,0.043161614083227134,0.0,0.004619781038425436,0.4581626503500126,0.0,0.0,0.0,0.0,0.0,0.0,0.6448129593561026,0.0,0.0,0.0,0.0,0.0,0.0,0.0,0.0,0.0,0.0,0.0,0.0,0.0,0.0,0.0,0.0,0.0,0.0,0.016893514814663252,0.016893514814663252
2018/09/18 08:00:00,2018/09/18 09:00:00,2018/09/18 13:00:00,6.163164833949144,6.163164833949144,2.076820522856641,0.0,0.0,0.0,0.21211882851794048,0.043381142644712725,0.0,0.004643278164454789,2.507380190934542,0.0,0.0,0.0,0.0,0.0,0.0,1.3188208708308526,0.0,0.0,0.0,0.0,0.0,0.0,0.0,0.0,0.0,0.0,0.0,0.0,0.0,0.0,0.0,0.0,0.0,0.0,0.021029574498088333,0.021029574498088333
2018/09/18 09:00:00,2018/09/18 10:00:00,2018/09/18 14:00:00,3.0014974870414433,3.0014974870414433,1.189313791205156,0.0,0.0,0.0,0.2062198728771374,0.04217472717515497,0.0,0.004514150108678676,0.24045407484446327,0.0,0.0,0.0,0.0,0.0,0.0,1.3188208708308526,0.0,0.0,0.0,0.0,0.0,0.0,0.0,0.0,0.0,0.0,0.0,0.0,0.0,0.0,0.0,0.0,0.0,0.0,0.010241526344041928,0.010241526344041928
2018/09/18 10:00:00,2018/09/18 11:00:00,2018/09/18 15:00:00,1.9742592147051896,1.9742592147051896,0.24184119986372127,0.0,0.0,0.0,0.19995148025023965,0.040892756891797895,0.0,0.004376935082487628,0.23706579076249806,0.0,0.0,0.0,0.0,0.0,0.0,1.250131051854445,0.0,0.0,0.0,0.0,0.0,0.0,0.0,0.0,0.0,0.0,0.0,0.0,0.0,0.0,0.0,0.0,0.0,0.0,0.006736446671924716,0.006736446671924716
2018/09/18 11:00:00,2018/09/18 12:00:00,2018/09/18 16:00:00,0.4867163368418988,0.4867163368418988,0.0,0.0,0.0,0.0,0.19126679222895843,0.03911662182397593,0.0,0.004186827384193855,0.2521460954047706,0.0,0.0,0.0,0.0,0.0,0.0,0.0,0.0,0.0,0.0,0.0,0.0,0.0,0.0,0.0,0.0,0.0,0.0,0.0,0.0,0.0,0.0,0.0,0.0,0.0,0.0016607437478667678,0.0016607437478667678
2018/09/18 12:00:00,2018/09/18 13:00:00,2018/09/18 17:00:00,1.3476391518996482,1.3476391518996482,0.0,0.0,0.0,0.0,0.1849983996020602,0.03783465154061874,0.0,0.004049612358002795,0.25819048102071934,0.0,0.0,0.0,0.0,0.0,0.0,0.8625660073782472,0.0,0.0,0.0,0.0,0.0,0.0,0.0,0.0,0.0,0.0,0.0,0.0,0.0,0.0,0.0,0.0,0.0,0.0,0.0045983319779644375,0.0045983319779644375
2018/09/18 13:00:00,2018/09/18 14:00:00,2018/09/18 18:00:00,0.4997826503011911,0.4997826503011911,0.0,0.0,0.006458675314443219,0.0,0.1831538331348946,0.037457412982453704,0.0,0.004009234824052993,0.26620885734512484,0.0,0.002494636700221793,0.0,0.0,0.0,0.0,0.0,0.0,0.0,0.0,0.0,0.0,0.0,0.0,0.0,0.0,0.0,0.0,0.0,0.0,0.0,0.0,0.0,0.0,0.0,0.001705327824345458,0.001705327824345458
2018/09/18 14:00:00,2018/09/18 15:00:00,2018/09/18 19:00:00,0.7654765005026888,0.7654765005026888,0.0,0.0,0.1768393403422394,0.0,0.18302017057615164,0.03743007719822559,0.0,0.004006308952527337,0.2956372840816883,0.0,0.06854331935185647,0.0,0.0,0.0,0.0,0.0,0.0,0.0,0.0,0.0,0.0,0.0,0.0,0.0,0.0,0.0,0.0,0.0,0.0,0.0,0.0,0.0,0.0,0.0,0.0026119121470165887,0.0026119121470165887
2018/09/18 15:00:00,2018/09/18 16:00:00,2018/09/18 20:00:00,1.0378229359113926,1.0378229359113926,0.0,0.0,0.38225728483554106,0.0,0.18349684026526766,0.037527562536620276,0.0,0.0040167432452989605,0.28373458382035643,0.0,0.14678992120830828,0.0,0.0,0.0,0.0,0.0,0.0,0.0,0.0,0.0,0.0,0.0,0.0,0.0,0.0,0.0,0.0,0.0,0.0,0.0,0.0,0.0,0.0,0.0,0.0035411960144815227,0.0035411960144815227
2018/09/18 16:00:00,2018/09/18 17:00:00,2018/09/18 21:00:00,1.3927508260143564,1.3927508260143564,0.0,0.0,0.5635435444339414,0.0,0.18612867792959029,0.03806580860337172,0.0,0.004074354134650564,0.38388522406492354,0.0,0.217053216847879,0.0,0.0,0.0,0.0,0.0,0.0,0.0,0.0,0.0,0.0,0.0,0.0,0.0,0.0,0.0,0.0,0.0,0.0,0.0,0.0,0.0,0.0,0.0,0.004752259276209495,0.004752259276209495
2018/09/18 17:00:00,2018/09/18 18:00:00,2018/09/18 22:00:00,1.6666658410710564,1.6666658410710564,0.0,0.0,0.6417183179679861,0.0,0.19696408002817453,0.04028179351775072,0.0,0.004311540933762028,0.5350858754207735,0.0,0.24830423320260941,0.0,0.0,0.0,0.0,0.0,0.0,0.0,0.0,0.0,0.0,0.0,0.0,0.0,0.0,0.0,0.0,0.0,0.0,0.0,0.0,0.0,0.0,0.0,0.0056868953553144645,0.0056868953553144645
2018/09/18 18:00:00,2018/09/18 19:00:00,2018/09/18 23:00:00,1.6061744098243413,1.6061744098243413,0.0,0.0,0.5569400949326001,0.0,0.22873324489695904,0.04677901341334135,0.0,0.005006967504655592,0.5513214305361466,0.0,0.21739365854063847,0.0,0.0,0.0,0.0,0.0,0.0,0.0,0.0,0.0,0.0,0.0,0.0,0.0,0.0,0.0,0.0,0.0,0.0,0.0,0.0,0.0,0.0,0.0,0.005480490189434185,0.005480490189434185
2018/09/18 19:00:00,2018/09/18 20:00:00,2018/09/19 00:00:00,2.9115913947137315,2.9115913947137315,0.0,0.0,0.38688864105201776,0.0,0.29344032222657884,0.060012477747325606,0.0,0.0064234045147482585,0.8349704706675662,0.0,0.15193389600649207,0.0,0.0,0.0,0.0,1.1779221824990027,0.0,0.0,0.0,0.0,0.0,0.0,0.0,0.0,0.0,0.0,0.0,0.0,0.0,0.0,0.0,0.0,0.0,0.0,0.009934754268756358,0.009934754268756358
2018/09/18 20:00:00,2018/09/18 21:00:00,2018/09/19 01:00:00,10.208838879612792,10.208838879612792,0.0,0.0,0.17308032325058773,0.0,0.3798491860217515,0.07768424819908869,0.0,0.008314893324481805,8.183132010114784,0.0,0.06795734787124541,0.0,0.0,0.0,0.0,1.3188208708308526,0.0,0.0,0.0,0.0,0.0,0.0,0.0,0.0,0.0,0.0,0.0,0.0,0.0,0.0,0.0,0.0,0.0,0.0,0.03483397629984098,0.03483397629984098
2018/09/18 21:00:00,2018/09/18 22:00:00,2018/09/19 02:00:00,5.961255547799874,5.961255547799874,0.0,0.0,0.0713922455506045,0.0,0.44204960907651225,0.0904050681468183,0.0,0.009676459707852593,4.00089833139563,0.0,0.028012963091604247,0.0,0.0,0.0,0.0,1.3188208708308526,0.0,0.0,0.0,0.0,0.0,0.0,0.0,0.0,0.0,0.0,0.0,0.0,0.0,0.0,0.0,0.0,0.0,0.0,0.020340631967857292,0.020340631967857292
2018/09/18 22:00:00,2018/09/18 23:00:00,2018/09/19 03:00:00,4.054235436752197,4.054235436752197,0.07221653330245892,0.0,0.06033725304198719,0.0,0.3095070107337689,0.06329833082707534,0.0,0.006775104099560094,2.199627452118412,0.0,0.023652881798082215,0.0,0.0,0.0,0.0,1.3188208708308526,0.0,0.0,0.0,0.0,0.0,0.0,0.0,0.0,0.0,0.0,0.0,0.0,0.0,0.0,0.0,0.0,0.0,0.0,0.013833614457353252,0.013833614457353252
2018/09/18 23:00:00,2018/09/19 00:00:00,2018/09/19 04:00:00,2.7193745039197714,2.7193745039197714,0.8542162614949187,0.0,0.0,0.0,0.13094360677997474,0.026779722120023,0.0,0.002866353705536267,0.385747688988466,0.0,0.0,0.0,0.0,0.0,0.0,1.3188208708308526,0.0,0.0,0.0,0.0,0.0,0.0,0.0,0.0,0.0,0.0,0.0,0.0,0.0,0.0,0.0,0.0,0.0,0.0,0.009278883537784466,0.009278883537784466
2018/09/19 00:00:00,2018/09/19 01:00:00,2018/09/19 05:00:00,3.480992273745942,3.480992273745942,1.7773425651919996,0.0,0.0,0.0,0.06501908921459039,0.013297274945155983,0.0,0.0014232669458539432,0.3050892066174897,0.0,0.0,0.0,0.0,0.0,0.0,1.3188208708308526,0.0,0.0,0.0,0.0,0.0,0.0,0.0,0.0,0.0,0.0,0.0,0.0,0.0,0.0,0.0,0.0,0.0,0.0,0.0118776291597419,0.0118776291597419
2018/09/19 01:00:00,2018/09/19 02:00:00,2018/09/19 06:00:00,4.350559035346087,4.350559035346087,2.608246085374541,0.0,0.0,0.0,0.03901145352875434,0.00797836496709361,0.0,0.0008539601675123682,0.3756483004773328,0.0,0.0,0.0,0.0,0.0,0.0,1.3188208708308526,0.0,0.0,0.0,0.0,0.0,0.0,0.0,0.0,0.0,0.0,0.0,0.0,0.0,0.0,0.0,0.0,0.0,0.0,0.01484471173611593,0.01484471173611593
2018/09/19 02:00:00,2018/09/19 03:00:00,2018/09/19 07:00:00,4.809827046406344,4.809827046406344,2.196608254190499,0.0,0.0,0.0,0.026007635685836212,0.005318909978062404,0.0,0.0005693067783415784,2.2051022431309333,0.0,0.0,0.0,0.0,0.0,0.0,0.37622069664267105,0.0,0.0,0.0,0.0,0.0,0.0,0.0,0.0,0.0,0.0,0.0,0.0,0.0,0.0,0.0,0.0,0.0,0.0,0.016411797983749497,0.016411797983749497
2018/09/19 03:00:00,2018/09/19 04:00:00,2018/09/19 08:00:00,4.318446292190965,4.318446292190965,2.3722635641768552,0.0,0.0,0.0,0.026007635685836212,0.005318909978062404,0.0,0.0005693067783415784,1.91428687557187,0.0,0.0,0.0,0.0,0.0,0.0,0.0,0.0,0.0,0.0,0.0,0.0,0.0,0.0,0.0,0.0,0.0,0.0,0.0,0.0,0.0,0.0,0.0,0.0,0.0,0.014735138595900909,0.014735138595900909
2018/09/19 04:00:00,2018/09/19 05:00:00,2018/09/19 09:00:00,4.570441338674566,4.570441338674566,2.605351600781426,0.0,0.0,0.0,0.027249552419694536,0.005572898590769679,0.0,0.0005964923181292811,1.931670794564547,0.0,0.0,0.0,0.0,0.0,0.0,0.0,0.0,0.0,0.0,0.0,0.0,0.0,0.0,0.0,0.0,0.0,0.0,0.0,0.0,0.0,0.0,0.0,0.0,0.0,0.015594980697475934,0.015594980697475934
2018/09/19 05:00:00,2018/09/19 06:00:00,2018/09/19 10:00:00,3.2023559991089234,3.2023559991089234,2.8574432097545297,0.0,0.0,0.0,0.07103552208494862,0.014527716082253228,0.0,0.0015549665765280758,0.25779458461066423,0.0,0.0,0.0,0.0,0.0,0.0,0.0,0.0,0.0,0.0,0.0,0.0,0.0,0.0,0.0,0.0,0.0,0.0,0.0,0.0,0.0,0.0,0.0,0.0,0.0,0.010926883487149793,0.010926883487149793
2018/09/19 06:00:00,2018/09/19 07:00:00,2018/09/19 11:00:00,3.7896014078982834,3.7896014078982834,2.8680631845167284,0.0,0.0,0.0,0.1667717967174164,0.03410706702965493,0.0,0.0036506322779327363,0.31514973276137404,0.0,0.0,0.0,0.0,0.0,0.0,0.40185899459517727,0.0,0.0,0.0,0.0,0.0,0.0,0.0,0.0,0.0,0.0,0.0,0.0,0.0,0.0,0.0,0.0,0.0,0.0,0.012930646392332882,0.012930646392332882
2018/09/19 07:00:00,2018/09/19 08:00:00,2018/09/19 12:00:00,3.333550750728319,3.333550750728319,2.7146186595206325,0.0,0.0,0.0,0.21104540955177992,0.043161614083227134,0.0,0.004619781038425436,0.36010528653425383,0.0,0.0,0.0,0.0,0.0,0.0,0.0,0.0,0.0,0.0,0.0,0.0,0.0,0.0,0.0,0.0,0.0,0.0,0.0,0.0,0.0,0.0,0.0,0.0,0.0,0.01137453820307444,0.01137453820307444
2018/09/19 08:00:00,2018/09/19 09:00:00,2018/09/19 13:00:00,2.2003779076731043,2.2003779076731043,1.64336829759983,0.0,0.0,0.0,0.21211882851794048,0.043381142644712725,0.0,0.004643278164454789,0.29686636074616646,0.0,0.0,0.0,0.0,0.0,0.0,0.0,0.0,0.0,0.0,0.0,0.0,0.0,0.0,0.0,0.0,0.0,0.0,0.0,0.0,0.0,0.0,0.0,0.0,0.0,0.007507995060990301,0.007507995060990301
2018/09/19 09:00:00,2018/09/19 10:00:00,2018/09/19 14:00:00,0.9544479758834298,0.9544479758834298,0.46108515087799556,0.0,0.0,0.0,0.2062198728771374,0.04217472717515497,0.0,0.004514150108678676,0.24045407484446327,0.0,0.0,0.0,0.0,0.0,0.0,0.0,0.0,0.0,0.0,0.0,0.0,0.0,0.0,0.0,0.0,0.0,0.0,0.0,0.0,0.0,0.0,0.0,0.0,0.0,0.0032567090697992887,0.0032567090697992887
2018/09/19 10:00:00,2018/09/19 11:00:00,2018/09/19 15:00:00,0.4822869629870232,0.4822869629870232,0.0,0.0,0.0,0.0,0.19995148025023965,0.040892756891797895,0.0,0.004376935082487628,0.23706579076249806,0.0,0.0,0.0,0.0,0.0,0.0,0.0,0.0,0.0,0.0,0.0,0.0,0.0,0.0,0.0,0.0,0.0,0.0,0.0,0.0,0.0,0.0,0.0,0.0,0.0,0.0016456301090187694,0.0016456301090187694
2018/09/19 11:00:00,2018/09/19 12:00:00,2018/09/19 16:00:00,1.0059813495948238,1.0059813495948238,0.0,0.0,0.07917648852848938,0.0,0.19126679222895843,0.03911662182397593,0.0,0.004186827384193855,0.2521460954047706,0.0,0.030678295743489164,0.0,0.0,0.0,0.0,0.4094102284809463,0.0,0.0,0.0,0.0,0.0,0.0,0.0,0.0,0.0,0.0,0.0,0.0,0.0,0.0,0.0,0.0,0.0,0.0,0.0034325480990642534,0.0034325480990642534
2018/09/19 12:00:00,2018/09/19 13:00:00,2018/09/19 17:00:00,2.0004788813767522,2.0004788813767522,0.0,0.0,0.1422142034866154,0.0,0.1849983996020602,0.03783465154061874,0.0,0.004049612358002795,0.25819048102071934,0.0,0.05437066253788298,0.0,0.0,0.0,0.0,1.3188208708308526,0.0,0.0,0.0,0.0,0.0,0.0,0.0,0.0,0.0,0.0,0.0,0.0,0.0,0.0,0.0,0.0,0.0,0.0,0.006825911816609376,0.006825911816609376
2018/09/19 13:00:00,2018/09/19 14:00:00,2018/09/19 18:00:00,1.2011734135797385,1.2011734135797385,0.0,0.0,0.34256273833184897,0.0,0.1831538331348946,0.037457412982453704,0.0,0.004009234824052993,0.26620885734512484,0.0,0.12884759301694715,0.0,0.0,0.0,0.0,0.2389337439444162,0.0,0.0,0.0,0.0,0.0,0.0,0.0,0.0,0.0,0.0,0.0,0.0,0.0,0.0,0.0,0.0,0.0,0.0,0.004098570534225406,0.004098570534225406
2018/09/19 14:00:00,2018/09/19 15:00:00,2018/09/19 19:00:00,1.4026306165527027,1.4026306165527027,0.0,0.0,0.6444488135923325,0.0,0.18302017057615164,0.03743007719822559,0.0,0.004006308952527337,0.2956372840816883,0.0,0.2380879621517772,0.0,0.0,0.0,0.0,0.0,0.0,0.0,0.0,0.0,0.0,0.0,0.0,0.0,0.0,0.0,0.0,0.0,0.0,0.0,0.0,0.0,0.0,0.0,0.004785970493862995,0.004785970493862995
2018/09/19 15:00:00,2018/09/19 16:00:00,2018/09/19 20:00:00,1.823675517058466,1.823675517058466,0.0,0.0,0.8983522375194242,0.0,0.18349684026526766,0.037527562536620276,0.0,0.0040167432452989605,0.37050203793802905,0.0,0.32978009555382587,0.0,0.0,0.0,0.0,0.0,0.0,0.0,0.0,0.0,0.0,0.0,0.0,0.0,0.0,0.0,0.0,0.0,0.0,0.0,0.0,0.0,0.0,0.0,0.006222634178963975,0.006222634178963975
2018/09/19 16:00:00,2018/09/19 17:00:00,2018/09/19 21:00:00,4.538773501316748,4.538773501316748,0.0,0.0,1.0041754289285407,0.0,0.18612867792959029,0.03806580860337172,0.0,0.004074354134650564,2.489335845987811,0.0,0.3712281893527816,0.0,0.0,0.0,0.0,0.4457651963800018,0.0,0.0,0.0,0.0,0.0,0.0,0.0,0.0,0.0,0.0,0.0,0.0,0.0,0.0,0.0,0.0,0.0,0.0,0.015486925637640245,0.015486925637640245
2018/09/19 17:00:00,2018/09/19 18:00:00,2018/09/19 22:00:00,5.562802259508568,5.562802259508568,0.0,0.0,0.9580464570808706,0.0,0.19696408002817453,0.04028179351775072,0.0,0.004311540933762028,3.904057115684472,0.0,0.35937157425402694,0.0,0.0,0.0,0.0,0.09976969800951101,0.0,0.0,0.0,0.0,0.0,0.0,0.0,0.0,0.0,0.0,0.0,0.0,0.0,0.0,0.0,0.0,0.0,0.0,0.018981054001684167,0.018981054001684167
2018/09/19 18:00:00,2018/09/19 19:00:00,2018/09/19 23:00:00,1.8962954617511083,1.8962954617511083,0.0,0.0,0.7719093238548952,0.0,0.22873324489695904,0.04677901341334135,0.0,0.005006967504655592,0.5513214305361466,0.0,0.2925454815451105,0.0,0.0,0.0,0.0,0.0,0.0,0.0,0.0,0.0,0.0,0.0,0.0,0.0,0.0,0.0,0.0,0.0,0.0,0.0,0.0,0.0,0.0,0.0,0.006470423517413717,0.006470423517413717
2018/09/19 19:00:00,2018/09/19 20:00:00,2018/09/20 00:00:00,1.586378299005571,1.586378299005571,0.0,0.0,0.5194513896977513,0.0,0.29344032222657884,0.060012477747325606,0.0,0.0064234045147482585,0.5057812013940799,0.0,0.20126950342508712,0.0,0.0,0.0,0.0,0.0,0.0,0.0,0.0,0.0,0.0,0.0,0.0,0.0,0.0,0.0,0.0,0.0,0.0,0.0,0.0,0.0,0.0,0.0,0.005412943109573108,0.005412943109573108
2018/09/19 20:00:00,2018/09/19 21:00:00,2018/09/20 01:00:00,1.4715699116158254,1.4715699116158254,0.0,0.0,0.28512856011778287,0.0,0.3798491860217515,0.07768424819908869,0.0,0.008314893324481805,0.6089229556408596,0.0,0.11167006831186084,0.0,0.0,0.0,0.0,0.0,0.0,0.0,0.0,0.0,0.0,0.0,0.0,0.0,0.0,0.0,0.0,0.0,0.0,0.0,0.0,0.0,0.0,0.0,0.0050212009445220075,0.0050212009445220075
2018/09/19 21:00:00,2018/09/19 22:00:00,2018/09/20 02:00:00,1.1932209164097816,1.1932209164097816,0.0,0.0,0.13318271820691602,0.0,0.44204960907651225,0.0904050681468183,0.0,0.009676459707852593,0.4657559093404247,0.0,0.052151151931257626,0.0,0.0,0.0,0.0,0.0,0.0,0.0,0.0,0.0,0.0,0.0,0.0,0.0,0.0,0.0,0.0,0.0,0.0,0.0,0.0,0.0,0.0,0.0,0.004071435509252484,0.004071435509252484
2018/09/19 22:00:00,2018/09/19 23:00:00,2018/09/20 03:00:00,0.8040854248212155,0.8040854248212155,0.0,0.0,0.01873690210921278,0.0,0.3095070107337689,0.06329833082707534,0.0,0.006775104099560094,0.39843385714884805,0.0,0.007334219902750232,0.0,0.0,0.0,0.0,0.0,0.0,0.0,0.0,0.0,0.0,0.0,0.0,0.0,0.0,0.0,0.0,0.0,0.0,0.0,0.0,0.0,0.0,0.0,0.0027436511597029095,0.0027436511597029095
2018/09/19 23:00:00,2018/09/20 00:00:00,2018/09/20 04:00:00,0.5004766551656511,0.5004766551656511,0.0,0.0,0.0,0.0,0.13094360677997474,0.026779722120023,0.0,0.002866353705536267,0.33988697256011713,0.0,0.0,0.0,0.0,0.0,0.0,0.0,0.0,0.0,0.0,0.0,0.0,0.0,0.0,0.0,0.0,0.0,0.0,0.0,0.0,0.0,0.0,0.0,0.0,0.0,0.0017076958653426423,0.0017076958653426423
2018/09/20 00:00:00,2018/09/20 01:00:00,2018/09/20 05:00:00,1.4625703419248466,1.4625703419248466,0.0439002506505318,0.0,0.0,0.0,0.06501908921459039,0.013297274945155983,0.0,0.0014232669458539432,1.3389304601687144,0.0,0.0,0.0,0.0,0.0,0.0,0.0,0.0,0.0,0.0,0.0,0.0,0.0,0.0,0.0,0.0,0.0,0.0,0.0,0.0,0.0,0.0,0.0,0.0,0.0,0.004990493162665408,0.004990493162665408
2018/09/20 01:00:00,2018/09/20 02:00:00,2018/09/20 06:00:00,0.5403136192970341,0.5403136192970341,0.19986845945675139,0.0,0.0,0.0,0.03901145352875434,0.00797836496709361,0.0,0.0008539601675123682,0.2926013811769224,0.0,0.0,0.0,0.0,0.0,0.0,0.0,0.0,0.0,0.0,0.0,0.0,0.0,0.0,0.0,0.0,0.0,0.0,0.0,0.0,0.0,0.0,0.0,0.0,0.0,0.0018436251204493547,0.0018436251204493547
2018/09/20 02:00:00,2018/09/20 03:00:00,2018/09/20 07:00:00,0.6559804697001023,0.6559804697001023,0.3615748319929267,0.0,0.0,0.0,0.026007635685836212,0.005318909978062404,0.0,0.0005693067783415784,0.2625097852649354,0.0,0.0,0.0,0.0,0.0,0.0,0.0,0.0,0.0,0.0,0.0,0.0,0.0,0.0,0.0,0.0,0.0,0.0,0.0,0.0,0.0,0.0,0.0,0.0,0.0,0.002238296480545357,0.002238296480545357
2018/09/20 03:00:00,2018/09/20 04:00:00,2018/09/20 08:00:00,1.1950398009089696,1.1950398009089696,0.5107928334465569,0.0,0.0,0.0,0.026007635685836212,0.005318909978062404,0.0,0.0005693067783415784,0.25071992479679983,0.0,0.0,0.0,0.0,0.0,0.0,0.4016311902233727,0.0,0.0,0.0,0.0,0.0,0.0,0.0,0.0,0.0,0.0,0.0,0.0,0.0,0.0,0.0,0.0,0.0,0.0,0.004077641795812985,0.004077641795812985
2018/09/20 04:00:00,2018/09/20 05:00:00,2018/09/20 09:00:00,0.9800695989238042,0.9800695989238042,0.7097700815417424,0.0,0.0,0.0,0.027249552419694536,0.005572898590769679,0.0,0.0005964923181292811,0.23688057405346816,0.0,0.0,0.0,0.0,0.0,0.0,0.0,0.0,0.0,0.0,0.0,0.0,0.0,0.0,0.0,0.0,0.0,0.0,0.0,0.0,0.0,0.0,0.0,0.0,0.0,0.0033441336065440307,0.0033441336065440307
2018/09/20 05:00:00,2018/09/20 06:00:00,2018/09/20 10:00:00,1.2022995462174642,1.2022995462174642,0.85738675686307,0.0,0.0,0.0,0.07103552208494862,0.014527716082253228,0.0,0.0015549665765280758,0.25779458461066423,0.0,0.0,0.0,0.0,0.0,0.0,0.0,0.0,0.0,0.0,0.0,0.0,0.0,0.0,0.0,0.0,0.0,0.0,0.0,0.0,0.0,0.0,0.0,0.0,0.0,0.004102413055208997,0.004102413055208997
2018/09/20 06:00:00,2018/09/20 07:00:00,2018/09/20 11:00:00,1.441180994426825,1.441180994426825,0.9215017656404471,0.0,0.0,0.0,0.1667717967174164,0.03410706702965493,0.0,0.0036506322779327363,0.31514973276137404,0.0,0.0,0.0,0.0,0.0,0.0,0.0,0.0,0.0,0.0,0.0,0.0,0.0,0.0,0.0,0.0,0.0,0.0,0.0,0.0,0.0,0.0,0.0,0.0,0.0,0.004917509737948708,0.004917509737948708
2018/09/20 07:00:00,2018/09/20 08:00:00,2018/09/20 12:00:00,1.7024761913493258,1.7024761913493258,0.715622174461471,0.0,0.0,0.0,0.21104540955177992,0.043161614083227134,0.0,0.004619781038425436,0.36010528653425383,0.0,0.0,0.0,0.0,0.0,0.0,0.3679219256801686,0.0,0.0,0.0,0.0,0.0,0.0,0.0,0.0,0.0,0.0,0.0,0.0,0.0,0.0,0.0,0.0,0.0,0.0,0.005809085244643931,0.005809085244643931
2018/09/20 08:00:00,2018/09/20 09:00:00,2018/09/20 13:00:00,2.313368393711758,2.313368393711758,0.4375379128076307,0.0,0.0,0.0,0.21211882851794048,0.043381142644712725,0.0,0.004643278164454789,0.29686636074616646,0.0,0.0,0.0,0.0,0.0,0.0,1.3188208708308526,0.0,0.0,0.0,0.0,0.0,0.0,0.0,0.0,0.0,0.0,0.0,0.0,0.0,0.0,0.0,0.0,0.0,0.0,0.007893534294118766,0.007893534294118766
2018/09/20 09:00:00,2018/09/20 10:00:00,2018/09/20 14:00:00,2.2735248001771415,2.2735248001771415,0.46134110434085435,0.0,0.0,0.0,0.2062198728771374,0.04217472717515497,0.0,0.004514150108678676,0.24045407484446327,0.0,0.0,0.0,0.0,0.0,0.0,1.3188208708308526,0.0,0.0,0.0,0.0,0.0,0.0,0.0,0.0,0.0,0.0,0.0,0.0,0.0,0.0,0.0,0.0,0.0,0.0,0.007757582418567374,0.007757582418567374
2018/09/20 10:00:00,2018/09/20 11:00:00,2018/09/20 15:00:00,1.00440465567845,1.00440465567845,0.13284632851625022,0.0,0.0,0.0,0.19995148025023965,0.040892756891797895,0.0,0.004376935082487628,0.23706579076249806,0.0,0.0,0.0,0.0,0.0,0.0,0.3892713641751766,0.0,0.0,0.0,0.0,0.0,0.0,0.0,0.0,0.0,0.0,0.0,0.0,0.0,0.0,0.0,0.0,0.0,0.0,0.003427168200413414,0.003427168200413414
2018/09/20 11:00:00,2018/09/20 12:00:00,2018/09/20 16:00:00,0.4867163368418988,0.4867163368418988,0.0,0.0,0.0,0.0,0.19126679222895843,0.03911662182397593,0.0,0.004186827384193855,0.2521460954047706,0.0,0.0,0.0,0.0,0.0,0.0,0.0,0.0,0.0,0.0,0.0,0.0,0.0,0.0,0.0,0.0,0.0,0.0,0.0,0.0,0.0,0.0,0.0,0.0,0.0,0.0016607437478667678,0.0016607437478667678
2018/09/20 12:00:00,2018/09/20 13:00:00,2018/09/20 17:00:00,0.49140240332359014,0.49140240332359014,0.0,0.0,0.004639902514988429,0.0,0.1849983996020602,0.03783465154061874,0.0,0.004049612358002795,0.25819048102071934,0.0,0.001689356287200657,0.0,0.0,0.0,0.0,0.0,0.0,0.0,0.0,0.0,0.0,0.0,0.0,0.0,0.0,0.0,0.0,0.0,0.0,0.0,0.0,0.0,0.0,0.0,0.0016767332576129443,0.0016767332576129443
2018/09/20 13:00:00,2018/09/20 14:00:00,2018/09/20 18:00:00,0.7453292700620421,0.7453292700620421,0.0,0.0,0.18793150698204347,0.0,0.1831538331348946,0.037457412982453704,0.0,0.004009234824052993,0.26620885734512484,0.0,0.0665684247934725,0.0,0.0,0.0,0.0,0.0,0.0,0.0,0.0,0.0,0.0,0.0,0.0,0.0,0.0,0.0,0.0,0.0,0.0,0.0,0.0,0.0,0.0,0.0,0.002543166998233954,0.002543166998233954
2018/09/20 14:00:00,2018/09/20 15:00:00,2018/09/20 19:00:00,1.270813436576574,1.270813436576574,0.0,0.0,0.5217544933638492,0.0,0.18302017057615164,0.03743007719822559,0.0,0.004006308952527337,0.3430287783537689,0.0,0.18157360813205134,0.0,0.0,0.0,0.0,0.0,0.0,0.0,0.0,0.0,0.0,0.0,0.0,0.0,0.0,0.0,0.0,0.0,0.0,0.0,0.0,0.0,0.0,0.0,0.004336191965927751,0.004336191965927751
2018/09/20 15:00:00,2018/09/20 16:00:00,2018/09/20 20:00:00,2.8897581102622714,2.8897581102622714,0.0,0.0,0.9698247741506707,0.0,0.18349684026526766,0.037527562536620276,0.0,0.0040167432452989605,1.3676688585304235,0.0,0.3272233315339901,0.0,0.0,0.0,0.0,0.0,0.0,0.0,0.0,0.0,0.0,0.0,0.0,0.0,0.0,0.0,0.0,0.0,0.0,0.0,0.0,0.0,0.0,0.0,0.009860256069490165,0.009860256069490165
2018/09/20 16:00:00,2018/09/20 17:00:00,2018/09/20 21:00:00,2.6991392588081435,2.6991392588081435,0.0,0.0,1.3055063651536982,0.0,0.18612867792959029,0.03806580860337172,0.0,0.004074354134650564,0.7352097424206989,0.0,0.4301543105661335,0.0,0.0,0.0,0.0,0.0,0.0,0.0,0.0,0.0,0.0,0.0,0.0,0.0,0.0,0.0,0.0,0.0,0.0,0.0,0.0,0.0,0.0,0.0,0.009209838070718904,0.009209838070718904
2018/09/20 17:00:00,2018/09/20 18:00:00,2018/09/20 22:00:00,3.1198697130103783,3.1198697130103783,0.0,0.0,1.4755109384478555,0.0,0.19696408002817453,0.04028179351775072,0.0,0.004311540933762028,0.5350858754207735,0.0,0.4873865795273782,0.0,0.0,0.0,0.0,0.3803289051346832,0.0,0.0,0.0,0.0,0.0,0.0,0.0,0.0,0.0,0.0,0.0,0.0,0.0,0.0,0.0,0.0,0.0,0.0,0.010645428821354578,0.010645428821354578
2018/09/20 18:00:00,2018/09/20 19:00:00,2018/09/20 23:00:00,3.235181367110161,3.235181367110161,0.0,0.0,1.4604152410164808,0.0,0.22873324489695904,0.04677901341334135,0.0,0.005006967504655592,0.5513214305361466,0.0,0.4950413129012858,0.0,0.0,0.0,0.0,0.4478841568412914,0.0,0.0,0.0,0.0,0.0,0.0,0.0,0.0,0.0,0.0,0.0,0.0,0.0,0.0,0.0,0.0,0.0,0.0,0.011038888202325788,0.011038888202325788
2018/09/20 19:00:00,2018/09/20 20:00:00,2018/09/21 00:00:00,3.6725555242961287,3.6725555242961287,0.0,0.0,1.1027567315102813,0.0,0.29344032222657884,0.060012477747325606,0.0,0.0064234045147482585,0.5005084163794185,0.0,0.39059330108692364,0.0,0.0,0.0,0.0,1.3188208708308526,0.0,0.0,0.0,0.0,0.0,0.0,0.0,0.0,0.0,0.0,0.0,0.0,0.0,0.0,0.0,0.0,0.0,0.0,0.012531269579409173,0.012531269579409173
2018/09/20 20:00:00,2018/09/20 21:00:00,2018/09/21 01:00:00,3.2464390560255922,3.2464390560255922,0.0,0.0,0.7119862970600449,0.0,0.3798491860217515,0.07768424819908869,0.0,0.008314893324481805,0.49005820397958605,0.0,0.25972535660978613,0.0,0.0,0.0,0.0,1.3188208708308526,0.0,0.0,0.0,0.0,0.0,0.0,0.0,0.0,0.0,0.0,0.0,0.0,0.0,0.0,0.0,0.0,0.0,0.0,0.011077301000636698,0.011077301000636698
2018/09/20 21:00:00,2018/09/20 22:00:00,2018/09/21 02:00:00,2.7191208986772035,2.7191208986772035,0.0,0.0,0.5039959050772069,0.0,0.44204960907651225,0.0904050681468183,0.0,0.009676459707852593,0.4657559093404247,0.0,0.18746642564709076,0.0,0.0,0.0,0.0,1.0197715216812977,0.0,0.0,0.0,0.0,0.0,0.0,0.0,0.0,0.0,0.0,0.0,0.0,0.0,0.0,0.0,0.0,0.0,0.0,0.009278018201470188,0.009278018201470188
2018/09/20 22:00:00,2018/09/20 23:00:00,2018/09/21 03:00:00,1.2149661669007688,1.2149661669007688,0.0,0.0,0.31709874001675886,0.0,0.3095070107337689,0.06329833082707534,0.0,0.006775104099560094,0.39843385714884805,0.0,0.11985312407475757,0.0,0.0,0.0,0.0,0.0,0.0,0.0,0.0,0.0,0.0,0.0,0.0,0.0,0.0,0.0,0.0,0.0,0.0,0.0,0.0,0.0,0.0,0.0,0.004145633324417325,0.004145633324417325
2018/09/20 23:00:00,2018/09/21 00:00:00,2018/09/21 04:00:00,0.7250712812219011,0.7250712812219011,0.0,0.0,0.16264609057793153,0.0,0.13094360677997474,0.026779722120023,0.0,0.002866353705536267,0.33988697256011713,0.0,0.061948535478318446,0.0,0.0,0.0,0.0,0.0,0.0,0.0,0.0,0.0,0.0,0.0,0.0,0.0,0.0,0.0,0.0,0.0,0.0,0.0,0.0,0.0,0.0,0.0,0.0024740439264075253,0.0024740439264075253
2018/09/21 00:00:00,2018/09/21 01:00:00,2018/09/21 05:00:00,0.4163531653178354,0.4163531653178354,0.0,0.0,0.022791016917072294,0.0,0.06501908921459039,0.013297274945155983,0.0,0.0014232669458539432,0.3050892066174897,0.0,0.00873331067767305,0.0,0.0,0.0,0.0,0.0,0.0,0.0,0.0,0.0,0.0,0.0,0.0,0.0,0.0,0.0,0.0,0.0,0.0,0.0,0.0,0.0,0.0,0.0,0.0014206548329417203,0.0014206548329417203
2018/09/21 01:00:00,2018/09/21 02:00:00,2018/09/21 06:00:00,0.34044515984028273,0.34044515984028273,0.0,0.0,0.0,0.0,0.03901145352875434,0.00797836496709361,0.0,0.0008539601675123682,0.2926013811769224,0.0,0.0,0.0,0.0,0.0,0.0,0.0,0.0,0.0,0.0,0.0,0.0,0.0,0.0,0.0,0.0,0.0,0.0,0.0,0.0,0.0,0.0,0.0,0.0,0.0,0.001161646174370986,0.001161646174370986
2018/09/21 02:00:00,2018/09/21 03:00:00,2018/09/21 07:00:00,0.29440563770717565,0.29440563770717565,0.0,0.0,0.0,0.0,0.026007635685836212,0.005318909978062404,0.0,0.0005693067783415784,0.2625097852649354,0.0,0.0,0.0,0.0,0.0,0.0,0.0,0.0,0.0,0.0,0.0,0.0,0.0,0.0,0.0,0.0,0.0,0.0,0.0,0.0,0.0,0.0,0.0,0.0,0.0,0.0010045529298058915,0.0010045529298058915
2018/09/21 03:00:00,2018/09/21 04:00:00,2018/09/21 08:00:00,0.3192708447283884,0.3192708447283884,0.03665506748934835,0.0,0.0,0.0,0.026007635685836212,0.005318909978062404,0.0,0.0005693067783415784,0.25071992479679983,0.0,0.0,0.0,0.0,0.0,0.0,0.0,0.0,0.0,0.0,0.0,0.0,0.0,0.0,0.0,0.0,0.0,0.0,0.0,0.0,0.0,0.0,0.0,0.0,0.0,0.0010893964700244847,0.0010893964700244847
2018/09/21 04:00:00,2018/09/21 05:00:00,2018/09/21 09:00:00,0.5397773931008921,0.5397773931008921,0.2694778757188305,0.0,0.0,0.0,0.027249552419694536,0.005572898590769679,0.0,0.0005964923181292811,0.23688057405346816,0.0,0.0,0.0,0.0,0.0,0.0,0.0,0.0,0.0,0.0,0.0,0.0,0.0,0.0,0.0,0.0,0.0,0.0,0.0,0.0,0.0,0.0,0.0,0.0,0.0,0.0018417954421844672,0.0018417954421844672
2018/09/21 05:00:00,2018/09/21 06:00:00,2018/09/21 10:00:00,0.7330093661753337,0.7330093661753337,0.3880965768209397,0.0,0.0,0.0,0.07103552208494862,0.014527716082253228,0.0,0.0015549665765280758,0.25779458461066423,0.0,0.0,0.0,0.0,0.0,0.0,0.0,0.0,0.0,0.0,0.0,0.0,0.0,0.0,0.0,0.0,0.0,0.0,0.0,0.0,0.0,0.0,0.0,0.0,0.0,0.0025011297748957608,0.0025011297748957608
2018/09/21 06:00:00,2018/09/21 07:00:00,2018/09/21 11:00:00,1.7980127931643686,1.7980127931643686,0.0,0.0,0.0,0.0,0.1667717967174164,0.03410706702965493,0.0,0.0036506322779327363,0.31514973276137404,0.0,0.0,0.0,0.0,0.0,0.0,1.2783335643779905,0.0,0.0,0.0,0.0,0.0,0.0,0.0,0.0,0.0,0.0,0.0,0.0,0.0,0.0,0.0,0.0,0.0,0.0,0.00613506940039728,0.00613506940039728
2018/09/21 07:00:00,2018/09/21 08:00:00,2018/09/21 12:00:00,1.950246955833353,1.950246955833353,0.01249399379481387,0.0,0.0,0.0,0.21104540955177992,0.043161614083227134,0.0,0.004619781038425436,0.36010528653425383,0.0,0.0,0.0,0.0,0.0,0.0,1.3188208708308526,0.0,0.0,0.0,0.0,0.0,0.0,0.0,0.0,0.0,0.0,0.0,0.0,0.0,0.0,0.0,0.0,0.0,0.0,0.006654513509269207,0.006654513509269207
2018/09/21 08:00:00,2018/09/21 09:00:00,2018/09/21 13:00:00,1.8758304809041273,1.8758304809041273,0.0,0.0,0.0,0.0,0.21211882851794048,0.043381142644712725,0.0,0.004643278164454789,0.29686636074616646,0.0,0.0,0.0,0.0,0.0,0.0,1.3188208708308526,0.0,0.0,0.0,0.0,0.0,0.0,0.0,0.0,0.0,0.0,0.0,0.0,0.0,0.0,0.0,0.0,0.0,0.0,0.006400594160108053,0.006400594160108053
2018/09/21 09:00:00,2018/09/21 10:00:00,2018/09/21 14:00:00,1.8163457314987634,1.8163457314987634,0.0,0.0,0.07152316190849314,0.0,0.2062198728771374,0.04217472717515497,0.0,0.004514150108678676,0.24045407484446327,0.0,0.025693645862469944,0.0,0.0,0.0,0.0,1.225766098722366,0.0,0.0,0.0,0.0,0.0,0.0,0.0,0.0,0.0,0.0,0.0,0.0,0.0,0.0,0.0,0.0,0.0,0.0,0.006197623932502011,0.006197623932502011
2018/09/21 10:00:00,2018/09/21 11:00:00,2018/09/21 15:00:00,1.035771018913312,1.035771018913312,0.0,0.0,0.4100217257841239,0.0,0.19995148025023965,0.040892756891797895,0.0,0.004376935082487628,0.23706579076249806,0.0,0.14346233014216506,0.0,0.0,0.0,0.0,0.0,0.0,0.0,0.0,0.0,0.0,0.0,0.0,0.0,0.0,0.0,0.0,0.0,0.0,0.0,0.0,0.0,0.0,0.0,0.00353419458866579,0.00353419458866579
2018/09/21 11:00:00,2018/09/21 12:00:00,2018/09/21 16:00:00,1.913300923180714,1.913300923180714,0.0,0.0,0.801371982934982,0.0,0.19126679222895843,0.03911662182397593,0.0,0.004186827384193855,0.2521460954047706,0.0,0.2716900065653648,0.0,0.0,0.0,0.0,0.35352259683846865,0.0,0.0,0.0,0.0,0.0,0.0,0.0,0.0,0.0,0.0,0.0,0.0,0.0,0.0,0.0,0.0,0.0,0.0,0.00652844851392823,0.00652844851392823
2018/09/21 12:00:00,2018/09/21 13:00:00,2018/09/21 17:00:00,2.7829420202524955,2.7829420202524955,0.0,0.0,1.0410671883071718,0.0,0.1849983996020602,0.03783465154061874,0.0,0.004049612358002795,0.25819048102071934,0.0,0.34405092444121005,0.0,0.0,0.0,0.0,0.9127507629827126,0.0,0.0,0.0,0.0,0.0,0.0,0.0,0.0,0.0,0.0,0.0,0.0,0.0,0.0,0.0,0.0,0.0,0.0,0.009495784733256936,0.009495784733256936
2018/09/21 13:00:00,2018/09/21 14:00:00,2018/09/21 18:00:00,2.244781222967502,2.244781222967502,0.0,0.0,1.3236949742301947,0.0,0.1831538331348946,0.037457412982453704,0.0,0.004009234824052993,0.26620885734512484,0.0,0.4302569104507809,0.0,0.0,0.0,0.0,0.0,0.0,0.0,0.0,0.0,0.0,0.0,0.0,0.0,0.0,0.0,0.0,0.0,0.0,0.0,0.0,0.0,0.0,0.0,0.007659505340546998,0.007659505340546998
2018/09/21 14:00:00,2018/09/21 15:00:00,2018/09/21 19:00:00,3.308860994670995,3.308860994670995,0.0,0.0,1.4761107474842263,0.0,0.18302017057615164,0.03743007719822559,0.0,0.004006308952527337,0.6547996514717686,0.0,0.48405426985537303,0.0,0.0,0.0,0.0,0.4694397691327226,0.0,0.0,0.0,0.0,0.0,0.0,0.0,0.0,0.0,0.0,0.0,0.0,0.0,0.0,0.0,0.0,0.0,0.0,0.011290293325915374,0.011290293325915374
2018/09/21 15:00:00,2018/09/21 16:00:00,2018/09/21 20:00:00,2.5834202822336416,2.5834202822336416,0.0,0.0,1.5637614247271996,0.0,0.18349684026526766,0.037527562536620276,0.0,0.0040167432452989605,0.28373458382035643,0.0,0.5108831276388986,0.0,0.0,0.0,0.0,0.0,0.0,0.0,0.0,0.0,0.0,0.0,0.0,0.0,0.0,0.0,0.0,0.0,0.0,0.0,0.0,0.0,0.0,0.0,0.008814988848885466,0.008814988848885466
2018/09/21 16:00:00,2018/09/21 17:00:00,2018/09/21 21:00:00,2.9064975948090948,2.9064975948090948,0.0,0.0,1.7332391844063386,0.0,0.18612867792959029,0.03806580860337172,0.0,0.004074354134650564,0.38388522406492354,0.0,0.5611043456702204,0.0,0.0,0.0,0.0,0.0,0.0,0.0,0.0,0.0,0.0,0.0,0.0,0.0,0.0,0.0,0.0,0.0,0.0,0.0,0.0,0.0,0.0,0.0,0.009917373515935527,0.009917373515935527
2018/09/21 17:00:00,2018/09/21 18:00:00,2018/09/21 22:00:00,3.054530720003513,3.054530720003513,0.0,0.0,1.7147355974782412,0.0,0.19696408002817453,0.04028179351775072,0.0,0.004311540933762028,0.5350858754207735,0.0,0.5631518326248106,0.0,0.0,0.0,0.0,0.0,0.0,0.0,0.0,0.0,0.0,0.0,0.0,0.0,0.0,0.0,0.0,0.0,0.0,0.0,0.0,0.0,0.0,0.0,0.010422483101405774,0.010422483101405774
2018/09/21 18:00:00,2018/09/21 19:00:00,2018/09/21 23:00:00,2.8073063142814356,2.8073063142814356,0.0,0.0,1.4783585864426818,0.0,0.22873324489695904,0.04677901341334135,0.0,0.005006967504655592,0.5513214305361466,0.0,0.4971070714876509,0.0,0.0,0.0,0.0,0.0,0.0,0.0,0.0,0.0,0.0,0.0,0.0,0.0,0.0,0.0,0.0,0.0,0.0,0.0,0.0,0.0,0.0,0.0,0.009578919088767368,0.009578919088767368
2018/09/21 19:00:00,2018/09/21 20:00:00,2018/09/22 00:00:00,3.343996418968146,3.343996418968146,0.0,0.0,1.2201071718280894,0.0,0.29344032222657884,0.060012477747325606,0.0,0.0064234045147482585,0.5005084163794185,0.0,0.42280439975846856,0.0,0.0,0.0,0.0,0.8407002265135172,0.0,0.0,0.0,0.0,0.0,0.0,0.0,0.0,0.0,0.0,0.0,0.0,0.0,0.0,0.0,0.0,0.0,0.0,0.01141018027404774,0.01141018027404774
2018/09/21 20:00:00,2018/09/21 21:00:00,2018/09/22 01:00:00,3.3816003504561456,3.3816003504561456,0.0,0.0,0.814209345426925,0.0,0.3798491860217515,0.07768424819908869,0.0,0.008314893324481805,0.49005820397958605,0.0,0.2926636026734594,0.0,0.0,0.0,0.0,1.3188208708308526,0.0,0.0,0.0,0.0,0.0,0.0,0.0,0.0,0.0,0.0,0.0,0.0,0.0,0.0,0.0,0.0,0.0,0.0,0.011538490111599364,0.011538490111599364
2018/09/21 21:00:00,2018/09/21 22:00:00,2018/09/22 02:00:00,2.7336849571117408,2.7336849571117408,0.0,0.0,0.5708125862320944,0.0,0.44204960907651225,0.0904050681468183,0.0,0.009676459707852593,0.4657559093404247,0.0,0.21095507873145491,0.0,0.0,0.0,0.0,0.9440302458765835,0.0,0.0,0.0,0.0,0.0,0.0,0.0,0.0,0.0,0.0,0.0,0.0,0.0,0.0,0.0,0.0,0.0,0.0,0.00932771279184631,0.00932771279184631
2018/09/21 22:00:00,2018/09/21 23:00:00,2018/09/22 03:00:00,1.2696276206885764,1.2696276206885764,0.0,0.0,0.3568597189162381,0.0,0.3095070107337689,0.06329833082707534,0.0,0.006775104099560094,0.39843385714884805,0.0,0.13475359896308578,0.0,0.0,0.0,0.0,0.0,0.0,0.0,0.0,0.0,0.0,0.0,0.0,0.0,0.0,0.0,0.0,0.0,0.0,0.0,0.0,0.0,0.0,0.0,0.004332145797404024,0.004332145797404024
2018/09/21 23:00:00,2018/09/22 00:00:00,2018/09/22 04:00:00,0.7294862290312534,0.7294862290312534,0.0,0.0,0.16541767439746494,0.0,0.13094360677997474,0.026779722120023,0.0,0.002866353705536267,0.33988697256011713,0.0,0.06359189946813734,0.0,0.0,0.0,0.0,0.0,0.0,0.0,0.0,0.0,0.0,0.0,0.0,0.0,0.0,0.0,0.0,0.0,0.0,0.0,0.0,0.0,0.0,0.0,0.0024891083415843713,0.0024891083415843713
2018/09/22 00:00:00,2018/09/22 01:00:00,2018/09/22 05:00:00,0.39852830046641957,0.39852830046641957,0.0,0.0,0.009871305410172346,0.0,0.06501908921459039,0.013297274945155983,0.0,0.0014232669458539432,0.3050892066174897,0.0,0.003828157333157244,0.0,0.0,0.0,0.0,0.0,0.0,0.0,0.0,0.0,0.0,0.0,0.0,0.0,0.0,0.0,0.0,0.0,0.0,0.0,0.0,0.0,0.0,0.0,0.0013598339181340575,0.0013598339181340575
2018/09/22 01:00:00,2018/09/22 02:00:00,2018/09/22 06:00:00,0.34044515984028273,0.34044515984028273,0.0,0.0,0.0,0.0,0.03901145352875434,0.00797836496709361,0.0,0.0008539601675123682,0.2926013811769224,0.0,0.0,0.0,0.0,0.0,0.0,0.0,0.0,0.0,0.0,0.0,0.0,0.0,0.0,0.0,0.0,0.0,0.0,0.0,0.0,0.0,0.0,0.0,0.0,0.0,0.001161646174370986,0.001161646174370986
2018/09/22 02:00:00,2018/09/22 03:00:00,2018/09/22 07:00:00,0.29440563770717565,0.29440563770717565,0.0,0.0,0.0,0.0,0.026007635685836212,0.005318909978062404,0.0,0.0005693067783415784,0.2625097852649354,0.0,0.0,0.0,0.0,0.0,0.0,0.0,0.0,0.0,0.0,0.0,0.0,0.0,0.0,0.0,0.0,0.0,0.0,0.0,0.0,0.0,0.0,0.0,0.0,0.0,0.0010045529298058915,0.0010045529298058915
2018/09/22 03:00:00,2018/09/22 04:00:00,2018/09/22 08:00:00,0.28479688469491027,0.28479688469491027,0.002181107455870193,0.0,0.0,0.0,0.026007635685836212,0.005318909978062404,0.0,0.0005693067783415784,0.25071992479679983,0.0,0.0,0.0,0.0,0.0,0.0,0.0,0.0,0.0,0.0,0.0,0.0,0.0,0.0,0.0,0.0,0.0,0.0,0.0,0.0,0.0,0.0,0.0,0.0,0.0,0.0009717665298394173,0.0009717665298394173
2018/09/22 04:00:00,2018/09/22 05:00:00,2018/09/22 09:00:00,0.40477523621140954,0.40477523621140954,0.13447571882934783,0.0,0.0,0.0,0.027249552419694536,0.005572898590769679,0.0,0.0005964923181292811,0.23688057405346816,0.0,0.0,0.0,0.0,0.0,0.0,0.0,0.0,0.0,0.0,0.0,0.0,0.0,0.0,0.0,0.0,0.0,0.0,0.0,0.0,0.0,0.0,0.0,0.0,0.0,0.0013811493306166828,0.0013811493306166828
2018/09/22 05:00:00,2018/09/22 06:00:00,2018/09/22 10:00:00,0.5641935706172594,0.5641935706172594,0.2192807812628653,0.0,0.0,0.0,0.07103552208494862,0.014527716082253228,0.0,0.0015549665765280758,0.25779458461066423,0.0,0.0,0.0,0.0,0.0,0.0,0.0,0.0,0.0,0.0,0.0,0.0,0.0,0.0,0.0,0.0,0.0,0.0,0.0,0.0,0.0,0.0,0.0,0.0,0.0,0.0019251068313607953,0.0019251068313607953
2018/09/22 06:00:00,2018/09/22 07:00:00,2018/09/22 11:00:00,0.6849127118901494,0.6849127118901494,0.16523348310377137,0.0,0.0,0.0,0.1667717967174164,0.03410706702965493,0.0,0.0036506322779327363,0.31514973276137404,0.0,0.0,0.0,0.0,0.0,0.0,0.0,0.0,0.0,0.0,0.0,0.0,0.0,0.0,0.0,0.0,0.0,0.0,0.0,0.0,0.0,0.0,0.0,0.0,0.0,0.0023370173096850942,0.0023370173096850942
2018/09/22 07:00:00,2018/09/22 08:00:00,2018/09/22 12:00:00,1.541339982067079,1.541339982067079,0.048008899389707385,0.0,0.0,0.0,0.21104540955177992,0.043161614083227134,0.0,0.004619781038425436,0.36010528653425383,0.0,0.0,0.0,0.0,0.0,0.0,0.8743989914696855,0.0,0.0,0.0,0.0,0.0,0.0,0.0,0.0,0.0,0.0,0.0,0.0,0.0,0.0,0.0,0.0,0.0,0.0,0.005259266116202863,0.005259266116202863
2018/09/22 08:00:00,2018/09/22 09:00:00,2018/09/22 13:00:00,1.8914833109608096,1.8914833109608096,0.01565283005668235,0.0,0.0,0.0,0.21211882851794048,0.043381142644712725,0.0,0.004643278164454789,0.29686636074616646,0.0,0.0,0.0,0.0,0.0,0.0,1.3188208708308526,0.0,0.0,0.0,0.0,0.0,0.0,0.0,0.0,0.0,0.0,0.0,0.0,0.0,0.0,0.0,0.0,0.0,0.0,0.00645400379049303,0.00645400379049303
2018/09/22 09:00:00,2018/09/22 10:00:00,2018/09/22 14:00:00,0.8521708266601496,0.8521708266601496,0.0,0.0,0.0,0.0,0.2062198728771374,0.04217472717515497,0.0,0.004514150108678676,0.24045407484446327,0.0,0.0,0.0,0.0,0.0,0.0,0.35880800165471527,0.0,0.0,0.0,0.0,0.0,0.0,0.0,0.0,0.0,0.0,0.0,0.0,0.0,0.0,0.0,0.0,0.0,0.0,0.002907725230003967,0.002907725230003967
2018/09/22 10:00:00,2018/09/22 11:00:00,2018/09/22 15:00:00,0.5049187782526903,0.5049187782526903,0.0,0.0,0.016697126639607422,0.0,0.19995148025023965,0.040892756891797895,0.0,0.004376935082487628,0.23706579076249806,0.0,0.0059346886260595345,0.0,0.0,0.0,0.0,0.0,0.0,0.0,0.0,0.0,0.0,0.0,0.0,0.0,0.0,0.0,0.0,0.0,0.0,0.0,0.0,0.0,0.0,0.0,0.0017228530063416944,0.0017228530063416944
2018/09/22 11:00:00,2018/09/22 12:00:00,2018/09/22 16:00:00,0.6924801987016922,0.6924801987016922,0.0,0.0,0.1512360246950263,0.0,0.19126679222895843,0.03911662182397593,0.0,0.004186827384193855,0.2521460954047706,0.0,0.05452783716476712,0.0,0.0,0.0,0.0,0.0,0.0,0.0,0.0,0.0,0.0,0.0,0.0,0.0,0.0,0.0,0.0,0.0,0.0,0.0,0.0,0.0,0.0,0.0,0.002362838625835853,0.002362838625835853
2018/09/22 12:00:00,2018/09/22 13:00:00,2018/09/22 17:00:00,0.7873204614820866,0.7873204614820866,0.0,0.0,0.21975941882765135,0.0,0.1849983996020602,0.03783465154061874,0.0,0.004049612358002795,0.25819048102071934,0.0,0.08248789813303417,0.0,0.0,0.0,0.0,0.0,0.0,0.0,0.0,0.0,0.0,0.0,0.0,0.0,0.0,0.0,0.0,0.0,0.0,0.0,0.0,0.0,0.0,0.0,0.0026864467760791106,0.0026864467760791106
2018/09/22 13:00:00,2018/09/22 14:00:00,2018/09/22 18:00:00,2.2175145161260694,2.2175145161260694,0.0,0.0,0.49654493007784034,0.0,0.1831538331348946,0.037457412982453704,0.0,0.004009234824052993,0.26620885734512484,0.0,0.18029027042492718,0.0,0.0,0.0,0.0,1.049849977336776,0.0,0.0,0.0,0.0,0.0,0.0,0.0,0.0,0.0,0.0,0.0,0.0,0.0,0.0,0.0,0.0,0.0,0.0,0.007566467549365285,0.007566467549365285
2018/09/22 14:00:00,2018/09/22 15:00:00,2018/09/22 19:00:00,1.9586827668221023,1.9586827668221023,0.0,0.0,0.9379163079113253,0.0,0.18302017057615164,0.03743007719822559,0.0,0.004006308952527337,0.2956372840816883,0.0,0.3126263500532251,0.0,0.0,0.0,0.0,0.18804626804895885,0.0,0.0,0.0,0.0,0.0,0.0,0.0,0.0,0.0,0.0,0.0,0.0,0.0,0.0,0.0,0.0,0.0,0.0,0.006683297668125789,0.006683297668125789
2018/09/22 15:00:00,2018/09/22 16:00:00,2018/09/22 20:00:00,2.578349037964668,2.578349037964668,0.0,0.0,1.5748859322889015,0.0,0.18349684026526766,0.037527562536620276,0.0,0.0040167432452989605,0.28373458382035643,0.0,0.4946873758082233,0.0,0.0,0.0,0.0,0.0,0.0,0.0,0.0,0.0,0.0,0.0,0.0,0.0,0.0,0.0,0.0,0.0,0.0,0.0,0.0,0.0,0.0,0.0,0.008797685059026573,0.008797685059026573
2018/09/22 16:00:00,2018/09/22 17:00:00,2018/09/22 21:00:00,3.3153766358572456,3.3153766358572456,0.0,0.0,2.0661925784189603,0.0,0.18612867792959029,0.03806580860337172,0.0,0.004074354134650564,0.38388522406492354,0.0,0.6370299927057492,0.0,0.0,0.0,0.0,0.0,0.0,0.0,0.0,0.0,0.0,0.0,0.0,0.0,0.0,0.0,0.0,0.0,0.0,0.0,0.0,0.0,0.0,0.0,0.011312525598687685,0.011312525598687685
2018/09/22 17:00:00,2018/09/22 18:00:00,2018/09/22 22:00:00,3.5411943371986205,3.5411943371986205,0.0,0.0,2.105680348227564,0.0,0.19696408002817453,0.04028179351775072,0.0,0.004311540933762028,0.5350858754207735,0.0,0.6588706990705951,0.0,0.0,0.0,0.0,0.0,0.0,0.0,0.0,0.0,0.0,0.0,0.0,0.0,0.0,0.0,0.0,0.0,0.0,0.0,0.0,0.0,0.0,0.0,0.01208304696251475,0.01208304696251475
2018/09/22 18:00:00,2018/09/22 19:00:00,2018/09/22 23:00:00,4.433932736720904,4.433932736720904,0.0,0.0,1.728257829781264,0.0,0.22873324489695904,0.04677901341334135,0.0,0.005006967504655592,0.5513214305361466,0.0,0.5754418331537517,0.0,0.0,0.0,0.0,1.298392417434786,0.0,0.0,0.0,0.0,0.0,0.0,0.0,0.0,0.0,0.0,0.0,0.0,0.0,0.0,0.0,0.0,0.0,0.0,0.0151291943860988,0.0151291943860988
2018/09/22 19:00:00,2018/09/22 20:00:00,2018/09/23 00:00:00,4.063959692178664,4.063959692178664,0.0,0.0,1.0762903602687106,0.0,0.29344032222657884,0.060012477747325606,0.0,0.0064234045147482585,0.9147331025584201,0.0,0.3942391540320279,0.0,0.0,0.0,0.0,1.3188208708308526,0.0,0.0,0.0,0.0,0.0,0.0,0.0,0.0,0.0,0.0,0.0,0.0,0.0,0.0,0.0,0.0,0.0,0.0,0.013866794967600661,0.013866794967600661
2018/09/22 20:00:00,2018/09/22 21:00:00,2018/09/23 01:00:00,2.298357452316063,2.298357452316063,0.0,0.0,0.6638010125939787,0.0,0.3798491860217515,0.07768424819908869,0.0,0.008314893324481805,0.49005820397958605,0.0,0.25310224006156523,0.0,0.0,0.0,0.0,0.42554766813561073,0.0,0.0,0.0,0.0,0.0,0.0,0.0,0.0,0.0,0.0,0.0,0.0,0.0,0.0,0.0,0.0,0.0,0.0,0.007842314877005605,0.007842314877005605
2018/09/22 21:00:00,2018/09/22 22:00:00,2018/09/23 02:00:00,1.6125867780120657,1.6125867780120657,0.0,0.0,0.4377672543297306,0.0,0.44204960907651225,0.0904050681468183,0.0,0.009676459707852593,0.4657559093404247,0.0,0.16693247741072742,0.0,0.0,0.0,0.0,0.0,0.0,0.0,0.0,0.0,0.0,0.0,0.0,0.0,0.0,0.0,0.0,0.0,0.0,0.0,0.0,0.0,0.0,0.0,0.005502370080390551,0.005502370080390551
2018/09/22 22:00:00,2018/09/22 23:00:00,2018/09/23 03:00:00,1.1351463951205174,1.1351463951205174,0.0,0.0,0.2582739810890261,0.0,0.3095070107337689,0.06329833082707534,0.0,0.006775104099560094,0.39843385714884805,0.0,0.09885811122223911,0.0,0.0,0.0,0.0,0.0,0.0,0.0,0.0,0.0,0.0,0.0,0.0,0.0,0.0,0.0,0.0,0.0,0.0,0.0,0.0,0.0,0.0,0.0,0.0038732771758640777,0.0038732771758640777
2018/09/22 23:00:00,2018/09/23 00:00:00,2018/09/23 04:00:00,0.6279243404659353,0.6279243404659353,0.0,0.0,0.09189962472804548,0.0,0.13094360677997474,0.026779722120023,0.0,0.002866353705536267,0.33988697256011713,0.0,0.03554806057223871,0.0,0.0,0.0,0.0,0.0,0.0,0.0,0.0,0.0,0.0,0.0,0.0,0.0,0.0,0.0,0.0,0.0,0.0,0.0,0.0,0.0,0.0,0.0,0.0021425650705061655,0.0021425650705061655
2018/09/23 00:00:00,2018/09/23 01:00:00,2018/09/23 05:00:00,0.38482883772309007,0.38482883772309007,0.0,0.0,0.0,0.0,0.06501908921459039,0.013297274945155983,0.0,0.0014232669458539432,0.3050892066174897,0.0,0.0,0.0,0.0,0.0,0.0,0.0,0.0,0.0,0.0,0.0,0.0,0.0,0.0,0.0,0.0,0.0,0.0,0.0,0.0,0.0,0.0,0.0,0.0,0.0,0.0013130894483516335,0.0013130894483516335
2018/09/23 01:00:00,2018/09/23 02:00:00,2018/09/23 06:00:00,0.34044515984028273,0.34044515984028273,0.0,0.0,0.0,0.0,0.03901145352875434,0.00797836496709361,0.0,0.0008539601675123682,0.2926013811769224,0.0,0.0,0.0,0.0,0.0,0.0,0.0,0.0,0.0,0.0,0.0,0.0,0.0,0.0,0.0,0.0,0.0,0.0,0.0,0.0,0.0,0.0,0.0,0.0,0.0,0.001161646174370986,0.001161646174370986
2018/09/23 02:00:00,2018/09/23 03:00:00,2018/09/23 07:00:00,0.41931858062147154,0.41931858062147154,0.12491294291429585,0.0,0.0,0.0,0.026007635685836212,0.005318909978062404,0.0,0.0005693067783415784,0.2625097852649354,0.0,0.0,0.0,0.0,0.0,0.0,0.0,0.0,0.0,0.0,0.0,0.0,0.0,0.0,0.0,0.0,0.0,0.0,0.0,0.0,0.0,0.0,0.0,0.0,0.0,0.0014307732418640448,0.0014307732418640448
2018/09/23 03:00:00,2018/09/23 04:00:00,2018/09/23 08:00:00,0.7481669832872142,0.7481669832872142,0.46555120604817407,0.0,0.0,0.0,0.026007635685836212,0.005318909978062404,0.0,0.0005693067783415784,0.25071992479679983,0.0,0.0,0.0,0.0,0.0,0.0,0.0,0.0,0.0,0.0,0.0,0.0,0.0,0.0,0.0,0.0,0.0,0.0,0.0,0.0,0.0,0.0,0.0,0.0,0.0,0.0025528496699263044,0.0025528496699263044
2018/09/23 04:00:00,2018/09/23 05:00:00,2018/09/23 09:00:00,1.1460763815254724,1.1460763815254724,0.8757768641434109,0.0,0.0,0.0,0.027249552419694536,0.005572898590769679,0.0,0.0005964923181292811,0.23688057405346816,0.0,0.0,0.0,0.0,0.0,0.0,0.0,0.0,0.0,0.0,0.0,0.0,0.0,0.0,0.0,0.0,0.0,0.0,0.0,0.0,0.0,0.0,0.0,0.0,0.0,0.003910571807690242,0.003910571807690242
2018/09/23 05:00:00,2018/09/23 06:00:00,2018/09/23 10:00:00,1.5864727239489211,1.5864727239489211,1.241559934594527,0.0,0.0,0.0,0.07103552208494862,0.014527716082253228,0.0,0.0015549665765280758,0.25779458461066423,0.0,0.0,0.0,0.0,0.0,0.0,0.0,0.0,0.0,0.0,0.0,0.0,0.0,0.0,0.0,0.0,0.0,0.0,0.0,0.0,0.0,0.0,0.0,0.0,0.0,0.005413265300595766,0.005413265300595766
2018/09/23 06:00:00,2018/09/23 07:00:00,2018/09/23 11:00:00,2.508926308762423,2.508926308762423,1.4883384246598155,0.0,0.0,0.0,0.1667717967174164,0.03410706702965493,0.0,0.0036506322779327363,0.31514973276137404,0.0,0.0,0.0,0.0,0.0,0.0,0.5009086553162294,0.0,0.0,0.0,0.0,0.0,0.0,0.0,0.0,0.0,0.0,0.0,0.0,0.0,0.0,0.0,0.0,0.0,0.0,0.008560805063934222,0.008560805063934222
2018/09/23 07:00:00,2018/09/23 08:00:00,2018/09/23 12:00:00,3.0243399019981307,3.0243399019981307,1.1371341569982671,0.0,0.0,0.0,0.21104540955177992,0.043161614083227134,0.0,0.004619781038425436,0.36010528653425383,0.0,0.0,0.0,0.0,0.0,0.0,1.268273653792177,0.0,0.0,0.0,0.0,0.0,0.0,0.0,0.0,0.0,0.0,0.0,0.0,0.0,0.0,0.0,0.0,0.0,0.0,0.010319467836763631,0.010319467836763631
2018/09/23 08:00:00,2018/09/23 09:00:00,2018/09/23 13:00:00,3.008113038298347,3.008113038298347,1.1322825573942197,0.0,0.0,0.0,0.21211882851794048,0.043381142644712725,0.0,0.004643278164454789,0.29686636074616646,0.0,0.0,0.0,0.0,0.0,0.0,1.3188208708308526,0.0,0.0,0.0,0.0,0.0,0.0,0.0,0.0,0.0,0.0,0.0,0.0,0.0,0.0,0.0,0.0,0.0,0.0,0.010264099523853158,0.010264099523853158
2018/09/23 09:00:00,2018/09/23 10:00:00,2018/09/23 14:00:00,2.3024794627043508,2.3024794627043508,0.4902957668680638,0.0,0.0,0.0,0.2062198728771374,0.04217472717515497,0.0,0.004514150108678676,0.24045407484446327,0.0,0.0,0.0,0.0,0.0,0.0,1.3188208708308526,0.0,0.0,0.0,0.0,0.0,0.0,0.0,0.0,0.0,0.0,0.0,0.0,0.0,0.0,0.0,0.0,0.0,0.0,0.007856379749011771,0.007856379749011771
2018/09/23 10:00:00,2018/09/23 11:00:00,2018/09/23 15:00:00,0.9112605256097185,0.9112605256097185,0.07428660052885538,0.0,0.0,0.0,0.19995148025023965,0.040892756891797895,0.0,0.004376935082487628,0.27140283443066526,0.0,0.0,0.0,0.0,0.0,0.0,0.3203499184256726,0.0,0.0,0.0,0.0,0.0,0.0,0.0,0.0,0.0,0.0,0.0,0.0,0.0,0.0,0.0,0.0,0.0,0.0,0.0031093474905809788,0.0031093474905809788
2018/09/23 11:00:00,2018/09/23 12:00:00,2018/09/23 16:00:00,1.2607786506002006,1.2607786506002006,0.0,0.0,0.0,0.0,0.19126679222895843,0.03911662182397593,0.0,0.004186827384193855,1.0262084091630723,0.0,0.0,0.0,0.0,0.0,0.0,0.0,0.0,0.0,0.0,0.0,0.0,0.0,0.0,0.0,0.0,0.0,0.0,0.0,0.0,0.0,0.0,0.0,0.0,0.0,0.004301951882310306,0.004301951882310306
2018/09/23 12:00:00,2018/09/23 13:00:00,2018/09/23 17:00:00,0.5058278009705383,0.5058278009705383,0.0,0.0,0.014953207920919502,0.0,0.1849983996020602,0.03783465154061874,0.0,0.004049612358002795,0.25819048102071934,0.0,0.005801448528217743,0.0,0.0,0.0,0.0,0.0,0.0,0.0,0.0,0.0,0.0,0.0,0.0,0.0,0.0,0.0,0.0,0.0,0.0,0.0,0.0,0.0,0.0,0.0,0.0017259547181213534,0.0017259547181213534
2018/09/23 13:00:00,2018/09/23 14:00:00,2018/09/23 18:00:00,1.1401740655376935,1.1401740655376935,0.0,0.0,0.14873604294413184,0.0,0.1831538331348946,0.037457412982453704,0.0,0.004009234824052993,0.26620885734512484,0.0,0.057737628467725004,0.0,0.0,0.0,0.0,0.4428710558393105,0.0,0.0,0.0,0.0,0.0,0.0,0.0,0.0,0.0,0.0,0.0,0.0,0.0,0.0,0.0,0.0,0.0,0.0,0.003890432285688082,0.003890432285688082
2018/09/23 14:00:00,2018/09/23 15:00:00,2018/09/23 19:00:00,0.9378643249490173,0.9378643249490173,0.0,0.0,0.30087843978248474,0.0,0.18302017057615164,0.03743007719822559,0.0,0.004006308952527337,0.2956372840816883,0.0,0.11689204435793969,0.0,0.0,0.0,0.0,0.0,0.0,0.0,0.0,0.0,0.0,0.0,0.0,0.0,0.0,0.0,0.0,0.0,0.0,0.0,0.0,0.0,0.0,0.0,0.003200123349285295,0.003200123349285295
2018/09/23 15:00:00,2018/09/23 16:00:00,2018/09/23 20:00:00,1.2219444485355266,1.2219444485355266,0.0,0.0,0.4914812752854514,0.0,0.18349684026526766,0.037527562536620276,0.0,0.0040167432452989605,0.3141807946938977,0.0,0.19124123250899086,0.0,0.0,0.0,0.0,0.0,0.0,0.0,0.0,0.0,0.0,0.0,0.0,0.0,0.0,0.0,0.0,0.0,0.0,0.0,0.0,0.0,0.0,0.0,0.0041694441906622816,0.0041694441906622816
2018/09/23 16:00:00,2018/09/23 17:00:00,2018/09/23 21:00:00,2.144163393469594,2.144163393469594,0.0,0.0,0.6084433422130021,0.0,0.18612867792959029,0.03806580860337172,0.0,0.004074354134650564,1.0702362291689236,0.0,0.2372149814200557,0.0,0.0,0.0,0.0,0.0,0.0,0.0,0.0,0.0,0.0,0.0,0.0,0.0,0.0,0.0,0.0,0.0,0.0,0.0,0.0,0.0,0.0,0.0,0.007316183330139826,0.007316183330139826
2018/09/23 17:00:00,2018/09/23 18:00:00,2018/09/23 22:00:00,1.6064117314313626,1.6064117314313626,0.0,0.0,0.5966662744314766,0.0,0.19696408002817453,0.04028179351775072,0.0,0.004311540933762028,0.5350858754207735,0.0,0.23310216709942524,0.0,0.0,0.0,0.0,0.0,0.0,0.0,0.0,0.0,0.0,0.0,0.0,0.0,0.0,0.0,0.0,0.0,0.0,0.0,0.0,0.0,0.0,0.0,0.005481299963722123,0.005481299963722123
2018/09/23 18:00:00,2018/09/23 19:00:00,2018/09/23 23:00:00,2.1787753367256806,2.1787753367256806,0.0,0.0,0.4709732672434147,0.0,0.22873324489695904,0.04677901341334135,0.0,0.005006967504655592,0.5513214305361466,0.0,0.18433616295673136,0.0,0.0,0.0,0.0,0.6916252501744319,0.0,0.0,0.0,0.0,0.0,0.0,0.0,0.0,0.0,0.0,0.0,0.0,0.0,0.0,0.0,0.0,0.0,0.0,0.007434284088246774,0.007434284088246774
2018/09/23 19:00:00,2018/09/23 20:00:00,2018/09/24 00:00:00,1.3292295492164459,1.3292295492164459,0.0,0.0,0.19732956812381228,0.0,0.29344032222657884,0.060012477747325606,0.0,0.0064234045147482585,0.5005084163794185,0.0,0.07733569663389422,0.0,0.0,0.0,0.0,0.19417966359066804,0.0,0.0,0.0,0.0,0.0,0.0,0.0,0.0,0.0,0.0,0.0,0.0,0.0,0.0,0.0,0.0,0.0,0.0,0.004535515856452636,0.004535515856452636
2018/09/23 20:00:00,2018/09/23 21:00:00,2018/09/24 01:00:00,1.0433808941842377,1.0433808941842377,0.0,0.0,0.035328976763072936,0.0,0.3798491860217515,0.07768424819908869,0.0,0.008314893324481805,0.5283498628525346,0.0,0.01385372702330818,0.0,0.0,0.0,0.0,0.0,0.0,0.0,0.0,0.0,0.0,0.0,0.0,0.0,0.0,0.0,0.0,0.0,0.0,0.0,0.0,0.0,0.0,0.0,0.003560160540127865,0.003560160540127865
2018/09/23 21:00:00,2018/09/23 22:00:00,2018/09/24 02:00:00,1.8710985198999173,1.8710985198999173,0.0,0.0,0.0,0.0,0.44204960907651225,0.0904050681468183,0.0,0.009676459707852593,1.328967382968734,0.0,0.0,0.0,0.0,0.0,0.0,0.0,0.0,0.0,0.0,0.0,0.0,0.0,0.0,0.0,0.0,0.0,0.0,0.0,0.0,0.0,0.0,0.0,0.0,0.0,0.006384448051876137,0.006384448051876137
2018/09/23 22:00:00,2018/09/23 23:00:00,2018/09/24 03:00:00,1.7458255253827726,1.7458255253827726,0.3033388681627167,0.0,0.0,0.0,0.3095070107337689,0.06329833082707534,0.0,0.006775104099560094,0.39843385714884805,0.0,0.0,0.0,0.0,0.0,0.0,0.6644723544108032,0.0,0.0,0.0,0.0,0.0,0.0,0.0,0.0,0.0,0.0,0.0,0.0,0.0,0.0,0.0,0.0,0.0,0.0,0.005956999193736665,0.005956999193736665
2018/09/23 23:00:00,2018/09/24 00:00:00,2018/09/24 04:00:00,1.808445088906241,1.808445088906241,0.9774915792307965,0.0,0.0,0.0,0.13094360677997474,0.026779722120023,0.0,0.002866353705536267,0.33988697256011713,0.0,0.0,0.0,0.0,0.0,0.0,0.3304768545097933,0.0,0.0,0.0,0.0,0.0,0.0,0.0,0.0,0.0,0.0,0.0,0.0,0.0,0.0,0.0,0.0,0.0,0.0,0.006170665842550073,0.006170665842550073
2018/09/24 00:00:00,2018/09/24 01:00:00,2018/09/24 05:00:00,2.3733214871246906,2.3733214871246906,1.827093535336997,0.0,0.0,0.0,0.06501908921459039,0.013297274945155983,0.0,0.0014232669458539432,0.3050892066174897,0.0,0.0,0.0,0.0,0.0,0.0,0.16139911406460372,0.0,0.0,0.0,0.0,0.0,0.0,0.0,0.0,0.0,0.0,0.0,0.0,0.0,0.0,0.0,0.0,0.0,0.0,0.008098102576533216,0.008098102576533216
2018/09/24 01:00:00,2018/09/24 02:00:00,2018/09/24 06:00:00,2.6166004145507604,2.6166004145507604,2.2761552547104777,0.0,0.0,0.0,0.03901145352875434,0.00797836496709361,0.0,0.0008539601675123682,0.2926013811769224,0.0,0.0,0.0,0.0,0.0,0.0,0.0,0.0,0.0,0.0,0.0,0.0,0.0,0.0,0.0,0.0,0.0,0.0,0.0,0.0,0.0,0.0,0.0,0.0,0.0,0.008928204069185226,0.008928204069185226
2018/09/24 02:00:00,2018/09/24 03:00:00,2018/09/24 07:00:00,2.598324154612063,2.598324154612063,2.3039185169048872,0.0,0.0,0.0,0.026007635685836212,0.005318909978062404,0.0,0.0005693067783415784,0.2625097852649354,0.0,0.0,0.0,0.0,0.0,0.0,0.0,0.0,0.0,0.0,0.0,0.0,0.0,0.0,0.0,0.0,0.0,0.0,0.0,0.0,0.0,0.0,0.0,0.0,0.0,0.008865842931639438,0.008865842931639438
2018/09/24 03:00:00,2018/09/24 04:00:00,2018/09/24 08:00:00,2.8407824766356176,2.8407824766356176,2.5581666993965775,0.0,0.0,0.0,0.026007635685836212,0.005318909978062404,0.0,0.0005693067783415784,0.25071992479679983,0.0,0.0,0.0,0.0,0.0,0.0,0.0,0.0,0.0,0.0,0.0,0.0,0.0,0.0,0.0,0.0,0.0,0.0,0.0,0.0,0.0,0.0,0.0,0.0,0.0,0.009693144404673172,0.009693144404673172
2018/09/24 04:00:00,2018/09/24 05:00:00,2018/09/24 09:00:00,3.071702453211888,3.071702453211888,2.801402935829827,0.0,0.0,0.0,0.027249552419694536,0.005572898590769679,0.0,0.0005964923181292811,0.23688057405346816,0.0,0.0,0.0,0.0,0.0,0.0,0.0,0.0,0.0,0.0,0.0,0.0,0.0,0.0,0.0,0.0,0.0,0.0,0.0,0.0,0.0,0.0,0.0,0.0,0.0,0.010481075440325166,0.010481075440325166
2018/09/24 05:00:00,2018/09/24 06:00:00,2018/09/24 10:00:00,3.3685882780397685,3.3685882780397685,3.0236754886853747,0.0,0.0,0.0,0.07103552208494862,0.014527716082253228,0.0,0.0015549665765280758,0.25779458461066423,0.0,0.0,0.0,0.0,0.0,0.0,0.0,0.0,0.0,0.0,0.0,0.0,0.0,0.0,0.0,0.0,0.0,0.0,0.0,0.0,0.0,0.0,0.0,0.0,0.0,0.011494091113093366,0.011494091113093366
2018/09/24 06:00:00,2018/09/24 07:00:00,2018/09/24 11:00:00,3.644900606758094,3.644900606758094,3.125221377971716,0.0,0.0,0.0,0.1667717967174164,0.03410706702965493,0.0,0.0036506322779327363,0.31514973276137404,0.0,0.0,0.0,0.0,0.0,0.0,0.0,0.0,0.0,0.0,0.0,0.0,0.0,0.0,0.0,0.0,0.0,0.0,0.0,0.0,0.0,0.0,0.0,0.0,0.0,0.01243690715940686,0.01243690715940686
2018/09/24 07:00:00,2018/09/24 08:00:00,2018/09/24 12:00:00,4.171228764509832,4.171228764509832,3.124456545022541,0.0,0.0,0.0,0.21104540955177992,0.043161614083227134,0.0,0.004619781038425436,0.36010528653425383,0.0,0.0,0.0,0.0,0.0,0.0,0.42784012827960455,0.0,0.0,0.0,0.0,0.0,0.0,0.0,0.0,0.0,0.0,0.0,0.0,0.0,0.0,0.0,0.0,0.0,0.0,0.01423281194243527,0.01423281194243527
2018/09/24 08:00:00,2018/09/24 09:00:00,2018/09/24 13:00:00,3.940343795036557,3.940343795036557,2.220338435188391,0.0,0.0,0.0,0.21211882851794048,0.043381142644712725,0.0,0.004643278164454789,0.3700265833719114,0.0,0.0,0.0,0.0,0.0,0.0,1.0898355271491464,0.0,0.0,0.0,0.0,0.0,0.0,0.0,0.0,0.0,0.0,0.0,0.0,0.0,0.0,0.0,0.0,0.0,0.0,0.013445000355881306,0.013445000355881306
2018/09/24 09:00:00,2018/09/24 10:00:00,2018/09/24 14:00:00,5.0743913530024605,5.0743913530024605,1.596665577821742,0.0,0.0,0.0,0.2062198728771374,0.04217472717515497,0.0,0.004514150108678676,1.9059961541888941,0.0,0.0,0.0,0.0,0.0,0.0,1.3188208708308526,0.0,0.0,0.0,0.0,0.0,0.0,0.0,0.0,0.0,0.0,0.0,0.0,0.0,0.0,0.0,0.0,0.0,0.0,0.017314528146741604,0.017314528146741604
2018/09/24 10:00:00,2018/09/24 11:00:00,2018/09/24 15:00:00,2.7122717183909484,2.7122717183909484,0.5410463845954628,0.0,0.0,0.0,0.19995148025023965,0.040892756891797895,0.0,0.004376935082487628,0.6071832907401078,0.0,0.0,0.0,0.0,0.0,0.0,1.3188208708308526,0.0,0.0,0.0,0.0,0.0,0.0,0.0,0.0,0.0,0.0,0.0,0.0,0.0,0.0,0.0,0.0,0.0,0.0,0.009254647846958942,0.009254647846958942
2018/09/24 11:00:00,2018/09/24 12:00:00,2018/09/24 16:00:00,1.947325296162718,1.947325296162718,0.037584926710743614,0.0,0.0,0.0,0.19126679222895843,0.03911662182397593,0.0,0.004186827384193855,0.35634925718399363,0.0,0.0,0.0,0.0,0.0,0.0,1.3188208708308526,0.0,0.0,0.0,0.0,0.0,0.0,0.0,0.0,0.0,0.0,0.0,0.0,0.0,0.0,0.0,0.0,0.0,0.0,0.006644544400644489,0.006644544400644489
2018/09/24 12:00:00,2018/09/24 13:00:00,2018/09/24 17:00:00,1.4832472234908614,1.4832472234908614,0.0,0.0,0.00011138853435234445,0.0,0.1849983996020602,0.03783465154061874,0.0,0.004049612358002795,1.0945620652891763,0.0,4.3689601987753586e-05,0.0,0.0,0.0,0.0,0.16164741656466325,0.0,0.0,0.0,0.0,0.0,0.0,0.0,0.0,0.0,0.0,0.0,0.0,0.0,0.0,0.0,0.0,0.0,0.0,0.005061045554658149,0.005061045554658149
2018/09/24 13:00:00,2018/09/24 14:00:00,2018/09/24 18:00:00,0.5882127745238681,0.5882127745238681,0.0,0.0,0.06984676260214867,0.0,0.1831538331348946,0.037457412982453704,0.0,0.004009234824052993,0.26620885734512484,0.0,0.02753667363519341,0.0,0.0,0.0,0.0,0.0,0.0,0.0,0.0,0.0,0.0,0.0,0.0,0.0,0.0,0.0,0.0,0.0,0.0,0.0,0.0,0.0,0.0,0.0,0.002007063691439636,0.002007063691439636
2018/09/24 14:00:00,2018/09/24 15:00:00,2018/09/24 19:00:00,0.8296079284571396,0.8296079284571396,0.0,0.0,0.22190806640509794,0.0,0.18302017057615164,0.03743007719822559,0.0,0.004006308952527337,0.2956372840816883,0.0,0.08760602124344874,0.0,0.0,0.0,0.0,0.0,0.0,0.0,0.0,0.0,0.0,0.0,0.0,0.0,0.0,0.0,0.0,0.0,0.0,0.0,0.0,0.0,0.0,0.0,0.002830737487271643,0.002830737487271643
2018/09/24 15:00:00,2018/09/24 16:00:00,2018/09/24 20:00:00,1.5962303350674891,1.5962303350674891,0.0,0.0,0.3479514910812293,0.0,0.18349684026526766,0.037527562536620276,0.0,0.0040167432452989605,0.28373458382035643,0.0,0.13759321427714938,0.0,0.0,0.0,0.0,0.6019098998415671,0.0,0.0,0.0,0.0,0.0,0.0,0.0,0.0,0.0,0.0,0.0,0.0,0.0,0.0,0.0,0.0,0.0,0.0,0.005446559625097843,0.005446559625097843
2018/09/24 16:00:00,2018/09/24 17:00:00,2018/09/24 21:00:00,1.2005204335561348,1.2005204335561348,0.0,0.0,0.4214163370985468,0.0,0.18612867792959029,0.03806580860337172,0.0,0.004074354134650564,0.38388522406492354,0.0,0.16695003172505174,0.0,0.0,0.0,0.0,0.0,0.0,0.0,0.0,0.0,0.0,0.0,0.0,0.0,0.0,0.0,0.0,0.0,0.0,0.0,0.0,0.0,0.0,0.0,0.004096342475683714,0.004096342475683714
2018/09/24 17:00:00,2018/09/24 18:00:00,2018/09/24 22:00:00,1.3786532197132657,1.3786532197132657,0.0,0.0,0.4309825439959326,0.0,0.19696408002817453,0.04028179351775072,0.0,0.004311540933762028,0.5350858754207735,0.0,0.17102738581687235,0.0,0.0,0.0,0.0,0.0,0.0,0.0,0.0,0.0,0.0,0.0,0.0,0.0,0.0,0.0,0.0,0.0,0.0,0.0,0.0,0.0,0.0,0.0,0.004704156285304489,0.004704156285304489
2018/09/24 18:00:00,2018/09/24 19:00:00,2018/09/24 23:00:00,1.335073441874261,1.335073441874261,0.0,0.0,0.30536918565423093,0.0,0.22873324489695904,0.04677901341334135,0.0,0.005006967504655592,0.5513214305361466,0.0,0.12131185665800061,0.0,0.0,0.0,0.0,0.07655174321092682,0.0,0.0,0.0,0.0,0.0,0.0,0.0,0.0,0.0,0.0,0.0,0.0,0.0,0.0,0.0,0.0,0.0,0.0,0.004555456029937759,0.004555456029937759
2018/09/24 19:00:00,2018/09/24 20:00:00,2018/09/25 00:00:00,2.3478520083551007,2.3478520083551007,0.0,0.0,0.12068435098043241,0.0,0.29344032222657884,0.060012477747325606,0.0,0.0064234045147482585,0.5005084163794185,0.0,0.047962165675744135,0.0,0.0,0.0,0.0,1.3188208708308526,0.0,0.0,0.0,0.0,0.0,0.0,0.0,0.0,0.0,0.0,0.0,0.0,0.0,0.0,0.0,0.0,0.0,0.0,0.008011197177173749,0.008011197177173749
2018/09/24 20:00:00,2018/09/24 21:00:00,2018/09/25 01:00:00,1.2283616508388249,1.2283616508388249,0.0,0.0,0.0025118351612848384,0.0,0.3798491860217515,0.07768424819908869,0.0,0.008314893324481805,0.49005820397958605,0.0,0.0009984476202833195,0.0,0.0,0.0,0.0,0.26894483653234863,0.0,0.0,0.0,0.0,0.0,0.0,0.0,0.0,0.0,0.0,0.0,0.0,0.0,0.0,0.0,0.0,0.0,0.0,0.004191340576292462,0.004191340576292462
2018/09/24 21:00:00,2018/09/24 22:00:00,2018/09/25 02:00:00,1.2523003297133521,1.2523003297133521,0.0,0.0,0.0,0.0,0.44204960907651225,0.0904050681468183,0.0,0.009676459707852593,0.4657559093404247,0.0,0.0,0.0,0.0,0.0,0.0,0.2444132834417442,0.0,0.0,0.0,0.0,0.0,0.0,0.0,0.0,0.0,0.0,0.0,0.0,0.0,0.0,0.0,0.0,0.0,0.0,0.004273022673776638,0.004273022673776638
2018/09/24 22:00:00,2018/09/24 23:00:00,2018/09/25 03:00:00,1.514108111234099,1.514108111234099,0.5379260487334862,0.0,0.0,0.0,0.3095070107337689,0.06329833082707534,0.0,0.006775104099560094,0.39843385714884805,0.0,0.0,0.0,0.0,0.0,0.0,0.19816775969136063,0.0,0.0,0.0,0.0,0.0,0.0,0.0,0.0,0.0,0.0,0.0,0.0,0.0,0.0,0.0,0.0,0.0,0.0,0.00516634719032083,0.00516634719032083
2018/09/24 23:00:00,2018/09/25 00:00:00,2018/09/25 04:00:00,1.7236527652245306,1.7236527652245306,1.2231761100588798,0.0,0.0,0.0,0.13094360677997474,0.026779722120023,0.0,0.002866353705536267,0.33988697256011713,0.0,0.0,0.0,0.0,0.0,0.0,0.0,0.0,0.0,0.0,0.0,0.0,0.0,0.0,0.0,0.0,0.0,0.0,0.0,0.0,0.0,0.0,0.0,0.0,0.0,0.005881342656204598,0.005881342656204598
2018/09/25 00:00:00,2018/09/25 01:00:00,2018/09/25 05:00:00,2.4326327853464416,2.4326327853464416,2.0478039476233514,0.0,0.0,0.0,0.06501908921459039,0.013297274945155983,0.0,0.0014232669458539432,0.3050892066174897,0.0,0.0,0.0,0.0,0.0,0.0,0.0,0.0,0.0,0.0,0.0,0.0,0.0,0.0,0.0,0.0,0.0,0.0,0.0,0.0,0.0,0.0,0.0,0.0,0.0,0.00830048096460781,0.00830048096460781
2018/09/25 01:00:00,2018/09/25 02:00:00,2018/09/25 06:00:00,2.7246417718327334,2.7246417718327334,2.3841966119924507,0.0,0.0,0.0,0.03901145352875434,0.00797836496709361,0.0,0.0008539601675123682,0.2926013811769224,0.0,0.0,0.0,0.0,0.0,0.0,0.0,0.0,0.0,0.0,0.0,0.0,0.0,0.0,0.0,0.0,0.0,0.0,0.0,0.0,0.0,0.0,0.0,0.0,0.0,0.009296856187545001,0.009296856187545001
2018/09/25 02:00:00,2018/09/25 03:00:00,2018/09/25 07:00:00,2.5628768525148087,2.5628768525148087,2.268471214807633,0.0,0.0,0.0,0.026007635685836212,0.005318909978062404,0.0,0.0005693067783415784,0.2625097852649354,0.0,0.0,0.0,0.0,0.0,0.0,0.0,0.0,0.0,0.0,0.0,0.0,0.0,0.0,0.0,0.0,0.0,0.0,0.0,0.0,0.0,0.0,0.0,0.0,0.0,0.008744891813132228,0.008744891813132228
2018/09/25 03:00:00,2018/09/25 04:00:00,2018/09/25 08:00:00,2.6180649035745915,2.6180649035745915,2.3354491263355515,0.0,0.0,0.0,0.026007635685836212,0.005318909978062404,0.0,0.0005693067783415784,0.25071992479679983,0.0,0.0,0.0,0.0,0.0,0.0,0.0,0.0,0.0,0.0,0.0,0.0,0.0,0.0,0.0,0.0,0.0,0.0,0.0,0.0,0.0,0.0,0.0,0.0,0.0,0.008933201109157067,0.008933201109157067
2018/09/25 04:00:00,2018/09/25 05:00:00,2018/09/25 09:00:00,3.029199439294687,3.029199439294687,2.3347661960347703,0.0,0.0,0.0,0.027249552419694536,0.005572898590769679,0.0,0.0005964923181292811,0.23688057405346816,0.0,0.0,0.0,0.0,0.0,0.0,0.4241337258778551,0.0,0.0,0.0,0.0,0.0,0.0,0.0,0.0,0.0,0.0,0.0,0.0,0.0,0.0,0.0,0.0,0.0,0.0,0.010336049253025816,0.010336049253025816
2018/09/25 05:00:00,2018/09/25 06:00:00,2018/09/25 10:00:00,2.6018981747712147,2.6018981747712147,2.256985385416821,0.0,0.0,0.0,0.07103552208494862,0.014527716082253228,0.0,0.0015549665765280758,0.25779458461066423,0.0,0.0,0.0,0.0,0.0,0.0,0.0,0.0,0.0,0.0,0.0,0.0,0.0,0.0,0.0,0.0,0.0,0.0,0.0,0.0,0.0,0.0,0.0,0.0,0.0,0.008878037984866076,0.008878037984866076
2018/09/25 06:00:00,2018/09/25 07:00:00,2018/09/25 11:00:00,2.684724460610963,2.684724460610963,2.165045231824585,0.0,0.0,0.0,0.1667717967174164,0.03410706702965493,0.0,0.0036506322779327363,0.31514973276137404,0.0,0.0,0.0,0.0,0.0,0.0,0.0,0.0,0.0,0.0,0.0,0.0,0.0,0.0,0.0,0.0,0.0,0.0,0.0,0.0,0.0,0.0,0.0,0.0,0.0,0.009160652777005401,0.009160652777005401
2018/09/25 07:00:00,2018/09/25 08:00:00,2018/09/25 12:00:00,3.0192702614136944,3.0192702614136944,1.6567887922075455,0.0,0.0,0.0,0.21104540955177992,0.043161614083227134,0.0,0.004619781038425436,0.4581626503500126,0.0,0.0,0.0,0.0,0.0,0.0,0.6454920141827042,0.0,0.0,0.0,0.0,0.0,0.0,0.0,0.0,0.0,0.0,0.0,0.0,0.0,0.0,0.0,0.0,0.0,0.0,0.010302169518899135,0.010302169518899135
2018/09/25 08:00:00,2018/09/25 09:00:00,2018/09/25 13:00:00,5.26018408075037,5.26018408075037,1.1738397696578673,0.0,0.0,0.0,0.21211882851794048,0.043381142644712725,0.0,0.004643278164454789,2.507380190934542,0.0,0.0,0.0,0.0,0.0,0.0,1.3188208708308526,0.0,0.0,0.0,0.0,0.0,0.0,0.0,0.0,0.0,0.0,0.0,0.0,0.0,0.0,0.0,0.0,0.0,0.0,0.017948478741062174,0.017948478741062174
2018/09/25 09:00:00,2018/09/25 10:00:00,2018/09/25 14:00:00,3.0921731619578523,3.0921731619578523,1.279989466121565,0.0,0.0,0.0,0.2062198728771374,0.04217472717515497,0.0,0.004514150108678676,0.24045407484446327,0.0,0.0,0.0,0.0,0.0,0.0,1.3188208708308526,0.0,0.0,0.0,0.0,0.0,0.0,0.0,0.0,0.0,0.0,0.0,0.0,0.0,0.0,0.0,0.0,0.0,0.0,0.010550924342017784,0.010550924342017784
2018/09/25 10:00:00,2018/09/25 11:00:00,2018/09/25 15:00:00,2.576711969366606,2.576711969366606,0.7906771632536191,0.0,0.0,0.0,0.19995148025023965,0.040892756891797895,0.0,0.004376935082487628,0.23706579076249806,0.0,0.0,0.0,0.0,0.0,0.0,1.303747843125964,0.0,0.0,0.0,0.0,0.0,0.0,0.0,0.0,0.0,0.0,0.0,0.0,0.0,0.0,0.0,0.0,0.0,0.0,0.008792099153575563,0.008792099153575563
2018/09/25 11:00:00,2018/09/25 12:00:00,2018/09/25 16:00:00,0.7706328114362978,0.7706328114362978,0.283916474594399,0.0,0.0,0.0,0.19126679222895843,0.03911662182397593,0.0,0.004186827384193855,0.2521460954047706,0.0,0.0,0.0,0.0,0.0,0.0,0.0,0.0,0.0,0.0,0.0,0.0,0.0,0.0,0.0,0.0,0.0,0.0,0.0,0.0,0.0,0.0,0.0,0.0,0.0,0.0026295061961512695,0.0026295061961512695
2018/09/25 12:00:00,2018/09/25 13:00:00,2018/09/25 17:00:00,1.3607884460643327,1.3607884460643327,0.0,0.0,0.0,0.0,0.1849983996020602,0.03783465154061874,0.0,0.004049612358002795,0.25819048102071934,0.0,0.0,0.0,0.0,0.0,0.0,0.8757153015429318,0.0,0.0,0.0,0.0,0.0,0.0,0.0,0.0,0.0,0.0,0.0,0.0,0.0,0.0,0.0,0.0,0.0,0.0,0.004643199196136229,0.004643199196136229
2018/09/25 13:00:00,2018/09/25 14:00:00,2018/09/25 18:00:00,0.49082933828652614,0.49082933828652614,0.0,0.0,0.0,0.0,0.1831538331348946,0.037457412982453704,0.0,0.004009234824052993,0.26620885734512484,0.0,0.0,0.0,0.0,0.0,0.0,0.0,0.0,0.0,0.0,0.0,0.0,0.0,0.0,0.0,0.0,0.0,0.0,0.0,0.0,0.0,0.0,0.0,0.0,0.0,0.0016747778801057902,0.0016747778801057902
2018/09/25 14:00:00,2018/09/25 15:00:00,2018/09/25 19:00:00,0.5200938408085929,0.5200938408085929,0.0,0.0,0.0,0.0,0.18302017057615164,0.03743007719822559,0.0,0.004006308952527337,0.2956372840816883,0.0,0.0,0.0,0.0,0.0,0.0,0.0,0.0,0.0,0.0,0.0,0.0,0.0,0.0,0.0,0.0,0.0,0.0,0.0,0.0,0.0,0.0,0.0,0.0,0.0,0.0017746324276504738,0.0017746324276504738
2018/09/25 15:00:00,2018/09/25 16:00:00,2018/09/25 20:00:00,0.7428979467310297,0.7428979467310297,0.0,0.0,0.16914106292566974,0.0,0.18349684026526766,0.037527562536620276,0.0,0.0040167432452989605,0.28373458382035643,0.0,0.06498115393781653,0.0,0.0,0.0,0.0,0.0,0.0,0.0,0.0,0.0,0.0,0.0,0.0,0.0,0.0,0.0,0.0,0.0,0.0,0.0,0.0,0.0,0.0,0.0,0.002534870985309422,0.002534870985309422
2018/09/25 16:00:00,2018/09/25 17:00:00,2018/09/25 21:00:00,1.1455275498580142,1.1455275498580142,0.0,0.0,0.38650357000307023,0.0,0.18612867792959029,0.03806580860337172,0.0,0.004074354134650564,0.38388522406492354,0.0,0.14686991512240782,0.0,0.0,0.0,0.0,0.0,0.0,0.0,0.0,0.0,0.0,0.0,0.0,0.0,0.0,0.0,0.0,0.0,0.0,0.0,0.0,0.0,0.0,0.0,0.00390869911780628,0.00390869911780628
2018/09/25 17:00:00,2018/09/25 18:00:00,2018/09/25 22:00:00,1.3868582234037707,1.3868582234037707,0.0,0.0,0.4390293171266191,0.0,0.19696408002817453,0.04028179351775072,0.0,0.004311540933762028,0.5350858754207735,0.0,0.17118561637669089,0.0,0.0,0.0,0.0,0.0,0.0,0.0,0.0,0.0,0.0,0.0,0.0,0.0,0.0,0.0,0.0,0.0,0.0,0.0,0.0,0.0,0.0,0.0,0.004732152897599541,0.004732152897599541
2018/09/25 18:00:00,2018/09/25 19:00:00,2018/09/25 23:00:00,1.3139062282124196,1.3139062282124196,0.0,0.0,0.3455902830015829,0.0,0.22873324489695904,0.04677901341334135,0.0,0.005006967504655592,0.5513214305361466,0.0,0.136475288859734,0.0,0.0,0.0,0.0,0.0,0.0,0.0,0.0,0.0,0.0,0.0,0.0,0.0,0.0,0.0,0.0,0.0,0.0,0.0,0.0,0.0,0.0,0.0,0.004483230556725254,0.004483230556725254
2018/09/25 19:00:00,2018/09/25 20:00:00,2018/09/26 00:00:00,2.763679048449764,2.763679048449764,0.0,0.0,0.2810040851392829,0.0,0.29344032222657884,0.060012477747325606,0.0,0.0064234045147482585,0.8349704706675662,0.0,0.11088613729546411,0.0,0.0,0.0,0.0,1.1769421508587976,0.0,0.0,0.0,0.0,0.0,0.0,0.0,0.0,0.0,0.0,0.0,0.0,0.0,0.0,0.0,0.0,0.0,0.0,0.009430056797773414,0.009430056797773414
2018/09/25 20:00:00,2018/09/25 21:00:00,2018/09/26 01:00:00,10.145584973958547,10.145584973958547,0.0,0.0,0.1275189300793336,0.0,0.3798491860217515,0.07768424819908869,0.0,0.008314893324481805,8.183132010114784,0.0,0.050264835388254846,0.0,0.0,0.0,0.0,1.3188208708308526,0.0,0.0,0.0,0.0,0.0,0.0,0.0,0.0,0.0,0.0,0.0,0.0,0.0,0.0,0.0,0.0,0.0,0.0,0.03461814518756508,0.03461814518756508
2018/09/25 21:00:00,2018/09/25 22:00:00,2018/09/26 02:00:00,5.98616063699711,5.98616063699711,0.0,0.0,0.08919310968393894,0.0,0.44204960907651225,0.0904050681468183,0.0,0.009676459707852593,4.00089833139563,0.0,0.03511718815550526,0.0,0.0,0.0,0.0,1.3188208708308526,0.0,0.0,0.0,0.0,0.0,0.0,0.0,0.0,0.0,0.0,0.0,0.0,0.0,0.0,0.0,0.0,0.0,0.0,0.020425611591600244,0.020425611591600244
2018/09/25 22:00:00,2018/09/25 23:00:00,2018/09/26 03:00:00,4.122545526845746,4.122545526845746,0.13858156398973304,0.0,0.061669786874038346,0.0,0.3095070107337689,0.06329833082707534,0.0,0.006775104099560094,2.199627452118412,0.0,0.024265407372305155,0.0,0.0,0.0,0.0,1.3188208708308526,0.0,0.0,0.0,0.0,0.0,0.0,0.0,0.0,0.0,0.0,0.0,0.0,0.0,0.0,0.0,0.0,0.0,0.0,0.014066697973257356,0.014066697973257356
2018/09/25 23:00:00,2018/09/26 00:00:00,2018/09/26 04:00:00,2.843321816804947,2.843321816804947,0.9781635743800945,0.0,0.0,0.0,0.13094360677997474,0.026779722120023,0.0,0.002866353705536267,0.385747688988466,0.0,0.0,0.0,0.0,0.0,0.0,1.3188208708308526,0.0,0.0,0.0,0.0,0.0,0.0,0.0,0.0,0.0,0.0,0.0,0.0,0.0,0.0,0.0,0.0,0.0,0.0,0.009701808986053951,0.009701808986053951
2018/09/26 00:00:00,2018/09/26 01:00:00,2018/09/26 05:00:00,3.593245919283093,3.593245919283093,1.8895962107291502,0.0,0.0,0.0,0.06501908921459039,0.013297274945155983,0.0,0.0014232669458539432,0.3050892066174897,0.0,0.0,0.0,0.0,0.0,0.0,1.3188208708308526,0.0,0.0,0.0,0.0,0.0,0.0,0.0,0.0,0.0,0.0,0.0,0.0,0.0,0.0,0.0,0.0,0.0,0.0,0.012260654190729572,0.012260654190729572
2018/09/26 01:00:00,2018/09/26 02:00:00,2018/09/26 06:00:00,4.560939930408205,4.560939930408205,2.818626980436659,0.0,0.0,0.0,0.03901145352875434,0.00797836496709361,0.0,0.0008539601675123682,0.3756483004773328,0.0,0.0,0.0,0.0,0.0,0.0,1.3188208708308526,0.0,0.0,0.0,0.0,0.0,0.0,0.0,0.0,0.0,0.0,0.0,0.0,0.0,0.0,0.0,0.0,0.0,0.0,0.015562560572693035,0.015562560572693035
2018/09/26 02:00:00,2018/09/26 03:00:00,2018/09/26 07:00:00,5.36626853193909,5.36626853193909,2.628966134754559,0.0,0.0,0.0,0.026007635685836212,0.005318909978062404,0.0,0.0005693067783415784,2.2051022431309333,0.0,0.0,0.0,0.0,0.0,0.0,0.5003043016113583,0.0,0.0,0.0,0.0,0.0,0.0,0.0,0.0,0.0,0.0,0.0,0.0,0.0,0.0,0.0,0.0,0.0,0.0,0.01831045362401083,0.01831045362401083
2018/09/26 03:00:00,2018/09/26 04:00:00,2018/09/26 08:00:00,4.777032293576761,4.777032293576761,2.8308495655626507,0.0,0.0,0.0,0.026007635685836212,0.005318909978062404,0.0,0.0005693067783415784,1.91428687557187,0.0,0.0,0.0,0.0,0.0,0.0,0.0,0.0,0.0,0.0,0.0,0.0,0.0,0.0,0.0,0.0,0.0,0.0,0.0,0.0,0.0,0.0,0.0,0.0,0.0,0.016299897731791742,0.016299897731791742
2018/09/26 04:00:00,2018/09/26 05:00:00,2018/09/26 09:00:00,5.067702060091086,5.067702060091086,3.102612322197945,0.0,0.0,0.0,0.027249552419694536,0.005572898590769679,0.0,0.0005964923181292811,1.931670794564547,0.0,0.0,0.0,0.0,0.0,0.0,0.0,0.0,0.0,0.0,0.0,0.0,0.0,0.0,0.0,0.0,0.0,0.0,0.0,0.0,0.0,0.0,0.0,0.0,0.0,0.017291703350162353,0.017291703350162353
2018/09/26 05:00:00,2018/09/26 06:00:00,2018/09/26 10:00:00,3.4954429985376723,3.4954429985376723,3.1505302091832785,0.0,0.0,0.0,0.07103552208494862,0.014527716082253228,0.0,0.0015549665765280758,0.25779458461066423,0.0,0.0,0.0,0.0,0.0,0.0,0.0,0.0,0.0,0.0,0.0,0.0,0.0,0.0,0.0,0.0,0.0,0.0,0.0,0.0,0.0,0.0,0.0,0.0,0.0,0.01192693703998633,0.01192693703998633
2018/09/26 06:00:00,2018/09/26 07:00:00,2018/09/26 11:00:00,3.531527265294997,3.531527265294997,3.0118480365086193,0.0,0.0,0.0,0.1667717967174164,0.03410706702965493,0.0,0.0036506322779327363,0.31514973276137404,0.0,0.0,0.0,0.0,0.0,0.0,0.0,0.0,0.0,0.0,0.0,0.0,0.0,0.0,0.0,0.0,0.0,0.0,0.0,0.0,0.0,0.0,0.0,0.0,0.0,0.012050061570390269,0.012050061570390269
2018/09/26 07:00:00,2018/09/26 08:00:00,2018/09/26 12:00:00,4.118472831592304,4.118472831592304,3.0976581307708004,0.0,0.0,0.0,0.21104540955177992,0.043161614083227134,0.0,0.004619781038425436,0.36010528653425383,0.0,0.0,0.0,0.0,0.0,0.0,0.40188260961381705,0.0,0.0,0.0,0.0,0.0,0.0,0.0,0.0,0.0,0.0,0.0,0.0,0.0,0.0,0.0,0.0,0.0,0.0,0.014052801371341326,0.014052801371341326
2018/09/26 08:00:00,2018/09/26 09:00:00,2018/09/26 13:00:00,3.6351693920440606,3.6351693920440606,3.0781597819707858,0.0,0.0,0.0,0.21211882851794048,0.043381142644712725,0.0,0.004643278164454789,0.29686636074616646,0.0,0.0,0.0,0.0,0.0,0.0,0.0,0.0,0.0,0.0,0.0,0.0,0.0,0.0,0.0,0.0,0.0,0.0,0.0,0.0,0.0,0.0,0.0,0.0,0.0,0.012403702903103605,0.012403702903103605
2018/09/26 09:00:00,2018/09/26 10:00:00,2018/09/26 14:00:00,2.724806524873665,2.724806524873665,2.2314436998682305,0.0,0.0,0.0,0.2062198728771374,0.04217472717515497,0.0,0.004514150108678676,0.24045407484446327,0.0,0.0,0.0,0.0,0.0,0.0,0.0,0.0,0.0,0.0,0.0,0.0,0.0,0.0,0.0,0.0,0.0,0.0,0.0,0.0,0.0,0.0,0.0,0.0,0.0,0.00929741834780542,0.00929741834780542
2018/09/26 10:00:00,2018/09/26 11:00:00,2018/09/26 15:00:00,1.974692623055856,1.974692623055856,1.4924056600688327,0.0,0.0,0.0,0.19995148025023965,0.040892756891797895,0.0,0.004376935082487628,0.23706579076249806,0.0,0.0,0.0,0.0,0.0,0.0,0.0,0.0,0.0,0.0,0.0,0.0,0.0,0.0,0.0,0.0,0.0,0.0,0.0,0.0,0.0,0.0,0.0,0.0,0.0,0.006737925521419091,0.006737925521419091
2018/09/26 11:00:00,2018/09/26 12:00:00,2018/09/26 16:00:00,1.6912439622303044,1.6912439622303044,0.7985372212541194,0.0,0.0,0.0,0.19126679222895843,0.03911662182397593,0.0,0.004186827384193855,0.2521460954047706,0.0,0.0,0.0,0.0,0.0,0.0,0.405990404134286,0.0,0.0,0.0,0.0,0.0,0.0,0.0,0.0,0.0,0.0,0.0,0.0,0.0,0.0,0.0,0.0,0.0,0.0,0.005770759318694827,0.005770759318694827
2018/09/26 12:00:00,2018/09/26 13:00:00,2018/09/26 17:00:00,2.5352173792378045,2.5352173792378045,0.7313233638855506,0.0,0.0,0.0,0.1849983996020602,0.03783465154061874,0.0,0.004049612358002795,0.25819048102071934,0.0,0.0,0.0,0.0,0.0,0.0,1.3188208708308526,0.0,0.0,0.0,0.0,0.0,0.0,0.0,0.0,0.0,0.0,0.0,0.0,0.0,0.0,0.0,0.0,0.0,0.0,0.008650513848315743,0.008650513848315743
2018/09/26 13:00:00,2018/09/26 14:00:00,2018/09/26 18:00:00,1.244253397439283,1.244253397439283,0.5107264562106111,0.0,0.0,0.0,0.1831538331348946,0.037457412982453704,0.0,0.004009234824052993,0.26620885734512484,0.0,0.0,0.0,0.0,0.0,0.0,0.24269760294214573,0.0,0.0,0.0,0.0,0.0,0.0,0.0,0.0,0.0,0.0,0.0,0.0,0.0,0.0,0.0,0.0,0.0,0.0,0.004245565423111127,0.004245565423111127
2018/09/26 14:00:00,2018/09/26 15:00:00,2018/09/26 19:00:00,0.7188710919465804,0.7188710919465804,0.19877725113798747,0.0,0.0,0.0,0.18302017057615164,0.03743007719822559,0.0,0.004006308952527337,0.2956372840816883,0.0,0.0,0.0,0.0,0.0,0.0,0.0,0.0,0.0,0.0,0.0,0.0,0.0,0.0,0.0,0.0,0.0,0.0,0.0,0.0,0.0,0.0,0.0,0.0,0.0,0.002452888019372656,0.002452888019372656
2018/09/26 15:00:00,2018/09/26 16:00:00,2018/09/26 20:00:00,0.595543183985216,0.595543183985216,0.0,0.0,0.0,0.0,0.18349684026526766,0.037527562536620276,0.0,0.0040167432452989605,0.37050203793802905,0.0,0.0,0.0,0.0,0.0,0.0,0.0,0.0,0.0,0.0,0.0,0.0,0.0,0.0,0.0,0.0,0.0,0.0,0.0,0.0,0.0,0.0,0.0,0.0,0.0,0.0020320760667406758,0.0020320760667406758
2018/09/26 16:00:00,2018/09/26 17:00:00,2018/09/26 21:00:00,3.1724477214562725,3.1724477214562725,0.0,0.0,0.0,0.0,0.18612867792959029,0.03806580860337172,0.0,0.004074354134650564,2.489335845987811,0.0,0.0,0.0,0.0,0.0,0.0,0.45484303480084887,0.0,0.0,0.0,0.0,0.0,0.0,0.0,0.0,0.0,0.0,0.0,0.0,0.0,0.0,0.0,0.0,0.0,0.0,0.010824832289436991,0.010824832289436991
2018/09/26 17:00:00,2018/09/26 18:00:00,2018/09/26 22:00:00,4.267438591520567,4.267438591520567,0.0,0.0,0.016514905532398833,0.0,0.19696408002817453,0.04028179351775072,0.0,0.004311540933762028,3.904057115684472,0.0,0.006509176836844033,0.0,0.0,0.0,0.0,0.09879997898716476,0.0,0.0,0.0,0.0,0.0,0.0,0.0,0.0,0.0,0.0,0.0,0.0,0.0,0.0,0.0,0.0,0.0,0.0,0.0145610932360696,0.0145610932360696
2018/09/26 18:00:00,2018/09/26 19:00:00,2018/09/26 23:00:00,0.8318406563511026,0.8318406563511026,0.0,0.0,0.0,0.0,0.22873324489695904,0.04677901341334135,0.0,0.005006967504655592,0.5513214305361466,0.0,0.0,0.0,0.0,0.0,0.0,0.0,0.0,0.0,0.0,0.0,0.0,0.0,0.0,0.0,0.0,0.0,0.0,0.0,0.0,0.0,0.0,0.0,0.0,0.0,0.0028383558649793784,0.0028383558649793784
2018/09/26 19:00:00,2018/09/26 20:00:00,2018/09/27 00:00:00,0.9947763180739042,0.9947763180739042,0.12911891219117153,0.0,0.0,0.0,0.29344032222657884,0.060012477747325606,0.0,0.0064234045147482585,0.5057812013940799,0.0,0.0,0.0,0.0,0.0,0.0,0.0,0.0,0.0,0.0,0.0,0.0,0.0,0.0,0.0,0.0,0.0,0.0,0.0,0.0,0.0,0.0,0.0,0.0,0.0,0.003394314975097712,0.003394314975097712
2018/09/26 20:00:00,2018/09/26 21:00:00,2018/09/27 01:00:00,1.9541958405020778,1.9541958405020778,0.8794245573158961,0.0,0.0,0.0,0.3798491860217515,0.07768424819908869,0.0,0.008314893324481805,0.6089229556408596,0.0,0.0,0.0,0.0,0.0,0.0,0.0,0.0,0.0,0.0,0.0,0.0,0.0,0.0,0.0,0.0,0.0,0.0,0.0,0.0,0.0,0.0,0.0,0.0,0.0,0.006667987652272469,0.006667987652272469
2018/09/26 21:00:00,2018/09/26 22:00:00,2018/09/27 02:00:00,2.6735336549424438,2.6735336549424438,1.6656466086708357,0.0,0.0,0.0,0.44204960907651225,0.0904050681468183,0.0,0.009676459707852593,0.4657559093404247,0.0,0.0,0.0,0.0,0.0,0.0,0.0,0.0,0.0,0.0,0.0,0.0,0.0,0.0,0.0,0.0,0.0,0.0,0.0,0.0,0.0,0.0,0.0,0.0,0.0,0.00912246819362327,0.00912246819362327
2018/09/26 22:00:00,2018/09/26 23:00:00,2018/09/27 03:00:00,3.2270124200302277,3.2270124200302277,2.4489981172209747,0.0,0.0,0.0,0.3095070107337689,0.06329833082707534,0.0,0.006775104099560094,0.39843385714884805,0.0,0.0,0.0,0.0,0.0,0.0,0.0,0.0,0.0,0.0,0.0,0.0,0.0,0.0,0.0,0.0,0.0,0.0,0.0,0.0,0.0,0.0,0.0,0.0,0.0,0.011011014620194397,0.011011014620194397
2018/09/26 23:00:00,2018/09/27 00:00:00,2018/09/27 04:00:00,3.635775072224212,3.635775072224212,3.1352984170585607,0.0,0.0,0.0,0.13094360677997474,0.026779722120023,0.0,0.002866353705536267,0.33988697256011713,0.0,0.0,0.0,0.0,0.0,0.0,0.0,0.0,0.0,0.0,0.0,0.0,0.0,0.0,0.0,0.0,0.0,0.0,0.0,0.0,0.0,0.0,0.0,0.0,0.0,0.01240576956800933,0.01240576956800933
2018/09/27 00:00:00,2018/09/27 01:00:00,2018/09/27 05:00:00,6.012211616394582,6.012211616394582,4.593541525120267,0.0,0.0,0.0,0.06501908921459039,0.013297274945155983,0.0,0.0014232669458539432,1.3389304601687144,0.0,0.0,0.0,0.0,0.0,0.0,0.0,0.0,0.0,0.0,0.0,0.0,0.0,0.0,0.0,0.0,0.0,0.0,0.0,0.0,0.0,0.0,0.0,0.0,0.0,0.020514501151874472,0.020514501151874472
2018/09/27 01:00:00,2018/09/27 02:00:00,2018/09/27 06:00:00,4.922438855475387,4.922438855475387,4.581993695635104,0.0,0.0,0.0,0.03901145352875434,0.00797836496709361,0.0,0.0008539601675123682,0.2926013811769224,0.0,0.0,0.0,0.0,0.0,0.0,0.0,0.0,0.0,0.0,0.0,0.0,0.0,0.0,0.0,0.0,0.0,0.0,0.0,0.0,0.0,0.0,0.0,0.0,0.0,0.016796045118458128,0.016796045118458128
2018/09/27 02:00:00,2018/09/27 03:00:00,2018/09/27 07:00:00,4.847199327142529,4.847199327142529,4.552793689435354,0.0,0.0,0.0,0.026007635685836212,0.005318909978062404,0.0,0.0005693067783415784,0.2625097852649354,0.0,0.0,0.0,0.0,0.0,0.0,0.0,0.0,0.0,0.0,0.0,0.0,0.0,0.0,0.0,0.0,0.0,0.0,0.0,0.0,0.0,0.0,0.0,0.0,0.0,0.01653931739675885,0.01653931739675885
2018/09/27 03:00:00,2018/09/27 04:00:00,2018/09/27 08:00:00,5.483965956638669,5.483965956638669,4.7993611025514875,0.0,0.0,0.0,0.026007635685836212,0.005318909978062404,0.0,0.0005693067783415784,0.25071992479679983,0.0,0.0,0.0,0.0,0.0,0.0,0.4019890768481429,0.0,0.0,0.0,0.0,0.0,0.0,0.0,0.0,0.0,0.0,0.0,0.0,0.0,0.0,0.0,0.0,0.0,0.0,0.018712053585660235,0.018712053585660235
2018/09/27 04:00:00,2018/09/27 05:00:00,2018/09/27 09:00:00,5.349625215206133,5.349625215206133,5.079325697824071,0.0,0.0,0.0,0.027249552419694536,0.005572898590769679,0.0,0.0005964923181292811,0.23688057405346816,0.0,0.0,0.0,0.0,0.0,0.0,0.0,0.0,0.0,0.0,0.0,0.0,0.0,0.0,0.0,0.0,0.0,0.0,0.0,0.0,0.0,0.0,0.0,0.0,0.0,0.01825366431550442,0.01825366431550442
2018/09/27 05:00:00,2018/09/27 06:00:00,2018/09/27 10:00:00,5.644819069545919,5.644819069545919,5.299906280191525,0.0,0.0,0.0,0.07103552208494862,0.014527716082253228,0.0,0.0015549665765280758,0.25779458461066423,0.0,0.0,0.0,0.0,0.0,0.0,0.0,0.0,0.0,0.0,0.0,0.0,0.0,0.0,0.0,0.0,0.0,0.0,0.0,0.0,0.0,0.0,0.0,0.0,0.0,0.019260906749946762,0.019260906749946762
2018/09/27 06:00:00,2018/09/27 07:00:00,2018/09/27 11:00:00,5.962358066673672,5.962358066673672,5.442678837887295,0.0,0.0,0.0,0.1667717967174164,0.03410706702965493,0.0,0.0036506322779327363,0.31514973276137404,0.0,0.0,0.0,0.0,0.0,0.0,0.0,0.0,0.0,0.0,0.0,0.0,0.0,0.0,0.0,0.0,0.0,0.0,0.0,0.0,0.0,0.0,0.0,0.0,0.0,0.02034439391539833,0.02034439391539833
2018/09/27 07:00:00,2018/09/27 08:00:00,2018/09/27 12:00:00,6.089394206567478,6.089394206567478,5.0996541953094265,0.0,0.0,0.0,0.21104540955177992,0.043161614083227134,0.0,0.004619781038425436,0.36010528653425383,0.0,0.0,0.0,0.0,0.0,0.0,0.37080792005036584,0.0,0.0,0.0,0.0,0.0,0.0,0.0,0.0,0.0,0.0,0.0,0.0,0.0,0.0,0.0,0.0,0.0,0.0,0.020777858870469887,0.020777858870469887
2018/09/27 08:00:00,2018/09/27 09:00:00,2018/09/27 13:00:00,6.777151429688217,6.777151429688217,4.9013209487840905,0.0,0.0,0.0,0.21211882851794048,0.043381142644712725,0.0,0.004643278164454789,0.29686636074616646,0.0,0.0,0.0,0.0,0.0,0.0,1.3188208708308526,0.0,0.0,0.0,0.0,0.0,0.0,0.0,0.0,0.0,0.0,0.0,0.0,0.0,0.0,0.0,0.0,0.0,0.0,0.023124582047586082,0.023124582047586082
2018/09/27 09:00:00,2018/09/27 10:00:00,2018/09/27 14:00:00,5.80387529999125,5.80387529999125,3.9916916041549633,0.0,0.0,0.0,0.2062198728771374,0.04217472717515497,0.0,0.004514150108678676,0.24045407484446327,0.0,0.0,0.0,0.0,0.0,0.0,1.3188208708308526,0.0,0.0,0.0,0.0,0.0,0.0,0.0,0.0,0.0,0.0,0.0,0.0,0.0,0.0,0.0,0.0,0.0,0.0,0.019803628701680103,0.019803628701680103
2018/09/27 10:00:00,2018/09/27 11:00:00,2018/09/27 15:00:00,4.275424945361587,4.275424945361587,3.2625735564041385,0.0,0.0,0.0,0.19995148025023965,0.040892756891797895,0.0,0.004376935082487628,0.23706579076249806,0.0,0.0,0.0,0.0,0.0,0.0,0.5305644259704255,0.0,0.0,0.0,0.0,0.0,0.0,0.0,0.0,0.0,0.0,0.0,0.0,0.0,0.0,0.0,0.0,0.0,0.0,0.014588343784707,0.014588343784707
2018/09/27 11:00:00,2018/09/27 12:00:00,2018/09/27 16:00:00,2.723529058473504,2.723529058473504,2.2368127216316047,0.0,0.0,0.0,0.19126679222895843,0.03911662182397593,0.0,0.004186827384193855,0.2521460954047706,0.0,0.0,0.0,0.0,0.0,0.0,0.0,0.0,0.0,0.0,0.0,0.0,0.0,0.0,0.0,0.0,0.0,0.0,0.0,0.0,0.0,0.0,0.0,0.0,0.0,0.009293059455003623,0.009293059455003623
2018/09/27 12:00:00,2018/09/27 13:00:00,2018/09/27 17:00:00,1.945067412837945,1.945067412837945,1.459994268316544,0.0,0.0,0.0,0.1849983996020602,0.03783465154061874,0.0,0.004049612358002795,0.25819048102071934,0.0,0.0,0.0,0.0,0.0,0.0,0.0,0.0,0.0,0.0,0.0,0.0,0.0,0.0,0.0,0.0,0.0,0.0,0.0,0.0,0.0,0.0,0.0,0.0,0.0,0.006636840189112655,0.006636840189112655
2018/09/27 13:00:00,2018/09/27 14:00:00,2018/09/27 18:00:00,1.357700615328474,1.357700615328474,0.8668712770419479,0.0,0.0,0.0,0.1831538331348946,0.037457412982453704,0.0,0.004009234824052993,0.26620885734512484,0.0,0.0,0.0,0.0,0.0,0.0,0.0,0.0,0.0,0.0,0.0,0.0,0.0,0.0,0.0,0.0,0.0,0.0,0.0,0.0,0.0,0.0,0.0,0.0,0.0,0.00463266308875524,0.00463266308875524
2018/09/27 14:00:00,2018/09/27 15:00:00,2018/09/27 19:00:00,0.7715692451738985,0.7715692451738985,0.20408391009322507,0.0,0.0,0.0,0.18302017057615164,0.03743007719822559,0.0,0.004006308952527337,0.3430287783537689,0.0,0.0,0.0,0.0,0.0,0.0,0.0,0.0,0.0,0.0,0.0,0.0,0.0,0.0,0.0,0.0,0.0,0.0,0.0,0.0,0.0,0.0,0.0,0.0,0.0,0.002632701438137809,0.002632701438137809
2018/09/27 15:00:00,2018/09/27 16:00:00,2018/09/27 20:00:00,1.5927100045776106,1.5927100045776106,0.0,0.0,0.0,0.0,0.18349684026526766,0.037527562536620276,0.0,0.0040167432452989605,1.3676688585304235,0.0,0.0,0.0,0.0,0.0,0.0,0.0,0.0,0.0,0.0,0.0,0.0,0.0,0.0,0.0,0.0,0.0,0.0,0.0,0.0,0.0,0.0,0.0,0.0,0.0,0.005434547768480445,0.005434547768480445
2018/09/27 16:00:00,2018/09/27 17:00:00,2018/09/27 21:00:00,1.0415773099685608,1.0415773099685608,0.0,0.0,0.055673325363023024,0.0,0.18612867792959029,0.03806580860337172,0.0,0.004074354134650564,0.7352097424206989,0.0,0.022425401517226252,0.0,0.0,0.0,0.0,0.0,0.0,0.0,0.0,0.0,0.0,0.0,0.0,0.0,0.0,0.0,0.0,0.0,0.0,0.0,0.0,0.0,0.0,0.0,0.0035540064602599653,0.0035540064602599653
2018/09/27 17:00:00,2018/09/27 18:00:00,2018/09/27 22:00:00,1.3211969153188756,1.3211969153188756,0.0,0.0,0.12123656031919143,0.0,0.19696408002817453,0.04028179351775072,0.0,0.004311540933762028,0.5350858754207735,0.0,0.04894454227763653,0.0,0.0,0.0,0.0,0.37437252282158706,0.0,0.0,0.0,0.0,0.0,0.0,0.0,0.0,0.0,0.0,0.0,0.0,0.0,0.0,0.0,0.0,0.0,0.0,0.004508107393833832,0.004508107393833832
2018/09/27 18:00:00,2018/09/27 19:00:00,2018/09/27 23:00:00,1.5374373618322783,1.5374373618322783,0.0,0.0,0.17802318112956692,0.0,0.22873324489695904,0.04677901341334135,0.0,0.005006967504655592,0.5513214305361466,0.0,0.07241362857238887,0.0,0.0,0.0,0.0,0.45515989577921995,0.0,0.0,0.0,0.0,0.0,0.0,0.0,0.0,0.0,0.0,0.0,0.0,0.0,0.0,0.0,0.0,0.0,0.0,0.005245949833874437,0.005245949833874437
2018/09/27 19:00:00,2018/09/27 20:00:00,2018/09/28 00:00:00,2.3084591870967928,2.3084591870967928,0.0,0.0,0.09188973017127755,0.0,0.29344032222657884,0.060012477747325606,0.0,0.0064234045147482585,0.5005084163794185,0.0,0.037363965226591425,0.0,0.0,0.0,0.0,1.3188208708308526,0.0,0.0,0.0,0.0,0.0,0.0,0.0,0.0,0.0,0.0,0.0,0.0,0.0,0.0,0.0,0.0,0.0,0.0,0.007876783399242932,0.007876783399242932
2018/09/27 20:00:00,2018/09/27 21:00:00,2018/09/28 01:00:00,2.2890732448441433,2.2890732448441433,0.014345842488382676,0.0,0.0,0.0,0.3798491860217515,0.07768424819908869,0.0,0.008314893324481805,0.49005820397958605,0.0,0.0,0.0,0.0,0.0,0.0,1.3188208708308526,0.0,0.0,0.0,0.0,0.0,0.0,0.0,0.0,0.0,0.0,0.0,0.0,0.0,0.0,0.0,0.0,0.0,0.0,0.007810635871503276,0.007810635871503276
2018/09/27 21:00:00,2018/09/27 22:00:00,2018/09/28 02:00:00,2.4527214188593023,2.4527214188593023,0.36974622522026074,0.0,0.0,0.0,0.44204960907651225,0.0904050681468183,0.0,0.009676459707852593,0.4657559093404247,0.0,0.0,0.0,0.0,0.0,0.0,1.0750881473674339,0.0,0.0,0.0,0.0,0.0,0.0,0.0,0.0,0.0,0.0,0.0,0.0,0.0,0.0,0.0,0.0,0.0,0.0,0.008369026172533526,0.008369026172533526
2018/09/27 22:00:00,2018/09/27 23:00:00,2018/09/28 03:00:00,1.7380563665487352,1.7380563665487352,0.9600420637394828,0.0,0.0,0.0,0.3095070107337689,0.06329833082707534,0.0,0.006775104099560094,0.39843385714884805,0.0,0.0,0.0,0.0,0.0,0.0,0.0,0.0,0.0,0.0,0.0,0.0,0.0,0.0,0.0,0.0,0.0,0.0,0.0,0.0,0.0,0.0,0.0,0.0,0.0,0.005930489744632222,0.005930489744632222
2018/09/27 23:00:00,2018/09/28 00:00:00,2018/09/28 04:00:00,2.153524417458909,2.153524417458909,1.6530477622932582,0.0,0.0,0.0,0.13094360677997474,0.026779722120023,0.0,0.002866353705536267,0.33988697256011713,0.0,0.0,0.0,0.0,0.0,0.0,0.0,0.0,0.0,0.0,0.0,0.0,0.0,0.0,0.0,0.0,0.0,0.0,0.0,0.0,0.0,0.0,0.0,0.0,0.0,0.0073481244442695865,0.0073481244442695865
2018/09/28 00:00:00,2018/09/28 01:00:00,2018/09/28 05:00:00,3.113687766598335,3.113687766598335,2.7288589288752454,0.0,0.0,0.0,0.06501908921459039,0.013297274945155983,0.0,0.0014232669458539432,0.3050892066174897,0.0,0.0,0.0,0.0,0.0,0.0,0.0,0.0,0.0,0.0,0.0,0.0,0.0,0.0,0.0,0.0,0.0,0.0,0.0,0.0,0.0,0.0,0.0,0.0,0.0,0.010624335161503207,0.010624335161503207
2018/09/28 01:00:00,2018/09/28 02:00:00,2018/09/28 06:00:00,3.7706701048910847,3.7706701048910847,3.430224945050802,0.0,0.0,0.0,0.03901145352875434,0.00797836496709361,0.0,0.0008539601675123682,0.2926013811769224,0.0,0.0,0.0,0.0,0.0,0.0,0.0,0.0,0.0,0.0,0.0,0.0,0.0,0.0,0.0,0.0,0.0,0.0,0.0,0.0,0.0,0.0,0.0,0.0,0.0,0.012866050156849648,0.012866050156849648
2018/09/28 02:00:00,2018/09/28 03:00:00,2018/09/28 07:00:00,3.772138000185543,3.772138000185543,3.4777323624783674,0.0,0.0,0.0,0.026007635685836212,0.005318909978062404,0.0,0.0005693067783415784,0.2625097852649354,0.0,0.0,0.0,0.0,0.0,0.0,0.0,0.0,0.0,0.0,0.0,0.0,0.0,0.0,0.0,0.0,0.0,0.0,0.0,0.0,0.0,0.0,0.0,0.0,0.0,0.012871058819490012,0.012871058819490012
2018/09/28 03:00:00,2018/09/28 04:00:00,2018/09/28 08:00:00,4.127057047590319,4.127057047590319,3.8444412703512785,0.0,0.0,0.0,0.026007635685836212,0.005318909978062404,0.0,0.0005693067783415784,0.25071992479679983,0.0,0.0,0.0,0.0,0.0,0.0,0.0,0.0,0.0,0.0,0.0,0.0,0.0,0.0,0.0,0.0,0.0,0.0,0.0,0.0,0.0,0.0,0.0,0.0,0.0,0.014082091908703484,0.014082091908703484
2018/09/28 04:00:00,2018/09/28 05:00:00,2018/09/28 09:00:00,4.48068528206964,4.48068528206964,4.210385764687579,0.0,0.0,0.0,0.027249552419694536,0.005572898590769679,0.0,0.0005964923181292811,0.23688057405346816,0.0,0.0,0.0,0.0,0.0,0.0,0.0,0.0,0.0,0.0,0.0,0.0,0.0,0.0,0.0,0.0,0.0,0.0,0.0,0.0,0.0,0.0,0.0,0.0,0.0,0.01528872056491698,0.01528872056491698
2018/09/28 05:00:00,2018/09/28 06:00:00,2018/09/28 10:00:00,4.739208681500561,4.739208681500561,4.394295892146166,0.0,0.0,0.0,0.07103552208494862,0.014527716082253228,0.0,0.0015549665765280758,0.25779458461066423,0.0,0.0,0.0,0.0,0.0,0.0,0.0,0.0,0.0,0.0,0.0,0.0,0.0,0.0,0.0,0.0,0.0,0.0,0.0,0.0,0.0,0.0,0.0,0.0,0.0,0.016170838313558793,0.016170838313558793
2018/09/28 06:00:00,2018/09/28 07:00:00,2018/09/28 11:00:00,5.2786406697921615,5.2786406697921615,3.476963388226098,0.0,0.0,0.0,0.1667717967174164,0.03410706702965493,0.0,0.0036506322779327363,0.31514973276137404,0.0,0.0,0.0,0.0,0.0,0.0,1.2819980527796855,0.0,0.0,0.0,0.0,0.0,0.0,0.0,0.0,0.0,0.0,0.0,0.0,0.0,0.0,0.0,0.0,0.0,0.0,0.01801145518655605,0.01801145518655605
2018/09/28 07:00:00,2018/09/28 08:00:00,2018/09/28 12:00:00,5.945056368792174,5.945056368792174,4.007303406753635,0.0,0.0,0.0,0.21104540955177992,0.043161614083227134,0.0,0.004619781038425436,0.36010528653425383,0.0,0.0,0.0,0.0,0.0,0.0,1.3188208708308526,0.0,0.0,0.0,0.0,0.0,0.0,0.0,0.0,0.0,0.0,0.0,0.0,0.0,0.0,0.0,0.0,0.0,0.0,0.0202853581189617,0.0202853581189617
2018/09/28 08:00:00,2018/09/28 09:00:00,2018/09/28 13:00:00,5.300718482802052,5.300718482802052,3.424888001897925,0.0,0.0,0.0,0.21211882851794048,0.043381142644712725,0.0,0.004643278164454789,0.29686636074616646,0.0,0.0,0.0,0.0,0.0,0.0,1.3188208708308526,0.0,0.0,0.0,0.0,0.0,0.0,0.0,0.0,0.0,0.0,0.0,0.0,0.0,0.0,0.0,0.0,0.0,0.0,0.01808678775122946,0.01808678775122946
2018/09/28 09:00:00,2018/09/28 10:00:00,2018/09/28 14:00:00,4.133123369692795,4.133123369692795,2.320939673856508,0.0,0.0,0.0,0.2062198728771374,0.04217472717515497,0.0,0.004514150108678676,0.24045407484446327,0.0,0.0,0.0,0.0,0.0,0.0,1.3188208708308526,0.0,0.0,0.0,0.0,0.0,0.0,0.0,0.0,0.0,0.0,0.0,0.0,0.0,0.0,0.0,0.0,0.0,0.0,0.014102791042350002,0.014102791042350002
2018/09/28 10:00:00,2018/09/28 11:00:00,2018/09/28 15:00:00,1.8901369378558315,1.8901369378558315,1.372875585258477,0.0,0.0,0.0,0.19995148025023965,0.040892756891797895,0.0,0.004376935082487628,0.23706579076249806,0.0,0.0,0.0,0.0,0.0,0.0,0.034974389610331176,0.0,0.0,0.0,0.0,0.0,0.0,0.0,0.0,0.0,0.0,0.0,0.0,0.0,0.0,0.0,0.0,0.0,0.0,0.006449409778443021,0.006449409778443021
2018/09/28 11:00:00,2018/09/28 12:00:00,2018/09/28 16:00:00,1.4523915373535665,1.4523915373535665,0.611538088901006,0.0,0.0,0.0,0.19126679222895843,0.03911662182397593,0.0,0.004186827384193855,0.2521460954047706,0.0,0.0,0.0,0.0,0.0,0.0,0.35413711161066175,0.0,0.0,0.0,0.0,0.0,0.0,0.0,0.0,0.0,0.0,0.0,0.0,0.0,0.0,0.0,0.0,0.0,0.0,0.004955761667597466,0.004955761667597466
2018/09/28 12:00:00,2018/09/28 13:00:00,2018/09/28 17:00:00,1.6752694780651785,1.6752694780651785,0.26045923456913694,0.0,0.0,0.0,0.1849983996020602,0.03783465154061874,0.0,0.004049612358002795,0.25819048102071934,0.0,0.0,0.0,0.0,0.0,0.0,0.9297370989746405,0.0,0.0,0.0,0.0,0.0,0.0,0.0,0.0,0.0,0.0,0.0,0.0,0.0,0.0,0.0,0.0,0.0,0.0,0.005716252159812985,0.005716252159812985
2018/09/28 13:00:00,2018/09/28 14:00:00,2018/09/28 18:00:00,0.49082933828652614,0.49082933828652614,0.0,0.0,0.0,0.0,0.1831538331348946,0.037457412982453704,0.0,0.004009234824052993,0.26620885734512484,0.0,0.0,0.0,0.0,0.0,0.0,0.0,0.0,0.0,0.0,0.0,0.0,0.0,0.0,0.0,0.0,0.0,0.0,0.0,0.0,0.0,0.0,0.0,0.0,0.0,0.0016747778801057902,0.0016747778801057902
2018/09/28 14:00:00,2018/09/28 15:00:00,2018/09/28 19:00:00,1.352959799573928,1.352959799573928,0.0,0.0,0.0,0.0,0.18302017057615164,0.03743007719822559,0.0,0.004006308952527337,0.6547996514717686,0.0,0.0,0.0,0.0,0.0,0.0,0.4737035913752548,0.0,0.0,0.0,0.0,0.0,0.0,0.0,0.0,0.0,0.0,0.0,0.0,0.0,0.0,0.0,0.0,0.0,0.0,0.0046164867668852215,0.0046164867668852215
2018/09/28 15:00:00,2018/09/28 16:00:00,2018/09/28 20:00:00,0.5838034330257816,0.5838034330257816,0.0,0.0,0.05341665632651214,0.0,0.18349684026526766,0.037527562536620276,0.0,0.0040167432452989605,0.28373458382035643,0.0,0.02161104683172621,0.0,0.0,0.0,0.0,0.0,0.0,0.0,0.0,0.0,0.0,0.0,0.0,0.0,0.0,0.0,0.0,0.0,0.0,0.0,0.0,0.0,0.0,0.0,0.0019920184057755645,0.0019920184057755645
2018/09/28 16:00:00,2018/09/28 17:00:00,2018/09/28 21:00:00,0.8004528112896975,0.8004528112896975,0.0,0.0,0.134117918240708,0.0,0.18612867792959029,0.03806580860337172,0.0,0.004074354134650564,0.38388522406492354,0.0,0.05418082831645331,0.0,0.0,0.0,0.0,0.0,0.0,0.0,0.0,0.0,0.0,0.0,0.0,0.0,0.0,0.0,0.0,0.0,0.0,0.0,0.0,0.0,0.0,0.0,0.0027312561777509386,0.0027312561777509386
2018/09/28 17:00:00,2018/09/28 18:00:00,2018/09/28 22:00:00,0.9679630132324377,0.9679630132324377,0.0,0.0,0.13628559441514718,0.0,0.19696408002817453,0.04028179351775072,0.0,0.004311540933762028,0.5350858754207735,0.0,0.05503412891682979,0.0,0.0,0.0,0.0,0.0,0.0,0.0,0.0,0.0,0.0,0.0,0.0,0.0,0.0,0.0,0.0,0.0,0.0,0.0,0.0,0.0,0.0,0.0,0.00330282425451897,0.00330282425451897
2018/09/28 18:00:00,2018/09/28 19:00:00,2018/09/28 23:00:00,0.924331105070008,0.924331105070008,0.0,0.0,0.06589378915110565,0.0,0.22873324489695904,0.04677901341334135,0.0,0.005006967504655592,0.5513214305361466,0.0,0.026596659567799847,0.0,0.0,0.0,0.0,0.0,0.0,0.0,0.0,0.0,0.0,0.0,0.0,0.0,0.0,0.0,0.0,0.0,0.0,0.0,0.0,0.0,0.0,0.0,0.003153946123247634,0.003153946123247634
2018/09/28 19:00:00,2018/09/28 20:00:00,2018/09/29 00:00:00,1.770350530887507,1.770350530887507,0.0,0.0,0.049192527726739856,0.0,0.29344032222657884,0.060012477747325606,0.0,0.0064234045147482585,0.5005084163794185,0.0,0.01983886186131453,0.0,0.0,0.0,0.0,0.8409345204313815,0.0,0.0,0.0,0.0,0.0,0.0,0.0,0.0,0.0,0.0,0.0,0.0,0.0,0.0,0.0,0.0,0.0,0.0,0.006040681919125881,0.006040681919125881
2018/09/28 20:00:00,2018/09/28 21:00:00,2018/09/29 01:00:00,2.3509089204563205,2.3509089204563205,0.07618151810055955,0.0,0.0,0.0,0.3798491860217515,0.07768424819908869,0.0,0.008314893324481805,0.49005820397958605,0.0,0.0,0.0,0.0,0.0,0.0,1.3188208708308526,0.0,0.0,0.0,0.0,0.0,0.0,0.0,0.0,0.0,0.0,0.0,0.0,0.0,0.0,0.0,0.0,0.0,0.0,0.008021627785878647,0.008021627785878647
2018/09/28 21:00:00,2018/09/28 22:00:00,2018/09/29 02:00:00,2.7462178982594803,2.7462178982594803,0.7516327786198275,0.0,0.0,0.0,0.44204960907651225,0.0904050681468183,0.0,0.009676459707852593,0.4657559093404247,0.0,0.0,0.0,0.0,0.0,0.0,0.9866980733680448,0.0,0.0,0.0,0.0,0.0,0.0,0.0,0.0,0.0,0.0,0.0,0.0,0.0,0.0,0.0,0.0,0.0,0.0,0.009370476927910744,0.009370476927910744
2018/09/28 22:00:00,2018/09/28 23:00:00,2018/09/29 03:00:00,2.245506942524846,2.245506942524846,1.4674926397155932,0.0,0.0,0.0,0.3095070107337689,0.06329833082707534,0.0,0.006775104099560094,0.39843385714884805,0.0,0.0,0.0,0.0,0.0,0.0,0.0,0.0,0.0,0.0,0.0,0.0,0.0,0.0,0.0,0.0,0.0,0.0,0.0,0.0,0.0,0.0,0.0,0.0,0.0,0.007661981596481581,0.007661981596481581
2018/09/28 23:00:00,2018/09/29 00:00:00,2018/09/29 04:00:00,2.6768972357976892,2.6768972357976892,2.176420580632038,0.0,0.0,0.0,0.13094360677997474,0.026779722120023,0.0,0.002866353705536267,0.33988697256011713,0.0,0.0,0.0,0.0,0.0,0.0,0.0,0.0,0.0,0.0,0.0,0.0,0.0,0.0,0.0,0.0,0.0,0.0,0.0,0.0,0.0,0.0,0.0,0.0,0.0,0.009133945198714242,0.009133945198714242
2018/09/29 00:00:00,2018/09/29 01:00:00,2018/09/29 05:00:00,3.394325920738891,3.394325920738891,3.0094970830158014,0.0,0.0,0.0,0.06501908921459039,0.013297274945155983,0.0,0.0014232669458539432,0.3050892066174897,0.0,0.0,0.0,0.0,0.0,0.0,0.0,0.0,0.0,0.0,0.0,0.0,0.0,0.0,0.0,0.0,0.0,0.0,0.0,0.0,0.0,0.0,0.0,0.0,0.0,0.011581911525029286,0.011581911525029286
2018/09/29 01:00:00,2018/09/29 02:00:00,2018/09/29 06:00:00,3.737308093980091,3.737308093980091,3.396862934139808,0.0,0.0,0.0,0.03901145352875434,0.00797836496709361,0.0,0.0008539601675123682,0.2926013811769224,0.0,0.0,0.0,0.0,0.0,0.0,0.0,0.0,0.0,0.0,0.0,0.0,0.0,0.0,0.0,0.0,0.0,0.0,0.0,0.0,0.0,0.0,0.0,0.0,0.0,0.012752214341524029,0.012752214341524029
2018/09/29 02:00:00,2018/09/29 03:00:00,2018/09/29 07:00:00,3.693339114139244,3.693339114139244,3.3989334764320684,0.0,0.0,0.0,0.026007635685836212,0.005318909978062404,0.0,0.0005693067783415784,0.2625097852649354,0.0,0.0,0.0,0.0,0.0,0.0,0.0,0.0,0.0,0.0,0.0,0.0,0.0,0.0,0.0,0.0,0.0,0.0,0.0,0.0,0.0,0.0,0.0,0.0,0.0,0.012602186074865527,0.012602186074865527
2018/09/29 03:00:00,2018/09/29 04:00:00,2018/09/29 08:00:00,3.8966559601800785,3.8966559601800785,3.6140401829410385,0.0,0.0,0.0,0.026007635685836212,0.005318909978062404,0.0,0.0005693067783415784,0.25071992479679983,0.0,0.0,0.0,0.0,0.0,0.0,0.0,0.0,0.0,0.0,0.0,0.0,0.0,0.0,0.0,0.0,0.0,0.0,0.0,0.0,0.0,0.0,0.0,0.0,0.0,0.013295931394961465,0.013295931394961465
2018/09/29 04:00:00,2018/09/29 05:00:00,2018/09/29 09:00:00,3.9899278331698698,3.9899278331698698,3.719628315787808,0.0,0.0,0.0,0.027249552419694536,0.005572898590769679,0.0,0.0005964923181292811,0.23688057405346816,0.0,0.0,0.0,0.0,0.0,0.0,0.0,0.0,0.0,0.0,0.0,0.0,0.0,0.0,0.0,0.0,0.0,0.0,0.0,0.0,0.0,0.0,0.0,0.0,0.0,0.013614187981384484,0.013614187981384484
2018/09/29 05:00:00,2018/09/29 06:00:00,2018/09/29 10:00:00,4.020403715299549,4.020403715299549,3.6754909259451556,0.0,0.0,0.0,0.07103552208494862,0.014527716082253228,0.0,0.0015549665765280758,0.25779458461066423,0.0,0.0,0.0,0.0,0.0,0.0,0.0,0.0,0.0,0.0,0.0,0.0,0.0,0.0,0.0,0.0,0.0,0.0,0.0,0.0,0.0,0.0,0.0,0.0,0.0,0.01371817592441511,0.01371817592441511
2018/09/29 06:00:00,2018/09/29 07:00:00,2018/09/29 11:00:00,3.9976363233341417,3.9976363233341417,3.477957094547764,0.0,0.0,0.0,0.1667717967174164,0.03410706702965493,0.0,0.0036506322779327363,0.31514973276137404,0.0,0.0,0.0,0.0,0.0,0.0,0.0,0.0,0.0,0.0,0.0,0.0,0.0,0.0,0.0,0.0,0.0,0.0,0.0,0.0,0.0,0.0,0.0,0.0,0.0,0.013640490420560602,0.013640490420560602
2018/09/29 07:00:00,2018/09/29 08:00:00,2018/09/29 12:00:00,4.357559640997327,4.357559640997327,2.862715029538094,0.0,0.0,0.0,0.21104540955177992,0.043161614083227134,0.0,0.004619781038425436,0.36010528653425383,0.0,0.0,0.0,0.0,0.0,0.0,0.8759125202515461,0.0,0.0,0.0,0.0,0.0,0.0,0.0,0.0,0.0,0.0,0.0,0.0,0.0,0.0,0.0,0.0,0.0,0.0,0.014868598775006008,0.014868598775006008
2018/09/29 08:00:00,2018/09/29 09:00:00,2018/09/29 13:00:00,3.771725757392322,3.771725757392322,1.8958952764881947,0.0,0.0,0.0,0.21211882851794048,0.043381142644712725,0.0,0.004643278164454789,0.29686636074616646,0.0,0.0,0.0,0.0,0.0,0.0,1.3188208708308526,0.0,0.0,0.0,0.0,0.0,0.0,0.0,0.0,0.0,0.0,0.0,0.0,0.0,0.0,0.0,0.0,0.0,0.0,0.012869652189817608,0.012869652189817608
2018/09/29 09:00:00,2018/09/29 10:00:00,2018/09/29 14:00:00,1.4917795762687502,1.4917795762687502,0.5813375125019181,0.0,0.0,0.0,0.2062198728771374,0.04217472717515497,0.0,0.004514150108678676,0.24045407484446327,0.0,0.0,0.0,0.0,0.0,0.0,0.4170792387613977,0.0,0.0,0.0,0.0,0.0,0.0,0.0,0.0,0.0,0.0,0.0,0.0,0.0,0.0,0.0,0.0,0.0,0.0,0.0050901591275092604,0.0050901591275092604
2018/09/29 10:00:00,2018/09/29 11:00:00,2018/09/29 15:00:00,0.4888826842198637,0.4888826842198637,0.006595721232840433,0.0,0.0,0.0,0.19995148025023965,0.040892756891797895,0.0,0.004376935082487628,0.23706579076249806,0.0,0.0,0.0,0.0,0.0,0.0,0.0,0.0,0.0,0.0,0.0,0.0,0.0,0.0,0.0,0.0,0.0,0.0,0.0,0.0,0.0,0.0,0.0,0.0,0.0,0.0016681356260334367,0.0016681356260334367
2018/09/29 11:00:00,2018/09/29 12:00:00,2018/09/29 16:00:00,0.4867163368418988,0.4867163368418988,0.0,0.0,0.0,0.0,0.19126679222895843,0.03911662182397593,0.0,0.004186827384193855,0.2521460954047706,0.0,0.0,0.0,0.0,0.0,0.0,0.0,0.0,0.0,0.0,0.0,0.0,0.0,0.0,0.0,0.0,0.0,0.0,0.0,0.0,0.0,0.0,0.0,0.0,0.0,0.0016607437478667678,0.0016607437478667678
2018/09/29 12:00:00,2018/09/29 13:00:00,2018/09/29 17:00:00,0.5292093800215394,0.5292093800215394,0.0,0.0,0.031667385208835955,0.0,0.1849983996020602,0.03783465154061874,0.0,0.004049612358002795,0.25819048102071934,0.0,0.012468850291302397,0.0,0.0,0.0,0.0,0.0,0.0,0.0,0.0,0.0,0.0,0.0,0.0,0.0,0.0,0.0,0.0,0.0,0.0,0.0,0.0,0.0,0.0,0.0,0.00180573591362459,0.00180573591362459
2018/09/29 13:00:00,2018/09/29 14:00:00,2018/09/29 18:00:00,1.8197386752920326,1.8197386752920326,0.0,0.0,0.19969035548831615,0.0,0.1831538331348946,0.037457412982453704,0.0,0.004009234824052993,0.26620885734512484,0.0,0.07790892244237436,0.0,0.0,0.0,0.0,1.051310059074816,0.0,0.0,0.0,0.0,0.0,0.0,0.0,0.0,0.0,0.0,0.0,0.0,0.0,0.0,0.0,0.0,0.0,0.0,0.006209201128016131,0.006209201128016131
2018/09/29 14:00:00,2018/09/29 15:00:00,2018/09/29 19:00:00,1.2121739885132796,1.2121739885132796,0.0,0.0,0.34677459063103877,0.0,0.18302017057615164,0.03743007719822559,0.0,0.004006308952527337,0.2956372840816883,0.0,0.13320316887492514,0.0,0.0,0.0,0.0,0.21210238819872257,0.0,0.0,0.0,0.0,0.0,0.0,0.0,0.0,0.0,0.0,0.0,0.0,0.0,0.0,0.0,0.0,0.0,0.0,0.004136106023916094,0.004136106023916094
2018/09/29 15:00:00,2018/09/29 16:00:00,2018/09/29 20:00:00,1.2737991229451757,1.2737991229451757,0.0,0.0,0.5537005156915711,0.0,0.18349684026526766,0.037527562536620276,0.0,0.0040167432452989605,0.28373458382035643,0.0,0.21132287738606154,0.0,0.0,0.0,0.0,0.0,0.0,0.0,0.0,0.0,0.0,0.0,0.0,0.0,0.0,0.0,0.0,0.0,0.0,0.0,0.0,0.0,0.0,0.0,0.004346379542539458,0.004346379542539458
2018/09/29 16:00:00,2018/09/29 17:00:00,2018/09/29 21:00:00,1.6128161501080065,1.6128161501080065,0.0,0.0,0.7229085618416047,0.0,0.18612867792959029,0.03806580860337172,0.0,0.004074354134650564,0.38388522406492354,0.0,0.2777535235338658,0.0,0.0,0.0,0.0,0.0,0.0,0.0,0.0,0.0,0.0,0.0,0.0,0.0,0.0,0.0,0.0,0.0,0.0,0.0,0.0,0.0,0.0,0.0,0.005503152729842469,0.005503152729842469
2018/09/29 17:00:00,2018/09/29 18:00:00,2018/09/29 22:00:00,1.8907984783672944,1.8907984783672944,0.0,0.0,0.8038290390732445,0.0,0.19696408002817453,0.04028179351775072,0.0,0.004311540933762028,0.5350858754207735,0.0,0.31032614939358893,0.0,0.0,0.0,0.0,0.0,0.0,0.0,0.0,0.0,0.0,0.0,0.0,0.0,0.0,0.0,0.0,0.0,0.0,0.0,0.0,0.0,0.0,0.0,0.00645166704655837,0.00645166704655837
2018/09/29 18:00:00,2018/09/29 19:00:00,2018/09/29 23:00:00,3.2113540038322466,3.2113540038322466,0.0,0.0,0.7757594562844766,0.0,0.22873324489695904,0.04677901341334135,0.0,0.005006967504655592,0.5513214305361466,0.0,0.3049275891604637,0.0,0.0,0.0,0.0,1.2988263020362036,0.0,0.0,0.0,0.0,0.0,0.0,0.0,0.0,0.0,0.0,0.0,0.0,0.0,0.0,0.0,0.0,0.0,0.0,0.010957585929119372,0.010957585929119372
2018/09/29 19:00:00,2018/09/29 20:00:00,2018/09/30 00:00:00,3.215975897336334,3.215975897336334,0.0,0.0,0.4440658867982946,0.0,0.29344032222657884,0.060012477747325606,0.0,0.0064234045147482585,0.9147331025584201,0.0,0.17847983266011355,0.0,0.0,0.0,0.0,1.3188208708308526,0.0,0.0,0.0,0.0,0.0,0.0,0.0,0.0,0.0,0.0,0.0,0.0,0.0,0.0,0.0,0.0,0.0,0.0,0.010973356471752118,0.010973356471752118
2018/09/29 20:00:00,2018/09/29 21:00:00,2018/09/30 01:00:00,1.6839447093738653,1.6839447093738653,0.0,0.0,0.18339216796872881,0.0,0.3798491860217515,0.07768424819908869,0.0,0.008314893324481805,0.49005820397958605,0.0,0.0737013767285329,0.0,0.0,0.0,0.0,0.4709446331516957,0.0,0.0,0.0,0.0,0.0,0.0,0.0,0.0,0.0,0.0,0.0,0.0,0.0,0.0,0.0,0.0,0.0,0.0,0.005745853254057495,0.005745853254057495
2018/09/29 21:00:00,2018/09/29 22:00:00,2018/09/30 02:00:00,1.0403474804928088,1.0403474804928088,0.0,0.0,0.02315703851969829,0.0,0.44204960907651225,0.0904050681468183,0.0,0.009676459707852593,0.4657559093404247,0.0,0.00930339570150275,0.0,0.0,0.0,0.0,0.0,0.0,0.0,0.0,0.0,0.0,0.0,0.0,0.0,0.0,0.0,0.0,0.0,0.0,0.0,0.0,0.0,0.0,0.0,0.003549810111261183,0.003549810111261183
2018/09/29 22:00:00,2018/09/29 23:00:00,2018/09/30 03:00:00,0.7780143028092524,0.7780143028092524,0.0,0.0,0.0,0.0,0.3095070107337689,0.06329833082707534,0.0,0.006775104099560094,0.39843385714884805,0.0,0.0,0.0,0.0,0.0,0.0,0.0,0.0,0.0,0.0,0.0,0.0,0.0,0.0,0.0,0.0,0.0,0.0,0.0,0.0,0.0,0.0,0.0,0.0,0.0,0.0026546928700301635,0.0026546928700301635
2018/09/29 23:00:00,2018/09/30 00:00:00,2018/09/30 04:00:00,1.0563144214550568,1.0563144214550568,0.5558377662894054,0.0,0.0,0.0,0.13094360677997474,0.026779722120023,0.0,0.002866353705536267,0.33988697256011713,0.0,0.0,0.0,0.0,0.0,0.0,0.0,0.0,0.0,0.0,0.0,0.0,0.0,0.0,0.0,0.0,0.0,0.0,0.0,0.0,0.0,0.0,0.0,0.0,0.0,0.003604291531687029,0.003604291531687029
2018/09/30 00:00:00,2018/09/30 01:00:00,2018/09/30 05:00:00,2.01938654683144,2.01938654683144,1.5991868971938334,0.0,0.0,0.0,0.06501908921459039,0.013297274945155983,0.0,0.0014232669458539432,0.340460018532006,0.0,0.0,0.0,0.0,0.0,0.0,0.0,0.0,0.0,0.0,0.0,0.0,0.0,0.0,0.0,0.0,0.0,0.0,0.0,0.0,0.0,0.0,0.0,0.0,0.0,0.006890427397480106,0.006890427397480106
2018/09/30 01:00:00,2018/09/30 02:00:00,2018/09/30 06:00:00,2.4549957060349032,2.4549957060349032,2.1145505461946206,0.0,0.0,0.0,0.03901145352875434,0.00797836496709361,0.0,0.0008539601675123682,0.2926013811769224,0.0,0.0,0.0,0.0,0.0,0.0,0.0,0.0,0.0,0.0,0.0,0.0,0.0,0.0,0.0,0.0,0.0,0.0,0.0,0.0,0.0,0.0,0.0,0.0,0.0,0.008376786356282934,0.008376786356282934
2018/09/30 02:00:00,2018/09/30 03:00:00,2018/09/30 07:00:00,2.549885811205462,2.549885811205462,2.2554801734982863,0.0,0.0,0.0,0.026007635685836212,0.005318909978062404,0.0,0.0005693067783415784,0.2625097852649354,0.0,0.0,0.0,0.0,0.0,0.0,0.0,0.0,0.0,0.0,0.0,0.0,0.0,0.0,0.0,0.0,0.0,0.0,0.0,0.0,0.0,0.0,0.0,0.0,0.0,0.008700564575684711,0.008700564575684711
2018/09/30 03:00:00,2018/09/30 04:00:00,2018/09/30 08:00:00,2.964432853396466,2.964432853396466,2.6818170761574254,0.0,0.0,0.0,0.026007635685836212,0.005318909978062404,0.0,0.0005693067783415784,0.25071992479679983,0.0,0.0,0.0,0.0,0.0,0.0,0.0,0.0,0.0,0.0,0.0,0.0,0.0,0.0,0.0,0.0,0.0,0.0,0.0,0.0,0.0,0.0,0.0,0.0,0.0,0.010115056665641008,0.010115056665641008
2018/09/30 04:00:00,2018/09/30 05:00:00,2018/09/30 09:00:00,3.2609629985198065,3.2609629985198065,2.9906634811377453,0.0,0.0,0.0,0.027249552419694536,0.005572898590769679,0.0,0.0005964923181292811,0.23688057405346816,0.0,0.0,0.0,0.0,0.0,0.0,0.0,0.0,0.0,0.0,0.0,0.0,0.0,0.0,0.0,0.0,0.0,0.0,0.0,0.0,0.0,0.0,0.0,0.0,0.0,0.011126858709852194,0.011126858709852194
2018/09/30 05:00:00,2018/09/30 06:00:00,2018/09/30 10:00:00,3.501170319655794,3.501170319655794,3.1562575303014007,0.0,0.0,0.0,0.07103552208494862,0.014527716082253228,0.0,0.0015549665765280758,0.25779458461066423,0.0,0.0,0.0,0.0,0.0,0.0,0.0,0.0,0.0,0.0,0.0,0.0,0.0,0.0,0.0,0.0,0.0,0.0,0.0,0.0,0.0,0.0,0.0,0.0,0.0,0.011946479455185835,0.011946479455185835
2018/09/30 06:00:00,2018/09/30 07:00:00,2018/09/30 11:00:00,4.293679999493404,4.293679999493404,3.2621904445235965,0.0,0.0,0.0,0.1667717967174164,0.03410706702965493,0.0,0.0036506322779327363,0.31514973276137404,0.0,0.0,0.0,0.0,0.0,0.0,0.511810326183429,0.0,0.0,0.0,0.0,0.0,0.0,0.0,0.0,0.0,0.0,0.0,0.0,0.0,0.0,0.0,0.0,0.0,0.0,0.01465063256509415,0.01465063256509415
2018/09/30 07:00:00,2018/09/30 08:00:00,2018/09/30 12:00:00,4.646318339274818,4.646318339274818,2.7573306045503436,0.0,0.0,0.0,0.21104540955177992,0.043161614083227134,0.0,0.004619781038425436,0.36010528653425383,0.0,0.0,0.0,0.0,0.0,0.0,1.2700556435167878,0.0,0.0,0.0,0.0,0.0,0.0,0.0,0.0,0.0,0.0,0.0,0.0,0.0,0.0,0.0,0.0,0.0,0.0,0.015853883563098633,0.015853883563098633
2018/09/30 08:00:00,2018/09/30 09:00:00,2018/09/30 13:00:00,4.2162138869500225,4.2162138869500225,2.3403834060458952,0.0,0.0,0.0,0.21211882851794048,0.043381142644712725,0.0,0.004643278164454789,0.29686636074616646,0.0,0.0,0.0,0.0,0.0,0.0,1.3188208708308526,0.0,0.0,0.0,0.0,0.0,0.0,0.0,0.0,0.0,0.0,0.0,0.0,0.0,0.0,0.0,0.0,0.0,0.0,0.014386307428788414,0.014386307428788414
2018/09/30 09:00:00,2018/09/30 10:00:00,2018/09/30 14:00:00,2.925694876262445,2.925694876262445,1.113511180426158,0.0,0.0,0.0,0.2062198728771374,0.04217472717515497,0.0,0.004514150108678676,0.24045407484446327,0.0,0.0,0.0,0.0,0.0,0.0,1.3188208708308526,0.0,0.0,0.0,0.0,0.0,0.0,0.0,0.0,0.0,0.0,0.0,0.0,0.0,0.0,0.0,0.0,0.0,0.0,0.009982877306822345,0.009982877306822345
2018/09/30 10:00:00,2018/09/30 11:00:00,2018/09/30 15:00:00,1.0462015448528497,1.0462015448528497,0.13276249426658573,0.0,0.0,0.0,0.19995148025023965,0.040892756891797895,0.0,0.004376935082487628,0.27140283443066526,0.0,0.0,0.0,0.0,0.0,0.0,0.3968150439310734,0.0,0.0,0.0,0.0,0.0,0.0,0.0,0.0,0.0,0.0,0.0,0.0,0.0,0.0,0.0,0.0,0.0,0.0,0.003569784992007184,0.003569784992007184
2018/09/30 11:00:00,2018/09/30 12:00:00,2018/09/30 16:00:00,1.2909006850899452,1.2909006850899452,0.0,0.0,0.02168860031320014,0.0,0.19126679222895843,0.03911662182397593,0.0,0.004186827384193855,1.0262084091630723,0.0,0.00843343417654455,0.0,0.0,0.0,0.0,0.0,0.0,0.0,0.0,0.0,0.0,0.0,0.0,0.0,0.0,0.0,0.0,0.0,0.0,0.0,0.0,0.0,0.0,0.0,0.004404732448042826,0.004404732448042826
2018/09/30 12:00:00,2018/09/30 13:00:00,2018/09/30 17:00:00,0.7262668888727168,0.7262668888727168,0.0,0.0,0.17517870937387034,0.0,0.1849983996020602,0.03783465154061874,0.0,0.004049612358002795,0.25819048102071934,0.0,0.06601503497744526,0.0,0.0,0.0,0.0,0.0,0.0,0.0,0.0,0.0,0.0,0.0,0.0,0.0,0.0,0.0,0.0,0.0,0.0,0.0,0.0,0.0,0.0,0.0,0.0024781235057860966,0.0024781235057860966
2018/09/30 13:00:00,2018/09/30 14:00:00,2018/09/30 18:00:00,1.4706826583277377,1.4706826583277377,0.0,0.0,0.3912351723026376,0.0,0.1831538331348946,0.037457412982453704,0.0,0.004009234824052993,0.26620885734512484,0.0,0.1447492259357968,0.0,0.0,0.0,0.0,0.44386892180277704,0.0,0.0,0.0,0.0,0.0,0.0,0.0,0.0,0.0,0.0,0.0,0.0,0.0,0.0,0.0,0.0,0.0,0.0,0.005018173513060539,0.005018173513060539
2018/09/30 14:00:00,2018/09/30 15:00:00,2018/09/30 19:00:00,1.41065077470221,1.41065077470221,0.0,0.0,0.6518232074003666,0.0,0.18302017057615164,0.03743007719822559,0.0,0.004006308952527337,0.2956372840816883,0.0,0.23873372649325034,0.0,0.0,0.0,0.0,0.0,0.0,0.0,0.0,0.0,0.0,0.0,0.0,0.0,0.0,0.0,0.0,0.0,0.0,0.0,0.0,0.0,0.0,0.0,0.004813336387496485,0.004813336387496485
2018/09/30 15:00:00,2018/09/30 16:00:00,2018/09/30 20:00:00,1.7311329226984609,1.7311329226984609,0.0,0.0,0.8746859795190308,0.0,0.18349684026526766,0.037527562536620276,0.0,0.0040167432452989605,0.3141807946938977,0.0,0.31722500243834517,0.0,0.0,0.0,0.0,0.0,0.0,0.0,0.0,0.0,0.0,0.0,0.0,0.0,0.0,0.0,0.0,0.0,0.0,0.0,0.0,0.0,0.0,0.0,0.005906865992525079,0.005906865992525079
2018/09/30 16:00:00,2018/09/30 17:00:00,2018/09/30 21:00:00,2.7311028004997353,2.7311028004997353,0.0,0.0,1.052216842256714,0.0,0.18612867792959029,0.03806580860337172,0.0,0.004074354134650564,1.0702362291689236,0.0,0.38038088840648543,0.0,0.0,0.0,0.0,0.0,0.0,0.0,0.0,0.0,0.0,0.0,0.0,0.0,0.0,0.0,0.0,0.0,0.0,0.0,0.0,0.0,0.0,0.0,0.00931890211481577,0.00931890211481577
2018/09/30 17:00:00,2018/09/30 18:00:00,2018/09/30 22:00:00,2.21149921857352,2.21149921857352,0.0,0.0,1.048647502589746,0.0,0.19696408002817453,0.04028179351775072,0.0,0.004311540933762028,0.5350858754207735,0.0,0.38620842608331307,0.0,0.0,0.0,0.0,0.0,0.0,0.0,0.0,0.0,0.0,0.0,0.0,0.0,0.0,0.0,0.0,0.0,0.0,0.0,0.0,0.0,0.0,0.0,0.007545942518570603,0.007545942518570603
2018/09/30 18:00:00,2018/09/30 19:00:00,2018/09/30 23:00:00,2.7315860965761782,2.7315860965761782,0.0,0.0,0.864981673325465,0.0,0.22873324489695904,0.04677901341334135,0.0,0.005006967504655592,0.5513214305361466,0.0,0.33174497523601054,0.0,0.0,0.0,0.0,0.7030187916636004,0.0,0.0,0.0,0.0,0.0,0.0,0.0,0.0,0.0,0.0,0.0,0.0,0.0,0.0,0.0,0.0,0.0,0.0,0.00932055118816007,0.00932055118816007
2018/09/30 19:00:00,2018/09/30 20:00:00,2018/10/01 00:00:00,1.7594888415894323,1.7594888415894323,0.0,0.0,0.49585008523691143,0.0,0.29344032222657884,0.060012477747325606,0.0,0.0064234045147482585,0.5005084163794185,0.0,0.19779490893227228,0.0,0.0,0.0,0.0,0.20545922655217783,0.0,0.0,0.0,0.0,0.0,0.0,0.0,0.0,0.0,0.0,0.0,0.0,0.0,0.0,0.0,0.0,0.0,0.0,0.006003620326515095,0.006003620326515095
2018/09/30 20:00:00,2018/09/30 21:00:00,2018/10/01 01:00:00,1.3356148238577228,1.3356148238577228,0.0,0.0,0.24381633639486702,0.0,0.3798491860217515,0.07768424819908869,0.0,0.008314893324481805,0.5283498628525346,0.0,0.09760029706499931,0.0,0.0,0.0,0.0,0.0,0.0,0.0,0.0,0.0,0.0,0.0,0.0,0.0,0.0,0.0,0.0,0.0,0.0,0.0,0.0,0.0,0.0,0.0,0.004557303300465138,0.004557303300465138
2018/09/30 21:00:00,2018/09/30 22:00:00,2018/10/01 02:00:00,1.9735210091641509,1.9735210091641509,0.0,0.0,0.07315170165522344,0.0,0.44204960907651225,0.0904050681468183,0.0,0.009676459707852593,1.328967382968734,0.0,0.02927078760901004,0.0,0.0,0.0,0.0,0.0,0.0,0.0,0.0,0.0,0.0,0.0,0.0,0.0,0.0,0.0,0.0,0.0,0.0,0.0,0.0,0.0,0.0,0.0,0.006733927812079419,0.006733927812079419
2018/09/30 22:00:00,2018/09/30 23:00:00,2018/10/01 03:00:00,1.4546636498585304,1.4546636498585304,0.0,0.0,0.0,0.0,0.3095070107337689,0.06329833082707534,0.0,0.006775104099560094,0.39843385714884805,0.0,0.0,0.0,0.0,0.0,0.0,0.6766493470492777,0.0,0.0,0.0,0.0,0.0,0.0,0.0,0.0,0.0,0.0,0.0,0.0,0.0,0.0,0.0,0.0,0.0,0.0,0.004963514431068593,0.004963514431068593
2018/09/30 23:00:00,2018/10/01 00:00:00,2018/10/01 04:00:00,1.194039957886043,1.194039957886043,0.35516768691496386,0.0,0.0,0.0,0.13094360677997474,0.026779722120023,0.0,0.002866353705536267,0.33988697256011713,0.0,0.0,0.0,0.0,0.0,0.0,0.33839561580542815,0.0,0.0,0.0,0.0,0.0,0.0,0.0,0.0,0.0,0.0,0.0,0.0,0.0,0.0,0.0,0.0,0.0,0.0,0.0040742301925371475,0.0040742301925371475
2018/10/01 00:00:00,2018/10/01 01:00:00,2018/10/01 05:00:00,2.0392782971387886,2.0392782971387886,1.49168638559764,0.0,0.0,0.0,0.06501908921459039,0.013297274945155983,0.0,0.0014232669458539432,0.3050892066174897,0.0,0.0,0.0,0.0,0.0,0.0,0.1627630738180589,0.0,0.0,0.0,0.0,0.0,0.0,0.0,0.0,0.0,0.0,0.0,0.0,0.0,0.0,0.0,0.0,0.0,0.0,0.006958300812560865,0.006958300812560865
2018/10/01 01:00:00,2018/10/01 02:00:00,2018/10/01 06:00:00,2.6177952218345566,2.6177952218345566,2.244925650397205,0.0,0.0,0.0,0.03901145352875434,0.00797836496709361,0.0,0.0008539601675123682,0.32502579277399113,0.0,0.0,0.0,0.0,0.0,0.0,0.0,0.0,0.0,0.0,0.0,0.0,0.0,0.0,0.0,0.0,0.0,0.0,0.0,0.0,0.0,0.0,0.0,0.0,0.0,0.008932280917600352,0.008932280917600352
2018/10/01 02:00:00,2018/10/01 03:00:00,2018/10/01 07:00:00,2.879600398624425,2.879600398624425,2.5533531054568464,0.0,0.0,0.0,0.026007635685836212,0.005318909978062404,0.0,0.0005693067783415784,0.2943514407253382,0.0,0.0,0.0,0.0,0.0,0.0,0.0,0.0,0.0,0.0,0.0,0.0,0.0,0.0,0.0,0.0,0.0,0.0,0.0,0.0,0.0,0.0,0.0,0.0,0.0,0.00982559654644098,0.00982559654644098
2018/10/01 03:00:00,2018/10/01 04:00:00,2018/10/01 08:00:00,3.469196330929741,3.469196330929741,3.1555765305743697,0.0,0.0,0.0,0.026007635685836212,0.005318909978062404,0.0,0.0005693067783415784,0.2817239479131314,0.0,0.0,0.0,0.0,0.0,0.0,0.0,0.0,0.0,0.0,0.0,0.0,0.0,0.0,0.0,0.0,0.0,0.0,0.0,0.0,0.0,0.0,0.0,0.0,0.0,0.01183737976435626,0.01183737976435626
2018/10/01 04:00:00,2018/10/01 05:00:00,2018/10/01 09:00:00,4.0691429071579295,4.0691429071579295,3.769305570219489,0.0,0.0,0.0,0.0278045810395689,0.005686409380447792,0.0,0.0006086418867900008,0.2657377046316337,0.0,0.0,0.0,0.0,0.0,0.0,0.0,0.0,0.0,0.0,0.0,0.0,0.0,0.0,0.0,0.0,0.0,0.0,0.0,0.0,0.0,0.0,0.0,0.0,0.0,0.013884480817076186,0.013884480817076186
2018/10/01 05:00:00,2018/10/01 06:00:00,2018/10/01 10:00:00,4.499584835076578,4.499584835076578,4.118191537042342,0.0,0.0,0.0,0.07380313982851767,0.015093730994548724,0.0,0.001615549689899291,0.29088087752127156,0.0,0.0,0.0,0.0,0.0,0.0,0.0,0.0,0.0,0.0,0.0,0.0,0.0,0.0,0.0,0.0,0.0,0.0,0.0,0.0,0.0,0.0,0.0,0.0,0.0,0.015353208464989145,0.015353208464989145
2018/10/01 06:00:00,2018/10/01 07:00:00,2018/10/01 11:00:00,4.816602139594123,4.816602139594123,4.245189715308925,0.0,0.0,0.0,0.17326939918692633,0.03543591379704412,0.0,0.003792864704345704,0.35891424659688315,0.0,0.0,0.0,0.0,0.0,0.0,0.0,0.0,0.0,0.0,0.0,0.0,0.0,0.0,0.0,0.0,0.0,0.0,0.0,0.0,0.0,0.0,0.0,0.0,0.0,0.016434915542789797,0.016434915542789797
2018/10/01 07:00:00,2018/10/01 08:00:00,2018/10/01 12:00:00,5.488145413152875,5.488145413152875,4.369420971465313,0.0,0.0,0.0,0.21926795797587528,0.044843235411145085,0.0,0.004799772507454998,0.4121843771138827,0.0,0.0,0.0,0.0,0.0,0.0,0.43762909867920347,0.0,0.0,0.0,0.0,0.0,0.0,0.0,0.0,0.0,0.0,0.0,0.0,0.0,0.0,0.0,0.0,0.0,0.0,0.018726314471827495,0.018726314471827495
2018/10/01 08:00:00,2018/10/01 09:00:00,2018/10/01 13:00:00,5.182964275241689,5.182964275241689,3.407836750836388,0.0,0.0,0.0,0.22459555084839308,0.04593279953881092,0.0,0.00491639344029206,0.40924794085435434,0.0,0.0,0.0,0.0,0.0,0.0,1.0904348397234518,0.0,0.0,0.0,0.0,0.0,0.0,0.0,0.0,0.0,0.0,0.0,0.0,0.0,0.0,0.0,0.0,0.0,0.0,0.017684994038571725,0.017684994038571725
2018/10/01 09:00:00,2018/10/01 10:00:00,2018/10/01 14:00:00,6.3715340425274,6.3715340425274,2.8454664544072052,0.0,0.0,0.0,0.22267911815523408,0.04554086337448363,0.0,0.00487444275566889,1.9341522930039547,0.0,0.0,0.0,0.0,0.0,0.0,1.3188208708308526,0.0,0.0,0.0,0.0,0.0,0.0,0.0,0.0,0.0,0.0,0.0,0.0,0.0,0.0,0.0,0.0,0.0,0.0,0.021740559180952374,0.021740559180952374
2018/10/01 10:00:00,2018/10/01 11:00:00,2018/10/01 15:00:00,4.277536199006514,4.277536199006514,2.058596448224309,0.0,0.0,0.0,0.21616650243897678,0.04420894619696981,0.0,0.004731881689496374,0.6350115496259083,0.0,0.0,0.0,0.0,0.0,0.0,1.3188208708308526,0.0,0.0,0.0,0.0,0.0,0.0,0.0,0.0,0.0,0.0,0.0,0.0,0.0,0.0,0.0,0.0,0.0,0.0,0.014595547675403834,0.014595547675403834
2018/10/01 11:00:00,2018/10/01 12:00:00,2018/10/01 16:00:00,3.421033169087168,3.421033169087168,1.4608069492464126,0.0,0.0,0.0,0.20714344994933365,0.04236361106157028,0.0,0.004534367197762577,0.38736392080123566,0.0,0.0,0.0,0.0,0.0,0.0,1.3188208708308526,0.0,0.0,0.0,0.0,0.0,0.0,0.0,0.0,0.0,0.0,0.0,0.0,0.0,0.0,0.0,0.0,0.0,0.0,0.011673040366121653,0.011673040366121653
2018/10/01 12:00:00,2018/10/01 13:00:00,2018/10/01 17:00:00,3.026341116059529,3.026341116059529,1.4133590592552985,0.0,0.0,0.0,0.20063083423307632,0.041031693884056454,0.0,0.00439180613159006,1.125954359786156,0.0,0.0,0.0,0.0,0.0,0.0,0.2409733627693519,0.0,0.0,0.0,0.0,0.0,0.0,0.0,0.0,0.0,0.0,0.0,0.0,0.0,0.0,0.0,0.0,0.0,0.0,0.010326296257116594,0.010326296257116594
2018/10/01 13:00:00,2018/10/01 14:00:00,2018/10/01 18:00:00,1.863997581968783,1.863997581968783,1.321406407997348,0.0,0.0,0.0,0.19871440153991735,0.04063975771972915,0.0,0.004349855446966891,0.2988871592648213,0.0,0.0,0.0,0.0,0.0,0.0,0.0,0.0,0.0,0.0,0.0,0.0,0.0,0.0,0.0,0.0,0.0,0.0,0.0,0.0,0.0,0.0,0.0,0.0,0.0,0.006360218665310565,0.006360218665310565
2018/10/01 14:00:00,2018/10/01 15:00:00,2018/10/01 19:00:00,2.2976964254112504,2.2976964254112504,1.7195831343926915,0.0,0.0,0.0,0.1987135941599378,0.040639592599705135,0.0,0.004349837773430528,0.3344102664854856,0.0,0.0,0.0,0.0,0.0,0.0,0.0,0.0,0.0,0.0,0.0,0.0,0.0,0.0,0.0,0.0,0.0,0.0,0.0,0.0,0.0,0.0,0.0,0.0,0.0,0.00784005936138749,0.00784005936138749
2018/10/01 15:00:00,2018/10/01 16:00:00,2018/10/01 20:00:00,3.0276688539781933,3.0276688539781933,1.8486161399361423,0.0,0.0,0.0,0.20036350665753808,0.04097702181289558,0.0,0.0043859543347320165,0.32031416814323455,0.0,0.0,0.0,0.0,0.0,0.0,0.6130120630936509,0.0,0.0,0.0,0.0,0.0,0.0,0.0,0.0,0.0,0.0,0.0,0.0,0.0,0.0,0.0,0.0,0.0,0.0,0.01033082668332241,0.01033082668332241
2018/10/01 16:00:00,2018/10/01 17:00:00,2018/10/01 21:00:00,2.9455682979063864,2.9455682979063864,2.2502945604614317,0.0,0.0,0.0,0.2081585673374433,0.042571216169152666,0.0,0.004556588103070704,0.43998736583528836,0.0,0.0,0.0,0.0,0.0,0.0,0.0,0.0,0.0,0.0,0.0,0.0,0.0,0.0,0.0,0.0,0.0,0.0,0.0,0.0,0.0,0.0,0.0,0.0,0.0,0.010050688181957642,0.010050688181957642
2018/10/01 17:00:00,2018/10/01 18:00:00,2018/10/01 22:00:00,3.54725146760435,3.54725146760435,2.638788961643139,0.0,0.0,0.0,0.2347702009285104,0.048013651811895555,0.0,0.005139116387038774,0.6205395368337665,0.0,0.0,0.0,0.0,0.0,0.0,0.0,0.0,0.0,0.0,0.0,0.0,0.0,0.0,0.0,0.0,0.0,0.0,0.0,0.0,0.0,0.0,0.0,0.0,0.0,0.01210371473281521,0.01210371473281521
2018/10/01 18:00:00,2018/10/01 19:00:00,2018/10/01 23:00:00,3.8363686684630633,3.8363686684630633,2.736752996606591,0.0,0.0,0.0,0.29648517388170076,0.0606351907092335,0.0,0.0064900562745331585,0.6380908429586813,0.0,0.0,0.0,0.0,0.0,0.0,0.09791440803232396,0.0,0.0,0.0,0.0,0.0,0.0,0.0,0.0,0.0,0.0,0.0,0.0,0.0,0.0,0.0,0.0,0.0,0.0,0.013090222781512199,0.013090222781512199
2018/10/01 19:00:00,2018/10/01 20:00:00,2018/10/02 00:00:00,5.634933601711837,5.634933601711837,3.2625866096685754,0.0,0.0,0.0,0.3887692310680028,0.07950851693210204,0.0,0.008510152984732613,0.5767382202275719,0.0,0.0,0.0,0.0,0.0,0.0,1.3188208708308526,0.0,0.0,0.0,0.0,0.0,0.0,0.0,0.0,0.0,0.0,0.0,0.0,0.0,0.0,0.0,0.0,0.0,0.0,0.019227176160571614,0.019227176160571614
2018/10/01 20:00:00,2018/10/01 21:00:00,2018/10/02 01:00:00,5.2362650441086664,5.2362650441086664,3.8223495568479144,0.0,0.0,0.0,0.46406015284263663,0.09490651926965052,0.0,0.010158270200448155,0.5640597305897557,0.0,0.0,0.0,0.0,0.0,0.0,0.2807308143582614,0.0,0.0,0.0,0.0,0.0,0.0,0.0,0.0,0.0,0.0,0.0,0.0,0.0,0.0,0.0,0.0,0.0,0.0,0.017866863665604766,0.017866863665604766
2018/10/01 21:00:00,2018/10/01 22:00:00,2018/10/02 02:00:00,5.647491836490687,5.647491836490687,4.292543817331729,0.0,0.0,0.0,0.46491935867164713,0.09508223837431415,0.0,0.010177078203926637,0.5352003936888928,0.0,0.0,0.0,0.0,0.0,0.0,0.2495689502201781,0.0,0.0,0.0,0.0,0.0,0.0,0.0,0.0,0.0,0.0,0.0,0.0,0.0,0.0,0.0,0.0,0.0,0.0,0.01927002660201877,0.01927002660201877
2018/10/01 22:00:00,2018/10/01 23:00:00,2018/10/02 03:00:00,5.9296018260157926,5.9296018260157926,4.910923609362112,0.0,0.0,0.0,0.29368187909065674,0.06006187936268712,0.0,0.006428692191095917,0.4553694815778204,0.0,0.0,0.0,0.0,0.0,0.0,0.20313628443142034,0.0,0.0,0.0,0.0,0.0,0.0,0.0,0.0,0.0,0.0,0.0,0.0,0.0,0.0,0.0,0.0,0.0,0.0,0.020232625072319894,0.020232625072319894
2018/10/01 23:00:00,2018/10/02 00:00:00,2018/10/02 04:00:00,5.97507210445781,5.97507210445781,5.427831538781001,0.0,0.0,0.0,0.13094360677997474,0.026779722120023,0.0,0.002866353705536267,0.386650883071275,0.0,0.0,0.0,0.0,0.0,0.0,0.0,0.0,0.0,0.0,0.0,0.0,0.0,0.0,0.0,0.0,0.0,0.0,0.0,0.0,0.0,0.0,0.0,0.0,0.0,0.0203877759783411,0.0203877759783411
2018/10/02 00:00:00,2018/10/02 01:00:00,2018/10/02 05:00:00,6.75056990064383,6.75056990064383,6.330370251006223,0.0,0.0,0.0,0.06501908921459039,0.013297274945155983,0.0,0.0014232669458539432,0.340460018532006,0.0,0.0,0.0,0.0,0.0,0.0,0.0,0.0,0.0,0.0,0.0,0.0,0.0,0.0,0.0,0.0,0.0,0.0,0.0,0.0,0.0,0.0,0.0,0.0,0.0,0.023033882178221422,0.023033882178221422
2018/10/02 01:00:00,2018/10/02 02:00:00,2018/10/02 06:00:00,7.094010787234155,7.094010787234155,6.721141215796804,0.0,0.0,0.0,0.03901145352875434,0.00797836496709361,0.0,0.0008539601675123682,0.32502579277399113,0.0,0.0,0.0,0.0,0.0,0.0,0.0,0.0,0.0,0.0,0.0,0.0,0.0,0.0,0.0,0.0,0.0,0.0,0.0,0.0,0.0,0.0,0.0,0.0,0.0,0.024205750188380237,0.024205750188380237
2018/10/02 02:00:00,2018/10/02 03:00:00,2018/10/02 07:00:00,6.898940287191923,6.898940287191923,6.572692994024346,0.0,0.0,0.0,0.026007635685836212,0.005318909978062404,0.0,0.0005693067783415784,0.2943514407253382,0.0,0.0,0.0,0.0,0.0,0.0,0.0,0.0,0.0,0.0,0.0,0.0,0.0,0.0,0.0,0.0,0.0,0.0,0.0,0.0,0.0,0.0,0.0,0.0,0.0,0.023540142546277162,0.023540142546277162
2018/10/02 03:00:00,2018/10/02 04:00:00,2018/10/02 08:00:00,7.067607464915484,7.067607464915484,6.753987664560113,0.0,0.0,0.0,0.026007635685836212,0.005318909978062404,0.0,0.0005693067783415784,0.2817239479131314,0.0,0.0,0.0,0.0,0.0,0.0,0.0,0.0,0.0,0.0,0.0,0.0,0.0,0.0,0.0,0.0,0.0,0.0,0.0,0.0,0.0,0.0,0.0,0.0,0.0,0.024115658385117242,0.024115658385117242
2018/10/02 04:00:00,2018/10/02 05:00:00,2018/10/02 09:00:00,7.5608459585494385,7.5608459585494385,6.822294855835847,0.0,0.0,0.0,0.0278045810395689,0.005686409380447792,0.0,0.0006086418867900008,0.2657377046316337,0.0,0.0,0.0,0.0,0.0,0.0,0.4387137657751524,0.0,0.0,0.0,0.0,0.0,0.0,0.0,0.0,0.0,0.0,0.0,0.0,0.0,0.0,0.0,0.0,0.0,0.0,0.02579865663790837,0.02579865663790837
2018/10/02 05:00:00,2018/10/02 06:00:00,2018/10/02 10:00:00,7.1016524245166295,7.1016524245166295,6.720259126482392,0.0,0.0,0.0,0.07380313982851767,0.015093730994548724,0.0,0.001615549689899291,0.29088087752127156,0.0,0.0,0.0,0.0,0.0,0.0,0.0,0.0,0.0,0.0,0.0,0.0,0.0,0.0,0.0,0.0,0.0,0.0,0.0,0.0,0.0,0.0,0.0,0.0,0.0,0.024231824516237566,0.024231824516237566
2018/10/02 06:00:00,2018/10/02 07:00:00,2018/10/02 11:00:00,7.330242546175015,7.330242546175015,6.758830121889816,0.0,0.0,0.0,0.17326939918692633,0.03543591379704412,0.0,0.003792864704345704,0.35891424659688315,0.0,0.0,0.0,0.0,0.0,0.0,0.0,0.0,0.0,0.0,0.0,0.0,0.0,0.0,0.0,0.0,0.0,0.0,0.0,0.0,0.0,0.0,0.0,0.0,0.0,0.025011805763284926,0.025011805763284926
2018/10/02 07:00:00,2018/10/02 08:00:00,2018/10/02 12:00:00,7.693551556559,7.693551556559,6.267142840993939,0.0,0.0,0.0,0.21926795797587528,0.044843235411145085,0.0,0.004799772507454998,0.5102417409296416,0.0,0.0,0.0,0.0,0.0,0.0,0.6472560087409438,0.0,0.0,0.0,0.0,0.0,0.0,0.0,0.0,0.0,0.0,0.0,0.0,0.0,0.0,0.0,0.0,0.0,0.0,0.026251466571577987,0.026251466571577987
2018/10/02 08:00:00,2018/10/02 09:00:00,2018/10/02 13:00:00,9.3253612634121,9.3253612634121,5.184494100336767,0.0,0.0,0.0,0.22459555084839308,0.04593279953881092,0.0,0.00491639344029206,2.546601548416984,0.0,0.0,0.0,0.0,0.0,0.0,1.3188208708308526,0.0,0.0,0.0,0.0,0.0,0.0,0.0,0.0,0.0,0.0,0.0,0.0,0.0,0.0,0.0,0.0,0.0,0.0,0.031819427955304645,0.031819427955304645
2018/10/02 09:00:00,2018/10/02 10:00:00,2018/10/02 14:00:00,6.499569017133159,6.499569017133159,4.639043508357395,0.0,0.0,0.0,0.22267911815523408,0.04554086337448363,0.0,0.00487444275566889,0.26861021365952403,0.0,0.0,0.0,0.0,0.0,0.0,1.3188208708308526,0.0,0.0,0.0,0.0,0.0,0.0,0.0,0.0,0.0,0.0,0.0,0.0,0.0,0.0,0.0,0.0,0.0,0.0,0.02217743229880267,0.02217743229880267
2018/10/02 10:00:00,2018/10/02 11:00:00,2018/10/02 15:00:00,5.515842993916943,5.515842993916943,3.667020743112348,0.0,0.0,0.0,0.21616650243897678,0.04420894619696981,0.0,0.004731881689496374,0.2648940496482986,0.0,0.0,0.0,0.0,0.0,0.0,1.3188208708308526,0.0,0.0,0.0,0.0,0.0,0.0,0.0,0.0,0.0,0.0,0.0,0.0,0.0,0.0,0.0,0.0,0.0,0.0,0.0188208224646831,0.0188208224646831
2018/10/02 11:00:00,2018/10/02 12:00:00,2018/10/02 16:00:00,3.364560432123817,3.364560432123817,2.7678684467529315,0.0,0.0,0.0,0.20714344994933365,0.04236361106157028,0.0,0.004534367197762577,0.2831607590220128,0.0,0.0,0.0,0.0,0.0,0.0,0.059489798140206336,0.0,0.0,0.0,0.0,0.0,0.0,0.0,0.0,0.0,0.0,0.0,0.0,0.0,0.0,0.0,0.0,0.0,0.0,0.01148034754334658,0.01148034754334658
2018/10/02 12:00:00,2018/10/02 13:00:00,2018/10/02 17:00:00,3.4459047117339656,3.4459047117339656,2.014601372326432,0.0,0.0,0.0,0.20063083423307632,0.041031693884056454,0.0,0.00439180613159006,0.2895827755176989,0.0,0.0,0.0,0.0,0.0,0.0,0.8956662296411119,0.0,0.0,0.0,0.0,0.0,0.0,0.0,0.0,0.0,0.0,0.0,0.0,0.0,0.0,0.0,0.0,0.0,0.0,0.011757905524374784,0.011757905524374784
2018/10/02 13:00:00,2018/10/02 14:00:00,2018/10/02 18:00:00,2.002133276400893,2.002133276400893,1.4595421024294581,0.0,0.0,0.0,0.19871440153991735,0.04063975771972915,0.0,0.004349855446966891,0.2988871592648213,0.0,0.0,0.0,0.0,0.0,0.0,0.0,0.0,0.0,0.0,0.0,0.0,0.0,0.0,0.0,0.0,0.0,0.0,0.0,0.0,0.0,0.0,0.0,0.0,0.0,0.006831556842232866,0.006831556842232866
2018/10/02 14:00:00,2018/10/02 15:00:00,2018/10/02 19:00:00,1.4485371028058085,1.4485371028058085,0.8704238117872494,0.0,0.0,0.0,0.1987135941599378,0.040639592599705135,0.0,0.004349837773430528,0.3344102664854856,0.0,0.0,0.0,0.0,0.0,0.0,0.0,0.0,0.0,0.0,0.0,0.0,0.0,0.0,0.0,0.0,0.0,0.0,0.0,0.0,0.0,0.0,0.0,0.0,0.0,0.0049426098015263875,0.0049426098015263875
2018/10/02 15:00:00,2018/10/02 16:00:00,2018/10/02 20:00:00,1.0249626913256376,1.0249626913256376,0.4589220403772374,0.0,0.0,0.0,0.20036350665753808,0.04097702181289558,0.0,0.0043859543347320165,0.32031416814323455,0.0,0.0,0.0,0.0,0.0,0.0,0.0,0.0,0.0,0.0,0.0,0.0,0.0,0.0,0.0,0.0,0.0,0.0,0.0,0.0,0.0,0.0,0.0,0.0,0.0,0.0034973150736230126,0.0034973150736230126
2018/10/02 16:00:00,2018/10/02 17:00:00,2018/10/02 21:00:00,0.8127034776577495,0.8127034776577495,0.11742974021279455,0.0,0.0,0.0,0.2081585673374433,0.042571216169152666,0.0,0.004556588103070704,0.43998736583528836,0.0,0.0,0.0,0.0,0.0,0.0,0.0,0.0,0.0,0.0,0.0,0.0,0.0,0.0,0.0,0.0,0.0,0.0,0.0,0.0,0.0,0.0,0.0,0.0,0.0,0.002773057153058149,0.002773057153058149
2018/10/02 17:00:00,2018/10/02 18:00:00,2018/10/02 22:00:00,0.9164176581445448,0.9164176581445448,0.007955152183333602,0.0,0.0,0.0,0.2347702009285104,0.048013651811895555,0.0,0.005139116387038774,0.6205395368337665,0.0,0.0,0.0,0.0,0.0,0.0,0.0,0.0,0.0,0.0,0.0,0.0,0.0,0.0,0.0,0.0,0.0,0.0,0.0,0.0,0.0,0.0,0.0,0.0,0.0,0.0031269443431331365,0.0031269443431331365
2018/10/02 18:00:00,2018/10/02 19:00:00,2018/10/02 23:00:00,1.4909806132161296,1.4909806132161296,0.4892793493919806,0.0,0.0,0.0,0.29648517388170076,0.0606351907092335,0.0,0.0064900562745331585,0.6380908429586813,0.0,0.0,0.0,0.0,0.0,0.0,0.0,0.0,0.0,0.0,0.0,0.0,0.0,0.0,0.0,0.0,0.0,0.0,0.0,0.0,0.0,0.0,0.0,0.0,0.0,0.005087432954595021,0.005087432954595021
2018/10/02 19:00:00,2018/10/02 20:00:00,2018/10/03 00:00:00,3.5055044739352965,3.5055044739352965,0.9296678753336742,0.0,0.0,0.0,0.3887692310680028,0.07950851693210204,0.0,0.008510152984732613,0.9112002745157197,0.0,0.0,0.0,0.0,0.0,0.0,1.1878484231010646,0.0,0.0,0.0,0.0,0.0,0.0,0.0,0.0,0.0,0.0,0.0,0.0,0.0,0.0,0.0,0.0,0.0,0.0,0.011961268191616335,0.011961268191616335
2018/10/02 20:00:00,2018/10/02 21:00:00,2018/10/03 01:00:00,11.75218783936746,11.75218783936746,1.607108489498919,0.0,0.0,0.0,0.46406015284263663,0.09490651926965052,0.0,0.010158270200448155,8.257133536724954,0.0,0.0,0.0,0.0,0.0,0.0,1.3188208708308526,0.0,0.0,0.0,0.0,0.0,0.0,0.0,0.0,0.0,0.0,0.0,0.0,0.0,0.0,0.0,0.0,0.0,0.0,0.04010009732696776,0.04010009732696776
2018/10/02 21:00:00,2018/10/02 22:00:00,2018/10/03 02:00:00,8.430601195340229,8.430601195340229,2.471258833515388,0.0,0.0,0.0,0.46491935867164713,0.09508223837431415,0.0,0.010177078203926637,4.070342815744099,0.0,0.0,0.0,0.0,0.0,0.0,1.3188208708308526,0.0,0.0,0.0,0.0,0.0,0.0,0.0,0.0,0.0,0.0,0.0,0.0,0.0,0.0,0.0,0.0,0.0,0.0,0.02876638231781273,0.02876638231781273
2018/10/02 22:00:00,2018/10/02 23:00:00,2018/10/03 03:00:00,7.161695245419702,7.161695245419702,3.226138847397026,0.0,0.0,0.0,0.29368187909065674,0.06006187936268712,0.0,0.006428692191095917,2.256563076547384,0.0,0.0,0.0,0.0,0.0,0.0,1.3188208708308526,0.0,0.0,0.0,0.0,0.0,0.0,0.0,0.0,0.0,0.0,0.0,0.0,0.0,0.0,0.0,0.0,0.0,0.0,0.024436698961311832,0.024436698961311832
2018/10/02 23:00:00,2018/10/03 00:00:00,2018/10/03 04:00:00,6.415804389484184,6.415804389484184,4.503882236548174,0.0,0.0,0.0,0.13094360677997474,0.026779722120023,0.0,0.002866353705536267,0.432511599499624,0.0,0.0,0.0,0.0,0.0,0.0,1.3188208708308526,0.0,0.0,0.0,0.0,0.0,0.0,0.0,0.0,0.0,0.0,0.0,0.0,0.0,0.0,0.0,0.0,0.0,0.0,0.021891615754071378,0.021891615754071378
2018/10/03 00:00:00,2018/10/03 01:00:00,2018/10/03 05:00:00,7.154539283470395,7.154539283470395,5.415518763001936,0.0,0.0,0.0,0.06501908921459039,0.013297274945155983,0.0,0.0014232669458539432,0.340460018532006,0.0,0.0,0.0,0.0,0.0,0.0,1.3188208708308526,0.0,0.0,0.0,0.0,0.0,0.0,0.0,0.0,0.0,0.0,0.0,0.0,0.0,0.0,0.0,0.0,0.0,0.0,0.024412281825153228,0.024412281825153228
2018/10/03 01:00:00,2018/10/03 02:00:00,2018/10/03 06:00:00,8.380258960372458,8.380258960372458,6.605521598803844,0.0,0.0,0.0,0.03901145352875434,0.00797836496709361,0.0,0.0008539601675123682,0.4080727120744015,0.0,0.0,0.0,0.0,0.0,0.0,1.3188208708308526,0.0,0.0,0.0,0.0,0.0,0.0,0.0,0.0,0.0,0.0,0.0,0.0,0.0,0.0,0.0,0.0,0.0,0.0,0.028594607619394252,0.028594607619394252
2018/10/03 02:00:00,2018/10/03 03:00:00,2018/10/03 07:00:00,8.871674157666632,8.871674157666632,5.8911165504996985,0.0,0.0,0.0,0.026007635685836212,0.005318909978062404,0.0,0.0005693067783415784,2.2369438985913366,0.0,0.0,0.0,0.0,0.0,0.0,0.711717856133359,0.0,0.0,0.0,0.0,0.0,0.0,0.0,0.0,0.0,0.0,0.0,0.0,0.0,0.0,0.0,0.0,0.0,0.0,0.030271384531811954,0.030271384531811954
2018/10/03 03:00:00,2018/10/03 04:00:00,2018/10/03 08:00:00,7.96240471742537,7.96240471742537,5.985217966294929,0.0,0.0,0.0,0.026007635685836212,0.005318909978062404,0.0,0.0005693067783415784,1.9452908986882016,0.0,0.0,0.0,0.0,0.0,0.0,0.0,0.0,0.0,0.0,0.0,0.0,0.0,0.0,0.0,0.0,0.0,0.0,0.0,0.0,0.0,0.0,0.0,0.0,0.0,0.027168830901076708,0.027168830901076708
2018/10/03 04:00:00,2018/10/03 05:00:00,2018/10/03 09:00:00,8.056783398176966,8.056783398176966,6.0621558407274465,0.0,0.0,0.0,0.0278045810395689,0.005686409380447792,0.0,0.0006086418867900008,1.9605279251427128,0.0,0.0,0.0,0.0,0.0,0.0,0.0,0.0,0.0,0.0,0.0,0.0,0.0,0.0,0.0,0.0,0.0,0.0,0.0,0.0,0.0,0.0,0.0,0.0,0.0,0.027490864069322385,0.027490864069322385
2018/10/03 05:00:00,2018/10/03 06:00:00,2018/10/03 10:00:00,6.586146742891532,6.586146742891532,6.204753444857295,0.0,0.0,0.0,0.07380313982851767,0.015093730994548724,0.0,0.001615549689899291,0.29088087752127156,0.0,0.0,0.0,0.0,0.0,0.0,0.0,0.0,0.0,0.0,0.0,0.0,0.0,0.0,0.0,0.0,0.0,0.0,0.0,0.0,0.0,0.0,0.0,0.0,0.0,0.022472847525032168,0.022472847525032168
2018/10/03 06:00:00,2018/10/03 07:00:00,2018/10/03 11:00:00,6.588118711301528,6.588118711301528,6.016706287016329,0.0,0.0,0.0,0.17326939918692633,0.03543591379704412,0.0,0.003792864704345704,0.35891424659688315,0.0,0.0,0.0,0.0,0.0,0.0,0.0,0.0,0.0,0.0,0.0,0.0,0.0,0.0,0.0,0.0,0.0,0.0,0.0,0.0,0.0,0.0,0.0,0.0,0.0,0.022479576155160223,0.022479576155160223
2018/10/03 07:00:00,2018/10/03 08:00:00,2018/10/03 12:00:00,6.48232077901541,6.48232077901541,5.801225436007051,0.0,0.0,0.0,0.21926795797587528,0.044843235411145085,0.0,0.004799772507454998,0.4121843771138827,0.0,0.0,0.0,0.0,0.0,0.0,0.0,0.0,0.0,0.0,0.0,0.0,0.0,0.0,0.0,0.0,0.0,0.0,0.0,0.0,0.0,0.0,0.0,0.0,0.0,0.0221185789145057,0.0221185789145057
2018/10/03 08:00:00,2018/10/03 09:00:00,2018/10/03 13:00:00,6.145754424305883,6.145754424305883,5.534221962249776,0.0,0.0,0.0,0.22459555084839308,0.04593279953881092,0.0,0.00491639344029206,0.33608771822860944,0.0,0.0,0.0,0.0,0.0,0.0,0.0,0.0,0.0,0.0,0.0,0.0,0.0,0.0,0.0,0.0,0.0,0.0,0.0,0.0,0.0,0.0,0.0,0.0,0.0,0.02097016776202014,0.02097016776202014
2018/10/03 09:00:00,2018/10/03 10:00:00,2018/10/03 14:00:00,5.822586520304145,5.822586520304145,4.878407331417437,0.0,0.0,0.0,0.22267911815523408,0.04554086337448363,0.0,0.00487444275566889,0.26861021365952403,0.0,0.0,0.0,0.0,0.0,0.0,0.40247455094179774,0.0,0.0,0.0,0.0,0.0,0.0,0.0,0.0,0.0,0.0,0.0,0.0,0.0,0.0,0.0,0.0,0.0,0.0,0.019867473984440137,0.019867473984440137
2018/10/03 10:00:00,2018/10/03 11:00:00,2018/10/03 15:00:00,4.828701787821487,4.828701787821487,4.298700407847745,0.0,0.0,0.0,0.21616650243897678,0.04420894619696981,0.0,0.004731881689496374,0.2648940496482986,0.0,0.0,0.0,0.0,0.0,0.0,0.0,0.0,0.0,0.0,0.0,0.0,0.0,0.0,0.0,0.0,0.0,0.0,0.0,0.0,0.0,0.0,0.0,0.0,0.0,0.016476201223224043,0.016476201223224043
2018/10/03 11:00:00,2018/10/03 12:00:00,2018/10/03 16:00:00,4.63808706423135,4.63808706423135,3.7050817412472137,0.0,0.0,0.0,0.20714344994933365,0.04236361106157028,0.0,0.004534367197762577,0.2831607590220128,0.0,0.0,0.0,0.0,0.0,0.0,0.3958031357534568,0.0,0.0,0.0,0.0,0.0,0.0,0.0,0.0,0.0,0.0,0.0,0.0,0.0,0.0,0.0,0.0,0.0,0.0,0.01582579730929809,0.01582579730929809
2018/10/03 12:00:00,2018/10/03 13:00:00,2018/10/03 17:00:00,5.283252582033535,5.283252582033535,3.4287946014362602,0.0,0.0,0.0,0.20063083423307632,0.041031693884056454,0.0,0.00439180613159006,0.2895827755176989,0.0,0.0,0.0,0.0,0.0,0.0,1.3188208708308526,0.0,0.0,0.0,0.0,0.0,0.0,0.0,0.0,0.0,0.0,0.0,0.0,0.0,0.0,0.0,0.0,0.0,0.0,0.018027191671733986,0.018027191671733986
2018/10/03 13:00:00,2018/10/03 14:00:00,2018/10/03 18:00:00,3.690472066303512,3.690472066303512,2.933638577707792,0.0,0.0,0.0,0.19871440153991735,0.04063975771972915,0.0,0.004349855446966891,0.2988871592648213,0.0,0.0,0.0,0.0,0.0,0.0,0.2142423146242862,0.0,0.0,0.0,0.0,0.0,0.0,0.0,0.0,0.0,0.0,0.0,0.0,0.0,0.0,0.0,0.0,0.0,0.0,0.012592403309407267,0.012592403309407267
2018/10/03 14:00:00,2018/10/03 15:00:00,2018/10/03 19:00:00,3.483237379943519,3.483237379943519,2.9051240889249597,0.0,0.0,0.0,0.1987135941599378,0.040639592599705135,0.0,0.004349837773430528,0.3344102664854856,0.0,0.0,0.0,0.0,0.0,0.0,0.0,0.0,0.0,0.0,0.0,0.0,0.0,0.0,0.0,0.0,0.0,0.0,0.0,0.0,0.0,0.0,0.0,0.0,0.0,0.011885289773940952,0.011885289773940952
2018/10/03 15:00:00,2018/10/03 16:00:00,2018/10/03 20:00:00,3.3685464100610014,3.3685464100610014,2.7157383049949293,0.0,0.0,0.0,0.20036350665753808,0.04097702181289558,0.0,0.0043859543347320165,0.4070816222609071,0.0,0.0,0.0,0.0,0.0,0.0,0.0,0.0,0.0,0.0,0.0,0.0,0.0,0.0,0.0,0.0,0.0,0.0,0.0,0.0,0.0,0.0,0.0,0.0,0.0,0.011493948253734208,0.011493948253734208
2018/10/03 16:00:00,2018/10/03 17:00:00,2018/10/03 21:00:00,6.021160421139617,6.021160421139617,2.7385791858278097,0.0,0.0,0.0,0.2081585673374433,0.042571216169152666,0.0,0.004556588103070704,2.545437987758176,0.0,0.0,0.0,0.0,0.0,0.0,0.481856875943964,0.0,0.0,0.0,0.0,0.0,0.0,0.0,0.0,0.0,0.0,0.0,0.0,0.0,0.0,0.0,0.0,0.0,0.0,0.020545035716684083,0.020545035716684083
2018/10/03 17:00:00,2018/10/03 18:00:00,2018/10/03 22:00:00,7.603182392252461,7.603182392252461,3.233527524451911,0.0,0.0,0.0,0.2347702009285104,0.048013651811895555,0.0,0.005139116387038774,3.989510777097465,0.0,0.0,0.0,0.0,0.0,0.0,0.0922211215756396,0.0,0.0,0.0,0.0,0.0,0.0,0.0,0.0,0.0,0.0,0.0,0.0,0.0,0.0,0.0,0.0,0.0,0.0,0.02594311443037838,0.02594311443037838
2018/10/03 18:00:00,2018/10/03 19:00:00,2018/10/03 23:00:00,5.034874957030447,5.034874957030447,4.033173693206298,0.0,0.0,0.0,0.29648517388170076,0.0606351907092335,0.0,0.0064900562745331585,0.6380908429586813,0.0,0.0,0.0,0.0,0.0,0.0,0.0,0.0,0.0,0.0,0.0,0.0,0.0,0.0,0.0,0.0,0.0,0.0,0.0,0.0,0.0,0.0,0.0,0.0,0.0,0.017179692714722673,0.017179692714722673
2018/10/03 19:00:00,2018/10/03 20:00:00,2018/10/04 00:00:00,5.209121754839397,5.209121754839397,4.150322848612326,0.0,0.0,0.0,0.3887692310680028,0.07950851693210204,0.0,0.008510152984732613,0.5820110052422335,0.0,0.0,0.0,0.0,0.0,0.0,0.0,0.0,0.0,0.0,0.0,0.0,0.0,0.0,0.0,0.0,0.0,0.0,0.0,0.0,0.0,0.0,0.0,0.0,0.0,0.017774246992322395,0.017774246992322395
2018/10/03 20:00:00,2018/10/03 21:00:00,2018/10/04 01:00:00,5.544035625587462,5.544035625587462,4.291986201023698,0.0,0.0,0.0,0.46406015284263663,0.09490651926965052,0.0,0.010158270200448155,0.6829244822510292,0.0,0.0,0.0,0.0,0.0,0.0,0.0,0.0,0.0,0.0,0.0,0.0,0.0,0.0,0.0,0.0,0.0,0.0,0.0,0.0,0.0,0.0,0.0,0.0,0.0,0.018917019639995782,0.018917019639995782
2018/10/03 21:00:00,2018/10/03 22:00:00,2018/10/04 02:00:00,5.380801917802251,5.380801917802251,4.275422848863471,0.0,0.0,0.0,0.46491935867164713,0.09508223837431415,0.0,0.010177078203926637,0.5352003936888928,0.0,0.0,0.0,0.0,0.0,0.0,0.0,0.0,0.0,0.0,0.0,0.0,0.0,0.0,0.0,0.0,0.0,0.0,0.0,0.0,0.0,0.0,0.0,0.0,0.0,0.01836004355531289,0.01836004355531289
2018/10/03 22:00:00,2018/10/03 23:00:00,2018/10/04 03:00:00,4.826017764533875,4.826017764533875,4.010475832311615,0.0,0.0,0.0,0.29368187909065674,0.06006187936268712,0.0,0.006428692191095917,0.4553694815778204,0.0,0.0,0.0,0.0,0.0,0.0,0.0,0.0,0.0,0.0,0.0,0.0,0.0,0.0,0.0,0.0,0.0,0.0,0.0,0.0,0.0,0.0,0.0,0.0,0.0,0.016467042962946703,0.016467042962946703
2018/10/03 23:00:00,2018/10/04 00:00:00,2018/10/04 04:00:00,4.454103847691585,4.454103847691585,3.906863282014777,0.0,0.0,0.0,0.13094360677997474,0.026779722120023,0.0,0.002866353705536267,0.386650883071275,0.0,0.0,0.0,0.0,0.0,0.0,0.0,0.0,0.0,0.0,0.0,0.0,0.0,0.0,0.0,0.0,0.0,0.0,0.0,0.0,0.0,0.0,0.0,0.0,0.0,0.015198021018567001,0.015198021018567001
2018/10/04 00:00:00,2018/10/04 01:00:00,2018/10/04 05:00:00,6.037653691661684,6.037653691661684,4.583612788472852,0.0,0.0,0.0,0.06501908921459039,0.013297274945155983,0.0,0.0014232669458539432,1.3743012720832308,0.0,0.0,0.0,0.0,0.0,0.0,0.0,0.0,0.0,0.0,0.0,0.0,0.0,0.0,0.0,0.0,0.0,0.0,0.0,0.0,0.0,0.0,0.0,0.0,0.0,0.020601313046677006,0.020601313046677006
2018/10/04 01:00:00,2018/10/04 02:00:00,2018/10/04 06:00:00,4.627403562347495,4.627403562347495,4.2545339909101445,0.0,0.0,0.0,0.03901145352875434,0.00797836496709361,0.0,0.0008539601675123682,0.32502579277399113,0.0,0.0,0.0,0.0,0.0,0.0,0.0,0.0,0.0,0.0,0.0,0.0,0.0,0.0,0.0,0.0,0.0,0.0,0.0,0.0,0.0,0.0,0.0,0.0,0.0,0.015789343716895464,0.015789343716895464
2018/10/04 02:00:00,2018/10/04 03:00:00,2018/10/04 07:00:00,4.495091567473516,4.495091567473516,4.168844274305937,0.0,0.0,0.0,0.026007635685836212,0.005318909978062404,0.0,0.0005693067783415784,0.2943514407253382,0.0,0.0,0.0,0.0,0.0,0.0,0.0,0.0,0.0,0.0,0.0,0.0,0.0,0.0,0.0,0.0,0.0,0.0,0.0,0.0,0.0,0.0,0.0,0.0,0.0,0.015337876811797272,0.015337876811797272
2018/10/04 03:00:00,2018/10/04 04:00:00,2018/10/04 08:00:00,5.019404147489302,5.019404147489302,4.303259035539199,0.0,0.0,0.0,0.026007635685836212,0.005318909978062404,0.0,0.0005693067783415784,0.2817239479131314,0.0,0.0,0.0,0.0,0.0,0.0,0.4025253115947315,0.0,0.0,0.0,0.0,0.0,0.0,0.0,0.0,0.0,0.0,0.0,0.0,0.0,0.0,0.0,0.0,0.0,0.0,0.01712690416361998,0.01712690416361998
2018/10/04 04:00:00,2018/10/04 05:00:00,2018/10/04 09:00:00,4.731420173358623,4.731420173358623,4.4315828364201835,0.0,0.0,0.0,0.0278045810395689,0.005686409380447792,0.0,0.0006086418867900008,0.2657377046316337,0.0,0.0,0.0,0.0,0.0,0.0,0.0,0.0,0.0,0.0,0.0,0.0,0.0,0.0,0.0,0.0,0.0,0.0,0.0,0.0,0.0,0.0,0.0,0.0,0.0,0.016144262841928107,0.016144262841928107
2018/10/04 05:00:00,2018/10/04 06:00:00,2018/10/04 10:00:00,4.897619931682536,4.897619931682536,4.516226633648299,0.0,0.0,0.0,0.07380313982851767,0.015093730994548724,0.0,0.001615549689899291,0.29088087752127156,0.0,0.0,0.0,0.0,0.0,0.0,0.0,0.0,0.0,0.0,0.0,0.0,0.0,0.0,0.0,0.0,0.0,0.0,0.0,0.0,0.0,0.0,0.0,0.0,0.0,0.016711359503043605,0.016711359503043605
2018/10/04 06:00:00,2018/10/04 07:00:00,2018/10/04 11:00:00,5.083122724137278,5.083122724137278,4.511710299852079,0.0,0.0,0.0,0.17326939918692633,0.03543591379704412,0.0,0.003792864704345704,0.35891424659688315,0.0,0.0,0.0,0.0,0.0,0.0,0.0,0.0,0.0,0.0,0.0,0.0,0.0,0.0,0.0,0.0,0.0,0.0,0.0,0.0,0.0,0.0,0.0,0.0,0.0,0.017344320797870884,0.017344320797870884
2018/10/04 07:00:00,2018/10/04 08:00:00,2018/10/04 12:00:00,5.106143252076131,5.106143252076131,4.045278474064919,0.0,0.0,0.0,0.21926795797587528,0.044843235411145085,0.0,0.004799772507454998,0.4121843771138827,0.0,0.0,0.0,0.0,0.0,0.0,0.37976943500285404,0.0,0.0,0.0,0.0,0.0,0.0,0.0,0.0,0.0,0.0,0.0,0.0,0.0,0.0,0.0,0.0,0.0,0.0,0.01742287003682824,0.01742287003682824
2018/10/04 08:00:00,2018/10/04 09:00:00,2018/10/04 13:00:00,5.783215228322211,5.783215228322211,3.852861895435254,0.0,0.0,0.0,0.22459555084839308,0.04593279953881092,0.0,0.00491639344029206,0.33608771822860944,0.0,0.0,0.0,0.0,0.0,0.0,1.3188208708308526,0.0,0.0,0.0,0.0,0.0,0.0,0.0,0.0,0.0,0.0,0.0,0.0,0.0,0.0,0.0,0.0,0.0,0.0,0.0197331336673908,0.0197331336673908
2018/10/04 09:00:00,2018/10/04 10:00:00,2018/10/04 14:00:00,4.862482549961126,4.862482549961126,3.0019570411853636,0.0,0.0,0.0,0.22267911815523408,0.04554086337448363,0.0,0.00487444275566889,0.26861021365952403,0.0,0.0,0.0,0.0,0.0,0.0,1.3188208708308526,0.0,0.0,0.0,0.0,0.0,0.0,0.0,0.0,0.0,0.0,0.0,0.0,0.0,0.0,0.0,0.0,0.0,0.0,0.016591465875907773,0.016591465875907773
2018/10/04 10:00:00,2018/10/04 11:00:00,2018/10/04 15:00:00,3.644532332526263,3.644532332526263,2.5174441386646604,0.0,0.0,0.0,0.21616650243897678,0.04420894619696981,0.0,0.004731881689496374,0.2648940496482986,0.0,0.0,0.0,0.0,0.0,0.0,0.5970868138878603,0.0,0.0,0.0,0.0,0.0,0.0,0.0,0.0,0.0,0.0,0.0,0.0,0.0,0.0,0.0,0.0,0.0,0.0,0.012435650556573304,0.012435650556573304
2018/10/04 11:00:00,2018/10/04 12:00:00,2018/10/04 16:00:00,2.7702464096933026,2.7702464096933026,2.233044222462623,0.0,0.0,0.0,0.20714344994933365,0.04236361106157028,0.0,0.004534367197762577,0.2831607590220128,0.0,0.0,0.0,0.0,0.0,0.0,0.0,0.0,0.0,0.0,0.0,0.0,0.0,0.0,0.0,0.0,0.0,0.0,0.0,0.0,0.0,0.0,0.0,0.0,0.0,0.009452465546565285,0.009452465546565285
2018/10/04 12:00:00,2018/10/04 13:00:00,2018/10/04 17:00:00,2.7571989938278256,2.7571989938278256,2.2215618840614035,0.0,0.0,0.0,0.20063083423307632,0.041031693884056454,0.0,0.00439180613159006,0.2895827755176989,0.0,0.0,0.0,0.0,0.0,0.0,0.0,0.0,0.0,0.0,0.0,0.0,0.0,0.0,0.0,0.0,0.0,0.0,0.0,0.0,0.0,0.0,0.0,0.0,0.0,0.009407945951301634,0.009407945951301634
2018/10/04 13:00:00,2018/10/04 14:00:00,2018/10/04 18:00:00,2.9552102105953684,2.9552102105953684,2.4126190366239344,0.0,0.0,0.0,0.19871440153991735,0.04063975771972915,0.0,0.004349855446966891,0.2988871592648213,0.0,0.0,0.0,0.0,0.0,0.0,0.0,0.0,0.0,0.0,0.0,0.0,0.0,0.0,0.0,0.0,0.0,0.0,0.0,0.0,0.0,0.0,0.0,0.0,0.0,0.010083587727347068,0.010083587727347068
2018/10/04 14:00:00,2018/10/04 15:00:00,2018/10/04 19:00:00,3.047965854738304,3.047965854738304,2.4224610694476647,0.0,0.0,0.0,0.1987135941599378,0.040639592599705135,0.0,0.004349837773430528,0.3818017607575663,0.0,0.0,0.0,0.0,0.0,0.0,0.0,0.0,0.0,0.0,0.0,0.0,0.0,0.0,0.0,0.0,0.0,0.0,0.0,0.0,0.0,0.0,0.0,0.0,0.0,0.010400082869238665,0.010400082869238665
2018/10/04 15:00:00,2018/10/04 16:00:00,2018/10/04 20:00:00,3.691202030200629,3.691202030200629,2.0412271045421626,0.0,0.0,0.0,0.20036350665753808,0.04097702181289558,0.0,0.0043859543347320165,1.4042484428533013,0.0,0.0,0.0,0.0,0.0,0.0,0.0,0.0,0.0,0.0,0.0,0.0,0.0,0.0,0.0,0.0,0.0,0.0,0.0,0.0,0.0,0.0,0.0,0.0,0.0,0.012594894047618712,0.012594894047618712
2018/10/04 16:00:00,2018/10/04 17:00:00,2018/10/04 21:00:00,2.742225397652711,2.742225397652711,1.6956271418519808,0.0,0.0,0.0,0.2081585673374433,0.042571216169152666,0.0,0.004556588103070704,0.7913118841910638,0.0,0.0,0.0,0.0,0.0,0.0,0.0,0.0,0.0,0.0,0.0,0.0,0.0,0.0,0.0,0.0,0.0,0.0,0.0,0.0,0.0,0.0,0.0,0.0,0.0,0.009356853961268473,0.009356853961268473
2018/10/04 17:00:00,2018/10/04 18:00:00,2018/10/04 22:00:00,2.605456437076897,2.605456437076897,1.2944991613892052,0.0,0.0,0.0,0.2347702009285104,0.048013651811895555,0.0,0.005139116387038774,0.6205395368337665,0.0,0.0,0.0,0.0,0.0,0.0,0.40249476972648096,0.0,0.0,0.0,0.0,0.0,0.0,0.0,0.0,0.0,0.0,0.0,0.0,0.0,0.0,0.0,0.0,0.0,0.0,0.008890179270107856,0.008890179270107856
2018/10/04 18:00:00,2018/10/04 19:00:00,2018/10/04 23:00:00,2.557064504917737,2.557064504917737,1.1252530991074867,0.0,0.0,0.0,0.29648517388170076,0.0606351907092335,0.0,0.0064900562745331585,0.6380908429586813,0.0,0.0,0.0,0.0,0.0,0.0,0.43011014198610203,0.0,0.0,0.0,0.0,0.0,0.0,0.0,0.0,0.0,0.0,0.0,0.0,0.0,0.0,0.0,0.0,0.0,0.0,0.00872505927577608,0.00872505927577608
2018/10/04 19:00:00,2018/10/04 20:00:00,2018/10/05 00:00:00,4.109251548034926,4.109251548034926,1.736904555991664,0.0,0.0,0.0,0.3887692310680028,0.07950851693210204,0.0,0.008510152984732613,0.5767382202275719,0.0,0.0,0.0,0.0,0.0,0.0,1.3188208708308526,0.0,0.0,0.0,0.0,0.0,0.0,0.0,0.0,0.0,0.0,0.0,0.0,0.0,0.0,0.0,0.0,0.0,0.0,0.014021337070975758,0.014021337070975758
2018/10/04 20:00:00,2018/10/04 21:00:00,2018/10/05 01:00:00,5.072340710632922,5.072340710632922,2.6203351668995776,0.0,0.0,0.0,0.46406015284263663,0.09490651926965052,0.0,0.010158270200448155,0.5640597305897557,0.0,0.0,0.0,0.0,0.0,0.0,1.3188208708308526,0.0,0.0,0.0,0.0,0.0,0.0,0.0,0.0,0.0,0.0,0.0,0.0,0.0,0.0,0.0,0.0,0.0,0.0,0.017307531070135506,0.017307531070135506
2018/10/04 21:00:00,2018/10/04 22:00:00,2018/10/05 02:00:00,5.467275530146014,5.467275530146014,3.209110094678049,0.0,0.0,0.0,0.46491935867164713,0.09508223837431415,0.0,0.010177078203926637,0.5352003936888928,0.0,0.0,0.0,0.0,0.0,0.0,1.152786366529184,0.0,0.0,0.0,0.0,0.0,0.0,0.0,0.0,0.0,0.0,0.0,0.0,0.0,0.0,0.0,0.0,0.0,0.0,0.01865510353211003,0.01865510353211003
2018/10/04 22:00:00,2018/10/04 23:00:00,2018/10/05 03:00:00,4.690579693529578,4.690579693529578,3.875037761307317,0.0,0.0,0.0,0.29368187909065674,0.06006187936268712,0.0,0.006428692191095917,0.4553694815778204,0.0,0.0,0.0,0.0,0.0,0.0,0.0,0.0,0.0,0.0,0.0,0.0,0.0,0.0,0.0,0.0,0.0,0.0,0.0,0.0,0.0,0.0,0.0,0.0,0.0,0.016004909451869213,0.016004909451869213
2018/10/04 23:00:00,2018/10/05 00:00:00,2018/10/05 04:00:00,4.955849304976787,4.955849304976787,4.408608739299978,0.0,0.0,0.0,0.13094360677997474,0.026779722120023,0.0,0.002866353705536267,0.386650883071275,0.0,0.0,0.0,0.0,0.0,0.0,0.0,0.0,0.0,0.0,0.0,0.0,0.0,0.0,0.0,0.0,0.0,0.0,0.0,0.0,0.0,0.0,0.0,0.0,0.0,0.016910046212982498,0.016910046212982498
2018/10/05 00:00:00,2018/10/05 01:00:00,2018/10/05 05:00:00,5.630344309304288,5.630344309304288,5.210144659666681,0.0,0.0,0.0,0.06501908921459039,0.013297274945155983,0.0,0.0014232669458539432,0.340460018532006,0.0,0.0,0.0,0.0,0.0,0.0,0.0,0.0,0.0,0.0,0.0,0.0,0.0,0.0,0.0,0.0,0.0,0.0,0.0,0.0,0.0,0.0,0.0,0.0,0.0,0.019211516857408663,0.019211516857408663
2018/10/05 01:00:00,2018/10/05 02:00:00,2018/10/05 06:00:00,5.931254673686488,5.931254673686488,5.558385102249136,0.0,0.0,0.0,0.03901145352875434,0.00797836496709361,0.0,0.0008539601675123682,0.32502579277399113,0.0,0.0,0.0,0.0,0.0,0.0,0.0,0.0,0.0,0.0,0.0,0.0,0.0,0.0,0.0,0.0,0.0,0.0,0.0,0.0,0.0,0.0,0.0,0.0,0.0,0.020238264818158495,0.020238264818158495
2018/10/05 02:00:00,2018/10/05 03:00:00,2018/10/05 07:00:00,5.834544834845264,5.834544834845264,5.508297541677687,0.0,0.0,0.0,0.026007635685836212,0.005318909978062404,0.0,0.0005693067783415784,0.2943514407253382,0.0,0.0,0.0,0.0,0.0,0.0,0.0,0.0,0.0,0.0,0.0,0.0,0.0,0.0,0.0,0.0,0.0,0.0,0.0,0.0,0.0,0.0,0.0,0.0,0.0,0.019908277414705185,0.019908277414705185
2018/10/05 03:00:00,2018/10/05 04:00:00,2018/10/05 08:00:00,6.167890224793168,6.167890224793168,5.854270424437797,0.0,0.0,0.0,0.026007635685836212,0.005318909978062404,0.0,0.0005693067783415784,0.2817239479131314,0.0,0.0,0.0,0.0,0.0,0.0,0.0,0.0,0.0,0.0,0.0,0.0,0.0,0.0,0.0,0.0,0.0,0.0,0.0,0.0,0.0,0.0,0.0,0.0,0.0,0.02104569818802108,0.02104569818802108
2018/10/05 04:00:00,2018/10/05 05:00:00,2018/10/05 09:00:00,6.428896792712774,6.428896792712774,6.129059455774334,0.0,0.0,0.0,0.0278045810395689,0.005686409380447792,0.0,0.0006086418867900008,0.2657377046316337,0.0,0.0,0.0,0.0,0.0,0.0,0.0,0.0,0.0,0.0,0.0,0.0,0.0,0.0,0.0,0.0,0.0,0.0,0.0,0.0,0.0,0.0,0.0,0.0,0.0,0.02193628885246687,0.02193628885246687
2018/10/05 05:00:00,2018/10/05 06:00:00,2018/10/05 10:00:00,6.691012514847174,6.691012514847174,6.309619216812938,0.0,0.0,0.0,0.07380313982851767,0.015093730994548724,0.0,0.001615549689899291,0.29088087752127156,0.0,0.0,0.0,0.0,0.0,0.0,0.0,0.0,0.0,0.0,0.0,0.0,0.0,0.0,0.0,0.0,0.0,0.0,0.0,0.0,0.0,0.0,0.0,0.0,0.0,0.02283066410515885,0.02283066410515885
2018/10/05 06:00:00,2018/10/05 07:00:00,2018/10/05 11:00:00,7.418324119497067,7.418324119497067,5.558437302307486,0.0,0.0,0.0,0.17326939918692633,0.03543591379704412,0.0,0.003792864704345704,0.35891424659688315,0.0,0.0,0.0,0.0,0.0,0.0,1.2884743929043816,0.0,0.0,0.0,0.0,0.0,0.0,0.0,0.0,0.0,0.0,0.0,0.0,0.0,0.0,0.0,0.0,0.0,0.0,0.02531235232629126,0.02531235232629126
2018/10/05 07:00:00,2018/10/05 08:00:00,2018/10/05 12:00:00,8.285936352102306,8.285936352102306,6.286020138263096,0.0,0.0,0.0,0.21926795797587528,0.044843235411145085,0.0,0.004799772507454998,0.4121843771138827,0.0,0.0,0.0,0.0,0.0,0.0,1.3188208708308526,0.0,0.0,0.0,0.0,0.0,0.0,0.0,0.0,0.0,0.0,0.0,0.0,0.0,0.0,0.0,0.0,0.0,0.0,0.028272765778243922,0.028272765778243922
2018/10/05 08:00:00,2018/10/05 09:00:00,2018/10/05 13:00:00,7.458381834452581,7.458381834452581,5.528028501565622,0.0,0.0,0.0,0.22459555084839308,0.04593279953881092,0.0,0.00491639344029206,0.33608771822860944,0.0,0.0,0.0,0.0,0.0,0.0,1.3188208708308526,0.0,0.0,0.0,0.0,0.0,0.0,0.0,0.0,0.0,0.0,0.0,0.0,0.0,0.0,0.0,0.0,0.0,0.0,0.02544903481387295,0.02544903481387295
2018/10/05 09:00:00,2018/10/05 10:00:00,2018/10/05 14:00:00,6.038636373841934,6.038636373841934,4.17811086506617,0.0,0.0,0.0,0.22267911815523408,0.04554086337448363,0.0,0.00487444275566889,0.26861021365952403,0.0,0.0,0.0,0.0,0.0,0.0,1.3188208708308526,0.0,0.0,0.0,0.0,0.0,0.0,0.0,0.0,0.0,0.0,0.0,0.0,0.0,0.0,0.0,0.0,0.0,0.0,0.020604666094773932,0.020604666094773932
2018/10/05 10:00:00,2018/10/05 11:00:00,2018/10/05 15:00:00,3.4872427057077613,3.4872427057077613,2.8314074711977195,0.0,0.0,0.0,0.21616650243897678,0.04420894619696981,0.0,0.004731881689496374,0.2648940496482986,0.0,0.0,0.0,0.0,0.0,0.0,0.12583385453629975,0.0,0.0,0.0,0.0,0.0,0.0,0.0,0.0,0.0,0.0,0.0,0.0,0.0,0.0,0.0,0.0,0.0,0.0,0.01189895650180198,0.01189895650180198
2018/10/05 11:00:00,2018/10/05 12:00:00,2018/10/05 16:00:00,2.7261190950992127,2.7261190950992127,1.8314014046677207,0.0,0.0,0.0,0.20714344994933365,0.04236361106157028,0.0,0.004534367197762577,0.2831607590220128,0.0,0.0,0.0,0.0,0.0,0.0,0.35751550320081255,0.0,0.0,0.0,0.0,0.0,0.0,0.0,0.0,0.0,0.0,0.0,0.0,0.0,0.0,0.0,0.0,0.0,0.0,0.009301897019735479,0.009301897019735479
2018/10/05 12:00:00,2018/10/05 13:00:00,2018/10/05 17:00:00,2.9380101330608466,2.9380101330608466,1.4487578423437972,0.0,0.0,0.0,0.20063083423307632,0.041031693884056454,0.0,0.00439180613159006,0.2895827755176989,0.0,0.0,0.0,0.0,0.0,0.0,0.9536151809506281,0.0,0.0,0.0,0.0,0.0,0.0,0.0,0.0,0.0,0.0,0.0,0.0,0.0,0.0,0.0,0.0,0.0,0.0,0.01002489867364974,0.01002489867364974
2018/10/05 13:00:00,2018/10/05 14:00:00,2018/10/05 18:00:00,1.580842630038087,1.580842630038087,1.038251456066652,0.0,0.0,0.0,0.19871440153991735,0.04063975771972915,0.0,0.004349855446966891,0.2988871592648213,0.0,0.0,0.0,0.0,0.0,0.0,0.0,0.0,0.0,0.0,0.0,0.0,0.0,0.0,0.0,0.0,0.0,0.0,0.0,0.0,0.0,0.0,0.0,0.0,0.0,0.005394054638132717,0.005394054638132717
2018/10/05 14:00:00,2018/10/05 15:00:00,2018/10/05 19:00:00,1.931317027964266,1.931317027964266,0.5109966713950058,0.0,0.0,0.0,0.1987135941599378,0.040639592599705135,0.0,0.004349837773430528,0.6935726338755659,0.0,0.0,0.0,0.0,0.0,0.0,0.48304469816062073,0.0,0.0,0.0,0.0,0.0,0.0,0.0,0.0,0.0,0.0,0.0,0.0,0.0,0.0,0.0,0.0,0.0,0.0,0.00658992196594822,0.00658992196594822
2018/10/05 15:00:00,2018/10/05 16:00:00,2018/10/05 20:00:00,0.7401779611148414,0.7401779611148414,0.17413731016644124,0.0,0.0,0.0,0.20036350665753808,0.04097702181289558,0.0,0.0043859543347320165,0.32031416814323455,0.0,0.0,0.0,0.0,0.0,0.0,0.0,0.0,0.0,0.0,0.0,0.0,0.0,0.0,0.0,0.0,0.0,0.0,0.0,0.0,0.0,0.0,0.0,0.0,0.0,0.002525590016571692,0.002525590016571692
2018/10/05 16:00:00,2018/10/05 17:00:00,2018/10/05 21:00:00,0.6952737374449551,0.6952737374449551,0.0,0.0,0.0,0.0,0.2081585673374433,0.042571216169152666,0.0,0.004556588103070704,0.43998736583528836,0.0,0.0,0.0,0.0,0.0,0.0,0.0,0.0,0.0,0.0,0.0,0.0,0.0,0.0,0.0,0.0,0.0,0.0,0.0,0.0,0.0,0.0,0.0,0.0,0.0,0.0023723705680599423,0.0023723705680599423
2018/10/05 17:00:00,2018/10/05 18:00:00,2018/10/05 22:00:00,0.9084625059612113,0.9084625059612113,0.0,0.0,0.0,0.0,0.2347702009285104,0.048013651811895555,0.0,0.005139116387038774,0.6205395368337665,0.0,0.0,0.0,0.0,0.0,0.0,0.0,0.0,0.0,0.0,0.0,0.0,0.0,0.0,0.0,0.0,0.0,0.0,0.0,0.0,0.0,0.0,0.0,0.0,0.0,0.003099800258885783,0.003099800258885783
2018/10/05 18:00:00,2018/10/05 19:00:00,2018/10/05 23:00:00,1.0017012638241487,1.0017012638241487,0.0,0.0,0.0,0.0,0.29648517388170076,0.0606351907092335,0.0,0.0064900562745331585,0.6380908429586813,0.0,0.0,0.0,0.0,0.0,0.0,0.0,0.0,0.0,0.0,0.0,0.0,0.0,0.0,0.0,0.0,0.0,0.0,0.0,0.0,0.0,0.0,0.0,0.0,0.0,0.0034179438518961726,0.0034179438518961726
2018/10/05 19:00:00,2018/10/05 20:00:00,2018/10/06 00:00:00,2.165146486571594,2.165146486571594,0.2690312135011092,0.0,0.0,0.0,0.3887692310680028,0.07950851693210204,0.0,0.008510152984732613,0.5767382202275719,0.0,0.0,0.0,0.0,0.0,0.0,0.8425891518580755,0.0,0.0,0.0,0.0,0.0,0.0,0.0,0.0,0.0,0.0,0.0,0.0,0.0,0.0,0.0,0.0,0.0,0.0,0.007387780558427177,0.007387780558427177
2018/10/05 20:00:00,2018/10/05 21:00:00,2018/10/06 01:00:00,3.731304685355657,3.731304685355657,1.279299141622313,0.0,0.0,0.0,0.46406015284263663,0.09490651926965052,0.0,0.010158270200448155,0.5640597305897557,0.0,0.0,0.0,0.0,0.0,0.0,1.3188208708308526,0.0,0.0,0.0,0.0,0.0,0.0,0.0,0.0,0.0,0.0,0.0,0.0,0.0,0.0,0.0,0.0,0.0,0.0,0.01273172987740349,0.01273172987740349
2018/10/05 21:00:00,2018/10/05 22:00:00,2018/10/06 02:00:00,4.247352880265033,4.247352880265033,2.1026564417621447,0.0,0.0,0.0,0.46491935867164713,0.09508223837431415,0.0,0.010177078203926637,0.5352003936888928,0.0,0.0,0.0,0.0,0.0,0.0,1.0393173695641067,0.0,0.0,0.0,0.0,0.0,0.0,0.0,0.0,0.0,0.0,0.0,0.0,0.0,0.0,0.0,0.0,0.0,0.0,0.014492557999291795,0.014492557999291795
2018/10/05 22:00:00,2018/10/05 23:00:00,2018/10/06 03:00:00,3.751784403393351,3.751784403393351,2.936242471171091,0.0,0.0,0.0,0.29368187909065674,0.06006187936268712,0.0,0.006428692191095917,0.4553694815778204,0.0,0.0,0.0,0.0,0.0,0.0,0.0,0.0,0.0,0.0,0.0,0.0,0.0,0.0,0.0,0.0,0.0,0.0,0.0,0.0,0.0,0.0,0.0,0.0,0.0,0.012801609520050914,0.012801609520050914
2018/10/05 23:00:00,2018/10/06 00:00:00,2018/10/06 04:00:00,4.28613666942978,4.28613666942978,3.7388961037529707,0.0,0.0,0.0,0.13094360677997474,0.026779722120023,0.0,0.002866353705536267,0.386650883071275,0.0,0.0,0.0,0.0,0.0,0.0,0.0,0.0,0.0,0.0,0.0,0.0,0.0,0.0,0.0,0.0,0.0,0.0,0.0,0.0,0.0,0.0,0.0,0.0,0.0,0.014624893675122746,0.014624893675122746
2018/10/06 00:00:00,2018/10/06 01:00:00,2018/10/06 05:00:00,5.176239219123479,5.176239219123479,4.756039569485872,0.0,0.0,0.0,0.06501908921459039,0.013297274945155983,0.0,0.0014232669458539432,0.340460018532006,0.0,0.0,0.0,0.0,0.0,0.0,0.0,0.0,0.0,0.0,0.0,0.0,0.0,0.0,0.0,0.0,0.0,0.0,0.0,0.0,0.0,0.0,0.0,0.0,0.0,0.01766204721296312,0.01766204721296312
2018/10/06 01:00:00,2018/10/06 02:00:00,2018/10/06 06:00:00,5.712245476218597,5.712245476218597,5.339375904781246,0.0,0.0,0.0,0.03901145352875434,0.00797836496709361,0.0,0.0008539601675123682,0.32502579277399113,0.0,0.0,0.0,0.0,0.0,0.0,0.0,0.0,0.0,0.0,0.0,0.0,0.0,0.0,0.0,0.0,0.0,0.0,0.0,0.0,0.0,0.0,0.0,0.0,0.0,0.01949097501527221,0.01949097501527221
2018/10/06 02:00:00,2018/10/06 03:00:00,2018/10/06 07:00:00,5.740273676522104,5.740273676522104,5.414026383354527,0.0,0.0,0.0,0.026007635685836212,0.005318909978062404,0.0,0.0005693067783415784,0.2943514407253382,0.0,0.0,0.0,0.0,0.0,0.0,0.0,0.0,0.0,0.0,0.0,0.0,0.0,0.0,0.0,0.0,0.0,0.0,0.0,0.0,0.0,0.0,0.0,0.0,0.0,0.019586611127920563,0.019586611127920563
2018/10/06 03:00:00,2018/10/06 04:00:00,2018/10/06 08:00:00,5.98518167661725,5.98518167661725,5.67156187626188,0.0,0.0,0.0,0.026007635685836212,0.005318909978062404,0.0,0.0005693067783415784,0.2817239479131314,0.0,0.0,0.0,0.0,0.0,0.0,0.0,0.0,0.0,0.0,0.0,0.0,0.0,0.0,0.0,0.0,0.0,0.0,0.0,0.0,0.0,0.0,0.0,0.0,0.0,0.02042227124280322,0.02042227124280322
2018/10/06 04:00:00,2018/10/06 05:00:00,2018/10/06 09:00:00,6.2710731426591115,6.2710731426591115,5.971235805720672,0.0,0.0,0.0,0.0278045810395689,0.005686409380447792,0.0,0.0006086418867900008,0.2657377046316337,0.0,0.0,0.0,0.0,0.0,0.0,0.0,0.0,0.0,0.0,0.0,0.0,0.0,0.0,0.0,0.0,0.0,0.0,0.0,0.0,0.0,0.0,0.0,0.0,0.0,0.021397772636239525,0.021397772636239525
2018/10/06 05:00:00,2018/10/06 06:00:00,2018/10/06 10:00:00,6.5826399566879665,6.5826399566879665,6.20124665865373,0.0,0.0,0.0,0.07380313982851767,0.015093730994548724,0.0,0.001615549689899291,0.29088087752127156,0.0,0.0,0.0,0.0,0.0,0.0,0.0,0.0,0.0,0.0,0.0,0.0,0.0,0.0,0.0,0.0,0.0,0.0,0.0,0.0,0.0,0.0,0.0,0.0,0.0,0.022460881883401014,0.022460881883401014
2018/10/06 06:00:00,2018/10/06 07:00:00,2018/10/06 11:00:00,6.749566243194206,6.749566243194206,6.178153818909007,0.0,0.0,0.0,0.17326939918692633,0.03543591379704412,0.0,0.003792864704345704,0.35891424659688315,0.0,0.0,0.0,0.0,0.0,0.0,0.0,0.0,0.0,0.0,0.0,0.0,0.0,0.0,0.0,0.0,0.0,0.0,0.0,0.0,0.0,0.0,0.0,0.0,0.0,0.023030457559591856,0.023030457559591856
2018/10/06 07:00:00,2018/10/06 08:00:00,2018/10/06 12:00:00,7.389029457362925,7.389029457362925,5.830442096755177,0.0,0.0,0.0,0.21926795797587528,0.044843235411145085,0.0,0.004799772507454998,0.4121843771138827,0.0,0.0,0.0,0.0,0.0,0.0,0.8774920175993902,0.0,0.0,0.0,0.0,0.0,0.0,0.0,0.0,0.0,0.0,0.0,0.0,0.0,0.0,0.0,0.0,0.0,0.0,0.025212394869960904,0.025212394869960904
2018/10/06 08:00:00,2018/10/06 09:00:00,2018/10/06 13:00:00,7.256897062484481,7.256897062484481,5.326543729597522,0.0,0.0,0.0,0.22459555084839308,0.04593279953881092,0.0,0.00491639344029206,0.33608771822860944,0.0,0.0,0.0,0.0,0.0,0.0,1.3188208708308526,0.0,0.0,0.0,0.0,0.0,0.0,0.0,0.0,0.0,0.0,0.0,0.0,0.0,0.0,0.0,0.0,0.0,0.0,0.02476154078499453,0.02476154078499453
2018/10/06 09:00:00,2018/10/06 10:00:00,2018/10/06 14:00:00,4.919545967423827,4.919545967423827,3.8963838418539867,0.0,0.0,0.0,0.22267911815523408,0.04554086337448363,0.0,0.00487444275566889,0.26861021365952403,0.0,0.0,0.0,0.0,0.0,0.0,0.48145748762493024,0.0,0.0,0.0,0.0,0.0,0.0,0.0,0.0,0.0,0.0,0.0,0.0,0.0,0.0,0.0,0.0,0.0,0.0,0.01678617418259417,0.01678617418259417
2018/10/06 10:00:00,2018/10/06 11:00:00,2018/10/06 15:00:00,3.0410273160792585,3.0410273160792585,2.5110259361055167,0.0,0.0,0.0,0.21616650243897678,0.04420894619696981,0.0,0.004731881689496374,0.2648940496482986,0.0,0.0,0.0,0.0,0.0,0.0,0.0,0.0,0.0,0.0,0.0,0.0,0.0,0.0,0.0,0.0,0.0,0.0,0.0,0.0,0.0,0.0,0.0,0.0,0.0,0.010376407611547274,0.010376407611547274
2018/10/06 11:00:00,2018/10/06 12:00:00,2018/10/06 16:00:00,2.0482263945583057,2.0482263945583057,1.5110242073276259,0.0,0.0,0.0,0.20714344994933365,0.04236361106157028,0.0,0.004534367197762577,0.2831607590220128,0.0,0.0,0.0,0.0,0.0,0.0,0.0,0.0,0.0,0.0,0.0,0.0,0.0,0.0,0.0,0.0,0.0,0.0,0.0,0.0,0.0,0.0,0.0,0.0,0.0,0.0069888329638775615,0.0069888329638775615
2018/10/06 12:00:00,2018/10/06 13:00:00,2018/10/06 17:00:00,1.3534349342420333,1.3534349342420333,0.8177978244756118,0.0,0.0,0.0,0.20063083423307632,0.041031693884056454,0.0,0.00439180613159006,0.2895827755176989,0.0,0.0,0.0,0.0,0.0,0.0,0.0,0.0,0.0,0.0,0.0,0.0,0.0,0.0,0.0,0.0,0.0,0.0,0.0,0.0,0.0,0.0,0.0,0.0,0.0,0.004618107992370626,0.004618107992370626
2018/10/06 13:00:00,2018/10/06 14:00:00,2018/10/06 18:00:00,1.69941389357811,1.69941389357811,0.10311047919137663,0.0,0.0,0.0,0.19871440153991735,0.04063975771972915,0.0,0.004349855446966891,0.2988871592648213,0.0,0.0,0.0,0.0,0.0,0.0,1.0537122404152985,0.0,0.0,0.0,0.0,0.0,0.0,0.0,0.0,0.0,0.0,0.0,0.0,0.0,0.0,0.0,0.0,0.0,0.0,0.005798636259284919,0.005798636259284919
2018/10/06 14:00:00,2018/10/06 15:00:00,2018/10/06 19:00:00,0.8183813829707496,0.8183813829707496,0.0,0.0,0.0,0.0,0.1987135941599378,0.040639592599705135,0.0,0.004349837773430528,0.3344102664854856,0.0,0.0,0.0,0.0,0.0,0.0,0.24026809195219065,0.0,0.0,0.0,0.0,0.0,0.0,0.0,0.0,0.0,0.0,0.0,0.0,0.0,0.0,0.0,0.0,0.0,0.0,0.0027924309546665535,0.0027924309546665535
2018/10/06 15:00:00,2018/10/06 16:00:00,2018/10/06 20:00:00,0.6021007146613174,0.6021007146613174,0.0,0.0,0.025649515061796833,0.0,0.20036350665753808,0.04097702181289558,0.0,0.0043859543347320165,0.32031416814323455,0.0,0.010410548651120425,0.0,0.0,0.0,0.0,0.0,0.0,0.0,0.0,0.0,0.0,0.0,0.0,0.0,0.0,0.0,0.0,0.0,0.0,0.0,0.0,0.0,0.0,0.0,0.0020544512722709507,0.0020544512722709507
2018/10/06 16:00:00,2018/10/06 17:00:00,2018/10/06 21:00:00,0.8722720734763129,0.8722720734763129,0.0,0.0,0.12573670136647863,0.0,0.2081585673374433,0.042571216169152666,0.0,0.004556588103070704,0.43998736583528836,0.0,0.05126163466487919,0.0,0.0,0.0,0.0,0.0,0.0,0.0,0.0,0.0,0.0,0.0,0.0,0.0,0.0,0.0,0.0,0.0,0.0,0.0,0.0,0.0,0.0,0.0,0.002976313476272581,0.002976313476272581
2018/10/06 17:00:00,2018/10/06 18:00:00,2018/10/06 22:00:00,1.1549078372320705,1.1549078372320705,0.0,0.0,0.1750707024481694,0.0,0.2347702009285104,0.048013651811895555,0.0,0.005139116387038774,0.6205395368337665,0.0,0.07137462882268997,0.0,0.0,0.0,0.0,0.0,0.0,0.0,0.0,0.0,0.0,0.0,0.0,0.0,0.0,0.0,0.0,0.0,0.0,0.0,0.0,0.0,0.0,0.0,0.0039407059612805275,0.0039407059612805275
2018/10/06 18:00:00,2018/10/06 19:00:00,2018/10/06 23:00:00,2.5135353257033444,2.5135353257033444,0.0,0.0,0.15080428501336465,0.0,0.29648517388170076,0.0606351907092335,0.0,0.0064900562745331585,0.6380908429586813,0.0,0.06148144559416886,0.0,0.0,0.0,0.0,1.299548331271662,0.0,0.0,0.0,0.0,0.0,0.0,0.0,0.0,0.0,0.0,0.0,0.0,0.0,0.0,0.0,0.0,0.0,0.0,0.008576531669944846,0.008576531669944846
2018/10/06 19:00:00,2018/10/06 20:00:00,2018/10/07 00:00:00,2.786571678222264,2.786571678222264,0.0,0.0,0.0,0.0,0.3887692310680028,0.07950851693210204,0.0,0.008510152984732613,0.9909629064065738,0.0,0.0,0.0,0.0,0.0,0.0,1.3188208708308526,0.0,0.0,0.0,0.0,0.0,0.0,0.0,0.0,0.0,0.0,0.0,0.0,0.0,0.0,0.0,0.0,0.0,0.0,0.00950816963042168,0.00950816963042168
2018/10/06 20:00:00,2018/10/06 21:00:00,2018/10/07 01:00:00,2.059116090911258,2.059116090911258,0.402859071210055,0.0,0.0,0.0,0.46406015284263663,0.09490651926965052,0.0,0.010158270200448155,0.5640597305897557,0.0,0.0,0.0,0.0,0.0,0.0,0.5230723467987117,0.0,0.0,0.0,0.0,0.0,0.0,0.0,0.0,0.0,0.0,0.0,0.0,0.0,0.0,0.0,0.0,0.0,0.0,0.007025990120449866,0.007025990120449866
2018/10/06 21:00:00,2018/10/06 22:00:00,2018/10/07 02:00:00,2.306230744076337,2.306230744076337,1.2008516751375564,0.0,0.0,0.0,0.46491935867164713,0.09508223837431415,0.0,0.010177078203926637,0.5352003936888928,0.0,0.0,0.0,0.0,0.0,0.0,0.0,0.0,0.0,0.0,0.0,0.0,0.0,0.0,0.0,0.0,0.0,0.0,0.0,0.0,0.0,0.0,0.0,0.0,0.0,0.007869179642118787,0.007869179642118787
2018/10/06 22:00:00,2018/10/06 23:00:00,2018/10/07 03:00:00,2.8882121680494643,2.8882121680494643,2.072670235827204,0.0,0.0,0.0,0.29368187909065674,0.06006187936268712,0.0,0.006428692191095917,0.4553694815778204,0.0,0.0,0.0,0.0,0.0,0.0,0.0,0.0,0.0,0.0,0.0,0.0,0.0,0.0,0.0,0.0,0.0,0.0,0.0,0.0,0.0,0.0,0.0,0.0,0.0,0.009854981099923414,0.009854981099923414
2018/10/06 23:00:00,2018/10/07 00:00:00,2018/10/07 04:00:00,3.4725703881165035,3.4725703881165035,2.925329822439694,0.0,0.0,0.0,0.13094360677997474,0.026779722120023,0.0,0.002866353705536267,0.386650883071275,0.0,0.0,0.0,0.0,0.0,0.0,0.0,0.0,0.0,0.0,0.0,0.0,0.0,0.0,0.0,0.0,0.0,0.0,0.0,0.0,0.0,0.0,0.0,0.0,0.0,0.011848892516145564,0.011848892516145564
2018/10/07 00:00:00,2018/10/07 01:00:00,2018/10/07 05:00:00,4.476752987693206,4.476752987693206,4.0565533380556,0.0,0.0,0.0,0.06501908921459039,0.013297274945155983,0.0,0.0014232669458539432,0.340460018532006,0.0,0.0,0.0,0.0,0.0,0.0,0.0,0.0,0.0,0.0,0.0,0.0,0.0,0.0,0.0,0.0,0.0,0.0,0.0,0.0,0.0,0.0,0.0,0.0,0.0,0.015275303030295463,0.015275303030295463
2018/10/07 01:00:00,2018/10/07 02:00:00,2018/10/07 06:00:00,5.033330951455795,5.033330951455795,4.660461380018444,0.0,0.0,0.0,0.03901145352875434,0.00797836496709361,0.0,0.0008539601675123682,0.32502579277399113,0.0,0.0,0.0,0.0,0.0,0.0,0.0,0.0,0.0,0.0,0.0,0.0,0.0,0.0,0.0,0.0,0.0,0.0,0.0,0.0,0.0,0.0,0.0,0.0,0.0,0.01717442435323431,0.01717442435323431
2018/10/07 02:00:00,2018/10/07 03:00:00,2018/10/07 07:00:00,5.16164736782551,5.16164736782551,4.835400074657932,0.0,0.0,0.0,0.026007635685836212,0.005318909978062404,0.0,0.0005693067783415784,0.2943514407253382,0.0,0.0,0.0,0.0,0.0,0.0,0.0,0.0,0.0,0.0,0.0,0.0,0.0,0.0,0.0,0.0,0.0,0.0,0.0,0.0,0.0,0.0,0.0,0.0,0.0,0.017612257789476445,0.017612257789476445
2018/10/07 03:00:00,2018/10/07 04:00:00,2018/10/07 08:00:00,5.607814281422904,5.607814281422904,5.294194481067533,0.0,0.0,0.0,0.026007635685836212,0.005318909978062404,0.0,0.0005693067783415784,0.2817239479131314,0.0,0.0,0.0,0.0,0.0,0.0,0.0,0.0,0.0,0.0,0.0,0.0,0.0,0.0,0.0,0.0,0.0,0.0,0.0,0.0,0.0,0.0,0.0,0.0,0.0,0.019134641272779526,0.019134641272779526
2018/10/07 04:00:00,2018/10/07 05:00:00,2018/10/07 09:00:00,5.898153793885686,5.898153793885686,5.598316456947246,0.0,0.0,0.0,0.0278045810395689,0.005686409380447792,0.0,0.0006086418867900008,0.2657377046316337,0.0,0.0,0.0,0.0,0.0,0.0,0.0,0.0,0.0,0.0,0.0,0.0,0.0,0.0,0.0,0.0,0.0,0.0,0.0,0.0,0.0,0.0,0.0,0.0,0.0,0.020125320018452856,0.020125320018452856
2018/10/07 05:00:00,2018/10/07 06:00:00,2018/10/07 10:00:00,6.143703223502228,6.143703223502228,5.762309925467991,0.0,0.0,0.0,0.07380313982851767,0.015093730994548724,0.0,0.001615549689899291,0.29088087752127156,0.0,0.0,0.0,0.0,0.0,0.0,0.0,0.0,0.0,0.0,0.0,0.0,0.0,0.0,0.0,0.0,0.0,0.0,0.0,0.0,0.0,0.0,0.0,0.0,0.0,0.020963168779959268,0.020963168779959268
2018/10/07 06:00:00,2018/10/07 07:00:00,2018/10/07 11:00:00,6.853013911470189,6.853013911470189,5.748789808274563,0.0,0.0,0.0,0.17326939918692633,0.03543591379704412,0.0,0.003792864704345704,0.35891424659688315,0.0,0.0,0.0,0.0,0.0,0.0,0.5328116789104267,0.0,0.0,0.0,0.0,0.0,0.0,0.0,0.0,0.0,0.0,0.0,0.0,0.0,0.0,0.0,0.0,0.0,0.0,0.023383435372984096,0.023383435372984096
2018/10/07 07:00:00,2018/10/07 08:00:00,2018/10/07 12:00:00,7.1591288693375335,7.1591288693375335,5.205972982117867,0.0,0.0,0.0,0.21926795797587528,0.044843235411145085,0.0,0.004799772507454998,0.4121843771138827,0.0,0.0,0.0,0.0,0.0,0.0,1.272060544211309,0.0,0.0,0.0,0.0,0.0,0.0,0.0,0.0,0.0,0.0,0.0,0.0,0.0,0.0,0.0,0.0,0.0,0.0,0.024427942129641063,0.024427942129641063
2018/10/07 08:00:00,2018/10/07 09:00:00,2018/10/07 13:00:00,6.924193647288708,6.924193647288708,4.99384031440175,0.0,0.0,0.0,0.22459555084839308,0.04593279953881092,0.0,0.00491639344029206,0.33608771822860944,0.0,0.0,0.0,0.0,0.0,0.0,1.3188208708308526,0.0,0.0,0.0,0.0,0.0,0.0,0.0,0.0,0.0,0.0,0.0,0.0,0.0,0.0,0.0,0.0,0.0,0.0,0.023626310518705396,0.023626310518705396
2018/10/07 09:00:00,2018/10/07 10:00:00,2018/10/07 14:00:00,5.639063915543312,5.639063915543312,3.77853840676755,0.0,0.0,0.0,0.22267911815523408,0.04554086337448363,0.0,0.00487444275566889,0.26861021365952403,0.0,0.0,0.0,0.0,0.0,0.0,1.3188208708308526,0.0,0.0,0.0,0.0,0.0,0.0,0.0,0.0,0.0,0.0,0.0,0.0,0.0,0.0,0.0,0.0,0.0,0.0,0.019241269365079312,0.019241269365079312
2018/10/07 10:00:00,2018/10/07 11:00:00,2018/10/07 15:00:00,3.3841062578343784,3.3841062578343784,2.3259987013008847,0.0,0.0,0.0,0.21616650243897678,0.04420894619696981,0.0,0.004731881689496374,0.29923109331646586,0.0,0.0,0.0,0.0,0.0,0.0,0.4937691328915846,0.0,0.0,0.0,0.0,0.0,0.0,0.0,0.0,0.0,0.0,0.0,0.0,0.0,0.0,0.0,0.0,0.0,0.0,0.01154704061565299,0.01154704061565299
2018/10/07 11:00:00,2018/10/07 12:00:00,2018/10/07 16:00:00,2.3584297506697567,2.3584297506697567,1.0471652496807757,0.0,0.0,0.0,0.20714344994933365,0.04236361106157028,0.0,0.004534367197762577,1.0572230727803145,0.0,0.0,0.0,0.0,0.0,0.0,0.0,0.0,0.0,0.0,0.0,0.0,0.0,0.0,0.0,0.0,0.0,0.0,0.0,0.0,0.0,0.0,0.0,0.0,0.0,0.008047289903235905,0.008047289903235905
2018/10/07 12:00:00,2018/10/07 13:00:00,2018/10/07 17:00:00,0.8626238788900021,0.8626238788900021,0.32698676912358043,0.0,0.0,0.0,0.20063083423307632,0.041031693884056454,0.0,0.00439180613159006,0.2895827755176989,0.0,0.0,0.0,0.0,0.0,0.0,0.0,0.0,0.0,0.0,0.0,0.0,0.0,0.0,0.0,0.0,0.0,0.0,0.0,0.0,0.0,0.0,0.0,0.0,0.0,0.0029433924961768947,0.0029433924961768947
2018/10/07 13:00:00,2018/10/07 14:00:00,2018/10/07 18:00:00,0.9822897693274871,0.9822897693274871,0.0,0.0,0.0,0.0,0.19871440153991735,0.04063975771972915,0.0,0.004349855446966891,0.2988871592648213,0.0,0.0,0.0,0.0,0.0,0.0,0.43969859535605244,0.0,0.0,0.0,0.0,0.0,0.0,0.0,0.0,0.0,0.0,0.0,0.0,0.0,0.0,0.0,0.0,0.0,0.0,0.0033517091363506517,0.0033517091363506517
2018/10/07 14:00:00,2018/10/07 15:00:00,2018/10/07 19:00:00,0.6083869797115063,0.6083869797115063,0.0,0.0,0.021596013226048726,0.0,0.1987135941599378,0.040639592599705135,0.0,0.004349837773430528,0.3344102664854856,0.0,0.008677675466898568,0.0,0.0,0.0,0.0,0.0,0.0,0.0,0.0,0.0,0.0,0.0,0.0,0.0,0.0,0.0,0.0,0.0,0.0,0.0,0.0,0.0,0.0,0.0,0.00207590088180589,0.00207590088180589
2018/10/07 15:00:00,2018/10/07 16:00:00,2018/10/07 20:00:00,0.8457543600708195,0.8457543600708195,0.0,0.0,0.1784981679519465,0.0,0.20036350665753808,0.04097702181289558,0.0,0.0043859543347320165,0.35076037901677576,0.0,0.07076933029693164,0.0,0.0,0.0,0.0,0.0,0.0,0.0,0.0,0.0,0.0,0.0,0.0,0.0,0.0,0.0,0.0,0.0,0.0,0.0,0.0,0.0,0.0,0.0,0.0028858313547320395,0.0028858313547320395
2018/10/07 16:00:00,2018/10/07 17:00:00,2018/10/07 21:00:00,1.8300719101727545,1.8300719101727545,0.0,0.0,0.3212037856865928,0.0,0.2081585673374433,0.042571216169152666,0.0,0.004556588103070704,1.1263383709392885,0.0,0.12724338193720647,0.0,0.0,0.0,0.0,0.0,0.0,0.0,0.0,0.0,0.0,0.0,0.0,0.0,0.0,0.0,0.0,0.0,0.0,0.0,0.0,0.0,0.0,0.0,0.006244459560750785,0.006244459560750785
2018/10/07 17:00:00,2018/10/07 18:00:00,2018/10/07 22:00:00,1.4051781199997488,1.4051781199997488,0.0,0.0,0.35388874945408416,0.0,0.2347702009285104,0.048013651811895555,0.0,0.005139116387038774,0.6205395368337665,0.0,0.14282686458445343,0.0,0.0,0.0,0.0,0.0,0.0,0.0,0.0,0.0,0.0,0.0,0.0,0.0,0.0,0.0,0.0,0.0,0.0,0.0,0.0,0.0,0.0,0.0,0.00479466292948125,0.00479466292948125
2018/10/07 18:00:00,2018/10/07 19:00:00,2018/10/07 23:00:00,2.071157465544186,2.071157465544186,0.0,0.0,0.25339663375906135,0.0,0.29648517388170076,0.0606351907092335,0.0,0.0064900562745331585,0.6380908429586813,0.0,0.1033073519815607,0.0,0.0,0.0,0.0,0.7127522159794146,0.0,0.0,0.0,0.0,0.0,0.0,0.0,0.0,0.0,0.0,0.0,0.0,0.0,0.0,0.0,0.0,0.0,0.0,0.007067076963285496,0.007067076963285496
2018/10/07 19:00:00,2018/10/07 20:00:00,2018/10/08 00:00:00,1.3186940172901291,1.3186940172901291,0.0,0.0,0.032914106341278886,0.0,0.3887692310680028,0.07950851693210204,0.0,0.008510152984732613,0.5767382202275719,0.0,0.013418762193147823,0.0,0.0,0.0,0.0,0.218835027543293,0.0,0.0,0.0,0.0,0.0,0.0,0.0,0.0,0.0,0.0,0.0,0.0,0.0,0.0,0.0,0.0,0.0,0.0,0.004499567158098661,0.004499567158098661
2018/10/07 20:00:00,2018/10/07 21:00:00,2018/10/08 01:00:00,1.1714763317754397,1.1714763317754397,0.0,0.0,0.0,0.0,0.46406015284263663,0.09490651926965052,0.0,0.010158270200448155,0.6023513894627044,0.0,0.0,0.0,0.0,0.0,0.0,0.0,0.0,0.0,0.0,0.0,0.0,0.0,0.0,0.0,0.0,0.0,0.0,0.0,0.0,0.0,0.0,0.0,0.0,0.0,0.003997239966083007,0.003997239966083007
2018/10/07 21:00:00,2018/10/07 22:00:00,2018/10/08 02:00:00,2.2461992258931196,2.2461992258931196,0.27760868332602895,0.0,0.0,0.0,0.46491935867164713,0.09508223837431415,0.0,0.010177078203926637,1.3984118673172026,0.0,0.0,0.0,0.0,0.0,0.0,0.0,0.0,0.0,0.0,0.0,0.0,0.0,0.0,0.0,0.0,0.0,0.0,0.0,0.0,0.0,0.0,0.0,0.0,0.0,0.007664343763494656,0.007664343763494656
2018/10/07 22:00:00,2018/10/07 23:00:00,2018/10/08 03:00:00,2.52279981936174,2.52279981936174,1.0181446611891332,0.0,0.0,0.0,0.29368187909065674,0.06006187936268712,0.0,0.006428692191095917,0.4553694815778204,0.0,0.0,0.0,0.0,0.0,0.0,0.6891132259503469,0.0,0.0,0.0,0.0,0.0,0.0,0.0,0.0,0.0,0.0,0.0,0.0,0.0,0.0,0.0,0.0,0.0,0.0,0.008608143409177116,0.008608143409177116
2018/10/07 23:00:00,2018/10/08 00:00:00,2018/10/08 04:00:00,2.5574449566203095,2.5574449566203095,1.660405262041489,0.0,0.0,0.0,0.13094360677997474,0.026779722120023,0.0,0.002866353705536267,0.386650883071275,0.0,0.0,0.0,0.0,0.0,0.0,0.3497991289020114,0.0,0.0,0.0,0.0,0.0,0.0,0.0,0.0,0.0,0.0,0.0,0.0,0.0,0.0,0.0,0.0,0.0,0.0,0.008726357429831298,0.008726357429831298
2018/10/08 00:00:00,2018/10/08 01:00:00,2018/10/08 05:00:00,3.0362777124507696,3.0362777124507696,2.4528474277030052,0.0,0.0,0.0,0.06501908921459039,0.013297274945155983,0.0,0.0014232669458539432,0.340460018532006,0.0,0.0,0.0,0.0,0.0,0.0,0.1632306351101589,0.0,0.0,0.0,0.0,0.0,0.0,0.0,0.0,0.0,0.0,0.0,0.0,0.0,0.0,0.0,0.0,0.0,0.0,0.010360201304230697,0.010360201304230697
2018/10/08 01:00:00,2018/10/08 02:00:00,2018/10/08 06:00:00,3.2241140473348135,3.2241140473348135,2.851244475897462,0.0,0.0,0.0,0.03901145352875434,0.00797836496709361,0.0,0.0008539601675123682,0.32502579277399113,0.0,0.0,0.0,0.0,0.0,0.0,0.0,0.0,0.0,0.0,0.0,0.0,0.0,0.0,0.0,0.0,0.0,0.0,0.0,0.0,0.0,0.0,0.0,0.0,0.0,0.011001124969963774,0.011001124969963774
2018/10/08 02:00:00,2018/10/08 03:00:00,2018/10/08 07:00:00,3.2416138970453714,3.2416138970453714,2.9153666038777932,0.0,0.0,0.0,0.026007635685836212,0.005318909978062404,0.0,0.0005693067783415784,0.2943514407253382,0.0,0.0,0.0,0.0,0.0,0.0,0.0,0.0,0.0,0.0,0.0,0.0,0.0,0.0,0.0,0.0,0.0,0.0,0.0,0.0,0.0,0.0,0.0,0.0,0.0,0.011060836887965116,0.011060836887965116
2018/10/08 03:00:00,2018/10/08 04:00:00,2018/10/08 08:00:00,3.4885483405935602,3.4885483405935602,3.1749285402381884,0.0,0.0,0.0,0.026007635685836212,0.005318909978062404,0.0,0.0005693067783415784,0.2817239479131314,0.0,0.0,0.0,0.0,0.0,0.0,0.0,0.0,0.0,0.0,0.0,0.0,0.0,0.0,0.0,0.0,0.0,0.0,0.0,0.0,0.0,0.0,0.0,0.0,0.0,0.011903411509389474,0.011903411509389474
2018/10/08 04:00:00,2018/10/08 05:00:00,2018/10/08 09:00:00,3.6001650100804548,3.6001650100804548,3.3003276731420135,0.0,0.0,0.0,0.0278045810395689,0.005686409380447792,0.0,0.0006086418867900008,0.2657377046316337,0.0,0.0,0.0,0.0,0.0,0.0,0.0,0.0,0.0,0.0,0.0,0.0,0.0,0.0,0.0,0.0,0.0,0.0,0.0,0.0,0.0,0.0,0.0,0.0,0.0,0.012284263089615523,0.012284263089615523
2018/10/08 05:00:00,2018/10/08 06:00:00,2018/10/08 10:00:00,3.7377833455011023,3.7377833455011023,3.3563900474668644,0.0,0.0,0.0,0.07380313982851767,0.015093730994548724,0.0,0.001615549689899291,0.29088087752127156,0.0,0.0,0.0,0.0,0.0,0.0,0.0,0.0,0.0,0.0,0.0,0.0,0.0,0.0,0.0,0.0,0.0,0.0,0.0,0.0,0.0,0.0,0.0,0.0,0.0,0.01275383596572778,0.01275383596572778
2018/10/08 06:00:00,2018/10/08 07:00:00,2018/10/08 11:00:00,3.8800137780569615,3.8800137780569615,3.308601353771762,0.0,0.0,0.0,0.17326939918692633,0.03543591379704412,0.0,0.003792864704345704,0.35891424659688315,0.0,0.0,0.0,0.0,0.0,0.0,0.0,0.0,0.0,0.0,0.0,0.0,0.0,0.0,0.0,0.0,0.0,0.0,0.0,0.0,0.0,0.0,0.0,0.0,0.0,0.01323914595790143,0.01323914595790143
2018/10/08 07:00:00,2018/10/08 08:00:00,2018/10/08 12:00:00,4.403201807813614,4.403201807813614,3.270444141864105,0.0,0.0,0.0,0.21926795797587528,0.044843235411145085,0.0,0.004799772507454998,0.4121843771138827,0.0,0.0,0.0,0.0,0.0,0.0,0.45166232294115144,0.0,0.0,0.0,0.0,0.0,0.0,0.0,0.0,0.0,0.0,0.0,0.0,0.0,0.0,0.0,0.0,0.0,0.0,0.0150243361880361,0.0150243361880361
2018/10/08 08:00:00,2018/10/08 09:00:00,2018/10/08 13:00:00,3.9358400823301096,3.9358400823301096,2.1600583682104997,0.0,0.0,0.0,0.22459555084839308,0.04593279953881092,0.0,0.00491639344029206,0.40924794085435434,0.0,0.0,0.0,0.0,0.0,0.0,1.0910890294377598,0.0,0.0,0.0,0.0,0.0,0.0,0.0,0.0,0.0,0.0,0.0,0.0,0.0,0.0,0.0,0.0,0.0,0.0,0.013429633062545823,0.013429633062545823
2018/10/08 09:00:00,2018/10/08 10:00:00,2018/10/08 14:00:00,4.912451184657277,4.912451184657277,1.386383596537083,0.0,0.0,0.0,0.22267911815523408,0.04554086337448363,0.0,0.00487444275566889,1.9341522930039547,0.0,0.0,0.0,0.0,0.0,0.0,1.3188208708308526,0.0,0.0,0.0,0.0,0.0,0.0,0.0,0.0,0.0,0.0,0.0,0.0,0.0,0.0,0.0,0.0,0.0,0.0,0.016761965798305134,0.016761965798305134
2018/10/08 10:00:00,2018/10/08 11:00:00,2018/10/08 15:00:00,2.528249721635416,2.528249721635416,0.30930997085321216,0.0,0.0,0.0,0.21616650243897678,0.04420894619696981,0.0,0.004731881689496374,0.6350115496259083,0.0,0.0,0.0,0.0,0.0,0.0,1.3188208708308526,0.0,0.0,0.0,0.0,0.0,0.0,0.0,0.0,0.0,0.0,0.0,0.0,0.0,0.0,0.0,0.0,0.0,0.0,0.008626739232744946,0.008626739232744946
2018/10/08 11:00:00,2018/10/08 12:00:00,2018/10/08 16:00:00,1.960226219840755,1.960226219840755,0.0,0.0,0.0,0.0,0.20714344994933365,0.04236361106157028,0.0,0.004534367197762577,0.38736392080123566,0.0,0.0,0.0,0.0,0.0,0.0,1.3188208708308526,0.0,0.0,0.0,0.0,0.0,0.0,0.0,0.0,0.0,0.0,0.0,0.0,0.0,0.0,0.0,0.0,0.0,0.0,0.00668856414421633,0.00668856414421633
2018/10/08 12:00:00,2018/10/08 13:00:00,2018/10/08 17:00:00,1.763570744379405,1.763570744379405,0.0,0.0,0.04171809431620745,0.0,0.20063083423307632,0.041031693884056454,0.0,0.00439180613159006,1.125954359786156,0.0,0.01565026342475336,0.0,0.0,0.0,0.0,0.3341936926035654,0.0,0.0,0.0,0.0,0.0,0.0,0.0,0.0,0.0,0.0,0.0,0.0,0.0,0.0,0.0,0.0,0.0,0.0,0.006017548345824727,0.006017548345824727
2018/10/08 13:00:00,2018/10/08 14:00:00,2018/10/08 18:00:00,0.823917221800647,0.823917221800647,0.0,0.0,0.2057525374643867,0.0,0.19871440153991735,0.04063975771972915,0.0,0.004349855446966891,0.2988871592648213,0.0,0.07557351036482561,0.0,0.0,0.0,0.0,0.0,0.0,0.0,0.0,0.0,0.0,0.0,0.0,0.0,0.0,0.0,0.0,0.0,0.0,0.0,0.0,0.0,0.0,0.0,0.002811320005701092,0.002811320005701092
2018/10/08 14:00:00,2018/10/08 15:00:00,2018/10/08 19:00:00,1.1647408327878588,1.1647408327878588,0.0,0.0,0.4318730174231401,0.0,0.1987135941599378,0.040639592599705135,0.0,0.004349837773430528,0.3344102664854856,0.0,0.15475452434615952,0.0,0.0,0.0,0.0,0.0,0.0,0.0,0.0,0.0,0.0,0.0,0.0,0.0,0.0,0.0,0.0,0.0,0.0,0.0,0.0,0.0,0.0,0.0,0.003974257507953557,0.003974257507953557
2018/10/08 15:00:00,2018/10/08 16:00:00,2018/10/08 20:00:00,2.1084715220517283,2.1084715220517283,0.0,0.0,0.6786194207063184,0.0,0.20036350665753808,0.04097702181289558,0.0,0.0043859543347320165,0.32031416814323455,0.0,0.23920978179143937,0.0,0.0,0.0,0.0,0.6246016686055702,0.0,0.0,0.0,0.0,0.0,0.0,0.0,0.0,0.0,0.0,0.0,0.0,0.0,0.0,0.0,0.0,0.0,0.0,0.007194397707139174,0.007194397707139174
2018/10/08 16:00:00,2018/10/08 17:00:00,2018/10/08 21:00:00,1.815666015246661,1.815666015246661,0.0,0.0,0.8293663819360167,0.0,0.2081585673374433,0.042571216169152666,0.0,0.004556588103070704,0.43998736583528836,0.0,0.2910258958656892,0.0,0.0,0.0,0.0,0.0,0.0,0.0,0.0,0.0,0.0,0.0,0.0,0.0,0.0,0.0,0.0,0.0,0.0,0.0,0.0,0.0,0.0,0.0,0.006195304646234927,0.006195304646234927
2018/10/08 17:00:00,2018/10/08 18:00:00,2018/10/08 22:00:00,2.0952897186439605,2.0952897186439605,0.0,0.0,0.8771129907941979,0.0,0.2347702009285104,0.048013651811895555,0.0,0.005139116387038774,0.6205395368337665,0.0,0.3097142218885511,0.0,0.0,0.0,0.0,0.0,0.0,0.0,0.0,0.0,0.0,0.0,0.0,0.0,0.0,0.0,0.0,0.0,0.0,0.0,0.0,0.0,0.0,0.0,0.007149419562914338,0.007149419562914338
2018/10/08 18:00:00,2018/10/08 19:00:00,2018/10/08 23:00:00,2.130721143257041,2.130721143257041,0.0,0.0,0.7330051630153023,0.0,0.29648517388170076,0.0606351907092335,0.0,0.0064900562745331585,0.6380908429586813,0.0,0.26851265651957373,0.0,0.0,0.0,0.0,0.12750205989801636,0.0,0.0,0.0,0.0,0.0,0.0,0.0,0.0,0.0,0.0,0.0,0.0,0.0,0.0,0.0,0.0,0.0,0.0,0.007270316505240112,0.007270316505240112
2018/10/08 19:00:00,2018/10/08 20:00:00,2018/10/09 00:00:00,3.0896937301724026,3.0896937301724026,0.0,0.0,0.5215380249736992,0.0,0.3887692310680028,0.07950851693210204,0.0,0.008510152984732613,0.5767382202275719,0.0,0.19580871315544138,0.0,0.0,0.0,0.0,1.3188208708308526,0.0,0.0,0.0,0.0,0.0,0.0,0.0,0.0,0.0,0.0,0.0,0.0,0.0,0.0,0.0,0.0,0.0,0.0,0.010542464176364284,0.010542464176364284
2018/10/08 20:00:00,2018/10/08 21:00:00,2018/10/09 01:00:00,1.8254678973269487,1.8254678973269487,0.0,0.0,0.29056557749766526,0.0,0.46406015284263663,0.09490651926965052,0.0,0.010158270200448155,0.5640597305897557,0.0,0.11289956918498929,0.0,0.0,0.0,0.0,0.28881807774180335,0.0,0.0,0.0,0.0,0.0,0.0,0.0,0.0,0.0,0.0,0.0,0.0,0.0,0.0,0.0,0.0,0.0,0.0,0.006228750029407781,0.006228750029407781
2018/10/08 21:00:00,2018/10/08 22:00:00,2018/10/09 02:00:00,1.5737184060261082,1.5737184060261082,0.0,0.0,0.15343798225882005,0.0,0.46491935867164713,0.09508223837431415,0.0,0.010177078203926637,0.5352003936888928,0.0,0.06161088770237337,0.0,0.0,0.0,0.0,0.2532904671261341,0.0,0.0,0.0,0.0,0.0,0.0,0.0,0.0,0.0,0.0,0.0,0.0,0.0,0.0,0.0,0.0,0.0,0.0,0.00536974579622479,0.00536974579622479
2018/10/08 22:00:00,2018/10/08 23:00:00,2018/10/09 03:00:00,1.0533164028469049,1.0533164028469049,0.0,0.0,0.02186037718445769,0.0,0.29368187909065674,0.06006187936268712,0.0,0.006428692191095917,0.4553694815778204,0.0,0.008785499891354074,0.0,0.0,0.0,0.0,0.20712859354883298,0.0,0.0,0.0,0.0,0.0,0.0,0.0,0.0,0.0,0.0,0.0,0.0,0.0,0.0,0.0,0.0,0.0,0.0,0.0035940618757609867,0.0035940618757609867
2018/10/08 23:00:00,2018/10/09 00:00:00,2018/10/09 04:00:00,0.547240565676809,0.547240565676809,0.0,0.0,0.0,0.0,0.13094360677997474,0.026779722120023,0.0,0.002866353705536267,0.386650883071275,0.0,0.0,0.0,0.0,0.0,0.0,0.0,0.0,0.0,0.0,0.0,0.0,0.0,0.0,0.0,0.0,0.0,0.0,0.0,0.0,0.0,0.0,0.0,0.0,0.0,0.0018672608236736667,0.0018672608236736667
2018/10/09 00:00:00,2018/10/09 01:00:00,2018/10/09 05:00:00,1.0451765818178569,1.0451765818178569,0.6249769321802505,0.0,0.0,0.0,0.06501908921459039,0.013297274945155983,0.0,0.0014232669458539432,0.340460018532006,0.0,0.0,0.0,0.0,0.0,0.0,0.0,0.0,0.0,0.0,0.0,0.0,0.0,0.0,0.0,0.0,0.0,0.0,0.0,0.0,0.0,0.0,0.0,0.0,0.0,0.003566287675760921,0.003566287675760921
2018/10/09 01:00:00,2018/10/09 02:00:00,2018/10/09 06:00:00,1.6390430845538022,1.6390430845538022,1.2661735131164509,0.0,0.0,0.0,0.03901145352875434,0.00797836496709361,0.0,0.0008539601675123682,0.32502579277399113,0.0,0.0,0.0,0.0,0.0,0.0,0.0,0.0,0.0,0.0,0.0,0.0,0.0,0.0,0.0,0.0,0.0,0.0,0.0,0.0,0.0,0.0,0.0,0.0,0.0,0.005592642673182331,0.005592642673182331
2018/10/09 02:00:00,2018/10/09 03:00:00,2018/10/09 07:00:00,1.8631231701469355,1.8631231701469355,1.536875876979357,0.0,0.0,0.0,0.026007635685836212,0.005318909978062404,0.0,0.0005693067783415784,0.2943514407253382,0.0,0.0,0.0,0.0,0.0,0.0,0.0,0.0,0.0,0.0,0.0,0.0,0.0,0.0,0.0,0.0,0.0,0.0,0.0,0.0,0.0,0.0,0.0,0.0,0.0,0.0063572350507156315,0.0063572350507156315
2018/10/09 03:00:00,2018/10/09 04:00:00,2018/10/09 08:00:00,2.2843122544470003,2.2843122544470003,1.9706924540916284,0.0,0.0,0.0,0.026007635685836212,0.005318909978062404,0.0,0.0005693067783415784,0.2817239479131314,0.0,0.0,0.0,0.0,0.0,0.0,0.0,0.0,0.0,0.0,0.0,0.0,0.0,0.0,0.0,0.0,0.0,0.0,0.0,0.0,0.0,0.0,0.0,0.0,0.0,0.007794390710950389,0.007794390710950389
2018/10/09 04:00:00,2018/10/09 05:00:00,2018/10/09 09:00:00,3.091462796219512,3.091462796219512,2.3497957531667586,0.0,0.0,0.0,0.0278045810395689,0.005686409380447792,0.0,0.0006086418867900008,0.2657377046316337,0.0,0.0,0.0,0.0,0.0,0.0,0.4418297061143126,0.0,0.0,0.0,0.0,0.0,0.0,0.0,0.0,0.0,0.0,0.0,0.0,0.0,0.0,0.0,0.0,0.0,0.0,0.010548500475446337,0.010548500475446337
2018/10/09 05:00:00,2018/10/09 06:00:00,2018/10/09 10:00:00,2.9978629986533507,2.9978629986533507,2.616469700619113,0.0,0.0,0.0,0.07380313982851767,0.015093730994548724,0.0,0.001615549689899291,0.29088087752127156,0.0,0.0,0.0,0.0,0.0,0.0,0.0,0.0,0.0,0.0,0.0,0.0,0.0,0.0,0.0,0.0,0.0,0.0,0.0,0.0,0.0,0.0,0.0,0.0,0.0,0.010229124964818901,0.010229124964818901
2018/10/09 06:00:00,2018/10/09 07:00:00,2018/10/09 11:00:00,3.3264980108929416,3.3264980108929416,2.7550855866077417,0.0,0.0,0.0,0.17326939918692633,0.03543591379704412,0.0,0.003792864704345704,0.35891424659688315,0.0,0.0,0.0,0.0,0.0,0.0,0.0,0.0,0.0,0.0,0.0,0.0,0.0,0.0,0.0,0.0,0.0,0.0,0.0,0.0,0.0,0.0,0.0,0.0,0.0,0.01135047327510647,0.01135047327510647
2018/10/09 07:00:00,2018/10/09 08:00:00,2018/10/09 12:00:00,3.795798821028175,3.795798821028175,2.368503741574301,0.0,0.0,0.0,0.21926795797587528,0.044843235411145085,0.0,0.004799772507454998,0.5102417409296416,0.0,0.0,0.0,0.0,0.0,0.0,0.6481423726297575,0.0,0.0,0.0,0.0,0.0,0.0,0.0,0.0,0.0,0.0,0.0,0.0,0.0,0.0,0.0,0.0,0.0,0.0,0.01295179282677393,0.01295179282677393
2018/10/09 08:00:00,2018/10/09 09:00:00,2018/10/09 13:00:00,5.81019268142654,5.81019268142654,1.6693255183512068,0.0,0.0,0.0,0.22459555084839308,0.04593279953881092,0.0,0.00491639344029206,2.546601548416984,0.0,0.0,0.0,0.0,0.0,0.0,1.3188208708308526,0.0,0.0,0.0,0.0,0.0,0.0,0.0,0.0,0.0,0.0,0.0,0.0,0.0,0.0,0.0,0.0,0.0,0.0,0.019825184484643182,0.019825184484643182
2018/10/09 09:00:00,2018/10/09 10:00:00,2018/10/09 14:00:00,2.9715072834202245,2.9715072834202245,1.110981774644461,0.0,0.0,0.0,0.22267911815523408,0.04554086337448363,0.0,0.00487444275566889,0.26861021365952403,0.0,0.0,0.0,0.0,0.0,0.0,1.3188208708308526,0.0,0.0,0.0,0.0,0.0,0.0,0.0,0.0,0.0,0.0,0.0,0.0,0.0,0.0,0.0,0.0,0.0,0.0,0.010139195603544576,0.010139195603544576
2018/10/09 10:00:00,2018/10/09 11:00:00,2018/10/09 15:00:00,1.9713822476225675,1.9713822476225675,0.12255999681797315,0.0,0.0,0.0,0.21616650243897678,0.04420894619696981,0.0,0.004731881689496374,0.2648940496482986,0.0,0.0,0.0,0.0,0.0,0.0,1.3188208708308526,0.0,0.0,0.0,0.0,0.0,0.0,0.0,0.0,0.0,0.0,0.0,0.0,0.0,0.0,0.0,0.0,0.0,0.0,0.006726630060618252,0.006726630060618252
2018/10/09 11:00:00,2018/10/09 12:00:00,2018/10/09 16:00:00,0.6668847348833842,0.6668847348833842,0.0,0.0,0.0,0.0,0.20714344994933365,0.04236361106157028,0.0,0.004534367197762577,0.2831607590220128,0.0,0.0,0.0,0.0,0.0,0.0,0.1296825476527049,0.0,0.0,0.0,0.0,0.0,0.0,0.0,0.0,0.0,0.0,0.0,0.0,0.0,0.0,0.0,0.0,0.0,0.0,0.0022755033479904064,0.0022755033479904064
2018/10/09 12:00:00,2018/10/09 13:00:00,2018/10/09 17:00:00,1.6051816544456776,1.6051816544456776,0.0,0.0,0.11431943023592485,0.0,0.20063083423307632,0.041031693884056454,0.0,0.00439180613159006,0.2895827755176989,0.0,0.04271463399177967,0.0,0.0,0.0,0.0,0.9125104804515513,0.0,0.0,0.0,0.0,0.0,0.0,0.0,0.0,0.0,0.0,0.0,0.0,0.0,0.0,0.0,0.0,0.0,0.0,0.0054771027701850696,0.0054771027701850696
2018/10/09 13:00:00,2018/10/09 14:00:00,2018/10/09 18:00:00,0.8894762573109671,0.8894762573109671,0.0,0.0,0.25299052324598587,0.0,0.19871440153991735,0.04063975771972915,0.0,0.004349855446966891,0.2988871592648213,0.0,0.09389456009354663,0.0,0.0,0.0,0.0,0.0,0.0,0.0,0.0,0.0,0.0,0.0,0.0,0.0,0.0,0.0,0.0,0.0,0.0,0.0,0.0,0.0,0.0,0.0,0.00303501654123634,0.00303501654123634
2018/10/09 14:00:00,2018/10/09 15:00:00,2018/10/09 19:00:00,1.0945919334864274,1.0945919334864274,0.0,0.0,0.37666143508016015,0.0,0.1987135941599378,0.040639592599705135,0.0,0.004349837773430528,0.3344102664854856,0.0,0.13981720738770836,0.0,0.0,0.0,0.0,0.0,0.0,0.0,0.0,0.0,0.0,0.0,0.0,0.0,0.0,0.0,0.0,0.0,0.0,0.0,0.0,0.0,0.0,0.0,0.0037348997196152743,0.0037348997196152743
2018/10/09 15:00:00,2018/10/09 16:00:00,2018/10/09 20:00:00,1.1184551820372743,1.1184551820372743,0.0,0.0,0.4021480841748605,0.0,0.20036350665753808,0.04097702181289558,0.0,0.0043859543347320165,0.32031416814323455,0.0,0.1502664469140138,0.0,0.0,0.0,0.0,0.0,0.0,0.0,0.0,0.0,0.0,0.0,0.0,0.0,0.0,0.0,0.0,0.0,0.0,0.0,0.0,0.0,0.0,0.0,0.003816324438357524,0.003816324438357524
2018/10/09 16:00:00,2018/10/09 17:00:00,2018/10/09 21:00:00,1.1887293475219092,1.1887293475219092,0.0,0.0,0.35826776777845454,0.0,0.2081585673374433,0.042571216169152666,0.0,0.004556588103070704,0.43998736583528836,0.0,0.13518784229849953,0.0,0.0,0.0,0.0,0.0,0.0,0.0,0.0,0.0,0.0,0.0,0.0,0.0,0.0,0.0,0.0,0.0,0.0,0.0,0.0,0.0,0.0,0.0,0.004056109652312798,0.004056109652312798
2018/10/09 17:00:00,2018/10/09 18:00:00,2018/10/09 22:00:00,1.336419569268374,1.336419569268374,0.0,0.0,0.30990010294647957,0.0,0.2347702009285104,0.048013651811895555,0.0,0.005139116387038774,0.6205395368337665,0.0,0.11805696036068317,0.0,0.0,0.0,0.0,0.0,0.0,0.0,0.0,0.0,0.0,0.0,0.0,0.0,0.0,0.0,0.0,0.0,0.0,0.0,0.0,0.0,0.0,0.0,0.004560049203588167,0.004560049203588167
2018/10/09 18:00:00,2018/10/09 19:00:00,2018/10/09 23:00:00,1.3178982227099418,1.3178982227099418,0.0,0.0,0.22810801932638677,0.0,0.29648517388170076,0.0606351907092335,0.0,0.0064900562745331585,0.6380908429586813,0.0,0.08808893955940612,0.0,0.0,0.0,0.0,0.0,0.0,0.0,0.0,0.0,0.0,0.0,0.0,0.0,0.0,0.0,0.0,0.0,0.0,0.0,0.0,0.0,0.0,0.0,0.004496851796452476,0.004496851796452476
2018/10/09 19:00:00,2018/10/09 20:00:00,2018/10/10 00:00:00,2.9279164772882678,2.9279164772882678,0.0,0.0,0.25283767402289214,0.0,0.3887692310680028,0.07950851693210204,0.0,0.008510152984732613,0.9112002745157197,0.0,0.09877287678005807,0.0,0.0,0.0,0.0,1.1883177509847604,0.0,0.0,0.0,0.0,0.0,0.0,0.0,0.0,0.0,0.0,0.0,0.0,0.0,0.0,0.0,0.0,0.0,0.0,0.009990457718110426,0.009990457718110426
2018/10/09 20:00:00,2018/10/09 21:00:00,2018/10/10 01:00:00,10.44357581780483,10.44357581780483,0.0,0.0,0.21384800501890036,0.0,0.46406015284263663,0.09490651926965052,0.0,0.010158270200448155,8.257133536724954,0.0,0.08464846291738796,0.0,0.0,0.0,0.0,1.3188208708308526,0.0,0.0,0.0,0.0,0.0,0.0,0.0,0.0,0.0,0.0,0.0,0.0,0.0,0.0,0.0,0.0,0.0,0.0,0.03563493133871498,0.03563493133871498
2018/10/09 21:00:00,2018/10/09 22:00:00,2018/10/10 02:00:00,6.206259784968365,6.206259784968365,0.0,0.0,0.17679689317009117,0.0,0.46491935867164713,0.09508223837431415,0.0,0.010177078203926637,4.070342815744099,0.0,0.07012052997343447,0.0,0.0,0.0,0.0,1.3188208708308526,0.0,0.0,0.0,0.0,0.0,0.0,0.0,0.0,0.0,0.0,0.0,0.0,0.0,0.0,0.0,0.0,0.0,0.0,0.02117662045700186,0.02117662045700186
2018/10/09 22:00:00,2018/10/09 23:00:00,2018/10/10 03:00:00,4.1331101768772776,4.1331101768772776,0.0,0.0,0.14150835532737857,0.0,0.29368187909065674,0.06006187936268712,0.0,0.006428692191095917,2.256563076547384,0.0,0.05604542352722287,0.0,0.0,0.0,0.0,1.3188208708308526,0.0,0.0,0.0,0.0,0.0,0.0,0.0,0.0,0.0,0.0,0.0,0.0,0.0,0.0,0.0,0.0,0.0,0.0,0.01410274602663093,0.01410274602663093
2018/10/09 23:00:00,2018/10/10 00:00:00,2018/10/10 04:00:00,1.9119221529360109,1.9119221529360109,0.0,0.0,0.0,0.0,0.13094360677997474,0.026779722120023,0.0,0.002866353705536267,0.432511599499624,0.0,0.0,0.0,0.0,0.0,0.0,1.3188208708308526,0.0,0.0,0.0,0.0,0.0,0.0,0.0,0.0,0.0,0.0,0.0,0.0,0.0,0.0,0.0,0.0,0.0,0.0,0.006523743958337404,0.006523743958337404
2018/10/10 00:00:00,2018/10/10 01:00:00,2018/10/10 05:00:00,2.0694422082730077,2.0694422082730077,0.3304216878045485,0.0,0.0,0.0,0.06501908921459039,0.013297274945155983,0.0,0.0014232669458539432,0.340460018532006,0.0,0.0,0.0,0.0,0.0,0.0,1.3188208708308526,0.0,0.0,0.0,0.0,0.0,0.0,0.0,0.0,0.0,0.0,0.0,0.0,0.0,0.0,0.0,0.0,0.0,0.0,0.007061224267221141,0.007061224267221141
2018/10/10 01:00:00,2018/10/10 02:00:00,2018/10/10 06:00:00,2.678412386278789,2.678412386278789,0.9036750247101741,0.0,0.0,0.0,0.03901145352875434,0.00797836496709361,0.0,0.0008539601675123682,0.4080727120744015,0.0,0.0,0.0,0.0,0.0,0.0,1.3188208708308526,0.0,0.0,0.0,0.0,0.0,0.0,0.0,0.0,0.0,0.0,0.0,0.0,0.0,0.0,0.0,0.0,0.0,0.0,0.009139115102615333,0.009139115102615333
2018/10/10 02:00:00,2018/10/10 03:00:00,2018/10/10 07:00:00,3.811047737847192,3.811047737847192,0.7158207782148623,0.0,0.0,0.0,0.026007635685836212,0.005318909978062404,0.0,0.0005693067783415784,2.2369438985913366,0.0,0.0,0.0,0.0,0.0,0.0,0.826387208598753,0.0,0.0,0.0,0.0,0.0,0.0,0.0,0.0,0.0,0.0,0.0,0.0,0.0,0.0,0.0,0.0,0.0,0.0,0.013003824249087068,0.013003824249087068
2018/10/10 03:00:00,2018/10/10 04:00:00,2018/10/10 08:00:00,2.8966584806617153,2.8966584806617153,0.9194717295312737,0.0,0.0,0.0,0.026007635685836212,0.005318909978062404,0.0,0.0005693067783415784,1.9452908986882016,0.0,0.0,0.0,0.0,0.0,0.0,0.0,0.0,0.0,0.0,0.0,0.0,0.0,0.0,0.0,0.0,0.0,0.0,0.0,0.0,0.0,0.0,0.0,0.0,0.0,0.009883801091778095,0.009883801091778095
2018/10/10 04:00:00,2018/10/10 05:00:00,2018/10/10 09:00:00,3.178558897586693,3.178558897586693,1.183931340137174,0.0,0.0,0.0,0.0278045810395689,0.005686409380447792,0.0,0.0006086418867900008,1.9605279251427128,0.0,0.0,0.0,0.0,0.0,0.0,0.0,0.0,0.0,0.0,0.0,0.0,0.0,0.0,0.0,0.0,0.0,0.0,0.0,0.0,0.0,0.0,0.0,0.0,0.0,0.010845684471257232,0.010845684471257232
2018/10/10 05:00:00,2018/10/10 06:00:00,2018/10/10 10:00:00,1.8171194131232915,1.8171194131232915,1.4357261150890541,0.0,0.0,0.0,0.07380313982851767,0.015093730994548724,0.0,0.001615549689899291,0.29088087752127156,0.0,0.0,0.0,0.0,0.0,0.0,0.0,0.0,0.0,0.0,0.0,0.0,0.0,0.0,0.0,0.0,0.0,0.0,0.0,0.0,0.0,0.0,0.0,0.0,0.0,0.0062002638416719215,0.0062002638416719215
2018/10/10 06:00:00,2018/10/10 07:00:00,2018/10/10 11:00:00,1.9961589798057793,1.9961589798057793,1.42474655552058,0.0,0.0,0.0,0.17326939918692633,0.03543591379704412,0.0,0.003792864704345704,0.35891424659688315,0.0,0.0,0.0,0.0,0.0,0.0,0.0,0.0,0.0,0.0,0.0,0.0,0.0,0.0,0.0,0.0,0.0,0.0,0.0,0.0,0.0,0.0,0.0,0.0,0.0,0.006811171712400128,0.006811171712400128
2018/10/10 07:00:00,2018/10/10 08:00:00,2018/10/10 12:00:00,2.1448565860401607,2.1448565860401607,1.4637612430318026,0.0,0.0,0.0,0.21926795797587528,0.044843235411145085,0.0,0.004799772507454998,0.4121843771138827,0.0,0.0,0.0,0.0,0.0,0.0,0.0,0.0,0.0,0.0,0.0,0.0,0.0,0.0,0.0,0.0,0.0,0.0,0.0,0.0,0.0,0.0,0.0,0.0,0.0,0.007318548599477416,0.007318548599477416
2018/10/10 08:00:00,2018/10/10 09:00:00,2018/10/10 13:00:00,1.9655035175297626,1.9655035175297626,1.353971055473657,0.0,0.0,0.0,0.22459555084839308,0.04593279953881092,0.0,0.00491639344029206,0.33608771822860944,0.0,0.0,0.0,0.0,0.0,0.0,0.0,0.0,0.0,0.0,0.0,0.0,0.0,0.0,0.0,0.0,0.0,0.0,0.0,0.0,0.0,0.0,0.0,0.0,0.0,0.006706571016965905,0.006706571016965905
2018/10/10 09:00:00,2018/10/10 10:00:00,2018/10/10 14:00:00,2.110303473416493,2.110303473416493,1.1663969639442067,0.0,0.0,0.0,0.22267911815523408,0.04554086337448363,0.0,0.00487444275566889,0.26861021365952403,0.0,0.0,0.0,0.0,0.0,0.0,0.40220187152737585,0.0,0.0,0.0,0.0,0.0,0.0,0.0,0.0,0.0,0.0,0.0,0.0,0.0,0.0,0.0,0.0,0.0,0.0,0.007200648579660057,0.007200648579660057
2018/10/10 10:00:00,2018/10/10 11:00:00,2018/10/10 15:00:00,1.2421418101595354,1.2421418101595354,0.7121404301857938,0.0,0.0,0.0,0.21616650243897678,0.04420894619696981,0.0,0.004731881689496374,0.2648940496482986,0.0,0.0,0.0,0.0,0.0,0.0,0.0,0.0,0.0,0.0,0.0,0.0,0.0,0.0,0.0,0.0,0.0,0.0,0.0,0.0,0.0,0.0,0.0,0.0,0.0,0.00423836039400594,0.00423836039400594
2018/10/10 11:00:00,2018/10/10 12:00:00,2018/10/10 16:00:00,0.9772669833347949,0.9772669833347949,0.04537322524436358,0.0,0.0,0.0,0.20714344994933365,0.04236361106157028,0.0,0.004534367197762577,0.2831607590220128,0.0,0.0,0.0,0.0,0.0,0.0,0.394691570859752,0.0,0.0,0.0,0.0,0.0,0.0,0.0,0.0,0.0,0.0,0.0,0.0,0.0,0.0,0.0,0.0,0.0,0.0,0.00333457069286145,0.00333457069286145
2018/10/10 12:00:00,2018/10/10 13:00:00,2018/10/10 17:00:00,1.8544579805972745,1.8544579805972745,0.0,0.0,0.0,0.0,0.20063083423307632,0.041031693884056454,0.0,0.00439180613159006,0.2895827755176989,0.0,0.0,0.0,0.0,0.0,0.0,1.3188208708308526,0.0,0.0,0.0,0.0,0.0,0.0,0.0,0.0,0.0,0.0,0.0,0.0,0.0,0.0,0.0,0.0,0.0,0.0,0.006327668220347753,0.006327668220347753
2018/10/10 13:00:00,2018/10/10 14:00:00,2018/10/10 18:00:00,0.8803680015777784,0.8803680015777784,0.0,0.0,0.06693785234231948,0.0,0.19871440153991735,0.04063975771972915,0.0,0.004349855446966891,0.2988871592648213,0.0,0.024785463358639865,0.0,0.0,0.0,0.0,0.2460535119053843,0.0,0.0,0.0,0.0,0.0,0.0,0.0,0.0,0.0,0.0,0.0,0.0,0.0,0.0,0.0,0.0,0.0,0.0,0.0030039379075068573,0.0030039379075068573
2018/10/10 14:00:00,2018/10/10 15:00:00,2018/10/10 19:00:00,0.9571577496458636,0.9571577496458636,0.0,0.0,0.27720598882641256,0.0,0.1987135941599378,0.040639592599705135,0.0,0.004349837773430528,0.3344102664854856,0.0,0.10183846980089196,0.0,0.0,0.0,0.0,0.0,0.0,0.0,0.0,0.0,0.0,0.0,0.0,0.0,0.0,0.0,0.0,0.0,0.0,0.0,0.0,0.0,0.0,0.0,0.0032659551942735474,0.0032659551942735474
2018/10/10 15:00:00,2018/10/10 16:00:00,2018/10/10 20:00:00,1.1955087846650367,1.1955087846650367,0.0,0.0,0.3968979534548052,0.0,0.20036350665753808,0.04097702181289558,0.0,0.0043859543347320165,0.4070816222609071,0.0,0.14580272614415848,0.0,0.0,0.0,0.0,0.0,0.0,0.0,0.0,0.0,0.0,0.0,0.0,0.0,0.0,0.0,0.0,0.0,0.0,0.0,0.0,0.0,0.0,0.0,0.004079242033532132,0.004079242033532132
2018/10/10 16:00:00,2018/10/10 17:00:00,2018/10/10 21:00:00,3.9696560202743574,3.9696560202743574,0.0,0.0,0.49568440142026554,0.0,0.2081585673374433,0.042571216169152666,0.0,0.004556588103070704,2.545437987758176,0.0,0.18322550615305572,0.0,0.0,0.0,0.0,0.4900217533331932,0.0,0.0,0.0,0.0,0.0,0.0,0.0,0.0,0.0,0.0,0.0,0.0,0.0,0.0,0.0,0.0,0.0,0.0,0.013545017739960918,0.013545017739960918
2018/10/10 17:00:00,2018/10/10 18:00:00,2018/10/10 22:00:00,5.209406798873358,5.209406798873358,0.0,0.0,0.6099230177178543,0.0,0.2347702009285104,0.048013651811895555,0.0,0.005139116387038774,3.989510777097465,0.0,0.22757400634606423,0.0,0.0,0.0,0.0,0.09447602858453048,0.0,0.0,0.0,0.0,0.0,0.0,0.0,0.0,0.0,0.0,0.0,0.0,0.0,0.0,0.0,0.0,0.0,0.0,0.017775219602159862,0.017775219602159862
2018/10/10 18:00:00,2018/10/10 19:00:00,2018/10/10 23:00:00,1.6911957556076185,1.6911957556076185,0.0,0.0,0.5003774715074089,0.0,0.29648517388170076,0.0606351907092335,0.0,0.0064900562745331585,0.6380908429586813,0.0,0.1891170202760606,0.0,0.0,0.0,0.0,0.0,0.0,0.0,0.0,0.0,0.0,0.0,0.0,0.0,0.0,0.0,0.0,0.0,0.0,0.0,0.0,0.0,0.0,0.0,0.005770594831002157,0.005770594831002157
2018/10/10 19:00:00,2018/10/10 20:00:00,2018/10/11 00:00:00,1.5066226682963515,1.5066226682963515,0.0,0.0,0.32349583929345904,0.0,0.3887692310680028,0.07950851693210204,0.0,0.008510152984732613,0.5820110052422335,0.0,0.12432792277582128,0.0,0.0,0.0,0.0,0.0,0.0,0.0,0.0,0.0,0.0,0.0,0.0,0.0,0.0,0.0,0.0,0.0,0.0,0.0,0.0,0.0,0.0,0.0,0.005140805819263634,0.005140805819263634
2018/10/10 20:00:00,2018/10/10 21:00:00,2018/10/11 01:00:00,1.5106411126937371,1.5106411126937371,0.0,0.0,0.1859497025921765,0.0,0.46406015284263663,0.09490651926965052,0.0,0.010158270200448155,0.6829244822510292,0.0,0.07264198553779613,0.0,0.0,0.0,0.0,0.0,0.0,0.0,0.0,0.0,0.0,0.0,0.0,0.0,0.0,0.0,0.0,0.0,0.0,0.0,0.0,0.0,0.0,0.0,0.0051545173097231715,0.0051545173097231715
2018/10/10 21:00:00,2018/10/10 22:00:00,2018/10/11 02:00:00,1.2106830583963673,1.2106830583963673,0.0,0.0,0.07565050608620974,0.0,0.46491935867164713,0.09508223837431415,0.0,0.010177078203926637,0.5352003936888928,0.0,0.02965348337137682,0.0,0.0,0.0,0.0,0.0,0.0,0.0,0.0,0.0,0.0,0.0,0.0,0.0,0.0,0.0,0.0,0.0,0.0,0.0,0.0,0.0,0.0,0.0,0.004131018763261901,0.004131018763261901
2018/10/10 22:00:00,2018/10/10 23:00:00,2018/10/11 03:00:00,0.8161322057570358,0.8161322057570358,0.0,0.0,0.0004240937922380768,0.0,0.29368187909065674,0.06006187936268712,0.0,0.006428692191095917,0.4553694815778204,0.0,0.00016617974253756832,0.0,0.0,0.0,0.0,0.0,0.0,0.0,0.0,0.0,0.0,0.0,0.0,0.0,0.0,0.0,0.0,0.0,0.0,0.0,0.0,0.0,0.0,0.0,0.002784756449594962,0.002784756449594962
2018/10/10 23:00:00,2018/10/11 00:00:00,2018/10/11 04:00:00,0.5550790740227495,0.5550790740227495,0.007838508345940385,0.0,0.0,0.0,0.13094360677997474,0.026779722120023,0.0,0.002866353705536267,0.386650883071275,0.0,0.0,0.0,0.0,0.0,0.0,0.0,0.0,0.0,0.0,0.0,0.0,0.0,0.0,0.0,0.0,0.0,0.0,0.0,0.0,0.0,0.0,0.0,0.0,0.0,0.0018940069029456076,0.0018940069029456076
2018/10/11 00:00:00,2018/10/11 01:00:00,2018/10/11 05:00:00,2.211482843075544,2.211482843075544,0.7574419398867133,0.0,0.0,0.0,0.06501908921459039,0.013297274945155983,0.0,0.0014232669458539432,1.3743012720832308,0.0,0.0,0.0,0.0,0.0,0.0,0.0,0.0,0.0,0.0,0.0,0.0,0.0,0.0,0.0,0.0,0.0,0.0,0.0,0.0,0.0,0.0,0.0,0.0,0.0,0.007545886643096898,0.007545886643096898
2018/10/11 01:00:00,2018/10/11 02:00:00,2018/10/11 06:00:00,1.3997436614502134,1.3997436614502134,1.026874090012862,0.0,0.0,0.0,0.03901145352875434,0.00797836496709361,0.0,0.0008539601675123682,0.32502579277399113,0.0,0.0,0.0,0.0,0.0,0.0,0.0,0.0,0.0,0.0,0.0,0.0,0.0,0.0,0.0,0.0,0.0,0.0,0.0,0.0,0.0,0.0,0.0,0.0,0.0,0.004776119802045374,0.004776119802045374
2018/10/11 02:00:00,2018/10/11 03:00:00,2018/10/11 07:00:00,1.5493832289827532,1.5493832289827532,1.2231359358151745,0.0,0.0,0.0,0.026007635685836212,0.005318909978062404,0.0,0.0005693067783415784,0.2943514407253382,0.0,0.0,0.0,0.0,0.0,0.0,0.0,0.0,0.0,0.0,0.0,0.0,0.0,0.0,0.0,0.0,0.0,0.0,0.0,0.0,0.0,0.0,0.0,0.0,0.0,0.0052867107919136215,0.0052867107919136215
2018/10/11 03:00:00,2018/10/11 04:00:00,2018/10/11 08:00:00,2.259422905783238,2.259422905783238,1.5437065240404761,0.0,0.0,0.0,0.026007635685836212,0.005318909978062404,0.0,0.0005693067783415784,0.2817239479131314,0.0,0.0,0.0,0.0,0.0,0.0,0.4020965813873904,0.0,0.0,0.0,0.0,0.0,0.0,0.0,0.0,0.0,0.0,0.0,0.0,0.0,0.0,0.0,0.0,0.0,0.0,0.0077094647960940605,0.0077094647960940605
2018/10/11 04:00:00,2018/10/11 05:00:00,2018/10/11 09:00:00,2.1147790510657645,2.1147790510657645,1.814941714127324,0.0,0.0,0.0,0.0278045810395689,0.005686409380447792,0.0,0.0006086418867900008,0.2657377046316337,0.0,0.0,0.0,0.0,0.0,0.0,0.0,0.0,0.0,0.0,0.0,0.0,0.0,0.0,0.0,0.0,0.0,0.0,0.0,0.0,0.0,0.0,0.0,0.0,0.0,0.007215919872272399,0.007215919872272399
2018/10/11 05:00:00,2018/10/11 06:00:00,2018/10/11 10:00:00,2.3843540239357974,2.3843540239357974,2.00296072590156,0.0,0.0,0.0,0.07380313982851767,0.015093730994548724,0.0,0.001615549689899291,0.29088087752127156,0.0,0.0,0.0,0.0,0.0,0.0,0.0,0.0,0.0,0.0,0.0,0.0,0.0,0.0,0.0,0.0,0.0,0.0,0.0,0.0,0.0,0.0,0.0,0.0,0.0,0.008135747124589771,0.008135747124589771
2018/10/11 06:00:00,2018/10/11 07:00:00,2018/10/11 11:00:00,2.6572140632901453,2.6572140632901453,2.085801639004946,0.0,0.0,0.0,0.17326939918692633,0.03543591379704412,0.0,0.003792864704345704,0.35891424659688315,0.0,0.0,0.0,0.0,0.0,0.0,0.0,0.0,0.0,0.0,0.0,0.0,0.0,0.0,0.0,0.0,0.0,0.0,0.0,0.0,0.0,0.0,0.0,0.0,0.0,0.009066783480058587,0.009066783480058587
2018/10/11 07:00:00,2018/10/11 08:00:00,2018/10/11 12:00:00,2.770638914013292,2.770638914013292,1.7129020233333447,0.0,0.0,0.0,0.21926795797587528,0.044843235411145085,0.0,0.004799772507454998,0.4121843771138827,0.0,0.0,0.0,0.0,0.0,0.0,0.37664154767158925,0.0,0.0,0.0,0.0,0.0,0.0,0.0,0.0,0.0,0.0,0.0,0.0,0.0,0.0,0.0,0.0,0.0,0.0,0.009453804825825281,0.009453804825825281
2018/10/11 08:00:00,2018/10/11 09:00:00,2018/10/11 13:00:00,3.5359747930213725,3.5359747930213725,1.6056214601344143,0.0,0.0,0.0,0.22459555084839308,0.04593279953881092,0.0,0.00491639344029206,0.33608771822860944,0.0,0.0,0.0,0.0,0.0,0.0,1.3188208708308526,0.0,0.0,0.0,0.0,0.0,0.0,0.0,0.0,0.0,0.0,0.0,0.0,0.0,0.0,0.0,0.0,0.0,0.0,0.01206523715276946,0.01206523715276946
2018/10/11 09:00:00,2018/10/11 10:00:00,2018/10/11 14:00:00,2.4840760560427957,2.4840760560427957,0.6235505472670321,0.0,0.0,0.0,0.22267911815523408,0.04554086337448363,0.0,0.00487444275566889,0.26861021365952403,0.0,0.0,0.0,0.0,0.0,0.0,1.3188208708308526,0.0,0.0,0.0,0.0,0.0,0.0,0.0,0.0,0.0,0.0,0.0,0.0,0.0,0.0,0.0,0.0,0.0,0.0,0.00847601254986984,0.00847601254986984
2018/10/11 10:00:00,2018/10/11 11:00:00,2018/10/11 15:00:00,1.1744137299886812,1.1744137299886812,0.0017045272754633446,0.0,0.0,0.0,0.21616650243897678,0.04420894619696981,0.0,0.004731881689496374,0.2648940496482986,0.0,0.0,0.0,0.0,0.0,0.0,0.6427078227394762,0.0,0.0,0.0,0.0,0.0,0.0,0.0,0.0,0.0,0.0,0.0,0.0,0.0,0.0,0.0,0.0,0.0,0.0,0.0040072627768012355,0.0040072627768012355
2018/10/11 11:00:00,2018/10/11 12:00:00,2018/10/11 16:00:00,0.5604219741126787,0.5604219741126787,0.0,0.0,0.016862485440247963,0.0,0.20714344994933365,0.04236361106157028,0.0,0.004534367197762577,0.2831607590220128,0.0,0.00635730144175135,0.0,0.0,0.0,0.0,0.0,0.0,0.0,0.0,0.0,0.0,0.0,0.0,0.0,0.0,0.0,0.0,0.0,0.0,0.0,0.0,0.0,0.0,0.0,0.0019122376201995246,0.0019122376201995246
2018/10/11 12:00:00,2018/10/11 13:00:00,2018/10/11 17:00:00,0.761349634455634,0.761349634455634,0.0,0.0,0.16490523263518328,0.0,0.20063083423307632,0.041031693884056454,0.0,0.00439180613159006,0.2895827755176989,0.0,0.06080729205402885,0.0,0.0,0.0,0.0,0.0,0.0,0.0,0.0,0.0,0.0,0.0,0.0,0.0,0.0,0.0,0.0,0.0,0.0,0.0,0.0,0.0,0.0,0.0,0.002597830706828243,0.002597830706828243
2018/10/11 13:00:00,2018/10/11 14:00:00,2018/10/11 18:00:00,1.0181732767001095,1.0181732767001095,0.0,0.0,0.3482778783376555,0.0,0.19871440153991735,0.04063975771972915,0.0,0.004349855446966891,0.2988871592648213,0.0,0.12730422439101927,0.0,0.0,0.0,0.0,0.0,0.0,0.0,0.0,0.0,0.0,0.0,0.0,0.0,0.0,0.0,0.0,0.0,0.0,0.0,0.0,0.0,0.0,0.0,0.0034741486478478208,0.0034741486478478208
2018/10/11 14:00:00,2018/10/11 15:00:00,2018/10/11 19:00:00,1.4115887120713508,1.4115887120713508,0.0,0.0,0.5755666177133342,0.0,0.1987135941599378,0.040639592599705135,0.0,0.004349837773430528,0.3818017607575663,0.0,0.21051730906737684,0.0,0.0,0.0,0.0,0.0,0.0,0.0,0.0,0.0,0.0,0.0,0.0,0.0,0.0,0.0,0.0,0.0,0.0,0.0,0.0,0.0,0.0,0.0,0.004816536760082699,0.004816536760082699
2018/10/11 15:00:00,2018/10/11 16:00:00,2018/10/11 20:00:00,2.7213542807665205,2.7213542807665205,0.0,0.0,0.7852768127247923,0.0,0.20036350665753808,0.04097702181289558,0.0,0.0043859543347320165,1.4042484428533013,0.0,0.2861025423832612,0.0,0.0,0.0,0.0,0.0,0.0,0.0,0.0,0.0,0.0,0.0,0.0,0.0,0.0,0.0,0.0,0.0,0.0,0.0,0.0,0.0,0.0,0.0,0.009285638811383341,0.009285638811383341
2018/10/11 16:00:00,2018/10/11 17:00:00,2018/10/11 21:00:00,2.2273821362747297,2.2273821362747297,0.0,0.0,0.8648060326810975,0.0,0.2081585673374433,0.042571216169152666,0.0,0.004556588103070704,0.7913118841910638,0.0,0.31597784779290183,0.0,0.0,0.0,0.0,0.0,0.0,0.0,0.0,0.0,0.0,0.0,0.0,0.0,0.0,0.0,0.0,0.0,0.0,0.0,0.0,0.0,0.0,0.0,0.007600137239958668,0.007600137239958668
2018/10/11 17:00:00,2018/10/11 18:00:00,2018/10/11 22:00:00,2.486806950885171,2.486806950885171,0.0,0.0,0.8588261662620696,0.0,0.2347702009285104,0.048013651811895555,0.0,0.005139116387038774,0.6205395368337665,0.0,0.3172395833786597,0.0,0.0,0.0,0.0,0.40227869528323007,0.0,0.0,0.0,0.0,0.0,0.0,0.0,0.0,0.0,0.0,0.0,0.0,0.0,0.0,0.0,0.0,0.0,0.0,0.00848533074240265,0.00848533074240265
2018/10/11 18:00:00,2018/10/11 19:00:00,2018/10/11 23:00:00,2.4796546902590375,2.4796546902590375,0.0,0.0,0.7602991934155225,0.0,0.29648517388170076,0.0606351907092335,0.0,0.0064900562745331585,0.6380908429586813,0.0,0.2880581568161737,0.0,0.0,0.0,0.0,0.4295960762031931,0.0,0.0,0.0,0.0,0.0,0.0,0.0,0.0,0.0,0.0,0.0,0.0,0.0,0.0,0.0,0.0,0.0,0.0,0.008460926235672845,0.008460926235672845
2018/10/11 19:00:00,2018/10/11 20:00:00,2018/10/12 00:00:00,3.058242527900501,3.058242527900501,0.0,0.0,0.49363790190611206,0.0,0.3887692310680028,0.07950851693210204,0.0,0.008510152984732613,0.5767382202275719,0.0,0.19225763395112694,0.0,0.0,0.0,0.0,1.3188208708308526,0.0,0.0,0.0,0.0,0.0,0.0,0.0,0.0,0.0,0.0,0.0,0.0,0.0,0.0,0.0,0.0,0.0,0.0,0.010435148305533095,0.010435148305533095
2018/10/11 20:00:00,2018/10/11 21:00:00,2018/10/12 01:00:00,2.721310576517467,2.721310576517467,0.0,0.0,0.19338397029121307,0.0,0.46406015284263663,0.09490651926965052,0.0,0.010158270200448155,0.5640597305897557,0.0,0.07592106249291071,0.0,0.0,0.0,0.0,1.3188208708308526,0.0,0.0,0.0,0.0,0.0,0.0,0.0,0.0,0.0,0.0,0.0,0.0,0.0,0.0,0.0,0.0,0.0,0.0,0.009285489686414902,0.009285489686414902
2018/10/11 21:00:00,2018/10/11 22:00:00,2018/10/12 02:00:00,2.366633240115841,2.366633240115841,0.0,0.0,0.034840330644941575,0.0,0.46491935867164713,0.09508223837431415,0.0,0.010177078203926637,0.5352003936888928,0.0,0.013678193891519445,0.0,0.0,0.0,0.0,1.2127356466405999,0.0,0.0,0.0,0.0,0.0,0.0,0.0,0.0,0.0,0.0,0.0,0.0,0.0,0.0,0.0,0.0,0.0,0.0,0.00807528134871866,0.00807528134871866
2018/10/11 22:00:00,2018/10/11 23:00:00,2018/10/12 03:00:00,0.8155419322222603,0.8155419322222603,0.0,0.0,0.0,0.0,0.29368187909065674,0.06006187936268712,0.0,0.006428692191095917,0.4553694815778204,0.0,0.0,0.0,0.0,0.0,0.0,0.0,0.0,0.0,0.0,0.0,0.0,0.0,0.0,0.0,0.0,0.0,0.0,0.0,0.0,0.0,0.0,0.0,0.0,0.0,0.002782742354303297,0.002782742354303297
2018/10/11 23:00:00,2018/10/12 00:00:00,2018/10/12 04:00:00,0.7714062532747049,0.7714062532747049,0.22416568759789604,0.0,0.0,0.0,0.13094360677997474,0.026779722120023,0.0,0.002866353705536267,0.386650883071275,0.0,0.0,0.0,0.0,0.0,0.0,0.0,0.0,0.0,0.0,0.0,0.0,0.0,0.0,0.0,0.0,0.0,0.0,0.0,0.0,0.0,0.0,0.0,0.0,0.0,0.0026321452871376286,0.0026321452871376286
2018/10/12 00:00:00,2018/10/12 01:00:00,2018/10/12 05:00:00,1.361229276520235,1.361229276520235,0.9410296268826285,0.0,0.0,0.0,0.06501908921459039,0.013297274945155983,0.0,0.0014232669458539432,0.340460018532006,0.0,0.0,0.0,0.0,0.0,0.0,0.0,0.0,0.0,0.0,0.0,0.0,0.0,0.0,0.0,0.0,0.0,0.0,0.0,0.0,0.0,0.0,0.0,0.0,0.0,0.004644703370884624,0.004644703370884624
2018/10/12 01:00:00,2018/10/12 02:00:00,2018/10/12 06:00:00,1.5047630127768086,1.5047630127768086,1.1318934413394572,0.0,0.0,0.0,0.03901145352875434,0.00797836496709361,0.0,0.0008539601675123682,0.32502579277399113,0.0,0.0,0.0,0.0,0.0,0.0,0.0,0.0,0.0,0.0,0.0,0.0,0.0,0.0,0.0,0.0,0.0,0.0,0.0,0.0,0.0,0.0,0.0,0.0,0.0,0.005134460416318449,0.005134460416318449
2018/10/12 02:00:00,2018/10/12 03:00:00,2018/10/12 07:00:00,1.3550328878749265,1.3550328878749265,1.028785594707348,0.0,0.0,0.0,0.026007635685836212,0.005318909978062404,0.0,0.0005693067783415784,0.2943514407253382,0.0,0.0,0.0,0.0,0.0,0.0,0.0,0.0,0.0,0.0,0.0,0.0,0.0,0.0,0.0,0.0,0.0,0.0,0.0,0.0,0.0,0.0,0.0,0.0,0.0,0.004623560432127276,0.004623560432127276
2018/10/12 03:00:00,2018/10/12 04:00:00,2018/10/12 08:00:00,1.2944191741171345,1.2944191741171345,0.9807993737617628,0.0,0.0,0.0,0.026007635685836212,0.005318909978062404,0.0,0.0005693067783415784,0.2817239479131314,0.0,0.0,0.0,0.0,0.0,0.0,0.0,0.0,0.0,0.0,0.0,0.0,0.0,0.0,0.0,0.0,0.0,0.0,0.0,0.0,0.0,0.0,0.0,0.0,0.0,0.004416738021333744,0.004416738021333744
2018/10/12 04:00:00,2018/10/12 05:00:00,2018/10/12 09:00:00,1.2357240318906944,1.2357240318906944,0.935886694952254,0.0,0.0,0.0,0.0278045810395689,0.005686409380447792,0.0,0.0006086418867900008,0.2657377046316337,0.0,0.0,0.0,0.0,0.0,0.0,0.0,0.0,0.0,0.0,0.0,0.0,0.0,0.0,0.0,0.0,0.0,0.0,0.0,0.0,0.0,0.0,0.0,0.0,0.0,0.0042164620431013235,0.0042164620431013235
2018/10/12 05:00:00,2018/10/12 06:00:00,2018/10/12 10:00:00,1.2574130202476193,1.2574130202476193,0.876019722213382,0.0,0.0,0.0,0.07380313982851767,0.015093730994548724,0.0,0.001615549689899291,0.29088087752127156,0.0,0.0,0.0,0.0,0.0,0.0,0.0,0.0,0.0,0.0,0.0,0.0,0.0,0.0,0.0,0.0,0.0,0.0,0.0,0.0,0.0,0.0,0.0,0.0,0.0,0.0042904678840497415,0.0042904678840497415
2018/10/12 06:00:00,2018/10/12 07:00:00,2018/10/12 11:00:00,1.9901407436486296,1.9901407436486296,0.13651093514257717,0.0,0.0,0.0,0.17326939918692633,0.03543591379704412,0.0,0.003792864704345704,0.35891424659688315,0.0,0.0,0.0,0.0,0.0,0.0,1.282217384220853,0.0,0.0,0.0,0.0,0.0,0.0,0.0,0.0,0.0,0.0,0.0,0.0,0.0,0.0,0.0,0.0,0.0,0.0,0.006790636654678368,0.006790636654678368
2018/10/12 07:00:00,2018/10/12 08:00:00,2018/10/12 12:00:00,2.818296279407812,2.818296279407812,0.8183800655686014,0.0,0.0,0.0,0.21926795797587528,0.044843235411145085,0.0,0.004799772507454998,0.4121843771138827,0.0,0.0,0.0,0.0,0.0,0.0,1.3188208708308526,0.0,0.0,0.0,0.0,0.0,0.0,0.0,0.0,0.0,0.0,0.0,0.0,0.0,0.0,0.0,0.0,0.0,0.0,0.009616418376322274,0.009616418376322274
2018/10/12 08:00:00,2018/10/12 09:00:00,2018/10/12 13:00:00,2.532206372185477,2.532206372185477,0.6018530392985186,0.0,0.0,0.0,0.22459555084839308,0.04593279953881092,0.0,0.00491639344029206,0.33608771822860944,0.0,0.0,0.0,0.0,0.0,0.0,1.3188208708308526,0.0,0.0,0.0,0.0,0.0,0.0,0.0,0.0,0.0,0.0,0.0,0.0,0.0,0.0,0.0,0.0,0.0,0.0,0.008640239874014036,0.008640239874014036
2018/10/12 09:00:00,2018/10/12 10:00:00,2018/10/12 14:00:00,2.0304203902667024,2.0304203902667024,0.16989488149093926,0.0,0.0,0.0,0.22267911815523408,0.04554086337448363,0.0,0.00487444275566889,0.26861021365952403,0.0,0.0,0.0,0.0,0.0,0.0,1.3188208708308526,0.0,0.0,0.0,0.0,0.0,0.0,0.0,0.0,0.0,0.0,0.0,0.0,0.0,0.0,0.0,0.0,0.0,0.0,0.006928076403919776,0.006928076403919776
2018/10/12 10:00:00,2018/10/12 11:00:00,2018/10/12 15:00:00,0.6674042472411452,0.6674042472411452,0.005070926292605118,0.0,0.0,0.0,0.21616650243897678,0.04420894619696981,0.0,0.004731881689496374,0.2648940496482986,0.0,0.0,0.0,0.0,0.0,0.0,0.1323319409747985,0.0,0.0,0.0,0.0,0.0,0.0,0.0,0.0,0.0,0.0,0.0,0.0,0.0,0.0,0.0,0.0,0.0,0.0,0.0022772759963171287,0.0022772759963171287
2018/10/12 11:00:00,2018/10/12 12:00:00,2018/10/12 16:00:00,0.8946050709374624,0.8946050709374624,0.0,0.0,0.0,0.0,0.20714344994933365,0.04236361106157028,0.0,0.004534367197762577,0.2831607590220128,0.0,0.0,0.0,0.0,0.0,0.0,0.35740288370678314,0.0,0.0,0.0,0.0,0.0,0.0,0.0,0.0,0.0,0.0,0.0,0.0,0.0,0.0,0.0,0.0,0.0,0.0,0.0030525167657396786,0.0030525167657396786
2018/10/12 12:00:00,2018/10/12 13:00:00,2018/10/12 17:00:00,1.5132592493113304,1.5132592493113304,0.0,0.0,0.0,0.0,0.20063083423307632,0.041031693884056454,0.0,0.00439180613159006,0.2895827755176989,0.0,0.0,0.0,0.0,0.0,0.0,0.9776221395449086,0.0,0.0,0.0,0.0,0.0,0.0,0.0,0.0,0.0,0.0,0.0,0.0,0.0,0.0,0.0,0.0,0.0,0.0,0.005163450755530522,0.005163450755530522
2018/10/12 13:00:00,2018/10/12 14:00:00,2018/10/12 18:00:00,0.5427825352891235,0.5427825352891235,0.0,0.0,0.00013791099484581742,0.0,0.19871440153991735,0.04063975771972915,0.0,0.004349855446966891,0.2988871592648213,0.0,5.345032284293224e-05,0.0,0.0,0.0,0.0,0.0,0.0,0.0,0.0,0.0,0.0,0.0,0.0,0.0,0.0,0.0,0.0,0.0,0.0,0.0,0.0,0.0,0.0,0.0,0.0018520494047552306,0.0018520494047552306
2018/10/12 14:00:00,2018/10/12 15:00:00,2018/10/12 19:00:00,1.6022717593189948,1.6022717593189948,0.0,0.0,0.1302059112450946,0.0,0.1987135941599378,0.040639592599705135,0.0,0.004349837773430528,0.6935726338755659,0.0,0.050091865285773196,0.0,0.0,0.0,0.0,0.48469832437948773,0.0,0.0,0.0,0.0,0.0,0.0,0.0,0.0,0.0,0.0,0.0,0.0,0.0,0.0,0.0,0.0,0.0,0.0,0.005467173803818452,0.005467173803818452
2018/10/12 15:00:00,2018/10/12 16:00:00,2018/10/12 20:00:00,0.9194164104216848,0.9194164104216848,0.0,0.0,0.25529192485654906,0.0,0.20036350665753808,0.04097702181289558,0.0,0.0043859543347320165,0.32031416814323455,0.0,0.0980838346167357,0.0,0.0,0.0,0.0,0.0,0.0,0.0,0.0,0.0,0.0,0.0,0.0,0.0,0.0,0.0,0.0,0.0,0.0,0.0,0.0,0.0,0.0,0.0,0.0031371765024396756,0.0031371765024396756
2018/10/12 16:00:00,2018/10/12 17:00:00,2018/10/12 21:00:00,1.1872959973628636,1.1872959973628636,0.0,0.0,0.35522472429536356,0.0,0.2081585673374433,0.042571216169152666,0.0,0.004556588103070704,0.43998736583528836,0.0,0.13679753562254487,0.0,0.0,0.0,0.0,0.0,0.0,0.0,0.0,0.0,0.0,0.0,0.0,0.0,0.0,0.0,0.0,0.0,0.0,0.0,0.0,0.0,0.0,0.0,0.0040512188624729,0.0040512188624729
2018/10/12 17:00:00,2018/10/12 18:00:00,2018/10/12 22:00:00,1.4560283181651639,1.4560283181651639,0.0,0.0,0.3945112782759112,0.0,0.2347702009285104,0.048013651811895555,0.0,0.005139116387038774,0.6205395368337665,0.0,0.15305453392804141,0.0,0.0,0.0,0.0,0.0,0.0,0.0,0.0,0.0,0.0,0.0,0.0,0.0,0.0,0.0,0.0,0.0,0.0,0.0,0.0,0.0,0.0,0.0,0.004968170868887917,0.004968170868887917
2018/10/12 18:00:00,2018/10/12 19:00:00,2018/10/12 23:00:00,1.3993000419938348,1.3993000419938348,0.0,0.0,0.28517300296417436,0.0,0.29648517388170076,0.0606351907092335,0.0,0.0064900562745331585,0.6380908429586813,0.0,0.11242577520551177,0.0,0.0,0.0,0.0,0.0,0.0,0.0,0.0,0.0,0.0,0.0,0.0,0.0,0.0,0.0,0.0,0.0,0.0,0.0,0.0,0.0,0.0,0.0,0.0047746061108399525,0.0047746061108399525
2018/10/12 19:00:00,2018/10/12 20:00:00,2018/10/13 00:00:00,2.1306515168118483,2.1306515168118483,0.0,0.0,0.1678790240704107,0.0,0.3887692310680028,0.07950851693210204,0.0,0.008510152984732613,0.5767382202275719,0.0,0.06641648700391671,0.0,0.0,0.0,0.0,0.8428298845251117,0.0,0.0,0.0,0.0,0.0,0.0,0.0,0.0,0.0,0.0,0.0,0.0,0.0,0.0,0.0,0.0,0.0,0.0,0.007270078930137763,0.007270078930137763
2018/10/12 20:00:00,2018/10/12 21:00:00,2018/10/13 01:00:00,2.4603400964626734,2.4603400964626734,0.0,0.0,0.005972154715779248,0.0,0.46406015284263663,0.09490651926965052,0.0,0.010158270200448155,0.5640597305897557,0.0,0.002362398013550812,0.0,0.0,0.0,0.0,1.3188208708308526,0.0,0.0,0.0,0.0,0.0,0.0,0.0,0.0,0.0,0.0,0.0,0.0,0.0,0.0,0.0,0.0,0.0,0.0,0.008395022158776577,0.008395022158776577
2018/10/12 21:00:00,2018/10/12 22:00:00,2018/10/13 02:00:00,2.2023649088173842,2.2023649088173842,0.0,0.0,0.0,0.0,0.46491935867164713,0.09508223837431415,0.0,0.010177078203926637,0.5352003936888928,0.0,0.0,0.0,0.0,0.0,0.0,1.0969858398786032,0.0,0.0,0.0,0.0,0.0,0.0,0.0,0.0,0.0,0.0,0.0,0.0,0.0,0.0,0.0,0.0,0.0,0.0,0.007514774984895832,0.007514774984895832
2018/10/12 22:00:00,2018/10/12 23:00:00,2018/10/13 03:00:00,1.3129776333313095,1.3129776333313095,0.49743570110904933,0.0,0.0,0.0,0.29368187909065674,0.06006187936268712,0.0,0.006428692191095917,0.4553694815778204,0.0,0.0,0.0,0.0,0.0,0.0,0.0,0.0,0.0,0.0,0.0,0.0,0.0,0.0,0.0,0.0,0.0,0.0,0.0,0.0,0.0,0.0,0.0,0.0,0.0,0.004480062062005905,0.004480062062005905
2018/10/12 23:00:00,2018/10/13 00:00:00,2018/10/13 04:00:00,1.7217156367365132,1.7217156367365132,1.1744750710597043,0.0,0.0,0.0,0.13094360677997474,0.026779722120023,0.0,0.002866353705536267,0.386650883071275,0.0,0.0,0.0,0.0,0.0,0.0,0.0,0.0,0.0,0.0,0.0,0.0,0.0,0.0,0.0,0.0,0.0,0.0,0.0,0.0,0.0,0.0,0.0,0.0,0.0,0.005874732904729716,0.005874732904729716
2018/10/13 00:00:00,2018/10/13 01:00:00,2018/10/13 05:00:00,2.4962227060733992,2.4962227060733992,2.076023056435793,0.0,0.0,0.0,0.06501908921459039,0.013297274945155983,0.0,0.0014232669458539432,0.340460018532006,0.0,0.0,0.0,0.0,0.0,0.0,0.0,0.0,0.0,0.0,0.0,0.0,0.0,0.0,0.0,0.0,0.0,0.0,0.0,0.0,0.0,0.0,0.0,0.0,0.0,0.008517458606985454,0.008517458606985454
2018/10/13 01:00:00,2018/10/13 02:00:00,2018/10/13 06:00:00,2.9583899108329894,2.9583899108329894,2.585520339395638,0.0,0.0,0.0,0.03901145352875434,0.00797836496709361,0.0,0.0008539601675123682,0.32502579277399113,0.0,0.0,0.0,0.0,0.0,0.0,0.0,0.0,0.0,0.0,0.0,0.0,0.0,0.0,0.0,0.0,0.0,0.0,0.0,0.0,0.0,0.0,0.0,0.0,0.0,0.010094437306229057,0.010094437306229057
2018/10/13 02:00:00,2018/10/13 03:00:00,2018/10/13 07:00:00,3.044382100570178,3.044382100570178,2.7181348074026,0.0,0.0,0.0,0.026007635685836212,0.005318909978062404,0.0,0.0005693067783415784,0.2943514407253382,0.0,0.0,0.0,0.0,0.0,0.0,0.0,0.0,0.0,0.0,0.0,0.0,0.0,0.0,0.0,0.0,0.0,0.0,0.0,0.0,0.0,0.0,0.0,0.0,0.0,0.01038785460222132,0.01038785460222132
2018/10/13 03:00:00,2018/10/13 04:00:00,2018/10/13 08:00:00,3.497235380243434,3.497235380243434,3.183615579888062,0.0,0.0,0.0,0.026007635685836212,0.005318909978062404,0.0,0.0005693067783415784,0.2817239479131314,0.0,0.0,0.0,0.0,0.0,0.0,0.0,0.0,0.0,0.0,0.0,0.0,0.0,0.0,0.0,0.0,0.0,0.0,0.0,0.0,0.0,0.0,0.0,0.0,0.0,0.011933052895334332,0.011933052895334332
2018/10/13 04:00:00,2018/10/13 05:00:00,2018/10/13 09:00:00,3.8929695646661604,3.8929695646661604,3.5931322277277196,0.0,0.0,0.0,0.0278045810395689,0.005686409380447792,0.0,0.0006086418867900008,0.2657377046316337,0.0,0.0,0.0,0.0,0.0,0.0,0.0,0.0,0.0,0.0,0.0,0.0,0.0,0.0,0.0,0.0,0.0,0.0,0.0,0.0,0.0,0.0,0.0,0.0,0.0,0.013283352901415043,0.013283352901415043
2018/10/13 05:00:00,2018/10/13 06:00:00,2018/10/13 10:00:00,4.255968515659101,4.255968515659101,3.8745752176248636,0.0,0.0,0.0,0.07380313982851767,0.015093730994548724,0.0,0.001615549689899291,0.29088087752127156,0.0,0.0,0.0,0.0,0.0,0.0,0.0,0.0,0.0,0.0,0.0,0.0,0.0,0.0,0.0,0.0,0.0,0.0,0.0,0.0,0.0,0.0,0.0,0.0,0.0,0.014521955743997552,0.014521955743997552
2018/10/13 06:00:00,2018/10/13 07:00:00,2018/10/13 11:00:00,4.7007058887555395,4.7007058887555395,4.129293464470341,0.0,0.0,0.0,0.17326939918692633,0.03543591379704412,0.0,0.003792864704345704,0.35891424659688315,0.0,0.0,0.0,0.0,0.0,0.0,0.0,0.0,0.0,0.0,0.0,0.0,0.0,0.0,0.0,0.0,0.0,0.0,0.0,0.0,0.0,0.0,0.0,0.0,0.0,0.01603946143654331,0.01603946143654331
2018/10/13 07:00:00,2018/10/13 08:00:00,2018/10/13 12:00:00,5.55243487059744,5.55243487059744,3.9954160744364398,0.0,0.0,0.0,0.21926795797587528,0.044843235411145085,0.0,0.004799772507454998,0.4121843771138827,0.0,0.0,0.0,0.0,0.0,0.0,0.8759234531526423,0.0,0.0,0.0,0.0,0.0,0.0,0.0,0.0,0.0,0.0,0.0,0.0,0.0,0.0,0.0,0.0,0.0,0.0,0.018945679030653657,0.018945679030653657
2018/10/13 08:00:00,2018/10/13 09:00:00,2018/10/13 13:00:00,5.783098861224612,5.783098861224612,3.852745528337655,0.0,0.0,0.0,0.22459555084839308,0.04593279953881092,0.0,0.00491639344029206,0.33608771822860944,0.0,0.0,0.0,0.0,0.0,0.0,1.3188208708308526,0.0,0.0,0.0,0.0,0.0,0.0,0.0,0.0,0.0,0.0,0.0,0.0,0.0,0.0,0.0,0.0,0.0,0.0,0.019732736606690005,0.019732736606690005
2018/10/13 09:00:00,2018/10/13 10:00:00,2018/10/13 14:00:00,3.76851389924598,3.76851389924598,2.7159011040461265,0.0,0.0,0.0,0.22267911815523408,0.04554086337448363,0.0,0.00487444275566889,0.26861021365952403,0.0,0.0,0.0,0.0,0.0,0.0,0.510908157254943,0.0,0.0,0.0,0.0,0.0,0.0,0.0,0.0,0.0,0.0,0.0,0.0,0.0,0.0,0.0,0.0,0.0,0.0,0.01285869288368422,0.01285869288368422
2018/10/13 10:00:00,2018/10/13 11:00:00,2018/10/13 15:00:00,1.9405639039841551,1.9405639039841551,1.4105625240104138,0.0,0.0,0.0,0.21616650243897678,0.04420894619696981,0.0,0.004731881689496374,0.2648940496482986,0.0,0.0,0.0,0.0,0.0,0.0,0.0,0.0,0.0,0.0,0.0,0.0,0.0,0.0,0.0,0.0,0.0,0.0,0.0,0.0,0.0,0.0,0.0,0.0,0.0,0.006621473591350757,0.006621473591350757
2018/10/13 11:00:00,2018/10/13 12:00:00,2018/10/13 16:00:00,1.0599801459918832,1.0599801459918832,0.5227779587612039,0.0,0.0,0.0,0.20714344994933365,0.04236361106157028,0.0,0.004534367197762577,0.2831607590220128,0.0,0.0,0.0,0.0,0.0,0.0,0.0,0.0,0.0,0.0,0.0,0.0,0.0,0.0,0.0,0.0,0.0,0.0,0.0,0.0,0.0,0.0,0.0,0.0,0.0,0.0036167994929883437,0.0036167994929883437
2018/10/13 12:00:00,2018/10/13 13:00:00,2018/10/13 17:00:00,0.591260195028691,0.591260195028691,0.05562308526226931,0.0,0.0,0.0,0.20063083423307632,0.041031693884056454,0.0,0.00439180613159006,0.2895827755176989,0.0,0.0,0.0,0.0,0.0,0.0,0.0,0.0,0.0,0.0,0.0,0.0,0.0,0.0,0.0,0.0,0.0,0.0,0.0,0.0,0.0,0.0,0.0,0.0,0.0,0.0020174619134992124,0.0020174619134992124
2018/10/13 13:00:00,2018/10/13 14:00:00,2018/10/13 18:00:00,1.5958646740513105,1.5958646740513105,0.0,0.0,0.0,0.0,0.19871440153991735,0.04063975771972915,0.0,0.004349855446966891,0.2988871592648213,0.0,0.0,0.0,0.0,0.0,0.0,1.053273500079876,0.0,0.0,0.0,0.0,0.0,0.0,0.0,0.0,0.0,0.0,0.0,0.0,0.0,0.0,0.0,0.0,0.0,0.0,0.005445311938919078,0.005445311938919078
2018/10/13 14:00:00,2018/10/13 15:00:00,2018/10/13 19:00:00,0.9658742871377866,0.9658742871377866,0.0,0.0,0.09340232129658954,0.0,0.1987135941599378,0.040639592599705135,0.0,0.004349837773430528,0.3344102664854856,0.0,0.03632854970627682,0.0,0.0,0.0,0.0,0.25803012511636114,0.0,0.0,0.0,0.0,0.0,0.0,0.0,0.0,0.0,0.0,0.0,0.0,0.0,0.0,0.0,0.0,0.0,0.0,0.0032956972309528287,0.0032956972309528287
2018/10/13 15:00:00,2018/10/13 16:00:00,2018/10/13 20:00:00,0.9042244785402249,0.9042244785402249,0.0,0.0,0.24378197282651135,0.0,0.20036350665753808,0.04097702181289558,0.0,0.0043859543347320165,0.32031416814323455,0.0,0.0944018547653133,0.0,0.0,0.0,0.0,0.0,0.0,0.0,0.0,0.0,0.0,0.0,0.0,0.0,0.0,0.0,0.0,0.0,0.0,0.0,0.0,0.0,0.0,0.0,0.003085339520648888,0.003085339520648888
2018/10/13 16:00:00,2018/10/13 17:00:00,2018/10/13 21:00:00,1.214775017510463,1.214775017510463,0.0,0.0,0.3747411579999003,0.0,0.2081585673374433,0.042571216169152666,0.0,0.004556588103070704,0.43998736583528836,0.0,0.14476012206560762,0.0,0.0,0.0,0.0,0.0,0.0,0.0,0.0,0.0,0.0,0.0,0.0,0.0,0.0,0.0,0.0,0.0,0.0,0.0,0.0,0.0,0.0,0.0,0.004144981096146298,0.004144981096146298
2018/10/13 17:00:00,2018/10/13 18:00:00,2018/10/13 22:00:00,1.4956009301433681,1.4956009301433681,0.0,0.0,0.4227814576431266,0.0,0.2347702009285104,0.048013651811895555,0.0,0.005139116387038774,0.6205395368337665,0.0,0.16435696653903045,0.0,0.0,0.0,0.0,0.0,0.0,0.0,0.0,0.0,0.0,0.0,0.0,0.0,0.0,0.0,0.0,0.0,0.0,0.0,0.0,0.0,0.0,0.0,0.005103198117728567,0.005103198117728567
2018/10/13 18:00:00,2018/10/13 19:00:00,2018/10/13 23:00:00,2.8470896909274717,2.8470896909274717,0.0,0.0,0.3907883634162957,0.0,0.29648517388170076,0.0606351907092335,0.0,0.0064900562745331585,0.6380908429586813,0.0,0.1550539910236396,0.0,0.0,0.0,0.0,1.299546072663387,0.0,0.0,0.0,0.0,0.0,0.0,0.0,0.0,0.0,0.0,0.0,0.0,0.0,0.0,0.0,0.0,0.0,0.0,0.009714665495930594,0.009714665495930594
2018/10/13 19:00:00,2018/10/13 20:00:00,2018/10/14 00:00:00,2.971353143671911,2.971353143671911,0.0,0.0,0.1320431599466524,0.0,0.3887692310680028,0.07950851693210204,0.0,0.008510152984732613,0.9909629064065738,0.0,0.05273830550299425,0.0,0.0,0.0,0.0,1.3188208708308526,0.0,0.0,0.0,0.0,0.0,0.0,0.0,0.0,0.0,0.0,0.0,0.0,0.0,0.0,0.0,0.0,0.0,0.0,0.010138669657312792,0.010138669657312792
2018/10/13 20:00:00,2018/10/13 21:00:00,2018/10/14 01:00:00,1.7038005411585126,1.7038005411585126,0.0,0.0,0.0011674550226993864,0.0,0.46406015284263663,0.09490651926965052,0.0,0.010158270200448155,0.5640597305897557,0.0,0.0004663084061244033,0.0,0.0,0.0,0.0,0.5689821048271982,0.0,0.0,0.0,0.0,0.0,0.0,0.0,0.0,0.0,0.0,0.0,0.0,0.0,0.0,0.0,0.0,0.0,0.0,0.00581360411014959,0.00581360411014959
2018/10/13 21:00:00,2018/10/13 22:00:00,2018/10/14 02:00:00,1.133803953875434,1.133803953875434,0.02842488493665333,0.0,0.0,0.0,0.46491935867164713,0.09508223837431415,0.0,0.010177078203926637,0.5352003936888928,0.0,0.0,0.0,0.0,0.0,0.0,0.0,0.0,0.0,0.0,0.0,0.0,0.0,0.0,0.0,0.0,0.0,0.0,0.0,0.0,0.0,0.0,0.0,0.0,0.0,0.0038686965798661777,0.0038686965798661777
2018/10/13 22:00:00,2018/10/13 23:00:00,2018/10/14 03:00:00,1.3906553890569382,1.3906553890569382,0.575113456834678,0.0,0.0,0.0,0.29368187909065674,0.06006187936268712,0.0,0.006428692191095917,0.4553694815778204,0.0,0.0,0.0,0.0,0.0,0.0,0.0,0.0,0.0,0.0,0.0,0.0,0.0,0.0,0.0,0.0,0.0,0.0,0.0,0.0,0.0,0.0,0.0,0.0,0.0,0.004745109354247431,0.004745109354247431
2018/10/13 23:00:00,2018/10/14 00:00:00,2018/10/14 04:00:00,1.7313221738167306,1.7313221738167306,1.1840816081399217,0.0,0.0,0.0,0.13094360677997474,0.026779722120023,0.0,0.002866353705536267,0.386650883071275,0.0,0.0,0.0,0.0,0.0,0.0,0.0,0.0,0.0,0.0,0.0,0.0,0.0,0.0,0.0,0.0,0.0,0.0,0.0,0.0,0.0,0.0,0.0,0.0,0.0,0.005907511743628242,0.005907511743628242
2018/10/14 00:00:00,2018/10/14 01:00:00,2018/10/14 05:00:00,2.429857412027284,2.429857412027284,2.0096577623896783,0.0,0.0,0.0,0.06501908921459039,0.013297274945155983,0.0,0.0014232669458539432,0.340460018532006,0.0,0.0,0.0,0.0,0.0,0.0,0.0,0.0,0.0,0.0,0.0,0.0,0.0,0.0,0.0,0.0,0.0,0.0,0.0,0.0,0.0,0.0,0.0,0.0,0.0,0.008291011005334007,0.008291011005334007
2018/10/14 01:00:00,2018/10/14 02:00:00,2018/10/14 06:00:00,2.818539039151524,2.818539039151524,2.4456694677141724,0.0,0.0,0.0,0.03901145352875434,0.00797836496709361,0.0,0.0008539601675123682,0.32502579277399113,0.0,0.0,0.0,0.0,0.0,0.0,0.0,0.0,0.0,0.0,0.0,0.0,0.0,0.0,0.0,0.0,0.0,0.0,0.0,0.0,0.0,0.0,0.0,0.0,0.0,0.009617246706287975,0.009617246706287975
2018/10/14 02:00:00,2018/10/14 03:00:00,2018/10/14 07:00:00,2.837974474240124,2.837974474240124,2.511727181072545,0.0,0.0,0.0,0.026007635685836212,0.005318909978062404,0.0,0.0005693067783415784,0.2943514407253382,0.0,0.0,0.0,0.0,0.0,0.0,0.0,0.0,0.0,0.0,0.0,0.0,0.0,0.0,0.0,0.0,0.0,0.0,0.0,0.0,0.0,0.0,0.0,0.0,0.0,0.00968356311045862,0.00968356311045862
2018/10/14 03:00:00,2018/10/14 04:00:00,2018/10/14 08:00:00,3.176302919924985,3.176302919924985,2.8626831195696134,0.0,0.0,0.0,0.026007635685836212,0.005318909978062404,0.0,0.0005693067783415784,0.2817239479131314,0.0,0.0,0.0,0.0,0.0,0.0,0.0,0.0,0.0,0.0,0.0,0.0,0.0,0.0,0.0,0.0,0.0,0.0,0.0,0.0,0.0,0.0,0.0,0.0,0.0,0.010837986762112478,0.010837986762112478
2018/10/14 04:00:00,2018/10/14 05:00:00,2018/10/14 09:00:00,3.48445322439359,3.48445322439359,3.1846158874551493,0.0,0.0,0.0,0.0278045810395689,0.005686409380447792,0.0,0.0006086418867900008,0.2657377046316337,0.0,0.0,0.0,0.0,0.0,0.0,0.0,0.0,0.0,0.0,0.0,0.0,0.0,0.0,0.0,0.0,0.0,0.0,0.0,0.0,0.0,0.0,0.0,0.0,0.0,0.011889438404089545,0.011889438404089545
2018/10/14 05:00:00,2018/10/14 06:00:00,2018/10/14 10:00:00,3.7515304303734243,3.7515304303734243,3.3701371323391864,0.0,0.0,0.0,0.07380313982851767,0.015093730994548724,0.0,0.001615549689899291,0.29088087752127156,0.0,0.0,0.0,0.0,0.0,0.0,0.0,0.0,0.0,0.0,0.0,0.0,0.0,0.0,0.0,0.0,0.0,0.0,0.0,0.0,0.0,0.0,0.0,0.0,0.0,0.012800742928829203,0.012800742928829203
2018/10/14 06:00:00,2018/10/14 07:00:00,2018/10/14 11:00:00,4.366140074415349,4.366140074415349,3.274435768550034,0.0,0.0,0.0,0.17326939918692633,0.03543591379704412,0.0,0.003792864704345704,0.35891424659688315,0.0,0.0,0.0,0.0,0.0,0.0,0.5202918815801159,0.0,0.0,0.0,0.0,0.0,0.0,0.0,0.0,0.0,0.0,0.0,0.0,0.0,0.0,0.0,0.0,0.0,0.0,0.014897876405679817,0.014897876405679817
2018/10/14 07:00:00,2018/10/14 08:00:00,2018/10/14 12:00:00,4.553300202516389,4.553300202516389,2.5984965331646155,0.0,0.0,0.0,0.21926795797587528,0.044843235411145085,0.0,0.004799772507454998,0.4121843771138827,0.0,0.0,0.0,0.0,0.0,0.0,1.2737083263434155,0.0,0.0,0.0,0.0,0.0,0.0,0.0,0.0,0.0,0.0,0.0,0.0,0.0,0.0,0.0,0.0,0.0,0.0,0.01553649275994185,0.01553649275994185
2018/10/14 08:00:00,2018/10/14 09:00:00,2018/10/14 13:00:00,4.967992057098261,4.967992057098261,3.0376387242113037,0.0,0.0,0.0,0.22459555084839308,0.04593279953881092,0.0,0.00491639344029206,0.33608771822860944,0.0,0.0,0.0,0.0,0.0,0.0,1.3188208708308526,0.0,0.0,0.0,0.0,0.0,0.0,0.0,0.0,0.0,0.0,0.0,0.0,0.0,0.0,0.0,0.0,0.0,0.0,0.01695147896989073,0.01695147896989073
2018/10/14 09:00:00,2018/10/14 10:00:00,2018/10/14 14:00:00,4.871463610874988,4.871463610874988,3.0109381020992245,0.0,0.0,0.0,0.22267911815523408,0.04554086337448363,0.0,0.00487444275566889,0.26861021365952403,0.0,0.0,0.0,0.0,0.0,0.0,1.3188208708308526,0.0,0.0,0.0,0.0,0.0,0.0,0.0,0.0,0.0,0.0,0.0,0.0,0.0,0.0,0.0,0.0,0.0,0.0,0.01662211050324592,0.01662211050324592
2018/10/14 10:00:00,2018/10/14 11:00:00,2018/10/14 15:00:00,4.2515416553835195,4.2515416553835195,3.0972992228242795,0.0,0.0,0.0,0.21616650243897678,0.04420894619696981,0.0,0.004731881689496374,0.29923109331646586,0.0,0.0,0.0,0.0,0.0,0.0,0.5899040089173305,0.0,0.0,0.0,0.0,0.0,0.0,0.0,0.0,0.0,0.0,0.0,0.0,0.0,0.0,0.0,0.0,0.0,0.0,0.014506850681831248,0.014506850681831248
2018/10/14 11:00:00,2018/10/14 12:00:00,2018/10/14 16:00:00,4.387813931397499,4.387813931397499,3.0765494304085186,0.0,0.0,0.0,0.20714344994933365,0.04236361106157028,0.0,0.004534367197762577,1.0572230727803145,0.0,0.0,0.0,0.0,0.0,0.0,0.0,0.0,0.0,0.0,0.0,0.0,0.0,0.0,0.0,0.0,0.0,0.0,0.0,0.0,0.0,0.0,0.0,0.0,0.0,0.014971830616275704,0.014971830616275704
2018/10/14 12:00:00,2018/10/14 13:00:00,2018/10/14 17:00:00,3.7468025139610734,3.7468025139610734,3.2111654041946514,0.0,0.0,0.0,0.20063083423307632,0.041031693884056454,0.0,0.00439180613159006,0.2895827755176989,0.0,0.0,0.0,0.0,0.0,0.0,0.0,0.0,0.0,0.0,0.0,0.0,0.0,0.0,0.0,0.0,0.0,0.0,0.0,0.0,0.0,0.0,0.0,0.0,0.0,0.012784610621306517,0.012784610621306517
2018/10/14 13:00:00,2018/10/14 14:00:00,2018/10/14 18:00:00,4.071268620729571,4.071268620729571,3.105717774836419,0.0,0.0,0.0,0.19871440153991735,0.04063975771972915,0.0,0.004349855446966891,0.2988871592648213,0.0,0.0,0.0,0.0,0.0,0.0,0.42295967192171824,0.0,0.0,0.0,0.0,0.0,0.0,0.0,0.0,0.0,0.0,0.0,0.0,0.0,0.0,0.0,0.0,0.0,0.0,0.013891734047051504,0.013891734047051504
2018/10/14 14:00:00,2018/10/14 15:00:00,2018/10/14 19:00:00,3.4702109864559048,3.4702109864559048,2.8920976954373456,0.0,0.0,0.0,0.1987135941599378,0.040639592599705135,0.0,0.004349837773430528,0.3344102664854856,0.0,0.0,0.0,0.0,0.0,0.0,0.0,0.0,0.0,0.0,0.0,0.0,0.0,0.0,0.0,0.0,0.0,0.0,0.0,0.0,0.0,0.0,0.0,0.0,0.0,0.011840841909950647,0.011840841909950647
2018/10/14 15:00:00,2018/10/14 16:00:00,2018/10/14 20:00:00,3.250853486568142,3.250853486568142,2.654366624746201,0.0,0.0,0.0,0.20036350665753808,0.04097702181289558,0.0,0.0043859543347320165,0.35076037901677576,0.0,0.0,0.0,0.0,0.0,0.0,0.0,0.0,0.0,0.0,0.0,0.0,0.0,0.0,0.0,0.0,0.0,0.0,0.0,0.0,0.0,0.0,0.0,0.0,0.0,0.011092363650827362,0.011092363650827362
2018/10/14 16:00:00,2018/10/14 17:00:00,2018/10/14 21:00:00,4.054742822024342,4.054742822024342,2.6731180794753873,0.0,0.0,0.0,0.2081585673374433,0.042571216169152666,0.0,0.004556588103070704,1.1263383709392885,0.0,0.0,0.0,0.0,0.0,0.0,0.0,0.0,0.0,0.0,0.0,0.0,0.0,0.0,0.0,0.0,0.0,0.0,0.0,0.0,0.0,0.0,0.0,0.0,0.0,0.013835345726379355,0.013835345726379355
2018/10/14 17:00:00,2018/10/14 18:00:00,2018/10/14 22:00:00,3.5591183280488696,3.5591183280488696,2.6506558220876584,0.0,0.0,0.0,0.2347702009285104,0.048013651811895555,0.0,0.005139116387038774,0.6205395368337665,0.0,0.0,0.0,0.0,0.0,0.0,0.0,0.0,0.0,0.0,0.0,0.0,0.0,0.0,0.0,0.0,0.0,0.0,0.0,0.0,0.0,0.0,0.0,0.0,0.0,0.012144206108999371,0.012144206108999371
2018/10/14 18:00:00,2018/10/14 19:00:00,2018/10/14 23:00:00,4.46606927622957,4.46606927622957,2.750167710924375,0.0,0.0,0.0,0.29648517388170076,0.0606351907092335,0.0,0.0064900562745331585,0.6380908429586813,0.0,0.0,0.0,0.0,0.0,0.0,0.714200301481047,0.0,0.0,0.0,0.0,0.0,0.0,0.0,0.0,0.0,0.0,0.0,0.0,0.0,0.0,0.0,0.0,0.0,0.0,0.015238848722777512,0.015238848722777512
2018/10/14 19:00:00,2018/10/14 20:00:00,2018/10/15 00:00:00,4.389630613988045,4.389630613988045,3.1064376065817125,0.0,0.0,0.0,0.3887692310680028,0.07950851693210204,0.0,0.008510152984732613,0.5767382202275719,0.0,0.0,0.0,0.0,0.0,0.0,0.229666886193923,0.0,0.0,0.0,0.0,0.0,0.0,0.0,0.0,0.0,0.0,0.0,0.0,0.0,0.0,0.0,0.0,0.0,0.0,0.014978029389618064,0.014978029389618064
2018/10/14 20:00:00,2018/10/14 21:00:00,2018/10/15 01:00:00,4.264922710662899,4.264922710662899,3.0934463788874593,0.0,0.0,0.0,0.46406015284263663,0.09490651926965052,0.0,0.010158270200448155,0.6023513894627044,0.0,0.0,0.0,0.0,0.0,0.0,0.0,0.0,0.0,0.0,0.0,0.0,0.0,0.0,0.0,0.0,0.0,0.0,0.0,0.0,0.0,0.0,0.0,0.0,0.0,0.01455250870111879,0.01455250870111879
2018/10/14 21:00:00,2018/10/14 22:00:00,2018/10/15 02:00:00,5.019144820233763,5.019144820233763,3.0505542776666723,0.0,0.0,0.0,0.46491935867164713,0.09508223837431415,0.0,0.010177078203926637,1.3984118673172026,0.0,0.0,0.0,0.0,0.0,0.0,0.0,0.0,0.0,0.0,0.0,0.0,0.0,0.0,0.0,0.0,0.0,0.0,0.0,0.0,0.0,0.0,0.0,0.0,0.0,0.01712601930300264,0.01712601930300264
2018/10/14 22:00:00,2018/10/14 23:00:00,2018/10/15 03:00:00,4.836807093187482,4.836807093187482,3.319762480477855,0.0,0.0,0.0,0.29368187909065674,0.06006187936268712,0.0,0.006428692191095917,0.4553694815778204,0.0,0.0,0.0,0.0,0.0,0.0,0.7015026804873664,0.0,0.0,0.0,0.0,0.0,0.0,0.0,0.0,0.0,0.0,0.0,0.0,0.0,0.0,0.0,0.0,0.0,0.0,0.016503857650987427,0.016503857650987427
2018/10/14 23:00:00,2018/10/15 00:00:00,2018/10/15 04:00:00,4.468917693113899,4.468917693113899,3.563289376465429,0.0,0.0,0.0,0.13094360677997474,0.026779722120023,0.0,0.002866353705536267,0.386650883071275,0.0,0.0,0.0,0.0,0.0,0.0,0.35838775097166065,0.0,0.0,0.0,0.0,0.0,0.0,0.0,0.0,0.0,0.0,0.0,0.0,0.0,0.0,0.0,0.0,0.0,0.0,0.01524856791684168,0.01524856791684168
2018/10/15 00:00:00,2018/10/15 01:00:00,2018/10/15 05:00:00,4.65476593868725,4.65476593868725,4.069954402795798,0.0,0.0,0.0,0.06501908921459039,0.013297274945155983,0.0,0.0014232669458539432,0.340460018532006,0.0,0.0,0.0,0.0,0.0,0.0,0.16461188625384604,0.0,0.0,0.0,0.0,0.0,0.0,0.0,0.0,0.0,0.0,0.0,0.0,0.0,0.0,0.0,0.0,0.0,0.0,0.015882707945694272,0.015882707945694272
2018/10/15 01:00:00,2018/10/15 02:00:00,2018/10/15 06:00:00,4.700798420431487,4.700798420431487,4.327928848994135,0.0,0.0,0.0,0.03901145352875434,0.00797836496709361,0.0,0.0008539601675123682,0.32502579277399113,0.0,0.0,0.0,0.0,0.0,0.0,0.0,0.0,0.0,0.0,0.0,0.0,0.0,0.0,0.0,0.0,0.0,0.0,0.0,0.0,0.0,0.0,0.0,0.0,0.0,0.01603977716747461,0.01603977716747461
2018/10/15 02:00:00,2018/10/15 03:00:00,2018/10/15 07:00:00,4.768761175768375,4.768761175768375,4.442513882600798,0.0,0.0,0.0,0.026007635685836212,0.005318909978062404,0.0,0.0005693067783415784,0.2943514407253382,0.0,0.0,0.0,0.0,0.0,0.0,0.0,0.0,0.0,0.0,0.0,0.0,0.0,0.0,0.0,0.0,0.0,0.0,0.0,0.0,0.0,0.0,0.0,0.0,0.0,0.016271675528943003,0.016271675528943003
2018/10/15 03:00:00,2018/10/15 04:00:00,2018/10/15 08:00:00,4.830993895049753,4.830993895049753,4.517374094694382,0.0,0.0,0.0,0.026007635685836212,0.005318909978062404,0.0,0.0005693067783415784,0.2817239479131314,0.0,0.0,0.0,0.0,0.0,0.0,0.0,0.0,0.0,0.0,0.0,0.0,0.0,0.0,0.0,0.0,0.0,0.0,0.0,0.0,0.0,0.0,0.0,0.0,0.0,0.016484022211468413,0.016484022211468413
2018/10/15 04:00:00,2018/10/15 05:00:00,2018/10/15 09:00:00,4.922133981280875,4.922133981280875,4.622296644342435,0.0,0.0,0.0,0.0278045810395689,0.005686409380447792,0.0,0.0006086418867900008,0.2657377046316337,0.0,0.0,0.0,0.0,0.0,0.0,0.0,0.0,0.0,0.0,0.0,0.0,0.0,0.0,0.0,0.0,0.0,0.0,0.0,0.0,0.0,0.0,0.0,0.0,0.0,0.016795004845358386,0.016795004845358386
2018/10/15 05:00:00,2018/10/15 06:00:00,2018/10/15 10:00:00,5.272035736316066,5.272035736316066,4.890642438281828,0.0,0.0,0.0,0.07380313982851767,0.015093730994548724,0.0,0.001615549689899291,0.29088087752127156,0.0,0.0,0.0,0.0,0.0,0.0,0.0,0.0,0.0,0.0,0.0,0.0,0.0,0.0,0.0,0.0,0.0,0.0,0.0,0.0,0.0,0.0,0.0,0.0,0.0,0.01798891823608778,0.01798891823608778
2018/10/15 06:00:00,2018/10/15 07:00:00,2018/10/15 11:00:00,5.433690633960777,5.433690633960777,4.862278209675578,0.0,0.0,0.0,0.17326939918692633,0.03543591379704412,0.0,0.003792864704345704,0.35891424659688315,0.0,0.0,0.0,0.0,0.0,0.0,0.0,0.0,0.0,0.0,0.0,0.0,0.0,0.0,0.0,0.0,0.0,0.0,0.0,0.0,0.0,0.0,0.0,0.0,0.0,0.018540507201269162,0.018540507201269162
2018/10/15 07:00:00,2018/10/15 08:00:00,2018/10/15 12:00:00,5.855984996931592,5.855984996931592,4.72085266530789,0.0,0.0,0.0,0.21926795797587528,0.044843235411145085,0.0,0.004799772507454998,0.4121843771138827,0.0,0.0,0.0,0.0,0.0,0.0,0.45403698861534375,0.0,0.0,0.0,0.0,0.0,0.0,0.0,0.0,0.0,0.0,0.0,0.0,0.0,0.0,0.0,0.0,0.0,0.0,0.019981434225855507,0.019981434225855507
2018/10/15 08:00:00,2018/10/15 09:00:00,2018/10/15 13:00:00,5.587802772930587,5.587802772930587,3.81142439995535,0.0,0.0,0.0,0.22459555084839308,0.04593279953881092,0.0,0.00491639344029206,0.40924794085435434,0.0,0.0,0.0,0.0,0.0,0.0,1.0916856882933874,0.0,0.0,0.0,0.0,0.0,0.0,0.0,0.0,0.0,0.0,0.0,0.0,0.0,0.0,0.0,0.0,0.0,0.0,0.019066359226136833,0.019066359226136833
2018/10/15 09:00:00,2018/10/15 10:00:00,2018/10/15 14:00:00,6.929695051244302,6.929695051244302,3.403627463124108,0.0,0.0,0.0,0.22267911815523408,0.04554086337448363,0.0,0.00487444275566889,1.9341522930039547,0.0,0.0,0.0,0.0,0.0,0.0,1.3188208708308526,0.0,0.0,0.0,0.0,0.0,0.0,0.0,0.0,0.0,0.0,0.0,0.0,0.0,0.0,0.0,0.0,0.0,0.0,0.02364508207316569,0.02364508207316569
2018/10/15 10:00:00,2018/10/15 11:00:00,2018/10/15 15:00:00,5.030830116658891,5.030830116658891,2.811890365876687,0.0,0.0,0.0,0.21616650243897678,0.04420894619696981,0.0,0.004731881689496374,0.6350115496259083,0.0,0.0,0.0,0.0,0.0,0.0,1.3188208708308526,0.0,0.0,0.0,0.0,0.0,0.0,0.0,0.0,0.0,0.0,0.0,0.0,0.0,0.0,0.0,0.0,0.0,0.0,0.017165891157532778,0.017165891157532778
2018/10/15 11:00:00,2018/10/15 12:00:00,2018/10/15 16:00:00,4.212130115281765,4.212130115281765,2.25190389544101,0.0,0.0,0.0,0.20714344994933365,0.04236361106157028,0.0,0.004534367197762577,0.38736392080123566,0.0,0.0,0.0,0.0,0.0,0.0,1.3188208708308526,0.0,0.0,0.0,0.0,0.0,0.0,0.0,0.0,0.0,0.0,0.0,0.0,0.0,0.0,0.0,0.0,0.0,0.0,0.01437237303260648,0.01437237303260648
2018/10/15 12:00:00,2018/10/15 13:00:00,2018/10/15 17:00:00,3.4653062815267197,3.4653062815267197,1.6660452828361851,0.0,0.0,0.0,0.20063083423307632,0.041031693884056454,0.0,0.00439180613159006,1.125954359786156,0.0,0.0,0.0,0.0,0.0,0.0,0.4272523046556559,0.0,0.0,0.0,0.0,0.0,0.0,0.0,0.0,0.0,0.0,0.0,0.0,0.0,0.0,0.0,0.0,0.0,0.0,0.011824106375451997,0.011824106375451997
2018/10/15 13:00:00,2018/10/15 14:00:00,2018/10/15 18:00:00,1.8441550391863089,1.8441550391863089,1.3015638652148742,0.0,0.0,0.0,0.19871440153991735,0.04063975771972915,0.0,0.004349855446966891,0.2988871592648213,0.0,0.0,0.0,0.0,0.0,0.0,0.0,0.0,0.0,0.0,0.0,0.0,0.0,0.0,0.0,0.0,0.0,0.0,0.0,0.0,0.0,0.0,0.0,0.0,0.0,0.006292513153139773,0.006292513153139773
2018/10/15 14:00:00,2018/10/15 15:00:00,2018/10/15 19:00:00,1.7586798874869738,1.7586798874869738,1.1805665964684147,0.0,0.0,0.0,0.1987135941599378,0.040639592599705135,0.0,0.004349837773430528,0.3344102664854856,0.0,0.0,0.0,0.0,0.0,0.0,0.0,0.0,0.0,0.0,0.0,0.0,0.0,0.0,0.0,0.0,0.0,0.0,0.0,0.0,0.0,0.0,0.0,0.0,0.0,0.006000860062751017,0.006000860062751017
2018/10/15 15:00:00,2018/10/15 16:00:00,2018/10/15 20:00:00,2.428475513241433,2.428475513241433,1.2283117239414576,0.0,0.0,0.0,0.20036350665753808,0.04097702181289558,0.0,0.0043859543347320165,0.32031416814323455,0.0,0.0,0.0,0.0,0.0,0.0,0.6341231383515751,0.0,0.0,0.0,0.0,0.0,0.0,0.0,0.0,0.0,0.0,0.0,0.0,0.0,0.0,0.0,0.0,0.0,0.0,0.00828629577472622,0.00828629577472622
2018/10/15 16:00:00,2018/10/15 17:00:00,2018/10/15 21:00:00,1.7717050194128954,1.7717050194128954,1.0764312819679405,0.0,0.0,0.0,0.2081585673374433,0.042571216169152666,0.0,0.004556588103070704,0.43998736583528836,0.0,0.0,0.0,0.0,0.0,0.0,0.0,0.0,0.0,0.0,0.0,0.0,0.0,0.0,0.0,0.0,0.0,0.0,0.0,0.0,0.0,0.0,0.0,0.0,0.0,0.006045303622117591,0.006045303622117591
2018/10/15 17:00:00,2018/10/15 18:00:00,2018/10/15 22:00:00,1.8172753380334103,1.8172753380334103,0.908812832072199,0.0,0.0,0.0,0.2347702009285104,0.048013651811895555,0.0,0.005139116387038774,0.6205395368337665,0.0,0.0,0.0,0.0,0.0,0.0,0.0,0.0,0.0,0.0,0.0,0.0,0.0,0.0,0.0,0.0,0.0,0.0,0.0,0.0,0.0,0.0,0.0,0.0,0.0,0.00620079587912375,0.00620079587912375
2018/10/15 18:00:00,2018/10/15 19:00:00,2018/10/15 23:00:00,2.111419254548582,2.111419254548582,0.9686591733883138,0.0,0.0,0.0,0.29648517388170076,0.0606351907092335,0.0,0.0064900562745331585,0.6380908429586813,0.0,0.0,0.0,0.0,0.0,0.0,0.1410588173361196,0.0,0.0,0.0,0.0,0.0,0.0,0.0,0.0,0.0,0.0,0.0,0.0,0.0,0.0,0.0,0.0,0.0,0.0,0.007204455779868556,0.007204455779868556
2018/10/15 19:00:00,2018/10/15 20:00:00,2018/10/16 00:00:00,3.5733346266723176,3.5733346266723176,1.2009876346290556,0.0,0.0,0.0,0.3887692310680028,0.07950851693210204,0.0,0.008510152984732613,0.5767382202275719,0.0,0.0,0.0,0.0,0.0,0.0,1.3188208708308526,0.0,0.0,0.0,0.0,0.0,0.0,0.0,0.0,0.0,0.0,0.0,0.0,0.0,0.0,0.0,0.0,0.0,0.0,0.01219271409459503,0.01219271409459503
2018/10/15 20:00:00,2018/10/15 21:00:00,2018/10/16 01:00:00,3.028594922059758,3.028594922059758,1.584435843113437,0.0,0.0,0.0,0.46406015284263663,0.09490651926965052,0.0,0.010158270200448155,0.5640597305897557,0.0,0.0,0.0,0.0,0.0,0.0,0.31097440604382987,0.0,0.0,0.0,0.0,0.0,0.0,0.0,0.0,0.0,0.0,0.0,0.0,0.0,0.0,0.0,0.0,0.0,0.0,0.01033398655625073,0.01033398655625073
2018/10/15 21:00:00,2018/10/15 22:00:00,2018/10/16 02:00:00,3.2618499423760396,3.2618499423760396,1.8994191282489594,0.0,0.0,0.0,0.46491935867164713,0.09508223837431415,0.0,0.010177078203926637,0.5352003936888928,0.0,0.0,0.0,0.0,0.0,0.0,0.2570517451882992,0.0,0.0,0.0,0.0,0.0,0.0,0.0,0.0,0.0,0.0,0.0,0.0,0.0,0.0,0.0,0.0,0.0,0.0,0.011129885085489195,0.011129885085489195
2018/10/15 22:00:00,2018/10/15 23:00:00,2018/10/16 03:00:00,3.427046430110363,3.427046430110363,2.4000722360324263,0.0,0.0,0.0,0.29368187909065674,0.06006187936268712,0.0,0.006428692191095917,0.4553694815778204,0.0,0.0,0.0,0.0,0.0,0.0,0.21143226185567612,0.0,0.0,0.0,0.0,0.0,0.0,0.0,0.0,0.0,0.0,0.0,0.0,0.0,0.0,0.0,0.0,0.0,0.0,0.011693558447995299,0.011693558447995299
2018/10/15 23:00:00,2018/10/16 00:00:00,2018/10/16 04:00:00,3.4654191020597325,3.4654191020597325,2.9181785363829227,0.0,0.0,0.0,0.13094360677997474,0.026779722120023,0.0,0.002866353705536267,0.386650883071275,0.0,0.0,0.0,0.0,0.0,0.0,0.0,0.0,0.0,0.0,0.0,0.0,0.0,0.0,0.0,0.0,0.0,0.0,0.0,0.0,0.0,0.0,0.0,0.0,0.0,0.011824491334781792,0.011824491334781792
2018/10/16 00:00:00,2018/10/16 01:00:00,2018/10/16 05:00:00,4.028314130443379,4.028314130443379,3.6081144808057726,0.0,0.0,0.0,0.06501908921459039,0.013297274945155983,0.0,0.0014232669458539432,0.340460018532006,0.0,0.0,0.0,0.0,0.0,0.0,0.0,0.0,0.0,0.0,0.0,0.0,0.0,0.0,0.0,0.0,0.0,0.0,0.0,0.0,0.0,0.0,0.0,0.0,0.0,0.013745167359669547,0.013745167359669547
2018/10/16 01:00:00,2018/10/16 02:00:00,2018/10/16 06:00:00,4.369829828898007,4.369829828898007,3.9969602574606555,0.0,0.0,0.0,0.03901145352875434,0.00797836496709361,0.0,0.0008539601675123682,0.32502579277399113,0.0,0.0,0.0,0.0,0.0,0.0,0.0,0.0,0.0,0.0,0.0,0.0,0.0,0.0,0.0,0.0,0.0,0.0,0.0,0.0,0.0,0.0,0.0,0.0,0.0,0.01491046636049415,0.01491046636049415
2018/10/16 02:00:00,2018/10/16 03:00:00,2018/10/16 07:00:00,4.360151939136613,4.360151939136613,4.033904645969035,0.0,0.0,0.0,0.026007635685836212,0.005318909978062404,0.0,0.0005693067783415784,0.2943514407253382,0.0,0.0,0.0,0.0,0.0,0.0,0.0,0.0,0.0,0.0,0.0,0.0,0.0,0.0,0.0,0.0,0.0,0.0,0.0,0.0,0.0,0.0,0.0,0.0,0.0,0.014877444056336321,0.014877444056336321
2018/10/16 03:00:00,2018/10/16 04:00:00,2018/10/16 08:00:00,4.604380159396705,4.604380159396705,4.290760359041333,0.0,0.0,0.0,0.026007635685836212,0.005318909978062404,0.0,0.0005693067783415784,0.2817239479131314,0.0,0.0,0.0,0.0,0.0,0.0,0.0,0.0,0.0,0.0,0.0,0.0,0.0,0.0,0.0,0.0,0.0,0.0,0.0,0.0,0.0,0.0,0.0,0.0,0.0,0.01571078466799803,0.01571078466799803
2018/10/16 04:00:00,2018/10/16 05:00:00,2018/10/16 09:00:00,5.257247884257908,5.257247884257908,4.507182157799862,0.0,0.0,0.0,0.0278045810395689,0.005686409380447792,0.0,0.0006086418867900008,0.2657377046316337,0.0,0.0,0.0,0.0,0.0,0.0,0.4502283895196061,0.0,0.0,0.0,0.0,0.0,0.0,0.0,0.0,0.0,0.0,0.0,0.0,0.0,0.0,0.0,0.0,0.0,0.0,0.017938460030782172,0.017938460030782172
2018/10/16 05:00:00,2018/10/16 06:00:00,2018/10/16 10:00:00,4.899400308401133,4.899400308401133,4.518007010366897,0.0,0.0,0.0,0.07380313982851767,0.015093730994548724,0.0,0.001615549689899291,0.29088087752127156,0.0,0.0,0.0,0.0,0.0,0.0,0.0,0.0,0.0,0.0,0.0,0.0,0.0,0.0,0.0,0.0,0.0,0.0,0.0,0.0,0.0,0.0,0.0,0.0,0.0,0.016717434395707866,0.016717434395707866
2018/10/16 06:00:00,2018/10/16 07:00:00,2018/10/16 11:00:00,5.046392878411149,5.046392878411149,4.474980454125951,0.0,0.0,0.0,0.17326939918692633,0.03543591379704412,0.0,0.003792864704345704,0.35891424659688315,0.0,0.0,0.0,0.0,0.0,0.0,0.0,0.0,0.0,0.0,0.0,0.0,0.0,0.0,0.0,0.0,0.0,0.0,0.0,0.0,0.0,0.0,0.0,0.0,0.0,0.017218993462352263,0.017218993462352263
2018/10/16 07:00:00,2018/10/16 08:00:00,2018/10/16 12:00:00,5.429738724737181,5.429738724737181,4.001175867173044,0.0,0.0,0.0,0.21926795797587528,0.044843235411145085,0.0,0.004799772507454998,0.5102417409296416,0.0,0.0,0.0,0.0,0.0,0.0,0.6494101507400188,0.0,0.0,0.0,0.0,0.0,0.0,0.0,0.0,0.0,0.0,0.0,0.0,0.0,0.0,0.0,0.0,0.0,0.0,0.01852702273806456,0.01852702273806456
2018/10/16 08:00:00,2018/10/16 09:00:00,2018/10/16 13:00:00,7.562458323107792,7.562458323107792,3.42159116003246,0.0,0.0,0.0,0.22459555084839308,0.04593279953881092,0.0,0.00491639344029206,2.546601548416984,0.0,0.0,0.0,0.0,0.0,0.0,1.3188208708308526,0.0,0.0,0.0,0.0,0.0,0.0,0.0,0.0,0.0,0.0,0.0,0.0,0.0,0.0,0.0,0.0,0.0,0.0,0.025804158249744417,0.025804158249744417
2018/10/16 09:00:00,2018/10/16 10:00:00,2018/10/16 14:00:00,5.554347858039028,5.554347858039028,3.693822349263265,0.0,0.0,0.0,0.22267911815523408,0.04554086337448363,0.0,0.00487444275566889,0.26861021365952403,0.0,0.0,0.0,0.0,0.0,0.0,1.3188208708308526,0.0,0.0,0.0,0.0,0.0,0.0,0.0,0.0,0.0,0.0,0.0,0.0,0.0,0.0,0.0,0.0,0.0,0.0,0.018952206409524847,0.018952206409524847
2018/10/16 10:00:00,2018/10/16 11:00:00,2018/10/16 15:00:00,5.266328762102945,5.266328762102945,3.41750651129835,0.0,0.0,0.0,0.21616650243897678,0.04420894619696981,0.0,0.004731881689496374,0.2648940496482986,0.0,0.0,0.0,0.0,0.0,0.0,1.3188208708308526,0.0,0.0,0.0,0.0,0.0,0.0,0.0,0.0,0.0,0.0,0.0,0.0,0.0,0.0,0.0,0.0,0.0,0.0,0.017969445247354394,0.017969445247354394
2018/10/16 11:00:00,2018/10/16 12:00:00,2018/10/16 16:00:00,3.518749702634393,3.518749702634393,2.769344412823497,0.0,0.0,0.0,0.20714344994933365,0.04236361106157028,0.0,0.004534367197762577,0.2831607590220128,0.0,0.0,0.0,0.0,0.0,0.0,0.21220310258021616,0.0,0.0,0.0,0.0,0.0,0.0,0.0,0.0,0.0,0.0,0.0,0.0,0.0,0.0,0.0,0.0,0.0,0.0,0.012006462751745176,0.012006462751745176
2018/10/16 12:00:00,2018/10/16 13:00:00,2018/10/16 17:00:00,3.4945697930557715,3.4945697930557715,2.0248328167522702,0.0,0.0,0.0,0.20063083423307632,0.041031693884056454,0.0,0.00439180613159006,0.2895827755176989,0.0,0.0,0.0,0.0,0.0,0.0,0.934099866537079,0.0,0.0,0.0,0.0,0.0,0.0,0.0,0.0,0.0,0.0,0.0,0.0,0.0,0.0,0.0,0.0,0.0,0.0,0.01192395754159086,0.01192395754159086
2018/10/16 13:00:00,2018/10/16 14:00:00,2018/10/16 18:00:00,1.8871486162230309,1.8871486162230309,1.344557442251596,0.0,0.0,0.0,0.19871440153991735,0.04063975771972915,0.0,0.004349855446966891,0.2988871592648213,0.0,0.0,0.0,0.0,0.0,0.0,0.0,0.0,0.0,0.0,0.0,0.0,0.0,0.0,0.0,0.0,0.0,0.0,0.0,0.0,0.0,0.0,0.0,0.0,0.0,0.006439213209943819,0.006439213209943819
2018/10/16 14:00:00,2018/10/16 15:00:00,2018/10/16 19:00:00,1.3341470002766362,1.3341470002766362,0.756033709258077,0.0,0.0,0.0,0.1987135941599378,0.040639592599705135,0.0,0.004349837773430528,0.3344102664854856,0.0,0.0,0.0,0.0,0.0,0.0,0.0,0.0,0.0,0.0,0.0,0.0,0.0,0.0,0.0,0.0,0.0,0.0,0.0,0.0,0.0,0.0,0.0,0.0,0.0,0.00455229488252076,0.00455229488252076
2018/10/16 15:00:00,2018/10/16 16:00:00,2018/10/16 20:00:00,1.150855037381853,1.150855037381853,0.5848143864334526,0.0,0.0,0.0,0.20036350665753808,0.04097702181289558,0.0,0.0043859543347320165,0.32031416814323455,0.0,0.0,0.0,0.0,0.0,0.0,0.0,0.0,0.0,0.0,0.0,0.0,0.0,0.0,0.0,0.0,0.0,0.0,0.0,0.0,0.0,0.0,0.0,0.0,0.0,0.003926877245243838,0.003926877245243838
2018/10/16 16:00:00,2018/10/16 17:00:00,2018/10/16 21:00:00,1.0940277861609355,1.0940277861609355,0.3987540487159803,0.0,0.0,0.0,0.2081585673374433,0.042571216169152666,0.0,0.004556588103070704,0.43998736583528836,0.0,0.0,0.0,0.0,0.0,0.0,0.0,0.0,0.0,0.0,0.0,0.0,0.0,0.0,0.0,0.0,0.0,0.0,0.0,0.0,0.0,0.0,0.0,0.0,0.0,0.0037329747705787046,0.0037329747705787046
2018/10/16 17:00:00,2018/10/16 18:00:00,2018/10/16 22:00:00,1.17018088290775,1.17018088290775,0.26171837694653866,0.0,0.0,0.0,0.2347702009285104,0.048013651811895555,0.0,0.005139116387038774,0.6205395368337665,0.0,0.0,0.0,0.0,0.0,0.0,0.0,0.0,0.0,0.0,0.0,0.0,0.0,0.0,0.0,0.0,0.0,0.0,0.0,0.0,0.0,0.0,0.0,0.0,0.0,0.003992819714604175,0.003992819714604175
2018/10/16 18:00:00,2018/10/16 19:00:00,2018/10/16 23:00:00,1.7082977559758104,1.7082977559758104,0.7065964921516614,0.0,0.0,0.0,0.29648517388170076,0.0606351907092335,0.0,0.0064900562745331585,0.6380908429586813,0.0,0.0,0.0,0.0,0.0,0.0,0.0,0.0,0.0,0.0,0.0,0.0,0.0,0.0,0.0,0.0,0.0,0.0,0.0,0.0,0.0,0.0,0.0,0.0,0.0,0.005828949231784715,0.005828949231784715
2018/10/16 19:00:00,2018/10/16 20:00:00,2018/10/17 00:00:00,3.557008674852443,3.557008674852443,0.9758991261005795,0.0,0.0,0.0,0.3887692310680028,0.07950851693210204,0.0,0.008510152984732613,0.9112002745157197,0.0,0.0,0.0,0.0,0.0,0.0,1.1931213732513064,0.0,0.0,0.0,0.0,0.0,0.0,0.0,0.0,0.0,0.0,0.0,0.0,0.0,0.0,0.0,0.0,0.0,0.0,0.012137007679255126,0.012137007679255126
2018/10/16 20:00:00,2018/10/16 21:00:00,2018/10/17 01:00:00,11.489214336781927,11.489214336781927,1.3441349869133847,0.0,0.0,0.0,0.46406015284263663,0.09490651926965052,0.0,0.010158270200448155,8.257133536724954,0.0,0.0,0.0,0.0,0.0,0.0,1.3188208708308526,0.0,0.0,0.0,0.0,0.0,0.0,0.0,0.0,0.0,0.0,0.0,0.0,0.0,0.0,0.0,0.0,0.0,0.0,0.03920279520822788,0.03920279520822788
2018/10/16 21:00:00,2018/10/16 22:00:00,2018/10/17 02:00:00,7.819883796770033,7.819883796770033,1.860541434945193,0.0,0.0,0.0,0.46491935867164713,0.09508223837431415,0.0,0.010177078203926637,4.070342815744099,0.0,0.0,0.0,0.0,0.0,0.0,1.3188208708308526,0.0,0.0,0.0,0.0,0.0,0.0,0.0,0.0,0.0,0.0,0.0,0.0,0.0,0.0,0.0,0.0,0.0,0.0,0.02668252972315785,0.02668252972315785
2018/10/16 22:00:00,2018/10/16 23:00:00,2018/10/17 03:00:00,6.382328624141183,6.382328624141183,2.4467722261185063,0.0,0.0,0.0,0.29368187909065674,0.06006187936268712,0.0,0.006428692191095917,2.256563076547384,0.0,0.0,0.0,0.0,0.0,0.0,1.3188208708308526,0.0,0.0,0.0,0.0,0.0,0.0,0.0,0.0,0.0,0.0,0.0,0.0,0.0,0.0,0.0,0.0,0.0,0.0,0.021777391792822873,0.021777391792822873
2018/10/16 23:00:00,2018/10/17 00:00:00,2018/10/17 04:00:00,5.598822028234004,5.598822028234004,3.6868998752979922,0.0,0.0,0.0,0.13094360677997474,0.026779722120023,0.0,0.002866353705536267,0.432511599499624,0.0,0.0,0.0,0.0,0.0,0.0,1.3188208708308526,0.0,0.0,0.0,0.0,0.0,0.0,0.0,0.0,0.0,0.0,0.0,0.0,0.0,0.0,0.0,0.0,0.0,0.0,0.019103958455844304,0.019103958455844304
2018/10/17 00:00:00,2018/10/17 01:00:00,2018/10/17 05:00:00,6.267707000797691,6.267707000797691,4.528686480329231,0.0,0.0,0.0,0.06501908921459039,0.013297274945155983,0.0,0.0014232669458539432,0.340460018532006,0.0,0.0,0.0,0.0,0.0,0.0,1.3188208708308526,0.0,0.0,0.0,0.0,0.0,0.0,0.0,0.0,0.0,0.0,0.0,0.0,0.0,0.0,0.0,0.0,0.0,0.0,0.021386286892639755,0.021386286892639755
2018/10/17 01:00:00,2018/10/17 02:00:00,2018/10/17 06:00:00,7.386941574028822,7.386941574028822,5.612204212460207,0.0,0.0,0.0,0.03901145352875434,0.00797836496709361,0.0,0.0008539601675123682,0.4080727120744015,0.0,0.0,0.0,0.0,0.0,0.0,1.3188208708308526,0.0,0.0,0.0,0.0,0.0,0.0,0.0,0.0,0.0,0.0,0.0,0.0,0.0,0.0,0.0,0.0,0.0,0.0,0.025205270722010814,0.025205270722010814
2018/10/17 02:00:00,2018/10/17 03:00:00,2018/10/17 07:00:00,8.183229631821527,8.183229631821527,4.953558233538199,0.0,0.0,0.0,0.026007635685836212,0.005318909978062404,0.0,0.0005693067783415784,2.2369438985913366,0.0,0.0,0.0,0.0,0.0,0.0,0.9608316472497523,0.0,0.0,0.0,0.0,0.0,0.0,0.0,0.0,0.0,0.0,0.0,0.0,0.0,0.0,0.0,0.0,0.0,0.0,0.027922316182331524,0.027922316182331524
2018/10/17 03:00:00,2018/10/17 04:00:00,2018/10/17 08:00:00,7.2365685029088,7.2365685029088,5.259381751778359,0.0,0.0,0.0,0.026007635685836212,0.005318909978062404,0.0,0.0005693067783415784,1.9452908986882016,0.0,0.0,0.0,0.0,0.0,0.0,0.0,0.0,0.0,0.0,0.0,0.0,0.0,0.0,0.0,0.0,0.0,0.0,0.0,0.0,0.0,0.0,0.0,0.0,0.0,0.024692176916015923,0.024692176916015923
2018/10/17 04:00:00,2018/10/17 05:00:00,2018/10/17 09:00:00,7.656890332718304,7.656890332718304,5.662262775268784,0.0,0.0,0.0,0.0278045810395689,0.005686409380447792,0.0,0.0006086418867900008,1.9605279251427128,0.0,0.0,0.0,0.0,0.0,0.0,0.0,0.0,0.0,0.0,0.0,0.0,0.0,0.0,0.0,0.0,0.0,0.0,0.0,0.0,0.0,0.0,0.0,0.0,0.0,0.026126373383464276,0.026126373383464276
2018/10/17 05:00:00,2018/10/17 06:00:00,2018/10/17 10:00:00,6.431002954828759,6.431002954828759,6.049609656794521,0.0,0.0,0.0,0.07380313982851767,0.015093730994548724,0.0,0.001615549689899291,0.29088087752127156,0.0,0.0,0.0,0.0,0.0,0.0,0.0,0.0,0.0,0.0,0.0,0.0,0.0,0.0,0.0,0.0,0.0,0.0,0.0,0.0,0.0,0.0,0.0,0.0,0.0,0.021943475370159723,0.021943475370159723
2018/10/17 06:00:00,2018/10/17 07:00:00,2018/10/17 11:00:00,6.867499910148238,6.867499910148238,6.29608748586304,0.0,0.0,0.0,0.17326939918692633,0.03543591379704412,0.0,0.003792864704345704,0.35891424659688315,0.0,0.0,0.0,0.0,0.0,0.0,0.0,0.0,0.0,0.0,0.0,0.0,0.0,0.0,0.0,0.0,0.0,0.0,0.0,0.0,0.0,0.0,0.0,0.0,0.0,0.023432863612628314,0.023432863612628314
2018/10/17 07:00:00,2018/10/17 08:00:00,2018/10/17 12:00:00,7.159482225493721,7.159482225493721,6.4783868824853625,0.0,0.0,0.0,0.21926795797587528,0.044843235411145085,0.0,0.004799772507454998,0.4121843771138827,0.0,0.0,0.0,0.0,0.0,0.0,0.0,0.0,0.0,0.0,0.0,0.0,0.0,0.0,0.0,0.0,0.0,0.0,0.0,0.0,0.0,0.0,0.0,0.0,0.0,0.02442914782992835,0.02442914782992835
2018/10/17 08:00:00,2018/10/17 09:00:00,2018/10/17 13:00:00,6.5848202671017075,6.5848202671017075,5.973287805045601,0.0,0.0,0.0,0.22459555084839308,0.04593279953881092,0.0,0.00491639344029206,0.33608771822860944,0.0,0.0,0.0,0.0,0.0,0.0,0.0,0.0,0.0,0.0,0.0,0.0,0.0,0.0,0.0,0.0,0.0,0.0,0.0,0.0,0.0,0.0,0.0,0.0,0.0,0.022468321405385266,0.022468321405385266
2018/10/17 09:00:00,2018/10/17 10:00:00,2018/10/17 14:00:00,5.811632731962847,5.811632731962847,4.867203201753715,0.0,0.0,0.0,0.22267911815523408,0.04554086337448363,0.0,0.00487444275566889,0.26861021365952403,0.0,0.0,0.0,0.0,0.0,0.0,0.4027248922642208,0.0,0.0,0.0,0.0,0.0,0.0,0.0,0.0,0.0,0.0,0.0,0.0,0.0,0.0,0.0,0.0,0.0,0.0,0.019830098137101,0.019830098137101
2018/10/17 10:00:00,2018/10/17 11:00:00,2018/10/17 15:00:00,4.050456505659771,4.050456505659771,3.5204551256860293,0.0,0.0,0.0,0.21616650243897678,0.04420894619696981,0.0,0.004731881689496374,0.2648940496482986,0.0,0.0,0.0,0.0,0.0,0.0,0.0,0.0,0.0,0.0,0.0,0.0,0.0,0.0,0.0,0.0,0.0,0.0,0.0,0.0,0.0,0.0,0.0,0.0,0.0,0.01382072021955945,0.01382072021955945
2018/10/17 11:00:00,2018/10/17 12:00:00,2018/10/17 16:00:00,3.181241584068253,3.181241584068253,2.245622163343383,0.0,0.0,0.0,0.20714344994933365,0.04236361106157028,0.0,0.004534367197762577,0.2831607590220128,0.0,0.0,0.0,0.0,0.0,0.0,0.3984172334941907,0.0,0.0,0.0,0.0,0.0,0.0,0.0,0.0,0.0,0.0,0.0,0.0,0.0,0.0,0.0,0.0,0.0,0.0,0.010854838170166633,0.010854838170166633
2018/10/17 12:00:00,2018/10/17 13:00:00,2018/10/17 17:00:00,3.777686859096784,3.777686859096784,1.9232288784995097,0.0,0.0,0.0,0.20063083423307632,0.041031693884056454,0.0,0.00439180613159006,0.2895827755176989,0.0,0.0,0.0,0.0,0.0,0.0,1.3188208708308526,0.0,0.0,0.0,0.0,0.0,0.0,0.0,0.0,0.0,0.0,0.0,0.0,0.0,0.0,0.0,0.0,0.0,0.0,0.012889992296850627,0.012889992296850627
2018/10/17 13:00:00,2018/10/17 14:00:00,2018/10/17 18:00:00,2.5410902546055545,2.5410902546055545,1.693405906294945,0.0,0.0,0.0,0.19871440153991735,0.04063975771972915,0.0,0.004349855446966891,0.2988871592648213,0.0,0.0,0.0,0.0,0.0,0.0,0.3050931743391747,0.0,0.0,0.0,0.0,0.0,0.0,0.0,0.0,0.0,0.0,0.0,0.0,0.0,0.0,0.0,0.0,0.0,0.0,0.008670552914832963,0.008670552914832963
2018/10/17 14:00:00,2018/10/17 15:00:00,2018/10/17 19:00:00,1.9958385695888603,1.9958385695888603,1.4177252785703012,0.0,0.0,0.0,0.1987135941599378,0.040639592599705135,0.0,0.004349837773430528,0.3344102664854856,0.0,0.0,0.0,0.0,0.0,0.0,0.0,0.0,0.0,0.0,0.0,0.0,0.0,0.0,0.0,0.0,0.0,0.0,0.0,0.0,0.0,0.0,0.0,0.0,0.0,0.006810078428233926,0.006810078428233926
2018/10/17 15:00:00,2018/10/17 16:00:00,2018/10/17 20:00:00,2.0706146673822046,2.0706146673822046,1.4178065623161318,0.0,0.0,0.0,0.20036350665753808,0.04097702181289558,0.0,0.0043859543347320165,0.4070816222609071,0.0,0.0,0.0,0.0,0.0,0.0,0.0,0.0,0.0,0.0,0.0,0.0,0.0,0.0,0.0,0.0,0.0,0.0,0.0,0.0,0.0,0.0,0.0,0.0,0.0,0.007065224860560297,0.007065224860560297
2018/10/17 16:00:00,2018/10/17 17:00:00,2018/10/17 21:00:00,4.618704098104295,4.618704098104295,1.3064237253505957,0.0,0.0,0.0,0.2081585673374433,0.042571216169152666,0.0,0.004556588103070704,2.545437987758176,0.0,0.0,0.0,0.0,0.0,0.0,0.5115560133858564,0.0,0.0,0.0,0.0,0.0,0.0,0.0,0.0,0.0,0.0,0.0,0.0,0.0,0.0,0.0,0.0,0.0,0.0,0.015759659936512356,0.015759659936512356
2018/10/17 17:00:00,2018/10/17 18:00:00,2018/10/17 22:00:00,5.608310572889638,5.608310572889638,1.238475974907253,0.0,0.0,0.0,0.2347702009285104,0.048013651811895555,0.0,0.005139116387038774,3.989510777097465,0.0,0.0,0.0,0.0,0.0,0.0,0.09240085175747546,0.0,0.0,0.0,0.0,0.0,0.0,0.0,0.0,0.0,0.0,0.0,0.0,0.0,0.0,0.0,0.0,0.0,0.0,0.019136334688200602,0.019136334688200602
2018/10/17 18:00:00,2018/10/17 19:00:00,2018/10/17 23:00:00,2.7729420604846995,2.7729420604846995,1.771240796660551,0.0,0.0,0.0,0.29648517388170076,0.0606351907092335,0.0,0.0064900562745331585,0.6380908429586813,0.0,0.0,0.0,0.0,0.0,0.0,0.0,0.0,0.0,0.0,0.0,0.0,0.0,0.0,0.0,0.0,0.0,0.0,0.0,0.0,0.0,0.0,0.0,0.0,0.0,0.009461663481500637,0.009461663481500637
2018/10/17 19:00:00,2018/10/17 20:00:00,2018/10/18 00:00:00,3.1988307408383885,3.1988307408383885,2.1400318346113183,0.0,0.0,0.0,0.3887692310680028,0.07950851693210204,0.0,0.008510152984732613,0.5820110052422335,0.0,0.0,0.0,0.0,0.0,0.0,0.0,0.0,0.0,0.0,0.0,0.0,0.0,0.0,0.0,0.0,0.0,0.0,0.0,0.0,0.0,0.0,0.0,0.0,0.0,0.01091485481626031,0.01091485481626031
2018/10/17 20:00:00,2018/10/17 21:00:00,2018/10/18 01:00:00,3.8092775333386975,3.8092775333386975,2.5572281087749333,0.0,0.0,0.0,0.46406015284263663,0.09490651926965052,0.0,0.010158270200448155,0.6829244822510292,0.0,0.0,0.0,0.0,0.0,0.0,0.0,0.0,0.0,0.0,0.0,0.0,0.0,0.0,0.0,0.0,0.0,0.0,0.0,0.0,0.0,0.0,0.0,0.0,0.0,0.012997784065416629,0.012997784065416629
2018/10/17 21:00:00,2018/10/17 22:00:00,2018/10/18 02:00:00,4.048216526978723,4.048216526978723,2.942837458039942,0.0,0.0,0.0,0.46491935867164713,0.09508223837431415,0.0,0.010177078203926637,0.5352003936888928,0.0,0.0,0.0,0.0,0.0,0.0,0.0,0.0,0.0,0.0,0.0,0.0,0.0,0.0,0.0,0.0,0.0,0.0,0.0,0.0,0.0,0.0,0.0,0.0,0.0,0.013813077101159022,0.013813077101159022
2018/10/17 22:00:00,2018/10/17 23:00:00,2018/10/18 03:00:00,4.181436593154445,4.181436593154445,3.3658946609321845,0.0,0.0,0.0,0.29368187909065674,0.06006187936268712,0.0,0.006428692191095917,0.4553694815778204,0.0,0.0,0.0,0.0,0.0,0.0,0.0,0.0,0.0,0.0,0.0,0.0,0.0,0.0,0.0,0.0,0.0,0.0,0.0,0.0,0.0,0.0,0.0,0.0,0.0,0.014267642471672967,0.014267642471672967
2018/10/17 23:00:00,2018/10/18 00:00:00,2018/10/18 04:00:00,4.222482129879818,4.222482129879818,3.675241564203009,0.0,0.0,0.0,0.13094360677997474,0.026779722120023,0.0,0.002866353705536267,0.386650883071275,0.0,0.0,0.0,0.0,0.0,0.0,0.0,0.0,0.0,0.0,0.0,0.0,0.0,0.0,0.0,0.0,0.0,0.0,0.0,0.0,0.0,0.0,0.0,0.0,0.0,0.014407695544345237,0.014407695544345237
2018/10/18 00:00:00,2018/10/18 01:00:00,2018/10/18 05:00:00,6.334784371416827,6.334784371416827,4.880743468227996,0.0,0.0,0.0,0.06501908921459039,0.013297274945155983,0.0,0.0014232669458539432,1.3743012720832308,0.0,0.0,0.0,0.0,0.0,0.0,0.0,0.0,0.0,0.0,0.0,0.0,0.0,0.0,0.0,0.0,0.0,0.0,0.0,0.0,0.0,0.0,0.0,0.0,0.0,0.021615164198468213,0.021615164198468213
2018/10/18 01:00:00,2018/10/18 02:00:00,2018/10/18 06:00:00,5.044663285728641,5.044663285728641,4.671793714291288,0.0,0.0,0.0,0.03901145352875434,0.00797836496709361,0.0,0.0008539601675123682,0.32502579277399113,0.0,0.0,0.0,0.0,0.0,0.0,0.0,0.0,0.0,0.0,0.0,0.0,0.0,0.0,0.0,0.0,0.0,0.0,0.0,0.0,0.0,0.0,0.0,0.0,0.0,0.01721309185187321,0.01721309185187321
2018/10/18 02:00:00,2018/10/18 03:00:00,2018/10/18 07:00:00,5.022788550325595,5.022788550325595,4.500998648061062,0.0,0.0,0.0,0.026007635685836212,0.005318909978062404,0.0,0.0005693067783415784,0.2943514407253382,0.0,0.0,0.0,0.0,0.0,0.0,0.1955426090969558,0.0,0.0,0.0,0.0,0.0,0.0,0.0,0.0,0.0,0.0,0.0,0.0,0.0,0.0,0.0,0.0,0.0,0.0,0.01713845221620253,0.01713845221620253
2018/10/18 03:00:00,2018/10/18 04:00:00,2018/10/18 08:00:00,5.180545172685126,5.180545172685126,4.659759034163802,0.0,0.0,0.0,0.026007635685836212,0.005318909978062404,0.0,0.0005693067783415784,0.2817239479131314,0.0,0.0,0.0,0.0,0.0,0.0,0.2071663381659542,0.0,0.0,0.0,0.0,0.0,0.0,0.0,0.0,0.0,0.0,0.0,0.0,0.0,0.0,0.0,0.0,0.0,0.0,0.017676739724627123,0.017676739724627123
2018/10/18 04:00:00,2018/10/18 05:00:00,2018/10/18 09:00:00,5.036096813258025,5.036096813258025,4.736259476319585,0.0,0.0,0.0,0.0278045810395689,0.005686409380447792,0.0,0.0006086418867900008,0.2657377046316337,0.0,0.0,0.0,0.0,0.0,0.0,0.0,0.0,0.0,0.0,0.0,0.0,0.0,0.0,0.0,0.0,0.0,0.0,0.0,0.0,0.0,0.0,0.0,0.0,0.0,0.017183861857891176,0.017183861857891176
2018/10/18 05:00:00,2018/10/18 06:00:00,2018/10/18 10:00:00,5.125791822786637,5.125791822786637,4.744398524752399,0.0,0.0,0.0,0.07380313982851767,0.015093730994548724,0.0,0.001615549689899291,0.29088087752127156,0.0,0.0,0.0,0.0,0.0,0.0,0.0,0.0,0.0,0.0,0.0,0.0,0.0,0.0,0.0,0.0,0.0,0.0,0.0,0.0,0.0,0.0,0.0,0.0,0.0,0.01748991368934609,0.01748991368934609
2018/10/18 06:00:00,2018/10/18 07:00:00,2018/10/18 11:00:00,5.220803818434913,5.220803818434913,4.649391394149714,0.0,0.0,0.0,0.17326939918692633,0.03543591379704412,0.0,0.003792864704345704,0.35891424659688315,0.0,0.0,0.0,0.0,0.0,0.0,0.0,0.0,0.0,0.0,0.0,0.0,0.0,0.0,0.0,0.0,0.0,0.0,0.0,0.0,0.0,0.0,0.0,0.0,0.0,0.017814107815988845,0.017814107815988845
2018/10/18 07:00:00,2018/10/18 08:00:00,2018/10/18 12:00:00,5.222444240514024,5.222444240514024,4.156700276405641,0.0,0.0,0.0,0.21926795797587528,0.044843235411145085,0.0,0.004799772507454998,0.4121843771138827,0.0,0.0,0.0,0.0,0.0,0.0,0.38464862110002385,0.0,0.0,0.0,0.0,0.0,0.0,0.0,0.0,0.0,0.0,0.0,0.0,0.0,0.0,0.0,0.0,0.0,0.0,0.017819705163983002,0.017819705163983002
2018/10/18 08:00:00,2018/10/18 09:00:00,2018/10/18 13:00:00,6.48756857705177,6.48756857705177,4.557215244164811,0.0,0.0,0.0,0.22459555084839308,0.04593279953881092,0.0,0.00491639344029206,0.33608771822860944,0.0,0.0,0.0,0.0,0.0,0.0,1.3188208708308526,0.0,0.0,0.0,0.0,0.0,0.0,0.0,0.0,0.0,0.0,0.0,0.0,0.0,0.0,0.0,0.0,0.0,0.0,0.022136485130342838,0.022136485130342838
2018/10/18 09:00:00,2018/10/18 10:00:00,2018/10/18 14:00:00,6.345682255527433,6.345682255527433,4.48515674675167,0.0,0.0,0.0,0.22267911815523408,0.04554086337448363,0.0,0.00487444275566889,0.26861021365952403,0.0,0.0,0.0,0.0,0.0,0.0,1.3188208708308526,0.0,0.0,0.0,0.0,0.0,0.0,0.0,0.0,0.0,0.0,0.0,0.0,0.0,0.0,0.0,0.0,0.0,0.0,0.021652349292806943,0.021652349292806943
2018/10/18 10:00:00,2018/10/18 11:00:00,2018/10/18 15:00:00,5.638623217653872,5.638623217653872,4.388327970005627,0.0,0.0,0.0,0.21616650243897678,0.04420894619696981,0.0,0.004731881689496374,0.2648940496482986,0.0,0.0,0.0,0.0,0.0,0.0,0.7202938676745032,0.0,0.0,0.0,0.0,0.0,0.0,0.0,0.0,0.0,0.0,0.0,0.0,0.0,0.0,0.0,0.0,0.0,0.0,0.019239765642666096,0.019239765642666096
2018/10/18 11:00:00,2018/10/18 12:00:00,2018/10/18 16:00:00,4.447797308120187,4.447797308120187,3.910595120889507,0.0,0.0,0.0,0.20714344994933365,0.04236361106157028,0.0,0.004534367197762577,0.2831607590220128,0.0,0.0,0.0,0.0,0.0,0.0,0.0,0.0,0.0,0.0,0.0,0.0,0.0,0.0,0.0,0.0,0.0,0.0,0.0,0.0,0.0,0.0,0.0,0.0,0.0,0.015176502229549492,0.015176502229549492
2018/10/18 12:00:00,2018/10/18 13:00:00,2018/10/18 17:00:00,3.874389558111379,3.874389558111379,3.338752448344957,0.0,0.0,0.0,0.20063083423307632,0.041031693884056454,0.0,0.00439180613159006,0.2895827755176989,0.0,0.0,0.0,0.0,0.0,0.0,0.0,0.0,0.0,0.0,0.0,0.0,0.0,0.0,0.0,0.0,0.0,0.0,0.0,0.0,0.0,0.0,0.0,0.0,0.0,0.013219955338223734,0.013219955338223734
2018/10/18 13:00:00,2018/10/18 14:00:00,2018/10/18 18:00:00,3.4114524301553724,3.4114524301553724,2.868861256183938,0.0,0.0,0.0,0.19871440153991735,0.04063975771972915,0.0,0.004349855446966891,0.2988871592648213,0.0,0.0,0.0,0.0,0.0,0.0,0.0,0.0,0.0,0.0,0.0,0.0,0.0,0.0,0.0,0.0,0.0,0.0,0.0,0.0,0.0,0.0,0.0,0.0,0.0,0.011640349554088995,0.011640349554088995
2018/10/18 14:00:00,2018/10/18 15:00:00,2018/10/18 19:00:00,3.11657715948449,3.11657715948449,2.49107237419385,0.0,0.0,0.0,0.1987135941599378,0.040639592599705135,0.0,0.004349837773430528,0.3818017607575663,0.0,0.0,0.0,0.0,0.0,0.0,0.0,0.0,0.0,0.0,0.0,0.0,0.0,0.0,0.0,0.0,0.0,0.0,0.0,0.0,0.0,0.0,0.0,0.0,0.0,0.010634194171377311,0.010634194171377311
2018/10/18 15:00:00,2018/10/18 16:00:00,2018/10/18 20:00:00,3.4888643076424675,3.4888643076424675,1.8388893819840002,0.0,0.0,0.0,0.20036350665753808,0.04097702181289558,0.0,0.0043859543347320165,1.4042484428533013,0.0,0.0,0.0,0.0,0.0,0.0,0.0,0.0,0.0,0.0,0.0,0.0,0.0,0.0,0.0,0.0,0.0,0.0,0.0,0.0,0.0,0.0,0.0,0.0,0.0,0.011904489632849248,0.011904489632849248
2018/10/18 16:00:00,2018/10/18 17:00:00,2018/10/18 21:00:00,2.368023981831833,2.368023981831833,1.3214257260311024,0.0,0.0,0.0,0.2081585673374433,0.042571216169152666,0.0,0.004556588103070704,0.7913118841910638,0.0,0.0,0.0,0.0,0.0,0.0,0.0,0.0,0.0,0.0,0.0,0.0,0.0,0.0,0.0,0.0,0.0,0.0,0.0,0.0,0.0,0.0,0.0,0.0,0.0,0.0080800267526324,0.0080800267526324
2018/10/18 17:00:00,2018/10/18 18:00:00,2018/10/18 22:00:00,2.230882176819059,2.230882176819059,0.9197712362534113,0.0,0.0,0.0,0.2347702009285104,0.048013651811895555,0.0,0.005139116387038774,0.6205395368337665,0.0,0.0,0.0,0.0,0.0,0.0,0.4026484346044368,0.0,0.0,0.0,0.0,0.0,0.0,0.0,0.0,0.0,0.0,0.0,0.0,0.0,0.0,0.0,0.0,0.0,0.0,0.007612079864463511,0.007612079864463511
2018/10/18 18:00:00,2018/10/18 19:00:00,2018/10/18 23:00:00,2.145145971699153,2.145145971699153,0.7106556997981073,0.0,0.0,0.0,0.29648517388170076,0.0606351907092335,0.0,0.0064900562745331585,0.6380908429586813,0.0,0.0,0.0,0.0,0.0,0.0,0.43278900807689696,0.0,0.0,0.0,0.0,0.0,0.0,0.0,0.0,0.0,0.0,0.0,0.0,0.0,0.0,0.0,0.0,0.0,0.0,0.007319536023542555,0.007319536023542555
2018/10/18 19:00:00,2018/10/18 20:00:00,2018/10/19 00:00:00,3.535574118117197,3.535574118117197,1.1632271260739344,0.0,0.0,0.0,0.3887692310680028,0.07950851693210204,0.0,0.008510152984732613,0.5767382202275719,0.0,0.0,0.0,0.0,0.0,0.0,1.3188208708308526,0.0,0.0,0.0,0.0,0.0,0.0,0.0,0.0,0.0,0.0,0.0,0.0,0.0,0.0,0.0,0.0,0.0,0.0,0.0120638699943413,0.0120638699943413
2018/10/18 20:00:00,2018/10/18 21:00:00,2018/10/19 01:00:00,4.33612676655267,4.33612676655267,1.8841212228193267,0.0,0.0,0.0,0.46406015284263663,0.09490651926965052,0.0,0.010158270200448155,0.5640597305897557,0.0,0.0,0.0,0.0,0.0,0.0,1.3188208708308526,0.0,0.0,0.0,0.0,0.0,0.0,0.0,0.0,0.0,0.0,0.0,0.0,0.0,0.0,0.0,0.0,0.0,0.0,0.014795466830301345,0.014795466830301345
2018/10/18 21:00:00,2018/10/18 22:00:00,2018/10/19 02:00:00,4.653949229754883,4.653949229754883,2.2424226713421738,0.0,0.0,0.0,0.46491935867164713,0.09508223837431415,0.0,0.010177078203926637,0.5352003936888928,0.0,0.0,0.0,0.0,0.0,0.0,1.3061474894739287,0.0,0.0,0.0,0.0,0.0,0.0,0.0,0.0,0.0,0.0,0.0,0.0,0.0,0.0,0.0,0.0,0.0,0.0,0.015879921221373376,0.015879921221373376
2018/10/18 22:00:00,2018/10/18 23:00:00,2018/10/19 03:00:00,3.4707479738824385,3.4707479738824385,2.655206041660178,0.0,0.0,0.0,0.29368187909065674,0.06006187936268712,0.0,0.006428692191095917,0.4553694815778204,0.0,0.0,0.0,0.0,0.0,0.0,0.0,0.0,0.0,0.0,0.0,0.0,0.0,0.0,0.0,0.0,0.0,0.0,0.0,0.0,0.0,0.0,0.0,0.0,0.0,0.01184267418563937,0.01184267418563937
2018/10/18 23:00:00,2018/10/19 00:00:00,2018/10/19 04:00:00,3.660925082432944,3.660925082432944,3.113684516756134,0.0,0.0,0.0,0.13094360677997474,0.026779722120023,0.0,0.002866353705536267,0.386650883071275,0.0,0.0,0.0,0.0,0.0,0.0,0.0,0.0,0.0,0.0,0.0,0.0,0.0,0.0,0.0,0.0,0.0,0.0,0.0,0.0,0.0,0.0,0.0,0.0,0.0,0.012491584896263872,0.012491584896263872
2018/10/19 00:00:00,2018/10/19 01:00:00,2018/10/19 05:00:00,4.240321943654536,4.240321943654536,3.8201222940169295,0.0,0.0,0.0,0.06501908921459039,0.013297274945155983,0.0,0.0014232669458539432,0.340460018532006,0.0,0.0,0.0,0.0,0.0,0.0,0.0,0.0,0.0,0.0,0.0,0.0,0.0,0.0,0.0,0.0,0.0,0.0,0.0,0.0,0.0,0.0,0.0,0.0,0.0,0.014468567466955662,0.014468567466955662
2018/10/19 01:00:00,2018/10/19 02:00:00,2018/10/19 06:00:00,4.5209561240379275,4.5209561240379275,4.148086552600576,0.0,0.0,0.0,0.03901145352875434,0.00797836496709361,0.0,0.0008539601675123682,0.32502579277399113,0.0,0.0,0.0,0.0,0.0,0.0,0.0,0.0,0.0,0.0,0.0,0.0,0.0,0.0,0.0,0.0,0.0,0.0,0.0,0.0,0.0,0.0,0.0,0.0,0.0,0.015426130271470325,0.015426130271470325
2018/10/19 02:00:00,2018/10/19 03:00:00,2018/10/19 07:00:00,4.420389071242905,4.420389071242905,4.094141778075326,0.0,0.0,0.0,0.026007635685836212,0.005318909978062404,0.0,0.0005693067783415784,0.2943514407253382,0.0,0.0,0.0,0.0,0.0,0.0,0.0,0.0,0.0,0.0,0.0,0.0,0.0,0.0,0.0,0.0,0.0,0.0,0.0,0.0,0.0,0.0,0.0,0.0,0.0,0.015082981518226457,0.015082981518226457
2018/10/19 03:00:00,2018/10/19 04:00:00,2018/10/19 08:00:00,4.6414137427852165,4.6414137427852165,4.327793942429845,0.0,0.0,0.0,0.026007635685836212,0.005318909978062404,0.0,0.0005693067783415784,0.2817239479131314,0.0,0.0,0.0,0.0,0.0,0.0,0.0,0.0,0.0,0.0,0.0,0.0,0.0,0.0,0.0,0.0,0.0,0.0,0.0,0.0,0.0,0.0,0.0,0.0,0.0,0.0158371483986109,0.0158371483986109
2018/10/19 04:00:00,2018/10/19 05:00:00,2018/10/19 09:00:00,4.831213797701661,4.831213797701661,4.531376460763221,0.0,0.0,0.0,0.0278045810395689,0.005686409380447792,0.0,0.0006086418867900008,0.2657377046316337,0.0,0.0,0.0,0.0,0.0,0.0,0.0,0.0,0.0,0.0,0.0,0.0,0.0,0.0,0.0,0.0,0.0,0.0,0.0,0.0,0.0,0.0,0.0,0.0,0.0,0.01648477254986195,0.01648477254986195
2018/10/19 05:00:00,2018/10/19 06:00:00,2018/10/19 10:00:00,4.990623270692795,4.990623270692795,4.609229972658557,0.0,0.0,0.0,0.07380313982851767,0.015093730994548724,0.0,0.001615549689899291,0.29088087752127156,0.0,0.0,0.0,0.0,0.0,0.0,0.0,0.0,0.0,0.0,0.0,0.0,0.0,0.0,0.0,0.0,0.0,0.0,0.0,0.0,0.0,0.0,0.0,0.0,0.0,0.01702869981422817,0.01702869981422817
2018/10/19 06:00:00,2018/10/19 07:00:00,2018/10/19 11:00:00,5.720543882387311,5.720543882387311,3.8599029766090256,0.0,0.0,0.0,0.17326939918692633,0.03543591379704412,0.0,0.003792864704345704,0.35891424659688315,0.0,0.0,0.0,0.0,0.0,0.0,1.2892284814930854,0.0,0.0,0.0,0.0,0.0,0.0,0.0,0.0,0.0,0.0,0.0,0.0,0.0,0.0,0.0,0.0,0.0,0.0,0.01951929032979683,0.01951929032979683
2018/10/19 07:00:00,2018/10/19 08:00:00,2018/10/19 12:00:00,6.755270400503147,6.755270400503147,4.755354186663936,0.0,0.0,0.0,0.21926795797587528,0.044843235411145085,0.0,0.004799772507454998,0.4121843771138827,0.0,0.0,0.0,0.0,0.0,0.0,1.3188208708308526,0.0,0.0,0.0,0.0,0.0,0.0,0.0,0.0,0.0,0.0,0.0,0.0,0.0,0.0,0.0,0.0,0.0,0.0,0.023049920936656903,0.023049920936656903
2018/10/19 08:00:00,2018/10/19 09:00:00,2018/10/19 13:00:00,6.5282873798140075,6.5282873798140075,4.597934046927048,0.0,0.0,0.0,0.22459555084839308,0.04593279953881092,0.0,0.00491639344029206,0.33608771822860944,0.0,0.0,0.0,0.0,0.0,0.0,1.3188208708308526,0.0,0.0,0.0,0.0,0.0,0.0,0.0,0.0,0.0,0.0,0.0,0.0,0.0,0.0,0.0,0.0,0.0,0.0,0.022275423341348424,0.022275423341348424
2018/10/19 09:00:00,2018/10/19 10:00:00,2018/10/19 14:00:00,5.328994515694474,5.328994515694474,3.4684690069187107,0.0,0.0,0.0,0.22267911815523408,0.04554086337448363,0.0,0.00487444275566889,0.26861021365952403,0.0,0.0,0.0,0.0,0.0,0.0,1.3188208708308526,0.0,0.0,0.0,0.0,0.0,0.0,0.0,0.0,0.0,0.0,0.0,0.0,0.0,0.0,0.0,0.0,0.0,0.0,0.018183269503095983,0.018183269503095983
2018/10/19 10:00:00,2018/10/19 11:00:00,2018/10/19 15:00:00,3.242263446026893,3.242263446026893,2.4213710627619505,0.0,0.0,0.0,0.21616650243897678,0.04420894619696981,0.0,0.004731881689496374,0.2648940496482986,0.0,0.0,0.0,0.0,0.0,0.0,0.2908910032912008,0.0,0.0,0.0,0.0,0.0,0.0,0.0,0.0,0.0,0.0,0.0,0.0,0.0,0.0,0.0,0.0,0.0,0.0,0.011063053239314639,0.011063053239314639
2018/10/19 11:00:00,2018/10/19 12:00:00,2018/10/19 16:00:00,2.4510361524062114,2.4510361524062114,1.5535975482905637,0.0,0.0,0.0,0.20714344994933365,0.04236361106157028,0.0,0.004534367197762577,0.2831607590220128,0.0,0.0,0.0,0.0,0.0,0.0,0.36023641688496844,0.0,0.0,0.0,0.0,0.0,0.0,0.0,0.0,0.0,0.0,0.0,0.0,0.0,0.0,0.0,0.0,0.0,0.0,0.00836327580930631,0.00836327580930631
2018/10/19 12:00:00,2018/10/19 13:00:00,2018/10/19 17:00:00,2.819048743873019,2.819048743873019,1.2801958489394534,0.0,0.0,0.0,0.20063083423307632,0.041031693884056454,0.0,0.00439180613159006,0.2895827755176989,0.0,0.0,0.0,0.0,0.0,0.0,1.0032157851671444,0.0,0.0,0.0,0.0,0.0,0.0,0.0,0.0,0.0,0.0,0.0,0.0,0.0,0.0,0.0,0.0,0.0,0.0,0.009618985889597444,0.009618985889597444
2018/10/19 13:00:00,2018/10/19 14:00:00,2018/10/19 18:00:00,1.3633108165556453,1.3633108165556453,0.8207196425842108,0.0,0.0,0.0,0.19871440153991735,0.04063975771972915,0.0,0.004349855446966891,0.2988871592648213,0.0,0.0,0.0,0.0,0.0,0.0,0.0,0.0,0.0,0.0,0.0,0.0,0.0,0.0,0.0,0.0,0.0,0.0,0.0,0.0,0.0,0.0,0.0,0.0,0.0,0.004651805874618468,0.004651805874618468
2018/10/19 14:00:00,2018/10/19 15:00:00,2018/10/19 19:00:00,1.6256572819492776,1.6256572819492776,0.19240231929328222,0.0,0.0,0.0,0.1987135941599378,0.040639592599705135,0.0,0.004349837773430528,0.6935726338755659,0.0,0.0,0.0,0.0,0.0,0.0,0.495979304247356,0.0,0.0,0.0,0.0,0.0,0.0,0.0,0.0,0.0,0.0,0.0,0.0,0.0,0.0,0.0,0.0,0.0,0.0,0.005546968455361974,0.005546968455361974
2018/10/19 15:00:00,2018/10/19 16:00:00,2018/10/19 20:00:00,0.5662187005267031,0.5662187005267031,0.00017804957830285886,0.0,0.0,0.0,0.20036350665753808,0.04097702181289558,0.0,0.0043859543347320165,0.32031416814323455,0.0,0.0,0.0,0.0,0.0,0.0,0.0,0.0,0.0,0.0,0.0,0.0,0.0,0.0,0.0,0.0,0.0,0.0,0.0,0.0,0.0,0.0,0.0,0.0,0.0,0.0019320168559092807,0.0019320168559092807
2018/10/19 16:00:00,2018/10/19 17:00:00,2018/10/19 21:00:00,0.6952737374449551,0.6952737374449551,0.0,0.0,0.0,0.0,0.2081585673374433,0.042571216169152666,0.0,0.004556588103070704,0.43998736583528836,0.0,0.0,0.0,0.0,0.0,0.0,0.0,0.0,0.0,0.0,0.0,0.0,0.0,0.0,0.0,0.0,0.0,0.0,0.0,0.0,0.0,0.0,0.0,0.0,0.0,0.0023723705680599423,0.0023723705680599423
2018/10/19 17:00:00,2018/10/19 18:00:00,2018/10/19 22:00:00,0.9084625059612113,0.9084625059612113,0.0,0.0,0.0,0.0,0.2347702009285104,0.048013651811895555,0.0,0.005139116387038774,0.6205395368337665,0.0,0.0,0.0,0.0,0.0,0.0,0.0,0.0,0.0,0.0,0.0,0.0,0.0,0.0,0.0,0.0,0.0,0.0,0.0,0.0,0.0,0.0,0.0,0.0,0.0,0.003099800258885783,0.003099800258885783
2018/10/19 18:00:00,2018/10/19 19:00:00,2018/10/19 23:00:00,1.113958430995225,1.113958430995225,0.11225716717107624,0.0,0.0,0.0,0.29648517388170076,0.0606351907092335,0.0,0.0064900562745331585,0.6380908429586813,0.0,0.0,0.0,0.0,0.0,0.0,0.0,0.0,0.0,0.0,0.0,0.0,0.0,0.0,0.0,0.0,0.0,0.0,0.0,0.0,0.0,0.0,0.0,0.0,0.0,0.0038009808991879674,0.0038009808991879674
2018/10/19 19:00:00,2018/10/19 20:00:00,2018/10/20 00:00:00,2.3090716401808664,2.3090716401808664,0.4105135978292223,0.0,0.0,0.0,0.3887692310680028,0.07950851693210204,0.0,0.008510152984732613,0.5767382202275719,0.0,0.0,0.0,0.0,0.0,0.0,0.8450319211392349,0.0,0.0,0.0,0.0,0.0,0.0,0.0,0.0,0.0,0.0,0.0,0.0,0.0,0.0,0.0,0.0,0.0,0.0,0.007878873174237617,0.007878873174237617
2018/10/19 20:00:00,2018/10/19 21:00:00,2018/10/20 01:00:00,3.7852820285251845,3.7852820285251845,1.333276484791841,0.0,0.0,0.0,0.46406015284263663,0.09490651926965052,0.0,0.010158270200448155,0.5640597305897557,0.0,0.0,0.0,0.0,0.0,0.0,1.3188208708308526,0.0,0.0,0.0,0.0,0.0,0.0,0.0,0.0,0.0,0.0,0.0,0.0,0.0,0.0,0.0,0.0,0.0,0.0,0.012915908069935315,0.012915908069935315
2018/10/19 21:00:00,2018/10/19 22:00:00,2018/10/20 02:00:00,4.280478071597288,4.280478071597288,2.0046811367683866,0.0,0.0,0.0,0.46491935867164713,0.09508223837431415,0.0,0.010177078203926637,0.5352003936888928,0.0,0.0,0.0,0.0,0.0,0.0,1.1704178658901208,0.0,0.0,0.0,0.0,0.0,0.0,0.0,0.0,0.0,0.0,0.0,0.0,0.0,0.0,0.0,0.0,0.0,0.0,0.014605585753319711,0.014605585753319711
2018/10/19 22:00:00,2018/10/19 23:00:00,2018/10/20 03:00:00,3.446046589844435,3.446046589844435,2.6305046576221747,0.0,0.0,0.0,0.29368187909065674,0.06006187936268712,0.0,0.006428692191095917,0.4553694815778204,0.0,0.0,0.0,0.0,0.0,0.0,0.0,0.0,0.0,0.0,0.0,0.0,0.0,0.0,0.0,0.0,0.0,0.0,0.0,0.0,0.0,0.0,0.0,0.0,0.0,0.01175838963219506,0.01175838963219506
2018/10/19 23:00:00,2018/10/20 00:00:00,2018/10/20 04:00:00,3.749413862798913,3.749413862798913,3.2021732971221035,0.0,0.0,0.0,0.13094360677997474,0.026779722120023,0.0,0.002866353705536267,0.386650883071275,0.0,0.0,0.0,0.0,0.0,0.0,0.0,0.0,0.0,0.0,0.0,0.0,0.0,0.0,0.0,0.0,0.0,0.0,0.0,0.0,0.0,0.0,0.0,0.0,0.0,0.012793520906266502,0.012793520906266502
2018/10/20 00:00:00,2018/10/20 01:00:00,2018/10/20 05:00:00,4.4932420606753185,4.4932420606753185,4.073042411037713,0.0,0.0,0.0,0.06501908921459039,0.013297274945155983,0.0,0.0014232669458539432,0.340460018532006,0.0,0.0,0.0,0.0,0.0,0.0,0.0,0.0,0.0,0.0,0.0,0.0,0.0,0.0,0.0,0.0,0.0,0.0,0.0,0.0,0.0,0.0,0.0,0.0,0.0,0.01533156603769901,0.01533156603769901
2018/10/20 01:00:00,2018/10/20 02:00:00,2018/10/20 06:00:00,4.9177750569523795,4.9177750569523795,4.544905485515027,0.0,0.0,0.0,0.03901145352875434,0.00797836496709361,0.0,0.0008539601675123682,0.32502579277399113,0.0,0.0,0.0,0.0,0.0,0.0,0.0,0.0,0.0,0.0,0.0,0.0,0.0,0.0,0.0,0.0,0.0,0.0,0.0,0.0,0.0,0.0,0.0,0.0,0.0,0.016780131590080075,0.016780131590080075
2018/10/20 02:00:00,2018/10/20 03:00:00,2018/10/20 07:00:00,4.8772584110516775,4.8772584110516775,4.5510111178841,0.0,0.0,0.0,0.026007635685836212,0.005318909978062404,0.0,0.0005693067783415784,0.2943514407253382,0.0,0.0,0.0,0.0,0.0,0.0,0.0,0.0,0.0,0.0,0.0,0.0,0.0,0.0,0.0,0.0,0.0,0.0,0.0,0.0,0.0,0.0,0.0,0.0,0.0,0.016641883166366327,0.016641883166366327
2018/10/20 03:00:00,2018/10/20 04:00:00,2018/10/20 08:00:00,5.1874706035300635,5.1874706035300635,4.873850803174693,0.0,0.0,0.0,0.026007635685836212,0.005318909978062404,0.0,0.0005693067783415784,0.2817239479131314,0.0,0.0,0.0,0.0,0.0,0.0,0.0,0.0,0.0,0.0,0.0,0.0,0.0,0.0,0.0,0.0,0.0,0.0,0.0,0.0,0.0,0.0,0.0,0.0,0.0,0.017700370256636053,0.017700370256636053
2018/10/20 04:00:00,2018/10/20 05:00:00,2018/10/20 09:00:00,5.433448227032877,5.433448227032877,5.133610890094437,0.0,0.0,0.0,0.0278045810395689,0.005686409380447792,0.0,0.0006086418867900008,0.2657377046316337,0.0,0.0,0.0,0.0,0.0,0.0,0.0,0.0,0.0,0.0,0.0,0.0,0.0,0.0,0.0,0.0,0.0,0.0,0.0,0.0,0.0,0.0,0.0,0.0,0.0,0.01853968007516002,0.01853968007516002
2018/10/20 05:00:00,2018/10/20 06:00:00,2018/10/20 10:00:00,5.7224733159081556,5.7224733159081556,5.341080017873918,0.0,0.0,0.0,0.07380313982851767,0.015093730994548724,0.0,0.001615549689899291,0.29088087752127156,0.0,0.0,0.0,0.0,0.0,0.0,0.0,0.0,0.0,0.0,0.0,0.0,0.0,0.0,0.0,0.0,0.0,0.0,0.0,0.0,0.0,0.0,0.0,0.0,0.0,0.019525873824974862,0.019525873824974862
2018/10/20 06:00:00,2018/10/20 07:00:00,2018/10/20 11:00:00,6.073550008235136,6.073550008235136,5.502137583949938,0.0,0.0,0.0,0.17326939918692633,0.03543591379704412,0.0,0.003792864704345704,0.35891424659688315,0.0,0.0,0.0,0.0,0.0,0.0,0.0,0.0,0.0,0.0,0.0,0.0,0.0,0.0,0.0,0.0,0.0,0.0,0.0,0.0,0.0,0.0,0.0,0.0,0.0,0.02072379626494665,0.02072379626494665
2018/10/20 07:00:00,2018/10/20 08:00:00,2018/10/20 12:00:00,6.845647793493461,6.845647793493461,5.286971072527186,0.0,0.0,0.0,0.21926795797587528,0.044843235411145085,0.0,0.004799772507454998,0.4121843771138827,0.0,0.0,0.0,0.0,0.0,0.0,0.8775813779579166,0.0,0.0,0.0,0.0,0.0,0.0,0.0,0.0,0.0,0.0,0.0,0.0,0.0,0.0,0.0,0.0,0.0,0.0,0.023358301155268543,0.023358301155268543
2018/10/20 08:00:00,2018/10/20 09:00:00,2018/10/20 13:00:00,7.123643678420937,7.123643678420937,5.193290345533978,0.0,0.0,0.0,0.22459555084839308,0.04593279953881092,0.0,0.00491639344029206,0.33608771822860944,0.0,0.0,0.0,0.0,0.0,0.0,1.3188208708308526,0.0,0.0,0.0,0.0,0.0,0.0,0.0,0.0,0.0,0.0,0.0,0.0,0.0,0.0,0.0,0.0,0.0,0.0,0.024306861729219368,0.024306861729219368
2018/10/20 09:00:00,2018/10/20 10:00:00,2018/10/20 14:00:00,5.249294387817478,5.249294387817478,4.123323642689185,0.0,0.0,0.0,0.22267911815523408,0.04554086337448363,0.0,0.00487444275566889,0.26861021365952403,0.0,0.0,0.0,0.0,0.0,0.0,0.5842661071833826,0.0,0.0,0.0,0.0,0.0,0.0,0.0,0.0,0.0,0.0,0.0,0.0,0.0,0.0,0.0,0.0,0.0,0.0,0.01791132159615959,0.01791132159615959
2018/10/20 10:00:00,2018/10/20 11:00:00,2018/10/20 15:00:00,3.5029497664780838,3.5029497664780838,2.972948386504342,0.0,0.0,0.0,0.21616650243897678,0.04420894619696981,0.0,0.004731881689496374,0.2648940496482986,0.0,0.0,0.0,0.0,0.0,0.0,0.0,0.0,0.0,0.0,0.0,0.0,0.0,0.0,0.0,0.0,0.0,0.0,0.0,0.0,0.0,0.0,0.0,0.0,0.0,0.01195255117491473,0.01195255117491473
2018/10/20 11:00:00,2018/10/20 12:00:00,2018/10/20 16:00:00,2.4424591438440952,2.4424591438440952,1.9052569566134157,0.0,0.0,0.0,0.20714344994933365,0.04236361106157028,0.0,0.004534367197762577,0.2831607590220128,0.0,0.0,0.0,0.0,0.0,0.0,0.0,0.0,0.0,0.0,0.0,0.0,0.0,0.0,0.0,0.0,0.0,0.0,0.0,0.0,0.0,0.0,0.0,0.0,0.0,0.008334009864716573,0.008334009864716573
2018/10/20 12:00:00,2018/10/20 13:00:00,2018/10/20 17:00:00,1.5510513029496695,1.5510513029496695,1.0154141931832479,0.0,0.0,0.0,0.20063083423307632,0.041031693884056454,0.0,0.00439180613159006,0.2895827755176989,0.0,0.0,0.0,0.0,0.0,0.0,0.0,0.0,0.0,0.0,0.0,0.0,0.0,0.0,0.0,0.0,0.0,0.0,0.0,0.0,0.0,0.0,0.0,0.0,0.0,0.005292402491989913,0.005292402491989913
2018/10/20 13:00:00,2018/10/20 14:00:00,2018/10/20 18:00:00,1.6978893537290825,1.6978893537290825,0.09986541161878923,0.0,0.0,0.0,0.19871440153991735,0.04063975771972915,0.0,0.004349855446966891,0.2988871592648213,0.0,0.0,0.0,0.0,0.0,0.0,1.0554327681388584,0.0,0.0,0.0,0.0,0.0,0.0,0.0,0.0,0.0,0.0,0.0,0.0,0.0,0.0,0.0,0.0,0.0,0.0,0.005793434317556243,0.005793434317556243
2018/10/20 14:00:00,2018/10/20 15:00:00,2018/10/20 19:00:00,0.8675713288308962,0.8675713288308962,0.0,0.0,0.0,0.0,0.1987135941599378,0.040639592599705135,0.0,0.004349837773430528,0.3344102664854856,0.0,0.0,0.0,0.0,0.0,0.0,0.28945803781233703,0.0,0.0,0.0,0.0,0.0,0.0,0.0,0.0,0.0,0.0,0.0,0.0,0.0,0.0,0.0,0.0,0.0,0.0,0.0029602738825929265,0.0029602738825929265
2018/10/20 15:00:00,2018/10/20 16:00:00,2018/10/20 20:00:00,0.7446338158624761,0.7446338158624761,0.0,0.0,0.13052781684828393,0.0,0.20036350665753808,0.04097702181289558,0.0,0.0043859543347320165,0.32031416814323455,0.0,0.04806534806579192,0.0,0.0,0.0,0.0,0.0,0.0,0.0,0.0,0.0,0.0,0.0,0.0,0.0,0.0,0.0,0.0,0.0,0.0,0.0,0.0,0.0,0.0,0.0,0.002540794011904071,0.002540794011904071
2018/10/20 16:00:00,2018/10/20 17:00:00,2018/10/20 21:00:00,0.970314731133685,0.970314731133685,0.0,0.0,0.2010088571537209,0.0,0.2081585673374433,0.042571216169152666,0.0,0.004556588103070704,0.43998736583528836,0.0,0.07403213653500906,0.0,0.0,0.0,0.0,0.0,0.0,0.0,0.0,0.0,0.0,0.0,0.0,0.0,0.0,0.0,0.0,0.0,0.0,0.0,0.0,0.0,0.0,0.0,0.0033108486426596776,0.0033108486426596776
2018/10/20 17:00:00,2018/10/20 18:00:00,2018/10/20 22:00:00,1.1968081962376393,1.1968081962376393,0.0,0.0,0.21013670963524184,0.0,0.2347702009285104,0.048013651811895555,0.0,0.005139116387038774,0.6205395368337665,0.0,0.0782089806411863,0.0,0.0,0.0,0.0,0.0,0.0,0.0,0.0,0.0,0.0,0.0,0.0,0.0,0.0,0.0,0.0,0.0,0.0,0.0,0.0,0.0,0.0,0.0,0.00408367580631056,0.00408367580631056
2018/10/20 18:00:00,2018/10/20 19:00:00,2018/10/20 23:00:00,2.678442108408166,2.678442108408166,0.0,0.0,0.27234235219811254,0.0,0.29648517388170076,0.0606351907092335,0.0,0.0064900562745331585,0.6380908429586813,0.0,0.10218100810449429,0.0,0.0,0.0,0.0,1.3022174842814105,0.0,0.0,0.0,0.0,0.0,0.0,0.0,0.0,0.0,0.0,0.0,0.0,0.0,0.0,0.0,0.0,0.0,0.0,0.009139216518649273,0.009139216518649273
2018/10/20 19:00:00,2018/10/20 20:00:00,2018/10/21 00:00:00,3.029912006753917,3.029912006753917,0.0,0.0,0.17647289119402085,0.0,0.3887692310680028,0.07950851693210204,0.0,0.008510152984732613,0.9909629064065738,0.0,0.06686743733763162,0.0,0.0,0.0,0.0,1.3188208708308526,0.0,0.0,0.0,0.0,0.0,0.0,0.0,0.0,0.0,0.0,0.0,0.0,0.0,0.0,0.0,0.0,0.0,0.0,0.010338480632174763,0.010338480632174763
2018/10/20 20:00:00,2018/10/20 21:00:00,2018/10/21 01:00:00,1.9534267570324877,1.9534267570324877,0.0,0.0,0.1105645723237783,0.0,0.46406015284263663,0.09490651926965052,0.0,0.010158270200448155,0.5640597305897557,0.0,0.04227221618634003,0.0,0.0,0.0,0.0,0.6674052956198787,0.0,0.0,0.0,0.0,0.0,0.0,0.0,0.0,0.0,0.0,0.0,0.0,0.0,0.0,0.0,0.0,0.0,0.0,0.006665363432645906,0.006665363432645906
2018/10/20 21:00:00,2018/10/20 22:00:00,2018/10/21 02:00:00,1.1942688586170576,1.1942688586170576,0.0,0.0,0.06415155155871526,0.0,0.46491935867164713,0.09508223837431415,0.0,0.010177078203926637,0.5352003936888928,0.0,0.024738238119561388,0.0,0.0,0.0,0.0,0.0,0.0,0.0,0.0,0.0,0.0,0.0,0.0,0.0,0.0,0.0,0.0,0.0,0.0,0.0,0.0,0.0,0.0,0.0,0.004075011233626463,0.004075011233626463
2018/10/20 22:00:00,2018/10/20 23:00:00,2018/10/21 03:00:00,0.8189106721077966,0.8189106721077966,0.0,0.0,0.0024273251657664745,0.0,0.29368187909065674,0.06006187936268712,0.0,0.006428692191095917,0.4553694815778204,0.0,0.0009414147197697171,0.0,0.0,0.0,0.0,0.0,0.0,0.0,0.0,0.0,0.0,0.0,0.0,0.0,0.0,0.0,0.0,0.0,0.0,0.0,0.0,0.0,0.0,0.0,0.002794236962722227,0.002794236962722227
2018/10/20 23:00:00,2018/10/21 00:00:00,2018/10/21 04:00:00,0.547240565676809,0.547240565676809,0.0,0.0,0.0,0.0,0.13094360677997474,0.026779722120023,0.0,0.002866353705536267,0.386650883071275,0.0,0.0,0.0,0.0,0.0,0.0,0.0,0.0,0.0,0.0,0.0,0.0,0.0,0.0,0.0,0.0,0.0,0.0,0.0,0.0,0.0,0.0,0.0,0.0,0.0,0.0018672608236736667,0.0018672608236736667
2018/10/21 00:00:00,2018/10/21 01:00:00,2018/10/21 05:00:00,0.42019964963760637,0.42019964963760637,0.0,0.0,0.0,0.0,0.06501908921459039,0.013297274945155983,0.0,0.0014232669458539432,0.340460018532006,0.0,0.0,0.0,0.0,0.0,0.0,0.0,0.0,0.0,0.0,0.0,0.0,0.0,0.0,0.0,0.0,0.0,0.0,0.0,0.0,0.0,0.0,0.0,0.0,0.0,0.0014337795717305937,0.0014337795717305937
2018/10/21 01:00:00,2018/10/21 02:00:00,2018/10/21 06:00:00,0.5660113231723585,0.5660113231723585,0.19314175173500697,0.0,0.0,0.0,0.03901145352875434,0.00797836496709361,0.0,0.0008539601675123682,0.32502579277399113,0.0,0.0,0.0,0.0,0.0,0.0,0.0,0.0,0.0,0.0,0.0,0.0,0.0,0.0,0.0,0.0,0.0,0.0,0.0,0.0,0.0,0.0,0.0,0.0,0.0,0.0019313092555708338,0.0019313092555708338
2018/10/21 02:00:00,2018/10/21 03:00:00,2018/10/21 07:00:00,0.7045496243099211,0.7045496243099211,0.37830233114234274,0.0,0.0,0.0,0.026007635685836212,0.005318909978062404,0.0,0.0005693067783415784,0.2943514407253382,0.0,0.0,0.0,0.0,0.0,0.0,0.0,0.0,0.0,0.0,0.0,0.0,0.0,0.0,0.0,0.0,0.0,0.0,0.0,0.0,0.0,0.0,0.0,0.0,0.0,0.002404021182495586,0.002404021182495586
2018/10/21 03:00:00,2018/10/21 04:00:00,2018/10/21 08:00:00,0.8916209367545662,0.8916209367545662,0.5780011363991946,0.0,0.0,0.0,0.026007635685836212,0.005318909978062404,0.0,0.0005693067783415784,0.2817239479131314,0.0,0.0,0.0,0.0,0.0,0.0,0.0,0.0,0.0,0.0,0.0,0.0,0.0,0.0,0.0,0.0,0.0,0.0,0.0,0.0,0.0,0.0,0.0,0.0,0.0,0.0030423344854012026,0.0030423344854012026
2018/10/21 04:00:00,2018/10/21 05:00:00,2018/10/21 09:00:00,1.0800524620699976,1.0800524620699976,0.7802151251315572,0.0,0.0,0.0,0.0278045810395689,0.005686409380447792,0.0,0.0006086418867900008,0.2657377046316337,0.0,0.0,0.0,0.0,0.0,0.0,0.0,0.0,0.0,0.0,0.0,0.0,0.0,0.0,0.0,0.0,0.0,0.0,0.0,0.0,0.0,0.0,0.0,0.0,0.0,0.003685289023560157,0.003685289023560157
2018/10/21 05:00:00,2018/10/21 06:00:00,2018/10/21 10:00:00,1.3309918619887666,1.3309918619887666,0.9495985639545295,0.0,0.0,0.0,0.07380313982851767,0.015093730994548724,0.0,0.001615549689899291,0.29088087752127156,0.0,0.0,0.0,0.0,0.0,0.0,0.0,0.0,0.0,0.0,0.0,0.0,0.0,0.0,0.0,0.0,0.0,0.0,0.0,0.0,0.0,0.0,0.0,0.0,0.0,0.00454152911242306,0.00454152911242306
2018/10/21 06:00:00,2018/10/21 07:00:00,2018/10/21 11:00:00,2.172653303813747,2.172653303813747,1.0697230496789034,0.0,0.0,0.0,0.17326939918692633,0.03543591379704412,0.0,0.003792864704345704,0.35891424659688315,0.0,0.0,0.0,0.0,0.0,0.0,0.5315178298496441,0.0,0.0,0.0,0.0,0.0,0.0,0.0,0.0,0.0,0.0,0.0,0.0,0.0,0.0,0.0,0.0,0.0,0.0,0.007413394861579967,0.007413394861579967
2018/10/21 07:00:00,2018/10/21 08:00:00,2018/10/21 12:00:00,2.7707393097593034,2.7707393097593034,0.8139459520526332,0.0,0.0,0.0,0.21926795797587528,0.044843235411145085,0.0,0.004799772507454998,0.4121843771138827,0.0,0.0,0.0,0.0,0.0,0.0,1.2756980146983123,0.0,0.0,0.0,0.0,0.0,0.0,0.0,0.0,0.0,0.0,0.0,0.0,0.0,0.0,0.0,0.0,0.0,0.0,0.009454147390055984,0.009454147390055984
2018/10/21 08:00:00,2018/10/21 09:00:00,2018/10/21 13:00:00,3.7843814834844247,3.7843814834844247,1.8540281505974665,0.0,0.0,0.0,0.22459555084839308,0.04593279953881092,0.0,0.00491639344029206,0.33608771822860944,0.0,0.0,0.0,0.0,0.0,0.0,1.3188208708308526,0.0,0.0,0.0,0.0,0.0,0.0,0.0,0.0,0.0,0.0,0.0,0.0,0.0,0.0,0.0,0.0,0.0,0.0,0.01291283528516746,0.01291283528516746
2018/10/21 09:00:00,2018/10/21 10:00:00,2018/10/21 14:00:00,4.11842334876661,4.11842334876661,2.2578978399908474,0.0,0.0,0.0,0.22267911815523408,0.04554086337448363,0.0,0.00487444275566889,0.26861021365952403,0.0,0.0,0.0,0.0,0.0,0.0,1.3188208708308526,0.0,0.0,0.0,0.0,0.0,0.0,0.0,0.0,0.0,0.0,0.0,0.0,0.0,0.0,0.0,0.0,0.0,0.0,0.014052632529066725,0.014052632529066725
2018/10/21 10:00:00,2018/10/21 11:00:00,2018/10/21 15:00:00,3.5365636525135713,3.5365636525135713,2.268907521082322,0.0,0.0,0.0,0.21616650243897678,0.04420894619696981,0.0,0.004731881689496374,0.29923109331646586,0.0,0.0,0.0,0.0,0.0,0.0,0.7033177077893401,0.0,0.0,0.0,0.0,0.0,0.0,0.0,0.0,0.0,0.0,0.0,0.0,0.0,0.0,0.0,0.0,0.0,0.0,0.012067246423151438,0.012067246423151438
2018/10/21 11:00:00,2018/10/21 12:00:00,2018/10/21 16:00:00,3.3992024104050667,3.3992024104050667,2.0879379094160857,0.0,0.0,0.0,0.20714344994933365,0.04236361106157028,0.0,0.004534367197762577,1.0572230727803145,0.0,0.0,0.0,0.0,0.0,0.0,0.0,0.0,0.0,0.0,0.0,0.0,0.0,0.0,0.0,0.0,0.0,0.0,0.0,0.0,0.0,0.0,0.0,0.0,0.0,0.011598550785131351,0.011598550785131351
2018/10/21 12:00:00,2018/10/21 13:00:00,2018/10/21 17:00:00,2.6235218978565453,2.6235218978565453,2.0878847880901232,0.0,0.0,0.0,0.20063083423307632,0.041031693884056454,0.0,0.00439180613159006,0.2895827755176989,0.0,0.0,0.0,0.0,0.0,0.0,0.0,0.0,0.0,0.0,0.0,0.0,0.0,0.0,0.0,0.0,0.0,0.0,0.0,0.0,0.0,0.0,0.0,0.0,0.0,0.008951821131642244,0.008951821131642244
2018/10/21 13:00:00,2018/10/21 14:00:00,2018/10/21 18:00:00,2.9172190530096476,2.9172190530096476,1.9646152602178393,0.0,0.0,0.0,0.19871440153991735,0.04063975771972915,0.0,0.004349855446966891,0.2988871592648213,0.0,0.0,0.0,0.0,0.0,0.0,0.4100126188203741,0.0,0.0,0.0,0.0,0.0,0.0,0.0,0.0,0.0,0.0,0.0,0.0,0.0,0.0,0.0,0.0,0.0,0.0,0.009953956620562992,0.009953956620562992
2018/10/21 14:00:00,2018/10/21 15:00:00,2018/10/21 19:00:00,2.6078630432394236,2.6078630432394236,2.0297497522208645,0.0,0.0,0.0,0.1987135941599378,0.040639592599705135,0.0,0.004349837773430528,0.3344102664854856,0.0,0.0,0.0,0.0,0.0,0.0,0.0,0.0,0.0,0.0,0.0,0.0,0.0,0.0,0.0,0.0,0.0,0.0,0.0,0.0,0.0,0.0,0.0,0.0,0.0,0.008898390944620216,0.008898390944620216
2018/10/21 15:00:00,2018/10/21 16:00:00,2018/10/21 20:00:00,2.6410367626135995,2.6410367626135995,2.0445499007916585,0.0,0.0,0.0,0.20036350665753808,0.04097702181289558,0.0,0.0043859543347320165,0.35076037901677576,0.0,0.0,0.0,0.0,0.0,0.0,0.0,0.0,0.0,0.0,0.0,0.0,0.0,0.0,0.0,0.0,0.0,0.0,0.0,0.0,0.0,0.0,0.0,0.0,0.0,0.009011584283067873,0.009011584283067873
2018/10/21 16:00:00,2018/10/21 17:00:00,2018/10/21 21:00:00,3.371917050394628,3.371917050394628,1.9902923078456727,0.0,0.0,0.0,0.2081585673374433,0.042571216169152666,0.0,0.004556588103070704,1.1263383709392885,0.0,0.0,0.0,0.0,0.0,0.0,0.0,0.0,0.0,0.0,0.0,0.0,0.0,0.0,0.0,0.0,0.0,0.0,0.0,0.0,0.0,0.0,0.0,0.0,0.0,0.011505449346746,0.011505449346746
2018/10/21 17:00:00,2018/10/21 18:00:00,2018/10/21 22:00:00,2.967664454014268,2.967664454014268,2.059201948053057,0.0,0.0,0.0,0.2347702009285104,0.048013651811895555,0.0,0.005139116387038774,0.6205395368337665,0.0,0.0,0.0,0.0,0.0,0.0,0.0,0.0,0.0,0.0,0.0,0.0,0.0,0.0,0.0,0.0,0.0,0.0,0.0,0.0,0.0,0.0,0.0,0.0,0.0,0.010126083335829317,0.010126083335829317
2018/10/21 18:00:00,2018/10/21 19:00:00,2018/10/21 23:00:00,3.944264273372749,3.944264273372749,2.218383549273494,0.0,0.0,0.0,0.29648517388170076,0.0606351907092335,0.0,0.0064900562745331585,0.6380908429586813,0.0,0.0,0.0,0.0,0.0,0.0,0.7241794602751064,0.0,0.0,0.0,0.0,0.0,0.0,0.0,0.0,0.0,0.0,0.0,0.0,0.0,0.0,0.0,0.0,0.0,0.0,0.013458377572532227,0.013458377572532227
2018/10/21 19:00:00,2018/10/21 20:00:00,2018/10/22 00:00:00,3.8412477927650612,3.8412477927650612,2.5451917191599733,0.0,0.0,0.0,0.3887692310680028,0.07950851693210204,0.0,0.008510152984732613,0.5767382202275719,0.0,0.0,0.0,0.0,0.0,0.0,0.2425299523926788,0.0,0.0,0.0,0.0,0.0,0.0,0.0,0.0,0.0,0.0,0.0,0.0,0.0,0.0,0.0,0.0,0.0,0.0,0.013106871031357653,0.013106871031357653
2018/10/21 20:00:00,2018/10/21 21:00:00,2018/10/22 01:00:00,3.8198993288876686,3.8198993288876686,2.648422997112229,0.0,0.0,0.0,0.46406015284263663,0.09490651926965052,0.0,0.010158270200448155,0.6023513894627044,0.0,0.0,0.0,0.0,0.0,0.0,0.0,0.0,0.0,0.0,0.0,0.0,0.0,0.0,0.0,0.0,0.0,0.0,0.0,0.0,0.0,0.0,0.0,0.0,0.0,0.013034027107233413,0.013034027107233413
2018/10/21 21:00:00,2018/10/21 22:00:00,2018/10/22 02:00:00,4.783235249292876,4.783235249292876,2.8146447067257854,0.0,0.0,0.0,0.46491935867164713,0.09508223837431415,0.0,0.010177078203926637,1.3984118673172026,0.0,0.0,0.0,0.0,0.0,0.0,0.0,0.0,0.0,0.0,0.0,0.0,0.0,0.0,0.0,0.0,0.0,0.0,0.0,0.0,0.0,0.0,0.0,0.0,0.0,0.016321063078306868,0.016321063078306868
2018/10/21 22:00:00,2018/10/21 23:00:00,2018/10/22 03:00:00,4.736269802802751,4.736269802802751,3.2015592901123275,0.0,0.0,0.0,0.29368187909065674,0.06006187936268712,0.0,0.006428692191095917,0.4553694815778204,0.0,0.0,0.0,0.0,0.0,0.0,0.7191685804681623,0.0,0.0,0.0,0.0,0.0,0.0,0.0,0.0,0.0,0.0,0.0,0.0,0.0,0.0,0.0,0.0,0.0,0.0,0.01616081045122157,0.01616081045122157
2018/10/21 23:00:00,2018/10/22 00:00:00,2018/10/22 04:00:00,4.566035159573526,4.566035159573526,3.6501084577048672,0.0,0.0,0.0,0.13094360677997474,0.026779722120023,0.0,0.002866353705536267,0.386650883071275,0.0,0.0,0.0,0.0,0.0,0.0,0.3686861361918501,0.0,0.0,0.0,0.0,0.0,0.0,0.0,0.0,0.0,0.0,0.0,0.0,0.0,0.0,0.0,0.0,0.0,0.0,0.015579946202349851,0.015579946202349851
2018/10/22 00:00:00,2018/10/22 01:00:00,2018/10/22 05:00:00,4.937060132305237,4.937060132305237,4.349989507423637,0.0,0.0,0.0,0.06501908921459039,0.013297274945155983,0.0,0.0014232669458539432,0.340460018532006,0.0,0.0,0.0,0.0,0.0,0.0,0.16687097524399278,0.0,0.0,0.0,0.0,0.0,0.0,0.0,0.0,0.0,0.0,0.0,0.0,0.0,0.0,0.0,0.0,0.0,0.0,0.016845934945946883,0.016845934945946883
2018/10/22 01:00:00,2018/10/22 02:00:00,2018/10/22 06:00:00,4.960524435327362,4.960524435327362,4.587654863890011,0.0,0.0,0.0,0.03901145352875434,0.00797836496709361,0.0,0.0008539601675123682,0.32502579277399113,0.0,0.0,0.0,0.0,0.0,0.0,0.0,0.0,0.0,0.0,0.0,0.0,0.0,0.0,0.0,0.0,0.0,0.0,0.0,0.0,0.0,0.0,0.0,0.0,0.0,0.01692599840713024,0.01692599840713024
2018/10/22 02:00:00,2018/10/22 03:00:00,2018/10/22 07:00:00,4.779547117523562,4.779547117523562,4.453299824355985,0.0,0.0,0.0,0.026007635685836212,0.005318909978062404,0.0,0.0005693067783415784,0.2943514407253382,0.0,0.0,0.0,0.0,0.0,0.0,0.0,0.0,0.0,0.0,0.0,0.0,0.0,0.0,0.0,0.0,0.0,0.0,0.0,0.0,0.0,0.0,0.0,0.0,0.0,0.016308478660415866,0.016308478660415866
2018/10/22 03:00:00,2018/10/22 04:00:00,2018/10/22 08:00:00,4.828186595904474,4.828186595904474,4.514566795549103,0.0,0.0,0.0,0.026007635685836212,0.005318909978062404,0.0,0.0005693067783415784,0.2817239479131314,0.0,0.0,0.0,0.0,0.0,0.0,0.0,0.0,0.0,0.0,0.0,0.0,0.0,0.0,0.0,0.0,0.0,0.0,0.0,0.0,0.0,0.0,0.0,0.0,0.0,0.016474443316841277,0.016474443316841277
2018/10/22 04:00:00,2018/10/22 05:00:00,2018/10/22 09:00:00,4.885684008377379,4.885684008377379,4.585846671438939,0.0,0.0,0.0,0.0278045810395689,0.005686409380447792,0.0,0.0006086418867900008,0.2657377046316337,0.0,0.0,0.0,0.0,0.0,0.0,0.0,0.0,0.0,0.0,0.0,0.0,0.0,0.0,0.0,0.0,0.0,0.0,0.0,0.0,0.0,0.0,0.0,0.0,0.0,0.016670632474785882,0.016670632474785882
2018/10/22 05:00:00,2018/10/22 06:00:00,2018/10/22 10:00:00,5.016663709217797,5.016663709217797,4.63527041118356,0.0,0.0,0.0,0.07380313982851767,0.015093730994548724,0.0,0.001615549689899291,0.29088087752127156,0.0,0.0,0.0,0.0,0.0,0.0,0.0,0.0,0.0,0.0,0.0,0.0,0.0,0.0,0.0,0.0,0.0,0.0,0.0,0.0,0.0,0.0,0.0,0.0,0.0,0.017117553407581365,0.017117553407581365
2018/10/22 06:00:00,2018/10/22 07:00:00,2018/10/22 11:00:00,5.206287538723386,5.206287538723386,4.634875114438187,0.0,0.0,0.0,0.17326939918692633,0.03543591379704412,0.0,0.003792864704345704,0.35891424659688315,0.0,0.0,0.0,0.0,0.0,0.0,0.0,0.0,0.0,0.0,0.0,0.0,0.0,0.0,0.0,0.0,0.0,0.0,0.0,0.0,0.0,0.0,0.0,0.0,0.0,0.01776457625325226,0.01776457625325226
2018/10/22 07:00:00,2018/10/22 08:00:00,2018/10/22 12:00:00,5.893030960543813,5.893030960543813,4.746519707062885,0.0,0.0,0.0,0.21926795797587528,0.044843235411145085,0.0,0.004799772507454998,0.4121843771138827,0.0,0.0,0.0,0.0,0.0,0.0,0.46541591047256986,0.0,0.0,0.0,0.0,0.0,0.0,0.0,0.0,0.0,0.0,0.0,0.0,0.0,0.0,0.0,0.0,0.0,0.0,0.02010784019951133,0.02010784019951133
2018/10/22 08:00:00,2018/10/22 09:00:00,2018/10/22 13:00:00,5.90464620186408,5.90464620186408,4.127600177639297,0.0,0.0,0.0,0.22459555084839308,0.04593279953881092,0.0,0.00491639344029206,0.40924794085435434,0.0,0.0,0.0,0.0,0.0,0.0,1.092353339542932,0.0,0.0,0.0,0.0,0.0,0.0,0.0,0.0,0.0,0.0,0.0,0.0,0.0,0.0,0.0,0.0,0.0,0.0,0.020147473016292786,0.020147473016292786
2018/10/22 09:00:00,2018/10/22 10:00:00,2018/10/22 14:00:00,7.747815067697586,7.747815067697586,4.221747479577393,0.0,0.0,0.0,0.22267911815523408,0.04554086337448363,0.0,0.00487444275566889,1.9341522930039547,0.0,0.0,0.0,0.0,0.0,0.0,1.3188208708308526,0.0,0.0,0.0,0.0,0.0,0.0,0.0,0.0,0.0,0.0,0.0,0.0,0.0,0.0,0.0,0.0,0.0,0.0,0.02643662120896995,0.02643662120896995
2018/10/22 10:00:00,2018/10/22 11:00:00,2018/10/22 15:00:00,6.425935827402727,6.425935827402727,4.206996076620523,0.0,0.0,0.0,0.21616650243897678,0.04420894619696981,0.0,0.004731881689496374,0.6350115496259083,0.0,0.0,0.0,0.0,0.0,0.0,1.3188208708308526,0.0,0.0,0.0,0.0,0.0,0.0,0.0,0.0,0.0,0.0,0.0,0.0,0.0,0.0,0.0,0.0,0.0,0.0,0.021926185627540788,0.021926185627540788
2018/10/22 11:00:00,2018/10/22 12:00:00,2018/10/22 16:00:00,6.230530809622057,6.230530809622057,4.270304589781302,0.0,0.0,0.0,0.20714344994933365,0.04236361106157028,0.0,0.004534367197762577,0.38736392080123566,0.0,0.0,0.0,0.0,0.0,0.0,1.3188208708308526,0.0,0.0,0.0,0.0,0.0,0.0,0.0,0.0,0.0,0.0,0.0,0.0,0.0,0.0,0.0,0.0,0.0,0.0,0.021259436564448512,0.021259436564448512
2018/10/22 12:00:00,2018/10/22 13:00:00,2018/10/22 17:00:00,6.13117503629454,6.13117503629454,4.225526083584445,0.0,0.0,0.0,0.20063083423307632,0.041031693884056454,0.0,0.00439180613159006,1.125954359786156,0.0,0.0,0.0,0.0,0.0,0.0,0.5336402586752158,0.0,0.0,0.0,0.0,0.0,0.0,0.0,0.0,0.0,0.0,0.0,0.0,0.0,0.0,0.0,0.0,0.0,0.0,0.020920420864998627,0.020920420864998627
2018/10/22 13:00:00,2018/10/22 14:00:00,2018/10/22 18:00:00,4.710547733406579,4.710547733406579,4.167956559435144,0.0,0.0,0.0,0.19871440153991735,0.04063975771972915,0.0,0.004349855446966891,0.2988871592648213,0.0,0.0,0.0,0.0,0.0,0.0,0.0,0.0,0.0,0.0,0.0,0.0,0.0,0.0,0.0,0.0,0.0,0.0,0.0,0.0,0.0,0.0,0.0,0.0,0.0,0.016073043177558505,0.016073043177558505
2018/10/22 14:00:00,2018/10/22 15:00:00,2018/10/22 19:00:00,4.818308112204886,4.818308112204886,4.240194821186327,0.0,0.0,0.0,0.1987135941599378,0.040639592599705135,0.0,0.004349837773430528,0.3344102664854856,0.0,0.0,0.0,0.0,0.0,0.0,0.0,0.0,0.0,0.0,0.0,0.0,0.0,0.0,0.0,0.0,0.0,0.0,0.0,0.0,0.0,0.0,0.0,0.0,0.0,0.016440736558303144,0.016440736558303144
2018/10/22 15:00:00,2018/10/22 16:00:00,2018/10/22 20:00:00,5.390721480144806,5.390721480144806,4.176258071617504,0.0,0.0,0.0,0.20036350665753808,0.04097702181289558,0.0,0.0043859543347320165,0.32031416814323455,0.0,0.0,0.0,0.0,0.0,0.0,0.6484227575789011,0.0,0.0,0.0,0.0,0.0,0.0,0.0,0.0,0.0,0.0,0.0,0.0,0.0,0.0,0.0,0.0,0.0,0.0,0.01839389047988679,0.01839389047988679
2018/10/22 16:00:00,2018/10/22 17:00:00,2018/10/22 21:00:00,4.648401610441656,4.648401610441656,3.953127872996701,0.0,0.0,0.0,0.2081585673374433,0.042571216169152666,0.0,0.004556588103070704,0.43998736583528836,0.0,0.0,0.0,0.0,0.0,0.0,0.0,0.0,0.0,0.0,0.0,0.0,0.0,0.0,0.0,0.0,0.0,0.0,0.0,0.0,0.0,0.0,0.0,0.0,0.0,0.015860991973693367,0.015860991973693367
2018/10/22 17:00:00,2018/10/22 18:00:00,2018/10/22 22:00:00,4.679326783128159,4.679326783128159,3.7708642771669485,0.0,0.0,0.0,0.2347702009285104,0.048013651811895555,0.0,0.005139116387038774,0.6205395368337665,0.0,0.0,0.0,0.0,0.0,0.0,0.0,0.0,0.0,0.0,0.0,0.0,0.0,0.0,0.0,0.0,0.0,0.0,0.0,0.0,0.0,0.0,0.0,0.0,0.0,0.01596651295851187,0.01596651295851187
2018/10/22 18:00:00,2018/10/22 19:00:00,2018/10/22 23:00:00,5.014805236824172,5.014805236824172,3.8397726174100204,0.0,0.0,0.0,0.29648517388170076,0.0606351907092335,0.0,0.0064900562745331585,0.6380908429586813,0.0,0.0,0.0,0.0,0.0,0.0,0.173331355590002,0.0,0.0,0.0,0.0,0.0,0.0,0.0,0.0,0.0,0.0,0.0,0.0,0.0,0.0,0.0,0.0,0.0,0.0,0.01711121204162615,0.01711121204162615
2018/10/22 19:00:00,2018/10/22 20:00:00,2018/10/23 00:00:00,6.258166718335317,6.258166718335317,3.885819726292055,0.0,0.0,0.0,0.3887692310680028,0.07950851693210204,0.0,0.008510152984732613,0.5767382202275719,0.0,0.0,0.0,0.0,0.0,0.0,1.3188208708308526,0.0,0.0,0.0,0.0,0.0,0.0,0.0,0.0,0.0,0.0,0.0,0.0,0.0,0.0,0.0,0.0,0.0,0.0,0.0213537341237003,0.0213537341237003
2018/10/22 20:00:00,2018/10/22 21:00:00,2018/10/23 01:00:00,5.526873489330192,5.526873489330192,4.068854852334714,0.0,0.0,0.0,0.46406015284263663,0.09490651926965052,0.0,0.010158270200448155,0.5640597305897557,0.0,0.0,0.0,0.0,0.0,0.0,0.32483396409298637,0.0,0.0,0.0,0.0,0.0,0.0,0.0,0.0,0.0,0.0,0.0,0.0,0.0,0.0,0.0,0.0,0.0,0.0,0.01885846004720661,0.01885846004720661
2018/10/22 21:00:00,2018/10/22 22:00:00,2018/10/23 02:00:00,5.624092521162731,5.624092521162731,4.2565033373591,0.0,0.0,0.0,0.46491935867164713,0.09508223837431415,0.0,0.010177078203926637,0.5352003936888928,0.0,0.0,0.0,0.0,0.0,0.0,0.26221011486485013,0.0,0.0,0.0,0.0,0.0,0.0,0.0,0.0,0.0,0.0,0.0,0.0,0.0,0.0,0.0,0.0,0.0,0.0,0.019190184887874932,0.019190184887874932
2018/10/22 22:00:00,2018/10/22 23:00:00,2018/10/23 03:00:00,5.6754452557475075,5.6754452557475075,4.6420087938236945,0.0,0.0,0.0,0.29368187909065674,0.06006187936268712,0.0,0.006428692191095917,0.4553694815778204,0.0,0.0,0.0,0.0,0.0,0.0,0.21789452970155268,0.0,0.0,0.0,0.0,0.0,0.0,0.0,0.0,0.0,0.0,0.0,0.0,0.0,0.0,0.0,0.0,0.0,0.0,0.019365407551348485,0.019365407551348485
2018/10/22 23:00:00,2018/10/23 00:00:00,2018/10/23 04:00:00,5.5930072708982745,5.5930072708982745,5.045766705221466,0.0,0.0,0.0,0.13094360677997474,0.026779722120023,0.0,0.002866353705536267,0.386650883071275,0.0,0.0,0.0,0.0,0.0,0.0,0.0,0.0,0.0,0.0,0.0,0.0,0.0,0.0,0.0,0.0,0.0,0.0,0.0,0.0,0.0,0.0,0.0,0.0,0.0,0.019084117696125134,0.019084117696125134
2018/10/23 00:00:00,2018/10/23 01:00:00,2018/10/23 05:00:00,6.1964741020335135,6.1964741020335135,5.776274452395907,0.0,0.0,0.0,0.06501908921459039,0.013297274945155983,0.0,0.0014232669458539432,0.340460018532006,0.0,0.0,0.0,0.0,0.0,0.0,0.0,0.0,0.0,0.0,0.0,0.0,0.0,0.0,0.0,0.0,0.0,0.0,0.0,0.0,0.0,0.0,0.0,0.0,0.0,0.021143230347563352,0.021143230347563352
2018/10/23 01:00:00,2018/10/23 02:00:00,2018/10/23 06:00:00,6.390690153719372,6.390690153719372,6.017820582282019,0.0,0.0,0.0,0.03901145352875434,0.00797836496709361,0.0,0.0008539601675123682,0.32502579277399113,0.0,0.0,0.0,0.0,0.0,0.0,0.0,0.0,0.0,0.0,0.0,0.0,0.0,0.0,0.0,0.0,0.0,0.0,0.0,0.0,0.0,0.0,0.0,0.0,0.0,0.02180592249318868,0.02180592249318868
2018/10/23 02:00:00,2018/10/23 03:00:00,2018/10/23 07:00:00,6.076336641872167,6.076336641872167,5.75008934870459,0.0,0.0,0.0,0.026007635685836212,0.005318909978062404,0.0,0.0005693067783415784,0.2943514407253382,0.0,0.0,0.0,0.0,0.0,0.0,0.0,0.0,0.0,0.0,0.0,0.0,0.0,0.0,0.0,0.0,0.0,0.0,0.0,0.0,0.0,0.0,0.0,0.0,0.0,0.020733304645989135,0.020733304645989135
2018/10/23 03:00:00,2018/10/23 04:00:00,2018/10/23 08:00:00,6.168785066741527,6.168785066741527,5.855165266386156,0.0,0.0,0.0,0.026007635685836212,0.005318909978062404,0.0,0.0005693067783415784,0.2817239479131314,0.0,0.0,0.0,0.0,0.0,0.0,0.0,0.0,0.0,0.0,0.0,0.0,0.0,0.0,0.0,0.0,0.0,0.0,0.0,0.0,0.0,0.0,0.0,0.0,0.0,0.021048751513045482,0.021048751513045482
2018/10/23 04:00:00,2018/10/23 05:00:00,2018/10/23 09:00:00,6.770390494028647,6.770390494028647,6.0059445581483955,0.0,0.0,0.0,0.0278045810395689,0.005686409380447792,0.0,0.0006086418867900008,0.2657377046316337,0.0,0.0,0.0,0.0,0.0,0.0,0.46460859894181233,0.0,0.0,0.0,0.0,0.0,0.0,0.0,0.0,0.0,0.0,0.0,0.0,0.0,0.0,0.0,0.0,0.0,0.0,0.023101512795998563,0.023101512795998563
2018/10/23 05:00:00,2018/10/23 06:00:00,2018/10/23 10:00:00,6.500439971190138,6.500439971190138,6.119046673155902,0.0,0.0,0.0,0.07380313982851767,0.015093730994548724,0.0,0.001615549689899291,0.29088087752127156,0.0,0.0,0.0,0.0,0.0,0.0,0.0,0.0,0.0,0.0,0.0,0.0,0.0,0.0,0.0,0.0,0.0,0.0,0.0,0.0,0.0,0.0,0.0,0.0,0.0,0.022180404115023578,0.022180404115023578
2018/10/23 06:00:00,2018/10/23 07:00:00,2018/10/23 11:00:00,6.845327134746228,6.845327134746228,6.273914710461029,0.0,0.0,0.0,0.17326939918692633,0.03543591379704412,0.0,0.003792864704345704,0.35891424659688315,0.0,0.0,0.0,0.0,0.0,0.0,0.0,0.0,0.0,0.0,0.0,0.0,0.0,0.0,0.0,0.0,0.0,0.0,0.0,0.0,0.0,0.0,0.0,0.0,0.0,0.023357207023082388,0.023357207023082388
2018/10/23 07:00:00,2018/10/23 08:00:00,2018/10/23 12:00:00,7.275408555558645,7.275408555558645,5.845230203104636,0.0,0.0,0.0,0.21926795797587528,0.044843235411145085,0.0,0.004799772507454998,0.5102417409296416,0.0,0.0,0.0,0.0,0.0,0.0,0.6510256456298926,0.0,0.0,0.0,0.0,0.0,0.0,0.0,0.0,0.0,0.0,0.0,0.0,0.0,0.0,0.0,0.0,0.0,0.0,0.02482470457067322,0.02482470457067322
2018/10/23 08:00:00,2018/10/23 09:00:00,2018/10/23 13:00:00,9.673406936737777,9.673406936737777,5.532539773662443,0.0,0.0,0.0,0.22459555084839308,0.04593279953881092,0.0,0.00491639344029206,2.546601548416984,0.0,0.0,0.0,0.0,0.0,0.0,1.3188208708308526,0.0,0.0,0.0,0.0,0.0,0.0,0.0,0.0,0.0,0.0,0.0,0.0,0.0,0.0,0.0,0.0,0.0,0.0,0.03300700813742509,0.03300700813742509
2018/10/23 09:00:00,2018/10/23 10:00:00,2018/10/23 14:00:00,7.631430146074982,7.631430146074982,5.7709046372992185,0.0,0.0,0.0,0.22267911815523408,0.04554086337448363,0.0,0.00487444275566889,0.26861021365952403,0.0,0.0,0.0,0.0,0.0,0.0,1.3188208708308526,0.0,0.0,0.0,0.0,0.0,0.0,0.0,0.0,0.0,0.0,0.0,0.0,0.0,0.0,0.0,0.0,0.0,0.0,0.026039499690130346,0.026039499690130346
2018/10/23 10:00:00,2018/10/23 11:00:00,2018/10/23 15:00:00,7.280904088344714,7.280904088344714,5.43208183754012,0.0,0.0,0.0,0.21616650243897678,0.04420894619696981,0.0,0.004731881689496374,0.2648940496482986,0.0,0.0,0.0,0.0,0.0,0.0,1.3188208708308526,0.0,0.0,0.0,0.0,0.0,0.0,0.0,0.0,0.0,0.0,0.0,0.0,0.0,0.0,0.0,0.0,0.0,0.0,0.024843456091887567,0.024843456091887567
2018/10/23 11:00:00,2018/10/23 12:00:00,2018/10/23 16:00:00,6.212860734622328,6.212860734622328,5.117704724553101,0.0,0.0,0.0,0.20714344994933365,0.04236361106157028,0.0,0.004534367197762577,0.2831607590220128,0.0,0.0,0.0,0.0,0.0,0.0,0.5579538228385484,0.0,0.0,0.0,0.0,0.0,0.0,0.0,0.0,0.0,0.0,0.0,0.0,0.0,0.0,0.0,0.0,0.0,0.0,0.021199143814115643,0.021199143814115643
2018/10/23 12:00:00,2018/10/23 13:00:00,2018/10/23 17:00:00,5.769160216675315,5.769160216675315,4.547284463714399,0.0,0.0,0.0,0.20063083423307632,0.041031693884056454,0.0,0.00439180613159006,0.2895827755176989,0.0,0.0,0.0,0.0,0.0,0.0,0.6862386431944941,0.0,0.0,0.0,0.0,0.0,0.0,0.0,0.0,0.0,0.0,0.0,0.0,0.0,0.0,0.0,0.0,0.0,0.0,0.01968517601536245,0.01968517601536245
2018/10/23 13:00:00,2018/10/23 14:00:00,2018/10/23 18:00:00,4.483801668099119,4.483801668099119,3.9412104941276844,0.0,0.0,0.0,0.19871440153991735,0.04063975771972915,0.0,0.004349855446966891,0.2988871592648213,0.0,0.0,0.0,0.0,0.0,0.0,0.0,0.0,0.0,0.0,0.0,0.0,0.0,0.0,0.0,0.0,0.0,0.0,0.0,0.0,0.0,0.0,0.0,0.0,0.0,0.015299354106926231,0.015299354106926231
2018/10/23 14:00:00,2018/10/23 15:00:00,2018/10/23 19:00:00,3.79053532090848,3.79053532090848,3.212422029889921,0.0,0.0,0.0,0.1987135941599378,0.040639592599705135,0.0,0.004349837773430528,0.3344102664854856,0.0,0.0,0.0,0.0,0.0,0.0,0.0,0.0,0.0,0.0,0.0,0.0,0.0,0.0,0.0,0.0,0.0,0.0,0.0,0.0,0.0,0.0,0.0,0.0,0.0,0.012933833033247381,0.012933833033247381
2018/10/23 15:00:00,2018/10/23 16:00:00,2018/10/23 20:00:00,3.4828235157779823,3.4828235157779823,2.9167828648295826,0.0,0.0,0.0,0.20036350665753808,0.04097702181289558,0.0,0.0043859543347320165,0.32031416814323455,0.0,0.0,0.0,0.0,0.0,0.0,0.0,0.0,0.0,0.0,0.0,0.0,0.0,0.0,0.0,0.0,0.0,0.0,0.0,0.0,0.0,0.0,0.0,0.0,0.0,0.011883877611920996,0.011883877611920996
2018/10/23 16:00:00,2018/10/23 17:00:00,2018/10/23 21:00:00,3.3792215409301867,3.3792215409301867,2.683947803485232,0.0,0.0,0.0,0.2081585673374433,0.042571216169152666,0.0,0.004556588103070704,0.43998736583528836,0.0,0.0,0.0,0.0,0.0,0.0,0.0,0.0,0.0,0.0,0.0,0.0,0.0,0.0,0.0,0.0,0.0,0.0,0.0,0.0,0.0,0.0,0.0,0.0,0.0,0.01153037328307202,0.01153037328307202
2018/10/23 17:00:00,2018/10/23 18:00:00,2018/10/23 22:00:00,3.5987016917197368,3.5987016917197368,2.6902391857585255,0.0,0.0,0.0,0.2347702009285104,0.048013651811895555,0.0,0.005139116387038774,0.6205395368337665,0.0,0.0,0.0,0.0,0.0,0.0,0.0,0.0,0.0,0.0,0.0,0.0,0.0,0.0,0.0,0.0,0.0,0.0,0.0,0.0,0.0,0.0,0.0,0.0,0.0,0.012279270044108835,0.012279270044108835
2018/10/23 18:00:00,2018/10/23 19:00:00,2018/10/23 23:00:00,4.132441188789058,4.132441188789058,3.13073992496491,0.0,0.0,0.0,0.29648517388170076,0.0606351907092335,0.0,0.0064900562745331585,0.6380908429586813,0.0,0.0,0.0,0.0,0.0,0.0,0.0,0.0,0.0,0.0,0.0,0.0,0.0,0.0,0.0,0.0,0.0,0.0,0.0,0.0,0.0,0.0,0.0,0.0,0.0,0.014100463346349195,0.014100463346349195
2018/10/23 19:00:00,2018/10/23 20:00:00,2018/10/24 00:00:00,5.784045094288808,5.784045094288808,3.174435188656299,0.0,0.0,0.0,0.3887692310680028,0.07950851693210204,0.0,0.008510152984732613,0.9112002745157197,0.0,0.0,0.0,0.0,0.0,0.0,1.2216217301319519,0.0,0.0,0.0,0.0,0.0,0.0,0.0,0.0,0.0,0.0,0.0,0.0,0.0,0.0,0.0,0.0,0.0,0.0,0.019735965285340044,0.019735965285340044
2018/10/23 20:00:00,2018/10/23 21:00:00,2018/10/24 01:00:00,13.315917230342956,13.315917230342956,3.1708378804744135,0.0,0.0,0.0,0.46406015284263663,0.09490651926965052,0.0,0.010158270200448155,8.257133536724954,0.0,0.0,0.0,0.0,0.0,0.0,1.3188208708308526,0.0,0.0,0.0,0.0,0.0,0.0,0.0,0.0,0.0,0.0,0.0,0.0,0.0,0.0,0.0,0.0,0.0,0.0,0.045435759216331535,0.045435759216331535
2018/10/23 21:00:00,2018/10/23 22:00:00,2018/10/24 02:00:00,9.236271875381751,9.236271875381751,3.276929513556911,0.0,0.0,0.0,0.46491935867164713,0.09508223837431415,0.0,0.010177078203926637,4.070342815744099,0.0,0.0,0.0,0.0,0.0,0.0,1.3188208708308526,0.0,0.0,0.0,0.0,0.0,0.0,0.0,0.0,0.0,0.0,0.0,0.0,0.0,0.0,0.0,0.0,0.0,0.0,0.03151544258852469,0.03151544258852469
2018/10/23 22:00:00,2018/10/23 23:00:00,2018/10/24 03:00:00,7.38367771487183,7.38367771487183,3.448121316849153,0.0,0.0,0.0,0.29368187909065674,0.06006187936268712,0.0,0.006428692191095917,2.256563076547384,0.0,0.0,0.0,0.0,0.0,0.0,1.3188208708308526,0.0,0.0,0.0,0.0,0.0,0.0,0.0,0.0,0.0,0.0,0.0,0.0,0.0,0.0,0.0,0.0,0.0,0.0,0.025194133981205968,0.025194133981205968
2018/10/23 23:00:00,2018/10/24 00:00:00,2018/10/24 04:00:00,6.258588796923602,6.258588796923602,4.346666643987592,0.0,0.0,0.0,0.13094360677997474,0.026779722120023,0.0,0.002866353705536267,0.432511599499624,0.0,0.0,0.0,0.0,0.0,0.0,1.3188208708308526,0.0,0.0,0.0,0.0,0.0,0.0,0.0,0.0,0.0,0.0,0.0,0.0,0.0,0.0,0.0,0.0,0.0,0.0,0.02135517431447169,0.02135517431447169
2018/10/24 00:00:00,2018/10/24 01:00:00,2018/10/24 05:00:00,6.755298571875363,6.755298571875363,5.0162780514069025,0.0,0.0,0.0,0.06501908921459039,0.013297274945155983,0.0,0.0014232669458539432,0.340460018532006,0.0,0.0,0.0,0.0,0.0,0.0,1.3188208708308526,0.0,0.0,0.0,0.0,0.0,0.0,0.0,0.0,0.0,0.0,0.0,0.0,0.0,0.0,0.0,0.0,0.0,0.0,0.023050017061292002,0.023050017061292002
2018/10/24 01:00:00,2018/10/24 02:00:00,2018/10/24 06:00:00,7.564481360919823,7.564481360919823,5.7897439993512085,0.0,0.0,0.0,0.03901145352875434,0.00797836496709361,0.0,0.0008539601675123682,0.4080727120744015,0.0,0.0,0.0,0.0,0.0,0.0,1.3188208708308526,0.0,0.0,0.0,0.0,0.0,0.0,0.0,0.0,0.0,0.0,0.0,0.0,0.0,0.0,0.0,0.0,0.0,0.0,0.02581106113576593,0.02581106113576593
2018/10/24 02:00:00,2018/10/24 03:00:00,2018/10/24 07:00:00,8.270742189291145,8.270742189291145,4.894931892422757,0.0,0.0,0.0,0.026007635685836212,0.005318909978062404,0.0,0.0005693067783415784,2.2369438985913366,0.0,0.0,0.0,0.0,0.0,0.0,1.1069705458348125,0.0,0.0,0.0,0.0,0.0,0.0,0.0,0.0,0.0,0.0,0.0,0.0,0.0,0.0,0.0,0.0,0.0,0.0,0.028220921184211108,0.028220921184211108
2018/10/24 03:00:00,2018/10/24 04:00:00,2018/10/24 08:00:00,6.797176260720646,6.797176260720646,4.819989509590205,0.0,0.0,0.0,0.026007635685836212,0.005318909978062404,0.0,0.0005693067783415784,1.9452908986882016,0.0,0.0,0.0,0.0,0.0,0.0,0.0,0.0,0.0,0.0,0.0,0.0,0.0,0.0,0.0,0.0,0.0,0.0,0.0,0.0,0.0,0.0,0.0,0.0,0.0,0.02319290955258618,0.02319290955258618
2018/10/24 04:00:00,2018/10/24 05:00:00,2018/10/24 09:00:00,6.862942557220482,6.862942557220482,4.868314999770962,0.0,0.0,0.0,0.0278045810395689,0.005686409380447792,0.0,0.0006086418867900008,1.9605279251427128,0.0,0.0,0.0,0.0,0.0,0.0,0.0,0.0,0.0,0.0,0.0,0.0,0.0,0.0,0.0,0.0,0.0,0.0,0.0,0.0,0.0,0.0,0.0,0.0,0.0,0.023417313291406915,0.023417313291406915
2018/10/24 05:00:00,2018/10/24 06:00:00,2018/10/24 10:00:00,5.362716931620372,5.362716931620372,4.981323633586134,0.0,0.0,0.0,0.07380313982851767,0.015093730994548724,0.0,0.001615549689899291,0.29088087752127156,0.0,0.0,0.0,0.0,0.0,0.0,0.0,0.0,0.0,0.0,0.0,0.0,0.0,0.0,0.0,0.0,0.0,0.0,0.0,0.0,0.0,0.0,0.0,0.0,0.0,0.018298335070393943,0.018298335070393943
2018/10/24 06:00:00,2018/10/24 07:00:00,2018/10/24 11:00:00,5.526718045297951,5.526718045297951,4.955305621012752,0.0,0.0,0.0,0.17326939918692633,0.03543591379704412,0.0,0.003792864704345704,0.35891424659688315,0.0,0.0,0.0,0.0,0.0,0.0,0.0,0.0,0.0,0.0,0.0,0.0,0.0,0.0,0.0,0.0,0.0,0.0,0.0,0.0,0.0,0.0,0.0,0.0,0.0,0.018857929650576893,0.018857929650576893
2018/10/24 07:00:00,2018/10/24 08:00:00,2018/10/24 12:00:00,5.767743447365767,5.767743447365767,5.086648104357409,0.0,0.0,0.0,0.21926795797587528,0.044843235411145085,0.0,0.004799772507454998,0.4121843771138827,0.0,0.0,0.0,0.0,0.0,0.0,0.0,0.0,0.0,0.0,0.0,0.0,0.0,0.0,0.0,0.0,0.0,0.0,0.0,0.0,0.0,0.0,0.0,0.0,0.0,0.019680341801684174,0.019680341801684174
2018/10/24 08:00:00,2018/10/24 09:00:00,2018/10/24 13:00:00,5.947259157079229,5.947259157079229,5.133545860721615,0.0,0.0,0.0,0.22459555084839308,0.04593279953881092,0.0,0.00491639344029206,0.33608771822860944,0.0,0.0,0.0,0.0,0.0,0.0,0.2021808343015072,0.0,0.0,0.0,0.0,0.0,0.0,0.0,0.0,0.0,0.0,0.0,0.0,0.0,0.0,0.0,0.0,0.0,0.0,0.020292874338571954,0.020292874338571954
2018/10/24 09:00:00,2018/10/24 10:00:00,2018/10/24 14:00:00,4.931434349792954,4.931434349792954,4.1887611669815765,0.0,0.0,0.0,0.22267911815523408,0.04554086337448363,0.0,0.00487444275566889,0.26861021365952403,0.0,0.0,0.0,0.0,0.0,0.0,0.20096854486646795,0.0,0.0,0.0,0.0,0.0,0.0,0.0,0.0,0.0,0.0,0.0,0.0,0.0,0.0,0.0,0.0,0.0,0.0,0.016826738994574566,0.016826738994574566
2018/10/24 10:00:00,2018/10/24 11:00:00,2018/10/24 15:00:00,3.6861724645924614,3.6861724645924614,3.1561710846187196,0.0,0.0,0.0,0.21616650243897678,0.04420894619696981,0.0,0.004731881689496374,0.2648940496482986,0.0,0.0,0.0,0.0,0.0,0.0,0.0,0.0,0.0,0.0,0.0,0.0,0.0,0.0,0.0,0.0,0.0,0.0,0.0,0.0,0.0,0.0,0.0,0.0,0.0,0.012577732471139793,0.012577732471139793
2018/10/24 11:00:00,2018/10/24 12:00:00,2018/10/24 16:00:00,3.1853159798244635,3.1853159798244635,2.2462642781614925,0.0,0.0,0.0,0.20714344994933365,0.04236361106157028,0.0,0.004534367197762577,0.2831607590220128,0.0,0.0,0.0,0.0,0.0,0.0,0.40184951443229194,0.0,0.0,0.0,0.0,0.0,0.0,0.0,0.0,0.0,0.0,0.0,0.0,0.0,0.0,0.0,0.0,0.0,0.0,0.010868740574434316,0.010868740574434316
2018/10/24 12:00:00,2018/10/24 13:00:00,2018/10/24 17:00:00,3.8809889159778277,3.8809889159778277,2.0265309353805527,0.0,0.0,0.0,0.20063083423307632,0.041031693884056454,0.0,0.00439180613159006,0.2895827755176989,0.0,0.0,0.0,0.0,0.0,0.0,1.3188208708308526,0.0,0.0,0.0,0.0,0.0,0.0,0.0,0.0,0.0,0.0,0.0,0.0,0.0,0.0,0.0,0.0,0.0,0.0,0.013242473263937415,0.013242473263937415
2018/10/24 13:00:00,2018/10/24 14:00:00,2018/10/24 18:00:00,2.4262275338333312,2.4262275338333312,1.5203025559580303,0.0,0.0,0.0,0.19871440153991735,0.04063975771972915,0.0,0.004349855446966891,0.2988871592648213,0.0,0.0,0.0,0.0,0.0,0.0,0.3633338039038662,0.0,0.0,0.0,0.0,0.0,0.0,0.0,0.0,0.0,0.0,0.0,0.0,0.0,0.0,0.0,0.0,0.0,0.0,0.008278625356733757,0.008278625356733757
2018/10/24 14:00:00,2018/10/24 15:00:00,2018/10/24 19:00:00,1.7897229158395376,1.7897229158395376,1.2116096248209784,0.0,0.0,0.0,0.1987135941599378,0.040639592599705135,0.0,0.004349837773430528,0.3344102664854856,0.0,0.0,0.0,0.0,0.0,0.0,0.0,0.0,0.0,0.0,0.0,0.0,0.0,0.0,0.0,0.0,0.0,0.0,0.0,0.0,0.0,0.0,0.0,0.0,0.0,0.006106783187472671,0.006106783187472671
2018/10/24 15:00:00,2018/10/24 16:00:00,2018/10/24 20:00:00,1.5305483411260392,1.5305483411260392,0.8777402360599663,0.0,0.0,0.0,0.20036350665753808,0.04097702181289558,0.0,0.0043859543347320165,0.4070816222609071,0.0,0.0,0.0,0.0,0.0,0.0,0.0,0.0,0.0,0.0,0.0,0.0,0.0,0.0,0.0,0.0,0.0,0.0,0.0,0.0,0.0,0.0,0.0,0.0,0.0,0.005222443538316235,0.005222443538316235
2018/10/24 16:00:00,2018/10/24 17:00:00,2018/10/24 21:00:00,3.8825900464558627,3.8825900464558627,0.5513704339423808,0.0,0.0,0.0,0.2081585673374433,0.042571216169152666,0.0,0.004556588103070704,2.545437987758176,0.0,0.0,0.0,0.0,0.0,0.0,0.5304952531456393,0.0,0.0,0.0,0.0,0.0,0.0,0.0,0.0,0.0,0.0,0.0,0.0,0.0,0.0,0.0,0.0,0.0,0.0,0.013247936543530963,0.013247936543530963
2018/10/24 17:00:00,2018/10/24 18:00:00,2018/10/24 22:00:00,4.860903289402637,4.860903289402637,0.49049344265064815,0.0,0.0,0.0,0.2347702009285104,0.048013651811895555,0.0,0.005139116387038774,3.989510777097465,0.0,0.0,0.0,0.0,0.0,0.0,0.09297610052707853,0.0,0.0,0.0,0.0,0.0,0.0,0.0,0.0,0.0,0.0,0.0,0.0,0.0,0.0,0.0,0.0,0.0,0.0,0.016586077219517523,0.016586077219517523
2018/10/24 18:00:00,2018/10/24 19:00:00,2018/10/24 23:00:00,2.1748728291612593,2.1748728291612593,1.1731715653371104,0.0,0.0,0.0,0.29648517388170076,0.0606351907092335,0.0,0.0064900562745331585,0.6380908429586813,0.0,0.0,0.0,0.0,0.0,0.0,0.0,0.0,0.0,0.0,0.0,0.0,0.0,0.0,0.0,0.0,0.0,0.0,0.0,0.0,0.0,0.0,0.0,0.0,0.0,0.007420968190365334,0.007420968190365334
2018/10/24 19:00:00,2018/10/24 20:00:00,2018/10/25 00:00:00,2.7191912706605352,2.7191912706605352,1.6603923644334642,0.0,0.0,0.0,0.3887692310680028,0.07950851693210204,0.0,0.008510152984732613,0.5820110052422335,0.0,0.0,0.0,0.0,0.0,0.0,0.0,0.0,0.0,0.0,0.0,0.0,0.0,0.0,0.0,0.0,0.0,0.0,0.0,0.0,0.0,0.0,0.0,0.0,0.0,0.009278258320452225,0.009278258320452225
2018/10/24 20:00:00,2018/10/24 21:00:00,2018/10/25 01:00:00,3.427909970838308,3.427909970838308,2.175860546274544,0.0,0.0,0.0,0.46406015284263663,0.09490651926965052,0.0,0.010158270200448155,0.6829244822510292,0.0,0.0,0.0,0.0,0.0,0.0,0.0,0.0,0.0,0.0,0.0,0.0,0.0,0.0,0.0,0.0,0.0,0.0,0.0,0.0,0.0,0.0,0.0,0.0,0.0,0.011696504968907805,0.011696504968907805
2018/10/24 21:00:00,2018/10/24 22:00:00,2018/10/25 02:00:00,3.629208808240847,3.629208808240847,2.523829739302066,0.0,0.0,0.0,0.46491935867164713,0.09508223837431415,0.0,0.010177078203926637,0.5352003936888928,0.0,0.0,0.0,0.0,0.0,0.0,0.0,0.0,0.0,0.0,0.0,0.0,0.0,0.0,0.0,0.0,0.0,0.0,0.0,0.0,0.0,0.0,0.0,0.0,0.0,0.012383364563221583,0.012383364563221583
2018/10/24 22:00:00,2018/10/24 23:00:00,2018/10/25 03:00:00,3.7069927775396168,3.7069927775396168,2.8914508453173564,0.0,0.0,0.0,0.29368187909065674,0.06006187936268712,0.0,0.006428692191095917,0.4553694815778204,0.0,0.0,0.0,0.0,0.0,0.0,0.0,0.0,0.0,0.0,0.0,0.0,0.0,0.0,0.0,0.0,0.0,0.0,0.0,0.0,0.0,0.0,0.0,0.0,0.0,0.012648774270928096,0.012648774270928096
2018/10/24 23:00:00,2018/10/25 00:00:00,2018/10/25 04:00:00,3.7329380706988453,3.7329380706988453,3.1856975050220355,0.0,0.0,0.0,0.13094360677997474,0.026779722120023,0.0,0.002866353705536267,0.386650883071275,0.0,0.0,0.0,0.0,0.0,0.0,0.0,0.0,0.0,0.0,0.0,0.0,0.0,0.0,0.0,0.0,0.0,0.0,0.0,0.0,0.0,0.0,0.0,0.0,0.0,0.012737303215077253,0.012737303215077253
2018/10/25 00:00:00,2018/10/25 01:00:00,2018/10/25 05:00:00,5.519097042838867,5.519097042838867,4.065056139650036,0.0,0.0,0.0,0.06501908921459039,0.013297274945155983,0.0,0.0014232669458539432,1.3743012720832308,0.0,0.0,0.0,0.0,0.0,0.0,0.0,0.0,0.0,0.0,0.0,0.0,0.0,0.0,0.0,0.0,0.0,0.0,0.0,0.0,0.0,0.0,0.0,0.0,0.0,0.01883192573160322,0.01883192573160322
2018/10/25 01:00:00,2018/10/25 02:00:00,2018/10/25 06:00:00,4.114483683178151,4.114483683178151,3.7416141117407995,0.0,0.0,0.0,0.03901145352875434,0.00797836496709361,0.0,0.0008539601675123682,0.32502579277399113,0.0,0.0,0.0,0.0,0.0,0.0,0.0,0.0,0.0,0.0,0.0,0.0,0.0,0.0,0.0,0.0,0.0,0.0,0.0,0.0,0.0,0.0,0.0,0.0,0.0,0.01403918984284589,0.01403918984284589
2018/10/25 02:00:00,2018/10/25 03:00:00,2018/10/25 07:00:00,4.210238646239378,4.210238646239378,3.48104420134953,0.0,0.0,0.0,0.026007635685836212,0.005318909978062404,0.0,0.0005693067783415784,0.2943514407253382,0.0,0.0,0.0,0.0,0.0,0.0,0.4029471517222692,0.0,0.0,0.0,0.0,0.0,0.0,0.0,0.0,0.0,0.0,0.0,0.0,0.0,0.0,0.0,0.0,0.0,0.0,0.014365919077502343,0.014365919077502343
2018/10/25 03:00:00,2018/10/25 04:00:00,2018/10/25 08:00:00,3.8074275719996127,3.8074275719996127,3.4938077716442413,0.0,0.0,0.0,0.026007635685836212,0.005318909978062404,0.0,0.0005693067783415784,0.2817239479131314,0.0,0.0,0.0,0.0,0.0,0.0,0.0,0.0,0.0,0.0,0.0,0.0,0.0,0.0,0.0,0.0,0.0,0.0,0.0,0.0,0.0,0.0,0.0,0.0,0.0,0.01299147174036172,0.01299147174036172
2018/10/25 04:00:00,2018/10/25 05:00:00,2018/10/25 09:00:00,3.802351669715689,3.802351669715689,3.502514332777248,0.0,0.0,0.0,0.0278045810395689,0.005686409380447792,0.0,0.0006086418867900008,0.2657377046316337,0.0,0.0,0.0,0.0,0.0,0.0,0.0,0.0,0.0,0.0,0.0,0.0,0.0,0.0,0.0,0.0,0.0,0.0,0.0,0.0,0.0,0.0,0.0,0.0,0.0,0.012974152056708802,0.012974152056708802
2018/10/25 05:00:00,2018/10/25 06:00:00,2018/10/25 10:00:00,3.8053160906324863,3.8053160906324863,3.423922792598249,0.0,0.0,0.0,0.07380313982851767,0.015093730994548724,0.0,0.001615549689899291,0.29088087752127156,0.0,0.0,0.0,0.0,0.0,0.0,0.0,0.0,0.0,0.0,0.0,0.0,0.0,0.0,0.0,0.0,0.0,0.0,0.0,0.0,0.0,0.0,0.0,0.0,0.0,0.012984267072645108,0.012984267072645108
2018/10/25 06:00:00,2018/10/25 07:00:00,2018/10/25 11:00:00,3.9194265222810967,3.9194265222810967,3.348014097995897,0.0,0.0,0.0,0.17326939918692633,0.03543591379704412,0.0,0.003792864704345704,0.35891424659688315,0.0,0.0,0.0,0.0,0.0,0.0,0.0,0.0,0.0,0.0,0.0,0.0,0.0,0.0,0.0,0.0,0.0,0.0,0.0,0.0,0.0,0.0,0.0,0.0,0.0,0.013373627715759017,0.013373627715759017
2018/10/25 07:00:00,2018/10/25 08:00:00,2018/10/25 12:00:00,4.061571035485324,4.061571035485324,2.9911410912566576,0.0,0.0,0.0,0.21926795797587528,0.044843235411145085,0.0,0.004799772507454998,0.4121843771138827,0.0,0.0,0.0,0.0,0.0,0.0,0.3893346012203076,0.0,0.0,0.0,0.0,0.0,0.0,0.0,0.0,0.0,0.0,0.0,0.0,0.0,0.0,0.0,0.0,0.0,0.0,0.013858644539170406,0.013858644539170406
2018/10/25 08:00:00,2018/10/25 09:00:00,2018/10/25 13:00:00,5.549804532574966,5.549804532574966,3.619451199688008,0.0,0.0,0.0,0.22459555084839308,0.04593279953881092,0.0,0.00491639344029206,0.33608771822860944,0.0,0.0,0.0,0.0,0.0,0.0,1.3188208708308526,0.0,0.0,0.0,0.0,0.0,0.0,0.0,0.0,0.0,0.0,0.0,0.0,0.0,0.0,0.0,0.0,0.0,0.0,0.018936703951958036,0.018936703951958036
2018/10/25 09:00:00,2018/10/25 10:00:00,2018/10/25 14:00:00,5.550560088748941,5.550560088748941,3.6900345799731777,0.0,0.0,0.0,0.22267911815523408,0.04554086337448363,0.0,0.00487444275566889,0.26861021365952403,0.0,0.0,0.0,0.0,0.0,0.0,1.3188208708308526,0.0,0.0,0.0,0.0,0.0,0.0,0.0,0.0,0.0,0.0,0.0,0.0,0.0,0.0,0.0,0.0,0.0,0.0,0.018939282014572973,0.018939282014572973
2018/10/25 10:00:00,2018/10/25 11:00:00,2018/10/25 15:00:00,4.895088984213649,4.895088984213649,3.5715259443928415,0.0,0.0,0.0,0.21616650243897678,0.04420894619696981,0.0,0.004731881689496374,0.2648940496482986,0.0,0.0,0.0,0.0,0.0,0.0,0.7935616598470654,0.0,0.0,0.0,0.0,0.0,0.0,0.0,0.0,0.0,0.0,0.0,0.0,0.0,0.0,0.0,0.0,0.0,0.0,0.01670272355872251,0.01670272355872251
2018/10/25 11:00:00,2018/10/25 12:00:00,2018/10/25 16:00:00,3.8438003035217605,3.8438003035217605,3.306598116291081,0.0,0.0,0.0,0.20714344994933365,0.04236361106157028,0.0,0.004534367197762577,0.2831607590220128,0.0,0.0,0.0,0.0,0.0,0.0,0.0,0.0,0.0,0.0,0.0,0.0,0.0,0.0,0.0,0.0,0.0,0.0,0.0,0.0,0.0,0.0,0.0,0.0,0.0,0.013115580552611975,0.013115580552611975
2018/10/25 12:00:00,2018/10/25 13:00:00,2018/10/25 17:00:00,3.559932785542335,3.559932785542335,3.024295675775913,0.0,0.0,0.0,0.20063083423307632,0.041031693884056454,0.0,0.00439180613159006,0.2895827755176989,0.0,0.0,0.0,0.0,0.0,0.0,0.0,0.0,0.0,0.0,0.0,0.0,0.0,0.0,0.0,0.0,0.0,0.0,0.0,0.0,0.0,0.0,0.0,0.0,0.0,0.012146985151098005,0.012146985151098005
2018/10/25 13:00:00,2018/10/25 14:00:00,2018/10/25 18:00:00,3.5333369791790714,3.5333369791790714,2.9907458052076374,0.0,0.0,0.0,0.19871440153991735,0.04063975771972915,0.0,0.004349855446966891,0.2988871592648213,0.0,0.0,0.0,0.0,0.0,0.0,0.0,0.0,0.0,0.0,0.0,0.0,0.0,0.0,0.0,0.0,0.0,0.0,0.0,0.0,0.0,0.0,0.0,0.0,0.0,0.012056236565538173,0.012056236565538173
2018/10/25 14:00:00,2018/10/25 15:00:00,2018/10/25 19:00:00,3.46571909304511,3.46571909304511,2.8402143077544704,0.0,0.0,0.0,0.1987135941599378,0.040639592599705135,0.0,0.004349837773430528,0.3818017607575663,0.0,0.0,0.0,0.0,0.0,0.0,0.0,0.0,0.0,0.0,0.0,0.0,0.0,0.0,0.0,0.0,0.0,0.0,0.0,0.0,0.0,0.0,0.0,0.0,0.0,0.011825514945693673,0.011825514945693673
2018/10/25 15:00:00,2018/10/25 16:00:00,2018/10/25 20:00:00,4.233410586486697,4.233410586486697,2.5834356608282296,0.0,0.0,0.0,0.20036350665753808,0.04097702181289558,0.0,0.0043859543347320165,1.4042484428533013,0.0,0.0,0.0,0.0,0.0,0.0,0.0,0.0,0.0,0.0,0.0,0.0,0.0,0.0,0.0,0.0,0.0,0.0,0.0,0.0,0.0,0.0,0.0,0.0,0.0,0.01444498495628787,0.01444498495628787
2018/10/25 16:00:00,2018/10/25 17:00:00,2018/10/25 21:00:00,3.7821161691131615,3.7821161691131615,2.5804512643120137,0.0,0.0,0.0,0.2081585673374433,0.042571216169152666,0.0,0.004556588103070704,0.7913118841910638,0.0,0.0,0.0,0.0,0.0,0.0,0.15506664900041747,0.0,0.0,0.0,0.0,0.0,0.0,0.0,0.0,0.0,0.0,0.0,0.0,0.0,0.0,0.0,0.0,0.0,0.0,0.012905105717872805,0.012905105717872805
2018/10/25 17:00:00,2018/10/25 18:00:00,2018/10/25 22:00:00,3.7452965282462616,3.7452965282462616,2.5889174776937116,0.0,0.0,0.0,0.2347702009285104,0.048013651811895555,0.0,0.005139116387038774,0.6205395368337665,0.0,0.0,0.0,0.0,0.0,0.0,0.24791654459133847,0.0,0.0,0.0,0.0,0.0,0.0,0.0,0.0,0.0,0.0,0.0,0.0,0.0,0.0,0.0,0.0,0.0,0.0,0.012779471988861018,0.012779471988861018
2018/10/25 18:00:00,2018/10/25 19:00:00,2018/10/25 23:00:00,3.726507500849121,3.726507500849121,2.2902191321865475,0.0,0.0,0.0,0.29648517388170076,0.0606351907092335,0.0,0.0064900562745331585,0.6380908429586813,0.0,0.0,0.0,0.0,0.0,0.0,0.43458710483842494,0.0,0.0,0.0,0.0,0.0,0.0,0.0,0.0,0.0,0.0,0.0,0.0,0.0,0.0,0.0,0.0,0.0,0.0,0.01271536121752187,0.01271536121752187
2018/10/25 19:00:00,2018/10/25 20:00:00,2018/10/26 00:00:00,4.671500988481259,4.671500988481259,2.2991539964379974,0.0,0.0,0.0,0.3887692310680028,0.07950851693210204,0.0,0.008510152984732613,0.5767382202275719,0.0,0.0,0.0,0.0,0.0,0.0,1.3188208708308526,0.0,0.0,0.0,0.0,0.0,0.0,0.0,0.0,0.0,0.0,0.0,0.0,0.0,0.0,0.0,0.0,0.0,0.0,0.015939810260147028,0.015939810260147028
2018/10/25 20:00:00,2018/10/25 21:00:00,2018/10/26 01:00:00,5.152448761021427,5.152448761021427,2.7004432172880826,0.0,0.0,0.0,0.46406015284263663,0.09490651926965052,0.0,0.010158270200448155,0.5640597305897557,0.0,0.0,0.0,0.0,0.0,0.0,1.3188208708308526,0.0,0.0,0.0,0.0,0.0,0.0,0.0,0.0,0.0,0.0,0.0,0.0,0.0,0.0,0.0,0.0,0.0,0.0,0.017580870865342997,0.017580870865342997
2018/10/25 21:00:00,2018/10/25 22:00:00,2018/10/26 02:00:00,5.246381903502562,5.246381903502562,2.8221819637329286,0.0,0.0,0.0,0.46491935867164713,0.09508223837431415,0.0,0.010177078203926637,0.5352003936888928,0.0,0.0,0.0,0.0,0.0,0.0,1.3188208708308526,0.0,0.0,0.0,0.0,0.0,0.0,0.0,0.0,0.0,0.0,0.0,0.0,0.0,0.0,0.0,0.0,0.0,0.0,0.01790138379512308,0.01790138379512308
2018/10/25 22:00:00,2018/10/25 23:00:00,2018/10/26 03:00:00,3.8808437496524015,3.8808437496524015,2.9860992720350015,0.0,0.0,0.0,0.29368187909065674,0.06006187936268712,0.0,0.006428692191095917,0.4553694815778204,0.0,0.0,0.0,0.0,0.0,0.0,0.07920254539513977,0.0,0.0,0.0,0.0,0.0,0.0,0.0,0.0,0.0,0.0,0.0,0.0,0.0,0.0,0.0,0.0,0.0,0.0,0.01324197793627096,0.01324197793627096
2018/10/25 23:00:00,2018/10/26 00:00:00,2018/10/26 04:00:00,3.7695898911678394,3.7695898911678394,3.2223493254910296,0.0,0.0,0.0,0.13094360677997474,0.026779722120023,0.0,0.002866353705536267,0.386650883071275,0.0,0.0,0.0,0.0,0.0,0.0,0.0,0.0,0.0,0.0,0.0,0.0,0.0,0.0,0.0,0.0,0.0,0.0,0.0,0.0,0.0,0.0,0.0,0.0,0.0,0.012862364317580557,0.012862364317580557
2018/10/26 00:00:00,2018/10/26 01:00:00,2018/10/26 05:00:00,4.18182923783334,4.18182923783334,3.7616295881957345,0.0,0.0,0.0,0.06501908921459039,0.013297274945155983,0.0,0.0014232669458539432,0.340460018532006,0.0,0.0,0.0,0.0,0.0,0.0,0.0,0.0,0.0,0.0,0.0,0.0,0.0,0.0,0.0,0.0,0.0,0.0,0.0,0.0,0.0,0.0,0.0,0.0,0.0,0.014268982229857046,0.014268982229857046
2018/10/26 01:00:00,2018/10/26 02:00:00,2018/10/26 06:00:00,4.282795271878165,4.282795271878165,3.9099257004408137,0.0,0.0,0.0,0.03901145352875434,0.00797836496709361,0.0,0.0008539601675123682,0.32502579277399113,0.0,0.0,0.0,0.0,0.0,0.0,0.0,0.0,0.0,0.0,0.0,0.0,0.0,0.0,0.0,0.0,0.0,0.0,0.0,0.0,0.0,0.0,0.0,0.0,0.0,0.0146134923625451,0.0146134923625451
2018/10/26 02:00:00,2018/10/26 03:00:00,2018/10/26 07:00:00,4.050013095332206,4.050013095332206,3.7237658021646274,0.0,0.0,0.0,0.026007635685836212,0.005318909978062404,0.0,0.0005693067783415784,0.2943514407253382,0.0,0.0,0.0,0.0,0.0,0.0,0.0,0.0,0.0,0.0,0.0,0.0,0.0,0.0,0.0,0.0,0.0,0.0,0.0,0.0,0.0,0.0,0.0,0.0,0.0,0.01381920724193059,0.01381920724193059
2018/10/26 03:00:00,2018/10/26 04:00:00,2018/10/26 08:00:00,4.132629499017729,4.132629499017729,3.8190096986623576,0.0,0.0,0.0,0.026007635685836212,0.005318909978062404,0.0,0.0005693067783415784,0.2817239479131314,0.0,0.0,0.0,0.0,0.0,0.0,0.0,0.0,0.0,0.0,0.0,0.0,0.0,0.0,0.0,0.0,0.0,0.0,0.0,0.0,0.0,0.0,0.0,0.0,0.0,0.014101105887006351,0.014101105887006351
2018/10/26 04:00:00,2018/10/26 05:00:00,2018/10/26 09:00:00,4.1625085840088785,4.1625085840088785,3.8626712470704376,0.0,0.0,0.0,0.0278045810395689,0.005686409380447792,0.0,0.0006086418867900008,0.2657377046316337,0.0,0.0,0.0,0.0,0.0,0.0,0.0,0.0,0.0,0.0,0.0,0.0,0.0,0.0,0.0,0.0,0.0,0.0,0.0,0.0,0.0,0.0,0.0,0.0,0.0,0.01420305747530315,0.01420305747530315
2018/10/26 05:00:00,2018/10/26 06:00:00,2018/10/26 10:00:00,4.233959285988465,4.233959285988465,3.852565987954228,0.0,0.0,0.0,0.07380313982851767,0.015093730994548724,0.0,0.001615549689899291,0.29088087752127156,0.0,0.0,0.0,0.0,0.0,0.0,0.0,0.0,0.0,0.0,0.0,0.0,0.0,0.0,0.0,0.0,0.0,0.0,0.0,0.0,0.0,0.0,0.0,0.0,0.0,0.01444685719520414,0.01444685719520414
2018/10/26 06:00:00,2018/10/26 07:00:00,2018/10/26 11:00:00,4.861002090945085,4.861002090945085,2.9981406401131148,0.0,0.0,0.0,0.17326939918692633,0.03543591379704412,0.0,0.003792864704345704,0.35891424659688315,0.0,0.0,0.0,0.0,0.0,0.0,1.2914490265467709,0.0,0.0,0.0,0.0,0.0,0.0,0.0,0.0,0.0,0.0,0.0,0.0,0.0,0.0,0.0,0.0,0.0,0.0,0.01658641434410423,0.01658641434410423
2018/10/26 07:00:00,2018/10/26 08:00:00,2018/10/26 12:00:00,5.7556375063097205,5.7556375063097205,3.7557212924705095,0.0,0.0,0.0,0.21926795797587528,0.044843235411145085,0.0,0.004799772507454998,0.4121843771138827,0.0,0.0,0.0,0.0,0.0,0.0,1.3188208708308526,0.0,0.0,0.0,0.0,0.0,0.0,0.0,0.0,0.0,0.0,0.0,0.0,0.0,0.0,0.0,0.0,0.0,0.0,0.019639034649244363,0.019639034649244363
2018/10/26 08:00:00,2018/10/26 09:00:00,2018/10/26 13:00:00,5.831466564114206,5.831466564114206,3.9011132312272485,0.0,0.0,0.0,0.22459555084839308,0.04593279953881092,0.0,0.00491639344029206,0.33608771822860944,0.0,0.0,0.0,0.0,0.0,0.0,1.3188208708308526,0.0,0.0,0.0,0.0,0.0,0.0,0.0,0.0,0.0,0.0,0.0,0.0,0.0,0.0,0.0,0.0,0.0,0.0,0.019897773927388493,0.019897773927388493
2018/10/26 09:00:00,2018/10/26 10:00:00,2018/10/26 14:00:00,5.856694926654213,5.856694926654213,3.99616941787845,0.0,0.0,0.0,0.22267911815523408,0.04554086337448363,0.0,0.00487444275566889,0.26861021365952403,0.0,0.0,0.0,0.0,0.0,0.0,1.3188208708308526,0.0,0.0,0.0,0.0,0.0,0.0,0.0,0.0,0.0,0.0,0.0,0.0,0.0,0.0,0.0,0.0,0.0,0.0,0.019983856604680755,0.019983856604680755
2018/10/26 10:00:00,2018/10/26 11:00:00,2018/10/26 15:00:00,4.869342006724726,4.869342006724726,3.9554060597030625,0.0,0.0,0.0,0.21616650243897678,0.04420894619696981,0.0,0.004731881689496374,0.2648940496482986,0.0,0.0,0.0,0.0,0.0,0.0,0.38393456704792184,0.0,0.0,0.0,0.0,0.0,0.0,0.0,0.0,0.0,0.0,0.0,0.0,0.0,0.0,0.0,0.0,0.0,0.0,0.01661487129518716,0.01661487129518716
2018/10/26 11:00:00,2018/10/26 12:00:00,2018/10/26 16:00:00,4.407664480121224,4.407664480121224,3.5112360283742787,0.0,0.0,0.0,0.20714344994933365,0.04236361106157028,0.0,0.004534367197762577,0.2831607590220128,0.0,0.0,0.0,0.0,0.0,0.0,0.3592262645162655,0.0,0.0,0.0,0.0,0.0,0.0,0.0,0.0,0.0,0.0,0.0,0.0,0.0,0.0,0.0,0.0,0.0,0.0,0.015039563445830096,0.015039563445830096
2018/10/26 12:00:00,2018/10/26 13:00:00,2018/10/26 17:00:00,4.603915303087021,4.603915303087021,3.0323429729250955,0.0,0.0,0.0,0.20063083423307632,0.041031693884056454,0.0,0.00439180613159006,0.2895827755176989,0.0,0.0,0.0,0.0,0.0,0.0,1.035935220395504,0.0,0.0,0.0,0.0,0.0,0.0,0.0,0.0,0.0,0.0,0.0,0.0,0.0,0.0,0.0,0.0,0.0,0.0,0.01570919851369926,0.01570919851369926
2018/10/26 13:00:00,2018/10/26 14:00:00,2018/10/26 18:00:00,3.048887001888811,3.048887001888811,2.5062958279173766,0.0,0.0,0.0,0.19871440153991735,0.04063975771972915,0.0,0.004349855446966891,0.2988871592648213,0.0,0.0,0.0,0.0,0.0,0.0,0.0,0.0,0.0,0.0,0.0,0.0,0.0,0.0,0.0,0.0,0.0,0.0,0.0,0.0,0.0,0.0,0.0,0.0,0.0,0.01040322595126668,0.01040322595126668
2018/10/26 14:00:00,2018/10/26 15:00:00,2018/10/26 19:00:00,3.524039268230136,3.524039268230136,2.0821748365590484,0.0,0.0,0.0,0.1987135941599378,0.040639592599705135,0.0,0.004349837773430528,0.6935726338755659,0.0,0.0,0.0,0.0,0.0,0.0,0.504588773262448,0.0,0.0,0.0,0.0,0.0,0.0,0.0,0.0,0.0,0.0,0.0,0.0,0.0,0.0,0.0,0.0,0.0,0.0,0.012024511484296585,0.012024511484296585
2018/10/26 15:00:00,2018/10/26 16:00:00,2018/10/26 20:00:00,2.767054831156184,2.767054831156184,2.2010141802077836,0.0,0.0,0.0,0.20036350665753808,0.04097702181289558,0.0,0.0043859543347320165,0.32031416814323455,0.0,0.0,0.0,0.0,0.0,0.0,0.0,0.0,0.0,0.0,0.0,0.0,0.0,0.0,0.0,0.0,0.0,0.0,0.0,0.0,0.0,0.0,0.0,0.0,0.0,0.009441575437275472,0.009441575437275472
2018/10/26 16:00:00,2018/10/26 17:00:00,2018/10/26 21:00:00,2.8764492162635578,2.8764492162635578,2.181175478818603,0.0,0.0,0.0,0.2081585673374433,0.042571216169152666,0.0,0.004556588103070704,0.43998736583528836,0.0,0.0,0.0,0.0,0.0,0.0,0.0,0.0,0.0,0.0,0.0,0.0,0.0,0.0,0.0,0.0,0.0,0.0,0.0,0.0,0.0,0.0,0.0,0.0,0.0,0.009814844274515705,0.009814844274515705
2018/10/26 17:00:00,2018/10/26 18:00:00,2018/10/26 22:00:00,3.220154037900616,3.220154037900616,2.3116915319394047,0.0,0.0,0.0,0.2347702009285104,0.048013651811895555,0.0,0.005139116387038774,0.6205395368337665,0.0,0.0,0.0,0.0,0.0,0.0,0.0,0.0,0.0,0.0,0.0,0.0,0.0,0.0,0.0,0.0,0.0,0.0,0.0,0.0,0.0,0.0,0.0,0.0,0.0,0.010987612867715449,0.010987612867715449
2018/10/26 18:00:00,2018/10/26 19:00:00,2018/10/26 23:00:00,3.6199006275900127,3.6199006275900127,2.6181993637658643,0.0,0.0,0.0,0.29648517388170076,0.0606351907092335,0.0,0.0064900562745331585,0.6380908429586813,0.0,0.0,0.0,0.0,0.0,0.0,0.0,0.0,0.0,0.0,0.0,0.0,0.0,0.0,0.0,0.0,0.0,0.0,0.0,0.0,0.0,0.0,0.0,0.0,0.0,0.012351603757902842,0.012351603757902842
2018/10/26 19:00:00,2018/10/26 20:00:00,2018/10/27 00:00:00,4.552639827026573,4.552639827026573,2.651027626453842,0.0,0.0,0.0,0.3887692310680028,0.07950851693210204,0.0,0.008510152984732613,0.5767382202275719,0.0,0.0,0.0,0.0,0.0,0.0,0.8480860793603218,0.0,0.0,0.0,0.0,0.0,0.0,0.0,0.0,0.0,0.0,0.0,0.0,0.0,0.0,0.0,0.0,0.0,0.0,0.015534239467042186,0.015534239467042186
2018/10/26 20:00:00,2018/10/26 21:00:00,2018/10/27 01:00:00,5.935840807888796,5.935840807888796,3.483835264155453,0.0,0.0,0.0,0.46406015284263663,0.09490651926965052,0.0,0.010158270200448155,0.5640597305897557,0.0,0.0,0.0,0.0,0.0,0.0,1.3188208708308526,0.0,0.0,0.0,0.0,0.0,0.0,0.0,0.0,0.0,0.0,0.0,0.0,0.0,0.0,0.0,0.0,0.0,0.0,0.020253913345086482,0.020253913345086482
2018/10/26 21:00:00,2018/10/26 22:00:00,2018/10/27 02:00:00,6.291129678377861,6.291129678377861,3.894983456504349,0.0,0.0,0.0,0.46491935867164713,0.09508223837431415,0.0,0.010177078203926637,0.5352003936888928,0.0,0.0,0.0,0.0,0.0,0.0,1.2907671529347309,0.0,0.0,0.0,0.0,0.0,0.0,0.0,0.0,0.0,0.0,0.0,0.0,0.0,0.0,0.0,0.0,0.0,0.0,0.02146620832203324,0.02146620832203324
2018/10/26 22:00:00,2018/10/26 23:00:00,2018/10/27 03:00:00,5.1966624893337405,5.1966624893337405,4.381120557111481,0.0,0.0,0.0,0.29368187909065674,0.06006187936268712,0.0,0.006428692191095917,0.4553694815778204,0.0,0.0,0.0,0.0,0.0,0.0,0.0,0.0,0.0,0.0,0.0,0.0,0.0,0.0,0.0,0.0,0.0,0.0,0.0,0.0,0.0,0.0,0.0,0.0,0.0,0.017731734247782547,0.017731734247782547
2018/10/26 23:00:00,2018/10/27 00:00:00,2018/10/27 04:00:00,5.424786069060191,5.424786069060191,4.877545503383382,0.0,0.0,0.0,0.13094360677997474,0.026779722120023,0.0,0.002866353705536267,0.386650883071275,0.0,0.0,0.0,0.0,0.0,0.0,0.0,0.0,0.0,0.0,0.0,0.0,0.0,0.0,0.0,0.0,0.0,0.0,0.0,0.0,0.0,0.0,0.0,0.0,0.0,0.018510123588953875,0.018510123588953875
2018/10/27 00:00:00,2018/10/27 01:00:00,2018/10/27 05:00:00,5.9853965797325195,5.9853965797325195,5.5651969300949125,0.0,0.0,0.0,0.06501908921459039,0.013297274945155983,0.0,0.0014232669458539432,0.340460018532006,0.0,0.0,0.0,0.0,0.0,0.0,0.0,0.0,0.0,0.0,0.0,0.0,0.0,0.0,0.0,0.0,0.0,0.0,0.0,0.0,0.0,0.0,0.0,0.0,0.0,0.0204230045220833,0.0204230045220833
2018/10/27 01:00:00,2018/10/27 01:00:00,2018/10/27 06:00:00,6.043752786247641,6.043752786247641,5.618552575801825,0.0,0.0,0.0,0.06501908921459039,0.013297274945155983,0.0,0.0014232669458539432,0.3454605793402143,0.0,0.0,0.0,0.0,0.0,0.0,0.0,0.0,0.0,0.0,0.0,0.0,0.0,0.0,0.0,0.0,0.0,0.0,0.0,0.0,0.0,0.0,0.0,0.0,0.0,0.02062212400458937,0.02062212400458937
2018/10/27 02:00:00,2018/10/27 02:00:00,2018/10/27 07:00:00,6.008523397358676,6.008523397358676,5.635653825921325,0.0,0.0,0.0,0.03901145352875434,0.00797836496709361,0.0,0.0008539601675123682,0.32502579277399113,0.0,0.0,0.0,0.0,0.0,0.0,0.0,0.0,0.0,0.0,0.0,0.0,0.0,0.0,0.0,0.0,0.0,0.0,0.0,0.0,0.0,0.0,0.0,0.0,0.0,0.020501916436217734,0.020501916436217734
2018/10/27 03:00:00,2018/10/27 03:00:00,2018/10/27 08:00:00,5.605605422396015,5.605605422396015,5.279358129228438,0.0,0.0,0.0,0.026007635685836212,0.005318909978062404,0.0,0.0005693067783415784,0.2943514407253382,0.0,0.0,0.0,0.0,0.0,0.0,0.0,0.0,0.0,0.0,0.0,0.0,0.0,0.0,0.0,0.0,0.0,0.0,0.0,0.0,0.0,0.0,0.0,0.0,0.0,0.019127104338961712,0.019127104338961712
2018/10/27 04:00:00,2018/10/27 04:00:00,2018/10/27 09:00:00,5.65800688303551,5.65800688303551,5.344387082680139,0.0,0.0,0.0,0.026007635685836212,0.005318909978062404,0.0,0.0005693067783415784,0.2817239479131314,0.0,0.0,0.0,0.0,0.0,0.0,0.0,0.0,0.0,0.0,0.0,0.0,0.0,0.0,0.0,0.0,0.0,0.0,0.0,0.0,0.0,0.0,0.0,0.0,0.0,0.0193059054014056,0.0193059054014056
2018/10/27 05:00:00,2018/10/27 05:00:00,2018/10/27 10:00:00,5.746868481488848,5.746868481488848,5.447031144550408,0.0,0.0,0.0,0.0278045810395689,0.005686409380447792,0.0,0.0006086418867900008,0.2657377046316337,0.0,0.0,0.0,0.0,0.0,0.0,0.0,0.0,0.0,0.0,0.0,0.0,0.0,0.0,0.0,0.0,0.0,0.0,0.0,0.0,0.0,0.0,0.0,0.0,0.0,0.019609113518508036,0.019609113518508036
2018/10/27 06:00:00,2018/10/27 06:00:00,2018/10/27 11:00:00,5.854506785958042,5.854506785958042,5.473113487923805,0.0,0.0,0.0,0.07380313982851767,0.015093730994548724,0.0,0.001615549689899291,0.29088087752127156,0.0,0.0,0.0,0.0,0.0,0.0,0.0,0.0,0.0,0.0,0.0,0.0,0.0,0.0,0.0,0.0,0.0,0.0,0.0,0.0,0.0,0.0,0.0,0.0,0.0,0.0199763903646852,0.0199763903646852
2018/10/27 07:00:00,2018/10/27 07:00:00,2018/10/27 12:00:00,6.357584741739536,6.357584741739536,5.382980541859737,0.0,0.0,0.0,0.17326939918692633,0.03543591379704412,0.0,0.003792864704345704,0.35891424659688315,0.0,0.0,0.0,0.0,0.0,0.0,0.4031917755945994,0.0,0.0,0.0,0.0,0.0,0.0,0.0,0.0,0.0,0.0,0.0,0.0,0.0,0.0,0.0,0.0,0.0,0.0,0.02169296222905864,0.02169296222905864
2018/10/27 08:00:00,2018/10/27 08:00:00,2018/10/27 13:00:00,6.584989784053764,6.584989784053764,5.057455347234062,0.0,0.0,0.0,0.21926795797587528,0.044843235411145085,0.0,0.004799772507454998,0.4121843771138827,0.0,0.0,0.0,0.0,0.0,0.0,0.8464390938113444,0.0,0.0,0.0,0.0,0.0,0.0,0.0,0.0,0.0,0.0,0.0,0.0,0.0,0.0,0.0,0.0,0.0,0.0,0.022468899820772166,0.022468899820772166
2018/10/27 09:00:00,2018/10/27 09:00:00,2018/10/27 14:00:00,6.797147700370449,6.797147700370449,4.8667943674834895,0.0,0.0,0.0,0.22459555084839308,0.04593279953881092,0.0,0.00491639344029206,0.33608771822860944,0.0,0.0,0.0,0.0,0.0,0.0,1.3188208708308526,0.0,0.0,0.0,0.0,0.0,0.0,0.0,0.0,0.0,0.0,0.0,0.0,0.0,0.0,0.0,0.0,0.0,0.0,0.023192812100704174,0.023192812100704174
2018/10/27 10:00:00,2018/10/27 10:00:00,2018/10/27 15:00:00,5.548582111451164,5.548582111451164,4.681695150675537,0.0,0.0,0.0,0.22267911815523408,0.04554086337448363,0.0,0.00487444275566889,0.26861021365952403,0.0,0.0,0.0,0.0,0.0,0.0,0.32518232283071585,0.0,0.0,0.0,0.0,0.0,0.0,0.0,0.0,0.0,0.0,0.0,0.0,0.0,0.0,0.0,0.0,0.0,0.0,0.018932532881285154,0.018932532881285154
2018/10/27 11:00:00,2018/10/27 11:00:00,2018/10/27 16:00:00,4.8977789118464825,4.8977789118464825,4.367777531872742,0.0,0.0,0.0,0.21616650243897678,0.04420894619696981,0.0,0.004731881689496374,0.2648940496482986,0.0,0.0,0.0,0.0,0.0,0.0,0.0,0.0,0.0,0.0,0.0,0.0,0.0,0.0,0.0,0.0,0.0,0.0,0.0,0.0,0.0,0.0,0.0,0.0,0.0,0.016711901965445877,0.016711901965445877
2018/10/27 12:00:00,2018/10/27 12:00:00,2018/10/27 17:00:00,4.698684862580671,4.698684862580671,4.161482675349991,0.0,0.0,0.0,0.20714344994933365,0.04236361106157028,0.0,0.004534367197762577,0.2831607590220128,0.0,0.0,0.0,0.0,0.0,0.0,0.0,0.0,0.0,0.0,0.0,0.0,0.0,0.0,0.0,0.0,0.0,0.0,0.0,0.0,0.0,0.0,0.0,0.0,0.0,0.016032565414507215,0.016032565414507215
2018/10/27 13:00:00,2018/10/27 13:00:00,2018/10/27 18:00:00,4.390753423633733,4.390753423633733,3.8551163138673106,0.0,0.0,0.0,0.20063083423307632,0.041031693884056454,0.0,0.00439180613159006,0.2895827755176989,0.0,0.0,0.0,0.0,0.0,0.0,0.0,0.0,0.0,0.0,0.0,0.0,0.0,0.0,0.0,0.0,0.0,0.0,0.0,0.0,0.0,0.0,0.0,0.0,0.0,0.014981860572091249,0.014981860572091249
2018/10/27 14:00:00,2018/10/27 14:00:00,2018/10/27 19:00:00,4.973616141031561,4.973616141031561,3.3716613282926646,0.0,0.0,0.0,0.19871440153991735,0.04063975771972915,0.0,0.004349855446966891,0.2988871592648213,0.0,0.0,0.0,0.0,0.0,0.0,1.0593636387674619,0.0,0.0,0.0,0.0,0.0,0.0,0.0,0.0,0.0,0.0,0.0,0.0,0.0,0.0,0.0,0.0,0.0,0.0,0.016970669125475624,0.016970669125475624
2018/10/27 15:00:00,2018/10/27 15:00:00,2018/10/27 20:00:00,4.0323916842342795,4.0323916842342795,3.1242067748787536,0.0,0.0,0.0,0.1987135941599378,0.040639592599705135,0.0,0.004349837773430528,0.3344102664854856,0.0,0.0,0.0,0.0,0.0,0.0,0.33007161833696674,0.0,0.0,0.0,0.0,0.0,0.0,0.0,0.0,0.0,0.0,0.0,0.0,0.0,0.0,0.0,0.0,0.0,0.0,0.013759080539590254,0.013759080539590254
2018/10/27 16:00:00,2018/10/27 16:00:00,2018/10/27 21:00:00,3.5250049697018886,3.5250049697018886,2.9589643187534884,0.0,0.0,0.0,0.20036350665753808,0.04097702181289558,0.0,0.0043859543347320165,0.32031416814323455,0.0,0.0,0.0,0.0,0.0,0.0,0.0,0.0,0.0,0.0,0.0,0.0,0.0,0.0,0.0,0.0,0.0,0.0,0.0,0.0,0.0,0.0,0.0,0.0,0.0,0.01202780659185744,0.01202780659185744
2018/10/27 17:00:00,2018/10/27 17:00:00,2018/10/27 22:00:00,3.5957834185732485,3.5957834185732485,2.9005096811282938,0.0,0.0,0.0,0.2081585673374433,0.042571216169152666,0.0,0.004556588103070704,0.43998736583528836,0.0,0.0,0.0,0.0,0.0,0.0,0.0,0.0,0.0,0.0,0.0,0.0,0.0,0.0,0.0,0.0,0.0,0.0,0.0,0.0,0.0,0.0,0.0,0.0,0.0,0.012269312490774904,0.012269312490774904
2018/10/27 18:00:00,2018/10/27 18:00:00,2018/10/27 23:00:00,3.9899385328807617,3.9899385328807617,3.08147602691955,0.0,0.0,0.0,0.2347702009285104,0.048013651811895555,0.0,0.005139116387038774,0.6205395368337665,0.0,0.0,0.0,0.0,0.0,0.0,0.0,0.0,0.0,0.0,0.0,0.0,0.0,0.0,0.0,0.0,0.0,0.0,0.0,0.0,0.0,0.0,0.0,0.0,0.0,0.013614224490284274,0.013614224490284274
2018/10/27 19:00:00,2018/10/27 19:00:00,2018/10/28 00:00:00,5.285002582143708,5.285002582143708,2.9802902715736077,0.0,0.0,0.0,0.29648517388170076,0.0606351907092335,0.0,0.0064900562745331585,0.6380908429586813,0.0,0.0,0.0,0.0,0.0,0.0,1.303011046745952,0.0,0.0,0.0,0.0,0.0,0.0,0.0,0.0,0.0,0.0,0.0,0.0,0.0,0.0,0.0,0.0,0.0,0.0,0.018033162915190887,0.018033162915190887
2018/10/27 20:00:00,2018/10/27 20:00:00,2018/10/28 01:00:00,6.276633917713289,6.276633917713289,3.4900622394910252,0.0,0.0,0.0,0.3887692310680028,0.07950851693210204,0.0,0.008510152984732613,0.9909629064065738,0.0,0.0,0.0,0.0,0.0,0.0,1.3188208708308526,0.0,0.0,0.0,0.0,0.0,0.0,0.0,0.0,0.0,0.0,0.0,0.0,0.0,0.0,0.0,0.0,0.0,0.0,0.021416746773135032,0.021416746773135032
2018/10/27 21:00:00,2018/10/27 21:00:00,2018/10/28 02:00:00,5.920209859996287,5.920209859996287,4.042636575627472,0.0,0.0,0.0,0.46406015284263663,0.09490651926965052,0.0,0.010158270200448155,0.5640597305897557,0.0,0.0,0.0,0.0,0.0,0.0,0.7443886114663246,0.0,0.0,0.0,0.0,0.0,0.0,0.0,0.0,0.0,0.0,0.0,0.0,0.0,0.0,0.0,0.0,0.0,0.0,0.020200578379685172,0.020200578379685172
2018/10/27 22:00:00,2018/10/27 22:00:00,2018/10/28 03:00:00,5.599988620172704,5.599988620172704,4.494609551233923,0.0,0.0,0.0,0.46491935867164713,0.09508223837431415,0.0,0.010177078203926637,0.5352003936888928,0.0,0.0,0.0,0.0,0.0,0.0,0.0,0.0,0.0,0.0,0.0,0.0,0.0,0.0,0.0,0.0,0.0,0.0,0.0,0.0,0.0,0.0,0.0,0.0,0.0,0.019107939029582757,0.019107939029582757
2018/10/27 23:00:00,2018/10/27 23:00:00,2018/10/28 04:00:00,5.831836203876889,5.831836203876889,5.016294271654628,0.0,0.0,0.0,0.29368187909065674,0.06006187936268712,0.0,0.006428692191095917,0.4553694815778204,0.0,0.0,0.0,0.0,0.0,0.0,0.0,0.0,0.0,0.0,0.0,0.0,0.0,0.0,0.0,0.0,0.0,0.0,0.0,0.0,0.0,0.0,0.0,0.0,0.0,0.019899035189602992,0.019899035189602992
2018/10/28 00:00:00,2018/10/28 00:00:00,2018/10/28 05:00:00,6.019792678506116,6.019792678506116,5.472552112829307,0.0,0.0,0.0,0.13094360677997474,0.026779722120023,0.0,0.002866353705536267,0.386650883071275,0.0,0.0,0.0,0.0,0.0,0.0,0.0,0.0,0.0,0.0,0.0,0.0,0.0,0.0,0.0,0.0,0.0,0.0,0.0,0.0,0.0,0.0,0.0,0.0,0.0,0.020540368788834452,0.020540368788834452
2018/10/28 01:00:00,2018/10/28 01:00:00,2018/10/28 06:00:00,6.686796341701446,6.686796341701446,6.266596692063839,0.0,0.0,0.0,0.06501908921459039,0.013297274945155983,0.0,0.0014232669458539432,0.340460018532006,0.0,0.0,0.0,0.0,0.0,0.0,0.0,0.0,0.0,0.0,0.0,0.0,0.0,0.0,0.0,0.0,0.0,0.0,0.0,0.0,0.0,0.0,0.0,0.0,0.0,0.02281627793674477,0.02281627793674477
2018/10/28 02:00:00,2018/10/28 02:00:00,2018/10/28 07:00:00,6.909887682828651,6.909887682828651,6.537018111391299,0.0,0.0,0.0,0.03901145352875434,0.00797836496709361,0.0,0.0008539601675123682,0.32502579277399113,0.0,0.0,0.0,0.0,0.0,0.0,0.0,0.0,0.0,0.0,0.0,0.0,0.0,0.0,0.0,0.0,0.0,0.0,0.0,0.0,0.0,0.0,0.0,0.0,0.0,0.023577496580820336,0.023577496580820336
2018/10/28 03:00:00,2018/10/28 03:00:00,2018/10/28 08:00:00,6.653813512050103,6.653813512050103,6.327566218882526,0.0,0.0,0.0,0.026007635685836212,0.005318909978062404,0.0,0.0005693067783415784,0.2943514407253382,0.0,0.0,0.0,0.0,0.0,0.0,0.0,0.0,0.0,0.0,0.0,0.0,0.0,0.0,0.0,0.0,0.0,0.0,0.0,0.0,0.0,0.0,0.0,0.0,0.0,0.022703735940546654,0.022703735940546654
2018/10/28 04:00:00,2018/10/28 04:00:00,2018/10/28 09:00:00,6.664508575513711,6.664508575513711,6.3508887751583405,0.0,0.0,0.0,0.026007635685836212,0.005318909978062404,0.0,0.0005693067783415784,0.2817239479131314,0.0,0.0,0.0,0.0,0.0,0.0,0.0,0.0,0.0,0.0,0.0,0.0,0.0,0.0,0.0,0.0,0.0,0.0,0.0,0.0,0.0,0.0,0.0,0.0,0.0,0.02274022898266534,0.02274022898266534
2018/10/28 05:00:00,2018/10/28 05:00:00,2018/10/28 10:00:00,6.508194903887915,6.508194903887915,6.208357566949475,0.0,0.0,0.0,0.0278045810395689,0.005686409380447792,0.0,0.0006086418867900008,0.2657377046316337,0.0,0.0,0.0,0.0,0.0,0.0,0.0,0.0,0.0,0.0,0.0,0.0,0.0,0.0,0.0,0.0,0.0,0.0,0.0,0.0,0.0,0.0,0.0,0.0,0.0,0.022206865022575042,0.022206865022575042
2018/10/28 06:00:00,2018/10/28 06:00:00,2018/10/28 11:00:00,6.3896309052487155,6.3896309052487155,6.008237607214479,0.0,0.0,0.0,0.07380313982851767,0.015093730994548724,0.0,0.001615549689899291,0.29088087752127156,0.0,0.0,0.0,0.0,0.0,0.0,0.0,0.0,0.0,0.0,0.0,0.0,0.0,0.0,0.0,0.0,0.0,0.0,0.0,0.0,0.0,0.0,0.0,0.0,0.0,0.021802308190273567,0.021802308190273567
2018/10/28 07:00:00,2018/10/28 07:00:00,2018/10/28 12:00:00,6.883524449289874,6.883524449289874,5.754127192265945,0.0,0.0,0.0,0.17326939918692633,0.03543591379704412,0.0,0.003792864704345704,0.35891424659688315,0.0,0.0,0.0,0.0,0.0,0.0,0.5579848327387298,0.0,0.0,0.0,0.0,0.0,0.0,0.0,0.0,0.0,0.0,0.0,0.0,0.0,0.0,0.0,0.0,0.0,0.0,0.023487541566042814,0.023487541566042814
2018/10/28 08:00:00,2018/10/28 08:00:00,2018/10/28 13:00:00,7.022893004927284,7.022893004927284,5.06363744324663,0.0,0.0,0.0,0.21926795797587528,0.044843235411145085,0.0,0.004799772507454998,0.4121843771138827,0.0,0.0,0.0,0.0,0.0,0.0,1.278160218672297,0.0,0.0,0.0,0.0,0.0,0.0,0.0,0.0,0.0,0.0,0.0,0.0,0.0,0.0,0.0,0.0,0.0,0.0,0.023963086436646235,0.023963086436646235
2018/10/28 09:00:00,2018/10/28 09:00:00,2018/10/28 14:00:00,7.312403960667701,7.312403960667701,5.3820506277807425,0.0,0.0,0.0,0.22459555084839308,0.04593279953881092,0.0,0.00491639344029206,0.33608771822860944,0.0,0.0,0.0,0.0,0.0,0.0,1.3188208708308526,0.0,0.0,0.0,0.0,0.0,0.0,0.0,0.0,0.0,0.0,0.0,0.0,0.0,0.0,0.0,0.0,0.0,0.0,0.024950938031693494,0.024950938031693494
2018/10/28 10:00:00,2018/10/28 10:00:00,2018/10/28 15:00:00,7.172829494874158,7.172829494874158,5.312303986098395,0.0,0.0,0.0,0.22267911815523408,0.04554086337448363,0.0,0.00487444275566889,0.26861021365952403,0.0,0.0,0.0,0.0,0.0,0.0,1.3188208708308526,0.0,0.0,0.0,0.0,0.0,0.0,0.0,0.0,0.0,0.0,0.0,0.0,0.0,0.0,0.0,0.0,0.0,0.0,0.024474690567035724,0.024474690567035724
2018/10/28 11:00:00,2018/10/28 11:00:00,2018/10/28 16:00:00,6.357691766731938,6.357691766731938,4.967693646703256,0.0,0.0,0.0,0.21616650243897678,0.04420894619696981,0.0,0.004731881689496374,0.29923109331646586,0.0,0.0,0.0,0.0,0.0,0.0,0.8256596963867742,0.0,0.0,0.0,0.0,0.0,0.0,0.0,0.0,0.0,0.0,0.0,0.0,0.0,0.0,0.0,0.0,0.0,0.0,0.021693327413198855,0.021693327413198855
2018/10/28 12:00:00,2018/10/28 12:00:00,2018/10/28 17:00:00,5.81741396269204,5.81741396269204,4.50614946170306,0.0,0.0,0.0,0.20714344994933365,0.04236361106157028,0.0,0.004534367197762577,1.0572230727803145,0.0,0.0,0.0,0.0,0.0,0.0,0.0,0.0,0.0,0.0,0.0,0.0,0.0,0.0,0.0,0.0,0.0,0.0,0.0,0.0,0.0,0.0,0.0,0.0,0.0,0.01984982449938171,0.01984982449938171
2018/10/28 13:00:00,2018/10/28 13:00:00,2018/10/28 18:00:00,5.00903250943208,5.00903250943208,4.473395399665658,0.0,0.0,0.0,0.20063083423307632,0.041031693884056454,0.0,0.00439180613159006,0.2895827755176989,0.0,0.0,0.0,0.0,0.0,0.0,0.0,0.0,0.0,0.0,0.0,0.0,0.0,0.0,0.0,0.0,0.0,0.0,0.0,0.0,0.0,0.0,0.0,0.0,0.0,0.017091514693912777,0.017091514693912777
2018/10/28 14:00:00,2018/10/28 14:00:00,2018/10/28 19:00:00,5.337151917866791,5.337151917866791,4.390438363498265,0.0,0.0,0.0,0.19871440153991735,0.04063975771972915,0.0,0.004349855446966891,0.2988871592648213,0.0,0.0,0.0,0.0,0.0,0.0,0.4041223803970913,0.0,0.0,0.0,0.0,0.0,0.0,0.0,0.0,0.0,0.0,0.0,0.0,0.0,0.0,0.0,0.0,0.0,0.0,0.018211103692398967,0.018211103692398967
2018/10/28 15:00:00,2018/10/28 15:00:00,2018/10/28 20:00:00,4.973861149701615,4.973861149701615,4.395747858683056,0.0,0.0,0.0,0.1987135941599378,0.040639592599705135,0.0,0.004349837773430528,0.3344102664854856,0.0,0.0,0.0,0.0,0.0,0.0,0.0,0.0,0.0,0.0,0.0,0.0,0.0,0.0,0.0,0.0,0.0,0.0,0.0,0.0,0.0,0.0,0.0,0.0,0.0,0.01697150512909039,0.01697150512909039
2018/10/28 16:00:00,2018/10/28 16:00:00,2018/10/28 21:00:00,4.6807426837640325,4.6807426837640325,4.08425582194209,0.0,0.0,0.0,0.20036350665753808,0.04097702181289558,0.0,0.0043859543347320165,0.35076037901677576,0.0,0.0,0.0,0.0,0.0,0.0,0.0,0.0,0.0,0.0,0.0,0.0,0.0,0.0,0.0,0.0,0.0,0.0,0.0,0.0,0.0,0.0,0.0,0.0,0.0,0.015971344208154905,0.015971344208154905
2018/10/28 17:00:00,2018/10/28 17:00:00,2018/10/28 22:00:00,5.201558767017261,5.201558767017261,3.819934024468306,0.0,0.0,0.0,0.2081585673374433,0.042571216169152666,0.0,0.004556588103070704,1.1263383709392885,0.0,0.0,0.0,0.0,0.0,0.0,0.0,0.0,0.0,0.0,0.0,0.0,0.0,0.0,0.0,0.0,0.0,0.0,0.0,0.0,0.0,0.0,0.0,0.0,0.0,0.017748441027348415,0.017748441027348415
2018/10/28 18:00:00,2018/10/28 18:00:00,2018/10/28 23:00:00,4.831818142054885,4.831818142054885,3.9233556360936737,0.0,0.0,0.0,0.2347702009285104,0.048013651811895555,0.0,0.005139116387038774,0.6205395368337665,0.0,0.0,0.0,0.0,0.0,0.0,0.0,0.0,0.0,0.0,0.0,0.0,0.0,0.0,0.0,0.0,0.0,0.0,0.0,0.0,0.0,0.0,0.0,0.0,0.0,0.016486834656740647,0.016486834656740647
2018/10/28 19:00:00,2018/10/28 19:00:00,2018/10/29 00:00:00,5.679116517056946,5.679116517056946,3.9369093340950556,0.0,0.0,0.0,0.29648517388170076,0.0606351907092335,0.0,0.0064900562745331585,0.6380908429586813,0.0,0.0,0.0,0.0,0.0,0.0,0.7405059191377422,0.0,0.0,0.0,0.0,0.0,0.0,0.0,0.0,0.0,0.0,0.0,0.0,0.0,0.0,0.0,0.0,0.0,0.0,0.019377934404887033,0.019377934404887033
2018/10/28 20:00:00,2018/10/28 20:00:00,2018/10/29 01:00:00,5.383512865809685,5.383512865809685,4.072619736775286,0.0,0.0,0.0,0.3887692310680028,0.07950851693210204,0.0,0.008510152984732613,0.5767382202275719,0.0,0.0,0.0,0.0,0.0,0.0,0.25736700782199023,0.0,0.0,0.0,0.0,0.0,0.0,0.0,0.0,0.0,0.0,0.0,0.0,0.0,0.0,0.0,0.0,0.0,0.0,0.018369293686474195,0.018369293686474195
2018/10/28 21:00:00,2018/10/28 21:00:00,2018/10/29 02:00:00,5.061818706219522,5.061818706219522,3.890342374444082,0.0,0.0,0.0,0.46406015284263663,0.09490651926965052,0.0,0.010158270200448155,0.6023513894627044,0.0,0.0,0.0,0.0,0.0,0.0,0.0,0.0,0.0,0.0,0.0,0.0,0.0,0.0,0.0,0.0,0.0,0.0,0.0,0.0,0.0,0.0,0.0,0.0,0.0,0.017271628529534618,0.017271628529534618
2018/10/28 22:00:00,2018/10/28 22:00:00,2018/10/29 03:00:00,5.80329510334964,5.80329510334964,3.83470456078255,0.0,0.0,0.0,0.46491935867164713,0.09508223837431415,0.0,0.010177078203926637,1.3984118673172026,0.0,0.0,0.0,0.0,0.0,0.0,0.0,0.0,0.0,0.0,0.0,0.0,0.0,0.0,0.0,0.0,0.0,0.0,0.0,0.0,0.0,0.0,0.0,0.0,0.0,0.01980164899014764,0.01980164899014764
2018/10/28 23:00:00,2018/10/28 23:00:00,2018/10/29 04:00:00,5.476852687417796,5.476852687417796,3.920320387424774,0.0,0.0,0.0,0.29368187909065674,0.06006187936268712,0.0,0.006428692191095917,0.4553694815778204,0.0,0.0,0.0,0.0,0.0,0.0,0.7409903677707611,0.0,0.0,0.0,0.0,0.0,0.0,0.0,0.0,0.0,0.0,0.0,0.0,0.0,0.0,0.0,0.0,0.0,0.0,0.018687782123021215,0.018687782123021215
2018/10/29 00:00:00,2018/10/29 00:00:00,2018/10/29 05:00:00,5.014549654937631,5.014549654937631,4.087327632312741,0.0,0.0,0.0,0.13094360677997474,0.026779722120023,0.0,0.002866353705536267,0.386650883071275,0.0,0.0,0.0,0.0,0.0,0.0,0.3799814569480809,0.0,0.0,0.0,0.0,0.0,0.0,0.0,0.0,0.0,0.0,0.0,0.0,0.0,0.0,0.0,0.0,0.0,0.0,0.017110339960728076,0.017110339960728076
2018/10/29 01:00:00,2018/10/29 01:00:00,2018/10/29 06:00:00,5.3314442643869775,5.3314442643869775,4.7412037886652,0.0,0.0,0.0,0.06501908921459039,0.013297274945155983,0.0,0.0014232669458539432,0.340460018532006,0.0,0.0,0.0,0.0,0.0,0.0,0.17004082608416976,0.0,0.0,0.0,0.0,0.0,0.0,0.0,0.0,0.0,0.0,0.0,0.0,0.0,0.0,0.0,0.0,0.0,0.0,0.01819162838591327,0.01819162838591327
2018/10/29 02:00:00,2018/10/29 02:00:00,2018/10/29 07:00:00,5.616599006571551,5.616599006571551,5.2437294351342,0.0,0.0,0.0,0.03901145352875434,0.00797836496709361,0.0,0.0008539601675123682,0.32502579277399113,0.0,0.0,0.0,0.0,0.0,0.0,0.0,0.0,0.0,0.0,0.0,0.0,0.0,0.0,0.0,0.0,0.0,0.0,0.0,0.0,0.0,0.0,0.0,0.0,0.0,0.019164615975215047,0.019164615975215047
2018/10/29 03:00:00,2018/10/29 03:00:00,2018/10/29 08:00:00,5.676211671139528,5.676211671139528,5.3499643779719515,0.0,0.0,0.0,0.026007635685836212,0.005318909978062404,0.0,0.0005693067783415784,0.2943514407253382,0.0,0.0,0.0,0.0,0.0,0.0,0.0,0.0,0.0,0.0,0.0,0.0,0.0,0.0,0.0,0.0,0.0,0.0,0.0,0.0,0.0,0.0,0.0,0.0,0.0,0.01936802266712378,0.01936802266712378
2018/10/29 04:00:00,2018/10/29 04:00:00,2018/10/29 09:00:00,6.032666939739257,6.032666939739257,5.719047139383886,0.0,0.0,0.0,0.026007635685836212,0.005318909978062404,0.0,0.0005693067783415784,0.2817239479131314,0.0,0.0,0.0,0.0,0.0,0.0,0.0,0.0,0.0,0.0,0.0,0.0,0.0,0.0,0.0,0.0,0.0,0.0,0.0,0.0,0.0,0.0,0.0,0.0,0.0,0.020584297556440805,0.020584297556440805
2018/10/29 05:00:00,2018/10/29 05:00:00,2018/10/29 10:00:00,6.429223947157658,6.429223947157658,6.1293866102192185,0.0,0.0,0.0,0.0278045810395689,0.005686409380447792,0.0,0.0006086418867900008,0.2657377046316337,0.0,0.0,0.0,0.0,0.0,0.0,0.0,0.0,0.0,0.0,0.0,0.0,0.0,0.0,0.0,0.0,0.0,0.0,0.0,0.0,0.0,0.0,0.0,0.0,0.0,0.021937405148875686,0.021937405148875686
2018/10/29 06:00:00,2018/10/29 06:00:00,2018/10/29 11:00:00,7.226274584562369,7.226274584562369,6.441481463770774,0.0,0.0,0.0,0.07380313982851767,0.015093730994548724,0.0,0.001615549689899291,0.29088087752127156,0.0,0.0,0.0,0.0,0.0,0.0,0.4033998227573583,0.0,0.0,0.0,0.0,0.0,0.0,0.0,0.0,0.0,0.0,0.0,0.0,0.0,0.0,0.0,0.0,0.0,0.0,0.024657052636757472,0.024657052636757472
2018/10/29 07:00:00,2018/10/29 07:00:00,2018/10/29 12:00:00,7.115408120960476,7.115408120960476,6.543995696675277,0.0,0.0,0.0,0.17326939918692633,0.03543591379704412,0.0,0.003792864704345704,0.35891424659688315,0.0,0.0,0.0,0.0,0.0,0.0,0.0,0.0,0.0,0.0,0.0,0.0,0.0,0.0,0.0,0.0,0.0,0.0,0.0,0.0,0.0,0.0,0.0,0.0,0.0,0.024278760863217206,0.024278760863217206
2018/10/29 08:00:00,2018/10/29 08:00:00,2018/10/29 13:00:00,7.465809850363017,7.465809850363017,6.4886763372961145,0.0,0.0,0.0,0.21926795797587528,0.044843235411145085,0.0,0.004799772507454998,0.4121843771138827,0.0,0.0,0.0,0.0,0.0,0.0,0.29603817005854366,0.0,0.0,0.0,0.0,0.0,0.0,0.0,0.0,0.0,0.0,0.0,0.0,0.0,0.0,0.0,0.0,0.0,0.0,0.025474380235936147,0.025474380235936147
2018/10/29 09:00:00,2018/10/29 09:00:00,2018/10/29 14:00:00,7.809016968955935,7.809016968955935,5.845154387312512,0.0,0.0,0.0,0.22459555084839308,0.04593279953881092,0.0,0.00491639344029206,0.40924794085435434,0.0,0.0,0.0,0.0,0.0,0.0,1.279169896961572,0.0,0.0,0.0,0.0,0.0,0.0,0.0,0.0,0.0,0.0,0.0,0.0,0.0,0.0,0.0,0.0,0.0,0.0,0.026645450597216635,0.026645450597216635
2018/10/29 10:00:00,2018/10/29 10:00:00,2018/10/29 15:00:00,9.57442290612706,9.57442290612706,6.048355318006865,0.0,0.0,0.0,0.22267911815523408,0.04554086337448363,0.0,0.00487444275566889,1.9341522930039547,0.0,0.0,0.0,0.0,0.0,0.0,1.3188208708308526,0.0,0.0,0.0,0.0,0.0,0.0,0.0,0.0,0.0,0.0,0.0,0.0,0.0,0.0,0.0,0.0,0.0,0.0,0.03266926087576126,0.03266926087576126
2018/10/29 11:00:00,2018/10/29 11:00:00,2018/10/29 16:00:00,7.9973052722919045,7.9973052722919045,5.778365521509701,0.0,0.0,0.0,0.21616650243897678,0.04420894619696981,0.0,0.004731881689496374,0.6350115496259083,0.0,0.0,0.0,0.0,0.0,0.0,1.3188208708308526,0.0,0.0,0.0,0.0,0.0,0.0,0.0,0.0,0.0,0.0,0.0,0.0,0.0,0.0,0.0,0.0,0.0,0.0,0.027287916442087643,0.027287916442087643
2018/10/29 12:00:00,2018/10/29 12:00:00,2018/10/29 17:00:00,7.231356699049291,7.231356699049291,5.271130479208536,0.0,0.0,0.0,0.20714344994933365,0.04236361106157028,0.0,0.004534367197762577,0.38736392080123566,0.0,0.0,0.0,0.0,0.0,0.0,1.3188208708308526,0.0,0.0,0.0,0.0,0.0,0.0,0.0,0.0,0.0,0.0,0.0,0.0,0.0,0.0,0.0,0.0,0.0,0.0,0.024674393517309916,0.024674393517309916
2018/10/29 13:00:00,2018/10/29 13:00:00,2018/10/29 18:00:00,6.562759207137471,6.562759207137471,4.705985300173072,0.0,0.0,0.0,0.20063083423307632,0.041031693884056454,0.0,0.00439180613159006,1.125954359786156,0.0,0.0,0.0,0.0,0.0,0.0,0.48476521292952,0.0,0.0,0.0,0.0,0.0,0.0,0.0,0.0,0.0,0.0,0.0,0.0,0.0,0.0,0.0,0.0,0.0,0.0,0.022393046004430685,0.022393046004430685
2018/10/29 14:00:00,2018/10/29 14:00:00,2018/10/29 19:00:00,5.100011964401517,5.100011964401517,4.557420790430082,0.0,0.0,0.0,0.19871440153991735,0.04063975771972915,0.0,0.004349855446966891,0.2988871592648213,0.0,0.0,0.0,0.0,0.0,0.0,0.0,0.0,0.0,0.0,0.0,0.0,0.0,0.0,0.0,0.0,0.0,0.0,0.0,0.0,0.0,0.0,0.0,0.0,0.0,0.01740194923162565,0.01740194923162565
2018/10/29 15:00:00,2018/10/29 15:00:00,2018/10/29 20:00:00,5.098936769625996,5.098936769625996,4.520823478607436,0.0,0.0,0.0,0.1987135941599378,0.040639592599705135,0.0,0.004349837773430528,0.3344102664854856,0.0,0.0,0.0,0.0,0.0,0.0,0.0,0.0,0.0,0.0,0.0,0.0,0.0,0.0,0.0,0.0,0.0,0.0,0.0,0.0,0.0,0.0,0.0,0.0,0.0,0.017398280517703344,0.017398280517703344
2018/10/29 16:00:00,2018/10/29 16:00:00,2018/10/29 21:00:00,5.583347958802582,5.583347958802582,4.3493174586193755,0.0,0.0,0.0,0.20036350665753808,0.04097702181289558,0.0,0.0043859543347320165,0.32031416814323455,0.0,0.0,0.0,0.0,0.0,0.0,0.6679898492348061,0.0,0.0,0.0,0.0,0.0,0.0,0.0,0.0,0.0,0.0,0.0,0.0,0.0,0.0,0.0,0.0,0.0,0.0,0.019051158781543176,0.019051158781543176
2018/10/29 17:00:00,2018/10/29 17:00:00,2018/10/29 22:00:00,5.075747015393599,5.075747015393599,4.380473277948643,0.0,0.0,0.0,0.2081585673374433,0.042571216169152666,0.0,0.004556588103070704,0.43998736583528836,0.0,0.0,0.0,0.0,0.0,0.0,0.0,0.0,0.0,0.0,0.0,0.0,0.0,0.0,0.0,0.0,0.0,0.0,0.0,0.0,0.0,0.0,0.0,0.0,0.0,0.017319153855126307,0.017319153855126307
2018/10/29 18:00:00,2018/10/29 18:00:00,2018/10/29 23:00:00,5.253566879695753,5.253566879695753,4.345104373734542,0.0,0.0,0.0,0.2347702009285104,0.048013651811895555,0.0,0.005139116387038774,0.6205395368337665,0.0,0.0,0.0,0.0,0.0,0.0,0.0,0.0,0.0,0.0,0.0,0.0,0.0,0.0,0.0,0.0,0.0,0.0,0.0,0.0,0.0,0.0,0.0,0.0,0.0,0.017925899931911987,0.017925899931911987
2018/10/29 19:00:00,2018/10/29 19:00:00,2018/10/30 00:00:00,5.619348218551472,5.619348218551472,4.412215203125835,0.0,0.0,0.0,0.29648517388170076,0.0606351907092335,0.0,0.0064900562745331585,0.6380908429586813,0.0,0.0,0.0,0.0,0.0,0.0,0.20543175160148755,0.0,0.0,0.0,0.0,0.0,0.0,0.0,0.0,0.0,0.0,0.0,0.0,0.0,0.0,0.0,0.0,0.0,0.0,0.019173996668365473,0.019173996668365473
2018/10/29 20:00:00,2018/10/29 20:00:00,2018/10/30 01:00:00,6.971512587900248,6.971512587900248,4.599165595856986,0.0,0.0,0.0,0.3887692310680028,0.07950851693210204,0.0,0.008510152984732613,0.5767382202275719,0.0,0.0,0.0,0.0,0.0,0.0,1.3188208708308526,0.0,0.0,0.0,0.0,0.0,0.0,0.0,0.0,0.0,0.0,0.0,0.0,0.0,0.0,0.0,0.0,0.0,0.0,0.023787769316834503,0.023787769316834503
2018/10/29 21:00:00,2018/10/29 21:00:00,2018/10/30 02:00:00,6.322248604955351,6.322248604955351,4.847720173024959,0.0,0.0,0.0,0.46406015284263663,0.09490651926965052,0.0,0.010158270200448155,0.5640597305897557,0.0,0.0,0.0,0.0,0.0,0.0,0.3413437590279014,0.0,0.0,0.0,0.0,0.0,0.0,0.0,0.0,0.0,0.0,0.0,0.0,0.0,0.0,0.0,0.0,0.0,0.0,0.021572390422040864,0.021572390422040864
2018/10/29 22:00:00,2018/10/29 22:00:00,2018/10/30 03:00:00,6.256438262376882,6.256438262376882,4.883888210010936,0.0,0.0,0.0,0.46491935867164713,0.09508223837431415,0.0,0.010177078203926637,0.5352003936888928,0.0,0.0,0.0,0.0,0.0,0.0,0.2671709834271651,0.0,0.0,0.0,0.0,0.0,0.0,0.0,0.0,0.0,0.0,0.0,0.0,0.0,0.0,0.0,0.0,0.0,0.0,0.021347836391881685,0.021347836391881685
2018/10/29 23:00:00,2018/10/29 23:00:00,2018/10/30 04:00:00,6.127168633505213,6.127168633505213,5.08686828997295,0.0,0.0,0.0,0.29368187909065674,0.06006187936268712,0.0,0.006428692191095917,0.4553694815778204,0.0,0.0,0.0,0.0,0.0,0.0,0.22475841131000338,0.0,0.0,0.0,0.0,0.0,0.0,0.0,0.0,0.0,0.0,0.0,0.0,0.0,0.0,0.0,0.0,0.0,0.0,0.02090675046217841,0.02090675046217841
2018/10/30 00:00:00,2018/10/30 00:00:00,2018/10/30 05:00:00,5.8304588005971265,5.8304588005971265,5.283218234920318,0.0,0.0,0.0,0.13094360677997474,0.026779722120023,0.0,0.002866353705536267,0.386650883071275,0.0,0.0,0.0,0.0,0.0,0.0,0.0,0.0,0.0,0.0,0.0,0.0,0.0,0.0,0.0,0.0,0.0,0.0,0.0,0.0,0.0,0.0,0.0,0.0,0.0,0.019894335298286422,0.019894335298286422
2018/10/30 01:00:00,2018/10/30 01:00:00,2018/10/30 06:00:00,6.18514262095359,6.18514262095359,5.764942971315983,0.0,0.0,0.0,0.06501908921459039,0.013297274945155983,0.0,0.0014232669458539432,0.340460018532006,0.0,0.0,0.0,0.0,0.0,0.0,0.0,0.0,0.0,0.0,0.0,0.0,0.0,0.0,0.0,0.0,0.0,0.0,0.0,0.0,0.0,0.0,0.0,0.0,0.0,0.021104565760137212,0.021104565760137212
2018/10/30 02:00:00,2018/10/30 02:00:00,2018/10/30 07:00:00,6.121083445929798,6.121083445929798,5.748213874492446,0.0,0.0,0.0,0.03901145352875434,0.00797836496709361,0.0,0.0008539601675123682,0.32502579277399113,0.0,0.0,0.0,0.0,0.0,0.0,0.0,0.0,0.0,0.0,0.0,0.0,0.0,0.0,0.0,0.0,0.0,0.0,0.0,0.0,0.0,0.0,0.0,0.0,0.0,0.020885986956917745,0.020885986956917745
2018/10/30 03:00:00,2018/10/30 03:00:00,2018/10/30 08:00:00,5.708718557600625,5.708718557600625,5.382471264433049,0.0,0.0,0.0,0.026007635685836212,0.005318909978062404,0.0,0.0005693067783415784,0.2943514407253382,0.0,0.0,0.0,0.0,0.0,0.0,0.0,0.0,0.0,0.0,0.0,0.0,0.0,0.0,0.0,0.0,0.0,0.0,0.0,0.0,0.0,0.0,0.0,0.0,0.0,0.019478940679046642,0.019478940679046642
2018/10/30 04:00:00,2018/10/30 04:00:00,2018/10/30 09:00:00,5.686316901461458,5.686316901461458,5.372697101106088,0.0,0.0,0.0,0.026007635685836212,0.005318909978062404,0.0,0.0005693067783415784,0.2817239479131314,0.0,0.0,0.0,0.0,0.0,0.0,0.0,0.0,0.0,0.0,0.0,0.0,0.0,0.0,0.0,0.0,0.0,0.0,0.0,0.0,0.0,0.0,0.0,0.0,0.0,0.019402503116633222,0.019402503116633222
2018/10/30 05:00:00,2018/10/30 05:00:00,2018/10/30 10:00:00,5.64272719867892,5.64272719867892,5.34288986174048,0.0,0.0,0.0,0.0278045810395689,0.005686409380447792,0.0,0.0006086418867900008,0.2657377046316337,0.0,0.0,0.0,0.0,0.0,0.0,0.0,0.0,0.0,0.0,0.0,0.0,0.0,0.0,0.0,0.0,0.0,0.0,0.0,0.0,0.0,0.0,0.0,0.0,0.0,0.01925376899598055,0.01925376899598055
2018/10/30 06:00:00,2018/10/30 06:00:00,2018/10/30 11:00:00,6.078339991941243,6.078339991941243,5.293478825334207,0.0,0.0,0.0,0.07380313982851767,0.015093730994548724,0.0,0.001615549689899291,0.29088087752127156,0.0,0.0,0.0,0.0,0.0,0.0,0.40346786857279926,0.0,0.0,0.0,0.0,0.0,0.0,0.0,0.0,0.0,0.0,0.0,0.0,0.0,0.0,0.0,0.0,0.0,0.0,0.020740140354696988,0.020740140354696988
2018/10/30 07:00:00,2018/10/30 07:00:00,2018/10/30 12:00:00,5.763846113974833,5.763846113974833,5.192433689689635,0.0,0.0,0.0,0.17326939918692633,0.03543591379704412,0.0,0.003792864704345704,0.35891424659688315,0.0,0.0,0.0,0.0,0.0,0.0,0.0,0.0,0.0,0.0,0.0,0.0,0.0,0.0,0.0,0.0,0.0,0.0,0.0,0.0,0.0,0.0,0.0,0.0,0.0,0.01966704355880138,0.01966704355880138
2018/10/30 08:00:00,2018/10/30 08:00:00,2018/10/30 13:00:00,5.889058115844138,5.889058115844138,4.462684824325941,0.0,0.0,0.0,0.21926795797587528,0.044843235411145085,0.0,0.004799772507454998,0.5102417409296416,0.0,0.0,0.0,0.0,0.0,0.0,0.6472205846940795,0.0,0.0,0.0,0.0,0.0,0.0,0.0,0.0,0.0,0.0,0.0,0.0,0.0,0.0,0.0,0.0,0.0,0.0,0.020094284301554334,0.020094284301554334
2018/10/30 09:00:00,2018/10/30 09:00:00,2018/10/30 14:00:00,7.3597626500247095,7.3597626500247095,3.2188954869493767,0.0,0.0,0.0,0.22459555084839308,0.04593279953881092,0.0,0.00491639344029206,2.546601548416984,0.0,0.0,0.0,0.0,0.0,0.0,1.3188208708308526,0.0,0.0,0.0,0.0,0.0,0.0,0.0,0.0,0.0,0.0,0.0,0.0,0.0,0.0,0.0,0.0,0.0,0.0,0.025112532458063375,0.025112532458063375
2018/10/30 10:00:00,2018/10/30 10:00:00,2018/10/30 15:00:00,4.655094106231485,4.655094106231485,2.794568597455722,0.0,0.0,0.0,0.22267911815523408,0.04554086337448363,0.0,0.00487444275566889,0.26861021365952403,0.0,0.0,0.0,0.0,0.0,0.0,1.3188208708308526,0.0,0.0,0.0,0.0,0.0,0.0,0.0,0.0,0.0,0.0,0.0,0.0,0.0,0.0,0.0,0.0,0.0,0.0,0.0158838276989388,0.0158838276989388
2018/10/30 11:00:00,2018/10/30 11:00:00,2018/10/30 16:00:00,4.022504550597851,4.022504550597851,2.1736822997932572,0.0,0.0,0.0,0.21616650243897678,0.04420894619696981,0.0,0.004731881689496374,0.2648940496482986,0.0,0.0,0.0,0.0,0.0,0.0,1.3188208708308526,0.0,0.0,0.0,0.0,0.0,0.0,0.0,0.0,0.0,0.0,0.0,0.0,0.0,0.0,0.0,0.0,0.0,0.0,0.013725344266266119,0.013725344266266119
2018/10/30 12:00:00,2018/10/30 12:00:00,2018/10/30 17:00:00,3.069438509121127,3.069438509121127,1.898027958194484,0.0,0.0,0.0,0.20714344994933365,0.04236361106157028,0.0,0.004534367197762577,0.2831607590220128,0.0,0.0,0.0,0.0,0.0,0.0,0.634208363695963,0.0,0.0,0.0,0.0,0.0,0.0,0.0,0.0,0.0,0.0,0.0,0.0,0.0,0.0,0.0,0.0,0.0,0.0,0.010473350548617918,0.010473350548617918
2018/10/30 13:00:00,2018/10/30 13:00:00,2018/10/30 18:00:00,2.7992066914875156,2.7992066914875156,1.5606119308020425,0.0,0.0,0.0,0.20063083423307632,0.041031693884056454,0.0,0.00439180613159006,0.2895827755176989,0.0,0.0,0.0,0.0,0.0,0.0,0.7029576509190517,0.0,0.0,0.0,0.0,0.0,0.0,0.0,0.0,0.0,0.0,0.0,0.0,0.0,0.0,0.0,0.0,0.0,0.0,0.009551282050729233,0.009551282050729233
2018/10/30 14:00:00,2018/10/30 14:00:00,2018/10/30 19:00:00,1.5888193884213329,1.5888193884213329,1.046228214449898,0.0,0.0,0.0,0.19871440153991735,0.04063975771972915,0.0,0.004349855446966891,0.2988871592648213,0.0,0.0,0.0,0.0,0.0,0.0,0.0,0.0,0.0,0.0,0.0,0.0,0.0,0.0,0.0,0.0,0.0,0.0,0.0,0.0,0.0,0.0,0.0,0.0,0.0,0.0054212724457353475,0.0054212724457353475
2018/10/30 15:00:00,2018/10/30 15:00:00,2018/10/30 20:00:00,1.0973617828758215,1.0973617828758215,0.5192484918572623,0.0,0.0,0.0,0.1987135941599378,0.040639592599705135,0.0,0.004349837773430528,0.3344102664854856,0.0,0.0,0.0,0.0,0.0,0.0,0.0,0.0,0.0,0.0,0.0,0.0,0.0,0.0,0.0,0.0,0.0,0.0,0.0,0.0,0.0,0.0,0.0,0.0,0.0,0.003744350830473431,0.003744350830473431
2018/10/30 16:00:00,2018/10/30 16:00:00,2018/10/30 21:00:00,0.7523590950772518,0.7523590950772518,0.1863184441288518,0.0,0.0,0.0,0.20036350665753808,0.04097702181289558,0.0,0.0043859543347320165,0.32031416814323455,0.0,0.0,0.0,0.0,0.0,0.0,0.0,0.0,0.0,0.0,0.0,0.0,0.0,0.0,0.0,0.0,0.0,0.0,0.0,0.0,0.0,0.0,0.0,0.0,0.0,0.0025671537376525644,0.0025671537376525644
2018/10/30 17:00:00,2018/10/30 17:00:00,2018/10/30 22:00:00,0.7698642290884862,0.7698642290884862,0.07459049164353124,0.0,0.0,0.0,0.2081585673374433,0.042571216169152666,0.0,0.004556588103070704,0.43998736583528836,0.0,0.0,0.0,0.0,0.0,0.0,0.0,0.0,0.0,0.0,0.0,0.0,0.0,0.0,0.0,0.0,0.0,0.0,0.0,0.0,0.0,0.0,0.0,0.0,0.0,0.002626883686421822,0.002626883686421822
2018/10/30 18:00:00,2018/10/30 18:00:00,2018/10/30 23:00:00,1.2187085296993696,1.2187085296993696,0.31024602373815846,0.0,0.0,0.0,0.2347702009285104,0.048013651811895555,0.0,0.005139116387038774,0.6205395368337665,0.0,0.0,0.0,0.0,0.0,0.0,0.0,0.0,0.0,0.0,0.0,0.0,0.0,0.0,0.0,0.0,0.0,0.0,0.0,0.0,0.0,0.0,0.0,0.0,0.0,0.004158402786113131,0.004158402786113131
2018/10/30 19:00:00,2018/10/30 19:00:00,2018/10/31 00:00:00,1.7401681626092167,1.7401681626092167,0.7384668987850678,0.0,0.0,0.0,0.29648517388170076,0.0606351907092335,0.0,0.0064900562745331585,0.6380908429586813,0.0,0.0,0.0,0.0,0.0,0.0,0.0,0.0,0.0,0.0,0.0,0.0,0.0,0.0,0.0,0.0,0.0,0.0,0.0,0.0,0.0,0.0,0.0,0.0,0.0,0.0059376954861262736,0.0059376954861262736
2018/10/30 20:00:00,2018/10/30 20:00:00,2018/10/31 01:00:00,3.3620867568682566,3.3620867568682566,0.748130817954573,0.0,0.0,0.0,0.3887692310680028,0.07950851693210204,0.0,0.008510152984732613,0.9112002745157197,0.0,0.0,0.0,0.0,0.0,0.0,1.2259677634131263,0.0,0.0,0.0,0.0,0.0,0.0,0.0,0.0,0.0,0.0,0.0,0.0,0.0,0.0,0.0,0.0,0.0,0.0,0.011471907019772663,0.011471907019772663
2018/10/30 21:00:00,2018/10/30 21:00:00,2018/10/31 02:00:00,10.934926440515436,10.934926440515436,0.7898470906468928,0.0,0.0,0.0,0.46406015284263663,0.09490651926965052,0.0,0.010158270200448155,8.257133536724954,0.0,0.0,0.0,0.0,0.0,0.0,1.3188208708308526,0.0,0.0,0.0,0.0,0.0,0.0,0.0,0.0,0.0,0.0,0.0,0.0,0.0,0.0,0.0,0.0,0.0,0.0,0.03731148791368392,0.03731148791368392
2018/10/30 22:00:00,2018/10/30 22:00:00,2018/10/31 03:00:00,6.93722061536402,6.93722061536402,0.9778782535391803,0.0,0.0,0.0,0.46491935867164713,0.09508223837431415,0.0,0.010177078203926637,4.070342815744099,0.0,0.0,0.0,0.0,0.0,0.0,1.3188208708308526,0.0,0.0,0.0,0.0,0.0,0.0,0.0,0.0,0.0,0.0,0.0,0.0,0.0,0.0,0.0,0.0,0.0,0.0,0.02367076034326874,0.02367076034326874
2018/10/30 23:00:00,2018/10/30 23:00:00,2018/10/31 04:00:00,5.336552344125043,5.336552344125043,1.4009959461023676,0.0,0.0,0.0,0.29368187909065674,0.06006187936268712,0.0,0.006428692191095917,2.256563076547384,0.0,0.0,0.0,0.0,0.0,0.0,1.3188208708308526,0.0,0.0,0.0,0.0,0.0,0.0,0.0,0.0,0.0,0.0,0.0,0.0,0.0,0.0,0.0,0.0,0.0,0.0,0.018209057863509282,0.018209057863509282
2018/10/31 00:00:00,2018/10/31 00:00:00,2018/10/31 05:00:00,4.214969138578555,4.214969138578555,2.3030469856425433,0.0,0.0,0.0,0.13094360677997474,0.026779722120023,0.0,0.002866353705536267,0.432511599499624,0.0,0.0,0.0,0.0,0.0,0.0,1.3188208708308526,0.0,0.0,0.0,0.0,0.0,0.0,0.0,0.0,0.0,0.0,0.0,0.0,0.0,0.0,0.0,0.0,0.0,0.0,0.014382060174445164,0.014382060174445164
2018/10/31 01:00:00,2018/10/31 01:00:00,2018/10/31 06:00:00,5.809564527935522,5.809564527935522,3.0367027539158387,0.0,0.0,0.0,0.06501908921459039,0.013297274945155983,0.0,0.0014232669458539432,1.3743012720832308,0.0,0.0,0.0,0.0,0.0,0.0,1.3188208708308526,0.0,0.0,0.0,0.0,0.0,0.0,0.0,0.0,0.0,0.0,0.0,0.0,0.0,0.0,0.0,0.0,0.0,0.0,0.01982304113767916,0.01982304113767916
2018/10/31 02:00:00,2018/10/31 02:00:00,2018/10/31 07:00:00,4.706800472052068,4.706800472052068,2.9320631104834534,0.0,0.0,0.0,0.03901145352875434,0.00797836496709361,0.0,0.0008539601675123682,0.4080727120744015,0.0,0.0,0.0,0.0,0.0,0.0,1.3188208708308526,0.0,0.0,0.0,0.0,0.0,0.0,0.0,0.0,0.0,0.0,0.0,0.0,0.0,0.0,0.0,0.0,0.0,0.0,0.01606025700130951,0.01606025700130951
2018/10/31 03:00:00,2018/10/31 03:00:00,2018/10/31 08:00:00,5.802338617133485,5.802338617133485,2.2816163870094717,0.0,0.0,0.0,0.026007635685836212,0.005318909978062404,0.0,0.0005693067783415784,2.2369438985913366,0.0,0.0,0.0,0.0,0.0,0.0,1.2518824790904366,0.0,0.0,0.0,0.0,0.0,0.0,0.0,0.0,0.0,0.0,0.0,0.0,0.0,0.0,0.0,0.0,0.0,0.0,0.01979838532631891,0.01979838532631891
2018/10/31 04:00:00,2018/10/31 04:00:00,2018/10/31 09:00:00,4.1669176887878185,4.1669176887878185,2.189730937657377,0.0,0.0,0.0,0.026007635685836212,0.005318909978062404,0.0,0.0005693067783415784,1.9452908986882016,0.0,0.0,0.0,0.0,0.0,0.0,0.0,0.0,0.0,0.0,0.0,0.0,0.0,0.0,0.0,0.0,0.0,0.0,0.0,0.0,0.0,0.0,0.0,0.0,0.0,0.014218101953248612,0.014218101953248612
2018/10/31 05:00:00,2018/10/31 05:00:00,2018/10/31 10:00:00,4.236000327839102,4.236000327839102,2.2413727703895825,0.0,0.0,0.0,0.0278045810395689,0.005686409380447792,0.0,0.0006086418867900008,1.9605279251427128,0.0,0.0,0.0,0.0,0.0,0.0,0.0,0.0,0.0,0.0,0.0,0.0,0.0,0.0,0.0,0.0,0.0,0.0,0.0,0.0,0.0,0.0,0.0,0.0,0.0,0.014453821513506201,0.014453821513506201
2018/10/31 06:00:00,2018/10/31 06:00:00,2018/10/31 11:00:00,2.773558867040422,2.773558867040422,2.3921655690061847,0.0,0.0,0.0,0.07380313982851767,0.015093730994548724,0.0,0.001615549689899291,0.29088087752127156,0.0,0.0,0.0,0.0,0.0,0.0,0.0,0.0,0.0,0.0,0.0,0.0,0.0,0.0,0.0,0.0,0.0,0.0,0.0,0.0,0.0,0.0,0.0,0.0,0.0,0.0094637681111453,0.0094637681111453
2018/10/31 07:00:00,2018/10/31 07:00:00,2018/10/31 12:00:00,2.9059106028889716,2.9059106028889716,2.334498178603772,0.0,0.0,0.0,0.17326939918692633,0.03543591379704412,0.0,0.003792864704345704,0.35891424659688315,0.0,0.0,0.0,0.0,0.0,0.0,0.0,0.0,0.0,0.0,0.0,0.0,0.0,0.0,0.0,0.0,0.0,0.0,0.0,0.0,0.0,0.0,0.0,0.0,0.0,0.009915370617968882,0.009915370617968882
2018/10/31 08:00:00,2018/10/31 08:00:00,2018/10/31 13:00:00,2.8897888733391683,2.8897888733391683,2.20869353033081,0.0,0.0,0.0,0.21926795797587528,0.044843235411145085,0.0,0.004799772507454998,0.4121843771138827,0.0,0.0,0.0,0.0,0.0,0.0,0.0,0.0,0.0,0.0,0.0,0.0,0.0,0.0,0.0,0.0,0.0,0.0,0.0,0.0,0.0,0.0,0.0,0.0,0.0,0.009860361037381634,0.009860361037381634
2018/10/31 09:00:00,2018/10/31 09:00:00,2018/10/31 14:00:00,2.8264168815325936,2.8264168815325936,1.921341147472174,0.0,0.0,0.0,0.22459555084839308,0.04593279953881092,0.0,0.00491639344029206,0.33608771822860944,0.0,0.0,0.0,0.0,0.0,0.0,0.2935432720043144,0.0,0.0,0.0,0.0,0.0,0.0,0.0,0.0,0.0,0.0,0.0,0.0,0.0,0.0,0.0,0.0,0.0,0.0,0.00964412699875141,0.00964412699875141
2018/10/31 10:00:00,2018/10/31 10:00:00,2018/10/31 15:00:00,1.8650990845656596,1.8650990845656596,1.2138406875642862,0.0,0.0,0.0,0.22267911815523408,0.04554086337448363,0.0,0.00487444275566889,0.26861021365952403,0.0,0.0,0.0,0.0,0.0,0.0,0.10955375905646265,0.0,0.0,0.0,0.0,0.0,0.0,0.0,0.0,0.0,0.0,0.0,0.0,0.0,0.0,0.0,0.0,0.0,0.0,0.006363977145173583,0.006363977145173583
2018/10/31 11:00:00,2018/10/31 11:00:00,2018/10/31 16:00:00,1.339836419923832,1.339836419923832,0.8098350399500904,0.0,0.0,0.0,0.21616650243897678,0.04420894619696981,0.0,0.004731881689496374,0.2648940496482986,0.0,0.0,0.0,0.0,0.0,0.0,0.0,0.0,0.0,0.0,0.0,0.0,0.0,0.0,0.0,0.0,0.0,0.0,0.0,0.0,0.0,0.0,0.0,0.0,0.0,0.00457170797263682,0.00457170797263682
2018/10/31 12:00:00,2018/10/31 12:00:00,2018/10/31 17:00:00,1.259794965622632,1.259794965622632,0.31948606630118503,0.0,0.0,0.0,0.20714344994933365,0.04236361106157028,0.0,0.004534367197762577,0.2831607590220128,0.0,0.0,0.0,0.0,0.0,0.0,0.40310671209076754,0.0,0.0,0.0,0.0,0.0,0.0,0.0,0.0,0.0,0.0,0.0,0.0,0.0,0.0,0.0,0.0,0.0,0.0,0.004298595412529636,0.004298595412529636
2018/10/31 13:00:00,2018/10/31 13:00:00,2018/10/31 18:00:00,1.8734447377674701,1.8734447377674701,0.01898675717019572,0.0,0.0,0.0,0.20063083423307632,0.041031693884056454,0.0,0.00439180613159006,0.2895827755176989,0.0,0.0,0.0,0.0,0.0,0.0,1.3188208708308526,0.0,0.0,0.0,0.0,0.0,0.0,0.0,0.0,0.0,0.0,0.0,0.0,0.0,0.0,0.0,0.0,0.0,0.0,0.006392453673137906,0.006392453673137906
2018/10/31 14:00:00,2018/10/31 14:00:00,2018/10/31 19:00:00,0.9556173070200916,0.9556173070200916,0.0,0.0,0.0,0.0,0.19871440153991735,0.04063975771972915,0.0,0.004349855446966891,0.2988871592648213,0.0,0.0,0.0,0.0,0.0,0.0,0.41302613304865693,0.0,0.0,0.0,0.0,0.0,0.0,0.0,0.0,0.0,0.0,0.0,0.0,0.0,0.0,0.0,0.0,0.0,0.0,0.0032606989900616687,0.0032606989900616687
2018/10/31 15:00:00,2018/10/31 15:00:00,2018/10/31 20:00:00,0.578113291018559,0.578113291018559,0.0,0.0,0.0,0.0,0.1987135941599378,0.040639592599705135,0.0,0.004349837773430528,0.3344102664854856,0.0,0.0,0.0,0.0,0.0,0.0,0.0,0.0,0.0,0.0,0.0,0.0,0.0,0.0,0.0,0.0,0.0,0.0,0.0,0.0,0.0,0.0,0.0,0.0,0.0,0.001972602850866754,0.001972602850866754
2018/10/31 16:00:00,2018/10/31 16:00:00,2018/10/31 21:00:00,0.6528081050660728,0.6528081050660728,0.0,0.0,0.0,0.0,0.20036350665753808,0.04097702181289558,0.0,0.0043859543347320165,0.4070816222609071,0.0,0.0,0.0,0.0,0.0,0.0,0.0,0.0,0.0,0.0,0.0,0.0,0.0,0.0,0.0,0.0,0.0,0.0,0.0,0.0,0.0,0.0,0.0,0.0,0.0,0.002227471931761761,0.002227471931761761
2018/10/31 17:00:00,2018/10/31 17:00:00,2018/10/31 22:00:00,3.4130498645446568,3.4130498645446568,0.0,0.0,0.05149297516562244,0.0,0.2081585673374433,0.042571216169152666,0.0,0.004556588103070704,2.545437987758176,0.0,0.01948025479325882,0.0,0.0,0.0,0.0,0.5413522752179332,0.0,0.0,0.0,0.0,0.0,0.0,0.0,0.0,0.0,0.0,0.0,0.0,0.0,0.0,0.0,0.0,0.0,0.0,0.011645800222114328,0.011645800222114328
2018/10/31 18:00:00,2018/10/31 18:00:00,2018/10/31 23:00:00,4.4819301459090575,4.4819301459090575,0.0,0.0,0.07789322843628337,0.0,0.2347702009285104,0.048013651811895555,0.0,0.005139116387038774,3.989510777097465,0.0,0.029511561713693745,0.0,0.0,0.0,0.0,0.09709160953417087,0.0,0.0,0.0,0.0,0.0,0.0,0.0,0.0,0.0,0.0,0.0,0.0,0.0,0.0,0.0,0.0,0.0,0.0,0.015292968213252914,0.015292968213252914
2018/10/31 19:00:00,2018/10/31 19:00:00,2018/11/01 00:00:00,1.0139782070914003,1.0139782070914003,0.0,0.0,0.008888830105203473,0.0,0.29648517388170076,0.0606351907092335,0.0,0.0064900562745331585,0.6380908429586813,0.0,0.0033881131620480598,0.0,0.0,0.0,0.0,0.0,0.0,0.0,0.0,0.0,0.0,0.0,0.0,0.0,0.0,0.0,0.0,0.0,0.0,0.0,0.0,0.0,0.0,0.0,0.003459834487633403,0.003459834487633403
2018/10/31 20:00:00,2018/10/31 20:00:00,2018/11/01 01:00:00,1.0587989062270708,1.0587989062270708,0.0,0.0,0.0,0.0,0.3887692310680028,0.07950851693210204,0.0,0.008510152984732613,0.5820110052422335,0.0,0.0,0.0,0.0,0.0,0.0,0.0,0.0,0.0,0.0,0.0,0.0,0.0,0.0,0.0,0.0,0.0,0.0,0.0,0.0,0.0,0.0,0.0,0.0,0.0,0.0036127689388325652,0.0036127689388325652
2018/10/31 21:00:00,2018/10/31 21:00:00,2018/11/01 02:00:00,1.2520494245637646,1.2520494245637646,0.0,0.0,0.0,0.0,0.46406015284263663,0.09490651926965052,0.0,0.010158270200448155,0.6829244822510292,0.0,0.0,0.0,0.0,0.0,0.0,0.0,0.0,0.0,0.0,0.0,0.0,0.0,0.0,0.0,0.0,0.0,0.0,0.0,0.0,0.0,0.0,0.0,0.0,0.0,0.0042721665505546635,0.0042721665505546635
2018/10/31 22:00:00,2018/10/31 22:00:00,2018/11/01 03:00:00,1.1053790689387808,1.1053790689387808,0.0,0.0,0.0,0.0,0.46491935867164713,0.09508223837431415,0.0,0.010177078203926637,0.5352003936888928,0.0,0.0,0.0,0.0,0.0,0.0,0.0,0.0,0.0,0.0,0.0,0.0,0.0,0.0,0.0,0.0,0.0,0.0,0.0,0.0,0.0,0.0,0.0,0.0,0.0,0.0037717069241486757,0.0037717069241486757
2018/10/31 23:00:00,2018/10/31 23:00:00,2018/11/01 04:00:00,0.8937321993422019,0.8937321993422019,0.07819026711994165,0.0,0.0,0.0,0.29368187909065674,0.06006187936268712,0.0,0.006428692191095917,0.4553694815778204,0.0,0.0,0.0,0.0,0.0,0.0,0.0,0.0,0.0,0.0,0.0,0.0,0.0,0.0,0.0,0.0,0.0,0.0,0.0,0.0,0.0,0.0,0.0,0.0,0.0,0.003049538406611803,0.003049538406611803
2018/11/01 00:00:00,2018/11/01 00:00:00,2018/11/01 05:00:00,1.2774678813972968,1.2774678813972968,0.7302273157204877,0.0,0.0,0.0,0.13094360677997474,0.026779722120023,0.0,0.002866353705536267,0.386650883071275,0.0,0.0,0.0,0.0,0.0,0.0,0.0,0.0,0.0,0.0,0.0,0.0,0.0,0.0,0.0,0.0,0.0,0.0,0.0,0.0,0.0,0.0,0.0,0.0,0.0,0.00435889785598118,0.00435889785598118
2018/11/01 01:00:00,2018/11/01 01:00:00,2018/11/01 06:00:00,2.155718076995455,2.155718076995455,1.7366099360842142,0.0,0.0,0.0,0.06501908921459039,0.013297274945155983,0.0,0.0014232669458539432,0.3393685098056406,0.0,0.0,0.0,0.0,0.0,0.0,0.0,0.0,0.0,0.0,0.0,0.0,0.0,0.0,0.0,0.0,0.0,0.0,0.0,0.0,0.0,0.0,0.0,0.0,0.0,0.007355609515315086,0.007355609515315086
2018/11/01 02:00:00,2018/11/01 02:00:00,2018/11/01 07:00:00,2.9937633139730635,2.9937633139730635,2.621919151863427,0.0,0.0,0.0,0.03901145352875434,0.00797836496709361,0.0,0.0008539601675123682,0.3240003834462767,0.0,0.0,0.0,0.0,0.0,0.0,0.0,0.0,0.0,0.0,0.0,0.0,0.0,0.0,0.0,0.0,0.0,0.0,0.0,0.0,0.0,0.0,0.0,0.0,0.0,0.01021513627122955,0.01021513627122955
2018/11/01 03:00:00,2018/11/01 03:00:00,2018/11/01 08:00:00,4.057103999354684,4.057103999354684,3.328897674072479,0.0,0.0,0.0,0.026007635685836267,0.005318909978062415,0.0,0.0005693067783415797,0.2933339132755372,0.0,0.0,0.0,0.0,0.0,0.0,0.4029765595644268,0.0,0.0,0.0,0.0,0.0,0.0,0.0,0.0,0.0,0.0,0.0,0.0,0.0,0.0,0.0,0.0,0.0,0.0,0.013843402391406082,0.013843402391406082
2018/11/01 04:00:00,2018/11/01 04:00:00,2018/11/01 09:00:00,4.635653762084614,4.635653762084614,4.323024201460884,0.0,0.0,0.0,0.026007635685836267,0.005318909978062415,0.0,0.0005693067783415797,0.2807337081814895,0.0,0.0,0.0,0.0,0.0,0.0,0.0,0.0,0.0,0.0,0.0,0.0,0.0,0.0,0.0,0.0,0.0,0.0,0.0,0.0,0.0,0.0,0.0,0.0,0.0,0.015817494544379446,0.015817494544379446
2018/11/01 05:00:00,2018/11/01 05:00:00,2018/11/01 10:00:00,5.406025313657832,5.406025313657832,5.106431428074169,0.0,0.0,0.0,0.028359609659443317,0.005799920170125916,0.0,0.0006207914554507214,0.2648135642986422,0.0,0.0,0.0,0.0,0.0,0.0,0.0,0.0,0.0,0.0,0.0,0.0,0.0,0.0,0.0,0.0,0.0,0.0,0.0,0.0,0.0,0.0,0.0,0.0,0.0,0.018446109285588,0.018446109285588
2018/11/01 06:00:00,2018/11/01 06:00:00,2018/11/01 11:00:00,6.124752264180136,6.124752264180136,5.74094710823039,0.0,0.0,0.0,0.07657075757208723,0.01565974590684433,0.0,0.001676132803270518,0.2898985196675431,0.0,0.0,0.0,0.0,0.0,0.0,0.0,0.0,0.0,0.0,0.0,0.0,0.0,0.0,0.0,0.0,0.0,0.0,0.0,0.0,0.0,0.0,0.0,0.0,0.0,0.02089850547439929,0.02089850547439929
2018/11/01 07:00:00,2018/11/01 07:00:00,2018/11/01 12:00:00,6.741045241981684,6.741045241981684,6.1627980985244495,0.0,0.0,0.0,0.1797670016564363,0.03676476056443332,0.0,0.0039350971307586715,0.35778028410560686,0.0,0.0,0.0,0.0,0.0,0.0,0.0,0.0,0.0,0.0,0.0,0.0,0.0,0.0,0.0,0.0,0.0,0.0,0.0,0.0,0.0,0.0,0.0,0.0,0.0,0.02300138271985855,0.02300138271985855
2018/11/01 08:00:00,2018/11/01 08:00:00,2018/11/01 13:00:00,6.716782316654644,6.716782316654644,5.63624159760761,0.0,0.0,0.0,0.22749050639997065,0.04652485673906303,0.0,0.004979763976484562,0.4109570275057973,0.0,0.0,0.0,0.0,0.0,0.0,0.3905885644257195,0.0,0.0,0.0,0.0,0.0,0.0,0.0,0.0,0.0,0.0,0.0,0.0,0.0,0.0,0.0,0.0,0.0,0.0,0.022918594248439457,0.022918594248439457
2018/11/01 09:00:00,2018/11/01 09:00:00,2018/11/01 14:00:00,7.135721875498573,7.135721875498573,5.190662550431939,0.0,0.0,0.0,0.23738819960796062,0.04854906762080994,0.0,0.005196424341206713,0.33510476266580536,0.0,0.0,0.0,0.0,0.0,0.0,1.3188208708308526,0.0,0.0,0.0,0.0,0.0,0.0,0.0,0.0,0.0,0.0,0.0,0.0,0.0,0.0,0.0,0.0,0.0,0.0,0.02434807421535111,0.02434807421535111
2018/11/01 10:00:00,2018/11/01 10:00:00,2018/11/01 15:00:00,6.090133038289551,6.090133038289551,4.209416440225287,0.0,0.0,0.0,0.23977021629156023,0.04903622194961379,0.0,0.005248566652813857,0.2678407223394236,0.0,0.0,0.0,0.0,0.0,0.0,1.3188208708308526,0.0,0.0,0.0,0.0,0.0,0.0,0.0,0.0,0.0,0.0,0.0,0.0,0.0,0.0,0.0,0.0,0.0,0.0,0.02078037986693185,0.02078037986693185
2018/11/01 11:00:00,2018/11/01 11:00:00,2018/11/01 16:00:00,5.149436960563323,5.149436960563323,3.7360937462563415,0.0,0.0,0.0,0.2330133774859433,0.04765435787794319,0.0,0.005100659546659875,0.2641130343658663,0.0,0.0,0.0,0.0,0.0,0.0,0.8634617850305693,0.0,0.0,0.0,0.0,0.0,0.0,0.0,0.0,0.0,0.0,0.0,0.0,0.0,0.0,0.0,0.0,0.0,0.0,0.017570594183830574,0.017570594183830574
2018/11/01 12:00:00,2018/11/01 12:00:00,2018/11/01 17:00:00,4.252627348453176,4.252627348453176,3.6959794890894506,0.0,0.0,0.0,0.22365196052793865,0.045739822674966235,0.0,0.004895738261486062,0.2823603378993346,0.0,0.0,0.0,0.0,0.0,0.0,0.0,0.0,0.0,0.0,0.0,0.0,0.0,0.0,0.0,0.0,0.0,0.0,0.0,0.0,0.0,0.0,0.0,0.0,0.0,0.014510555217391396,0.014510555217391396
2018/11/01 13:00:00,2018/11/01 13:00:00,2018/11/01 18:00:00,3.9301600560560406,3.9301600560560406,3.3753731480956515,0.0,0.0,0.0,0.21689512172232184,0.04435795860329565,0.0,0.00474783115533208,0.2887859964794398,0.0,0.0,0.0,0.0,0.0,0.0,0.0,0.0,0.0,0.0,0.0,0.0,0.0,0.0,0.0,0.0,0.0,0.0,0.0,0.0,0.0,0.0,0.0,0.0,0.0,0.013410252023923642,0.013410252023923642
2018/11/01 14:00:00,2018/11/01 14:00:00,2018/11/01 19:00:00,3.4542013029686323,3.4542013029686323,2.8926260911470427,0.0,0.0,0.0,0.21490682280316895,0.043951324832805984,0.0,0.004704307320035531,0.2980127568655787,0.0,0.0,0.0,0.0,0.0,0.0,0.0,0.0,0.0,0.0,0.0,0.0,0.0,0.0,0.0,0.0,0.0,0.0,0.0,0.0,0.0,0.0,0.0,0.0,0.0,0.011786214646092336,0.011786214646092336
2018/11/01 15:00:00,2018/11/01 15:00:00,2018/11/01 20:00:00,3.2666492736982207,3.2666492736982207,2.6186855655142978,0.0,0.0,0.0,0.21778688040361655,0.044540335202432085,0.0,0.004767351740287925,0.3808691408375866,0.0,0.0,0.0,0.0,0.0,0.0,0.0,0.0,0.0,0.0,0.0,0.0,0.0,0.0,0.0,0.0,0.0,0.0,0.0,0.0,0.0,0.0,0.0,0.0,0.0,0.011146261070603994,0.011146261070603994
2018/11/01 16:00:00,2018/11/01 16:00:00,2018/11/01 21:00:00,4.021747767367154,4.021747767367154,2.3298689055844783,0.0,0.0,0.0,0.23530150546679274,0.0481223107090055,0.0,0.00515074663588806,1.4033042989709898,0.0,0.0,0.0,0.0,0.0,0.0,0.0,0.0,0.0,0.0,0.0,0.0,0.0,0.0,0.0,0.0,0.0,0.0,0.0,0.0,0.0,0.0,0.0,0.0,0.0,0.013722762016763201,0.013722762016763201
2018/11/01 17:00:00,2018/11/01 17:00:00,2018/11/01 22:00:00,3.9067499403749735,3.9067499403749735,2.442027402134905,0.0,0.0,0.0,0.2828605491534366,0.05784877239386212,0.0,0.006191813431398235,0.7902082537932907,0.0,0.0,0.0,0.0,0.0,0.0,0.32761314946808073,0.0,0.0,0.0,0.0,0.0,0.0,0.0,0.0,0.0,0.0,0.0,0.0,0.0,0.0,0.0,0.0,0.0,0.0,0.013330373457474785,0.013330373457474785
2018/11/01 18:00:00,2018/11/01 18:00:00,2018/11/01 23:00:00,3.797937967773211,3.797937967773211,2.6467914944736095,0.0,0.0,0.0,0.3722679450615316,0.07613378284051057,0.0,0.008148940066791236,0.619132697160899,0.0,0.0,0.0,0.0,0.0,0.0,0.07546310816986819,0.0,0.0,0.0,0.0,0.0,0.0,0.0,0.0,0.0,0.0,0.0,0.0,0.0,0.0,0.0,0.0,0.0,0.0,0.012959091892602786,0.012959091892602786
2018/11/01 19:00:00,2018/11/01 19:00:00,2018/11/02 00:00:00,4.278074875591358,4.278074875591358,2.6301872668144894,0.0,0.0,0.0,0.46923765500408443,0.09596538783581401,0.0,0.01027160564973683,0.636474181127529,0.0,0.0,0.0,0.0,0.0,0.0,0.4359387791597042,0.0,0.0,0.0,0.0,0.0,0.0,0.0,0.0,0.0,0.0,0.0,0.0,0.0,0.0,0.0,0.0,0.0,0.0,0.01459738571473534,0.01459738571473534
2018/11/01 20:00:00,2018/11/01 20:00:00,2018/11/02 01:00:00,5.5791319748321095,5.5791319748321095,3.0695054912640805,0.0,0.0,0.0,0.5020745388118183,0.10268097056095002,0.0,0.01099040457314449,0.5750596987912638,0.0,0.0,0.0,0.0,0.0,0.0,1.3188208708308526,0.0,0.0,0.0,0.0,0.0,0.0,0.0,0.0,0.0,0.0,0.0,0.0,0.0,0.0,0.0,0.0,0.0,0.0,0.019036773258621346,0.019036773258621346
2018/11/01 21:00:00,2018/11/01 21:00:00,2018/11/02 02:00:00,6.353290102091723,6.353290102091723,3.9307444904912927,0.0,0.0,0.0,0.4414642683633875,0.09028535812791409,0.0,0.009663646607898157,0.5623114676703773,0.0,0.0,0.0,0.0,0.0,0.0,1.3188208708308526,0.0,0.0,0.0,0.0,0.0,0.0,0.0,0.0,0.0,0.0,0.0,0.0,0.0,0.0,0.0,0.0,0.0,0.0,0.02167830832204018,0.02167830832204018
2018/11/01 22:00:00,2018/11/01 22:00:00,2018/11/02 03:00:00,6.618889320884346,6.618889320884346,4.34989452420386,0.0,0.0,0.0,0.33975371121871306,0.06948418635643629,0.0,0.007437203946564799,0.5334988243279194,0.0,0.0,0.0,0.0,0.0,0.0,1.3188208708308526,0.0,0.0,0.0,0.0,0.0,0.0,0.0,0.0,0.0,0.0,0.0,0.0,0.0,0.0,0.0,0.0,0.0,0.0,0.022584569749199607,0.022584569749199607
2018/11/01 23:00:00,2018/11/01 23:00:00,2018/11/02 04:00:00,5.609895369428374,5.609895369428374,4.626700824962294,0.0,0.0,0.0,0.2937686202278071,0.06007961908749219,0.0,0.006430590953364709,0.4538777343751317,0.0,0.0,0.0,0.0,0.0,0.0,0.1690379798222854,0.0,0.0,0.0,0.0,0.0,0.0,0.0,0.0,0.0,0.0,0.0,0.0,0.0,0.0,0.0,0.0,0.0,0.0,0.019141742234124424,0.019141742234124424
2018/11/02 00:00:00,2018/11/02 00:00:00,2018/11/02 05:00:00,5.397719020963157,5.397719020963157,4.851771904293085,0.0,0.0,0.0,0.13094360677997474,0.026779722120023,0.0,0.002866353705536267,0.38535743406453843,0.0,0.0,0.0,0.0,0.0,0.0,0.0,0.0,0.0,0.0,0.0,0.0,0.0,0.0,0.0,0.0,0.0,0.0,0.0,0.0,0.0,0.0,0.0,0.0,0.0,0.018417767061141333,0.018417767061141333
2018/11/02 01:00:00,2018/11/02 01:00:00,2018/11/02 06:00:00,5.647895742324473,5.647895742324473,5.228787601413232,0.0,0.0,0.0,0.06501908921459039,0.013297274945155983,0.0,0.0014232669458539432,0.3393685098056406,0.0,0.0,0.0,0.0,0.0,0.0,0.0,0.0,0.0,0.0,0.0,0.0,0.0,0.0,0.0,0.0,0.0,0.0,0.0,0.0,0.0,0.0,0.0,0.0,0.0,0.01927140478482755,0.01927140478482755
2018/11/02 02:00:00,2018/11/02 02:00:00,2018/11/02 07:00:00,5.564946922446818,5.564946922446818,5.193102760337181,0.0,0.0,0.0,0.03901145352875434,0.00797836496709361,0.0,0.0008539601675123682,0.3240003834462767,0.0,0.0,0.0,0.0,0.0,0.0,0.0,0.0,0.0,0.0,0.0,0.0,0.0,0.0,0.0,0.0,0.0,0.0,0.0,0.0,0.0,0.0,0.0,0.0,0.0,0.018988371889530488,0.018988371889530488
2018/11/02 03:00:00,2018/11/02 03:00:00,2018/11/02 08:00:00,5.245785828992706,5.245785828992706,4.92055606327493,0.0,0.0,0.0,0.026007635685836267,0.005318909978062415,0.0,0.0005693067783415797,0.2933339132755372,0.0,0.0,0.0,0.0,0.0,0.0,0.0,0.0,0.0,0.0,0.0,0.0,0.0,0.0,0.0,0.0,0.0,0.0,0.0,0.0,0.0,0.0,0.0,0.0,0.0,0.01789934990609866,0.01789934990609866
2018/11/02 04:00:00,2018/11/02 04:00:00,2018/11/02 09:00:00,5.268446856140938,5.268446856140938,4.9558172955172095,0.0,0.0,0.0,0.026007635685836267,0.005318909978062415,0.0,0.0005693067783415797,0.2807337081814895,0.0,0.0,0.0,0.0,0.0,0.0,0.0,0.0,0.0,0.0,0.0,0.0,0.0,0.0,0.0,0.0,0.0,0.0,0.0,0.0,0.0,0.0,0.0,0.0,0.0,0.017976672478422526,0.017976672478422526
2018/11/02 05:00:00,2018/11/02 05:00:00,2018/11/02 10:00:00,5.373365540585072,5.373365540585072,5.073771655001409,0.0,0.0,0.0,0.028359609659443317,0.005799920170125916,0.0,0.0006207914554507214,0.2648135642986422,0.0,0.0,0.0,0.0,0.0,0.0,0.0,0.0,0.0,0.0,0.0,0.0,0.0,0.0,0.0,0.0,0.0,0.0,0.0,0.0,0.0,0.0,0.0,0.0,0.0,0.01833466960330967,0.01833466960330967
2018/11/02 06:00:00,2018/11/02 06:00:00,2018/11/02 11:00:00,5.653182820066421,5.653182820066421,5.269377664116675,0.0,0.0,0.0,0.07657075757208723,0.01565974590684433,0.0,0.001676132803270518,0.2898985196675431,0.0,0.0,0.0,0.0,0.0,0.0,0.0,0.0,0.0,0.0,0.0,0.0,0.0,0.0,0.0,0.0,0.0,0.0,0.0,0.0,0.0,0.0,0.0,0.0,0.0,0.019289445028476238,0.019289445028476238
2018/11/02 07:00:00,2018/11/02 07:00:00,2018/11/02 12:00:00,6.407260076328338,6.407260076328338,4.536265827516463,0.0,0.0,0.0,0.1797670016564363,0.03676476056443332,0.0,0.0039350971307586715,0.35778028410560686,0.0,0.0,0.0,0.0,0.0,0.0,1.292747105354641,0.0,0.0,0.0,0.0,0.0,0.0,0.0,0.0,0.0,0.0,0.0,0.0,0.0,0.0,0.0,0.0,0.0,0.0,0.02186246137074934,0.02186246137074934
2018/11/02 08:00:00,2018/11/02 08:00:00,2018/11/02 13:00:00,7.377197675281104,7.377197675281104,5.368424649828936,0.0,0.0,0.0,0.22749050639997065,0.04652485673906303,0.0,0.004979763976484562,0.4109570275057973,0.0,0.0,0.0,0.0,0.0,0.0,1.3188208708308526,0.0,0.0,0.0,0.0,0.0,0.0,0.0,0.0,0.0,0.0,0.0,0.0,0.0,0.0,0.0,0.0,0.0,0.0,0.025172023186022772,0.025172023186022772
2018/11/02 09:00:00,2018/11/02 09:00:00,2018/11/02 14:00:00,7.39105990279327,7.39105990279327,5.446000577726634,0.0,0.0,0.0,0.23738819960796062,0.04854906762080994,0.0,0.005196424341206713,0.33510476266580536,0.0,0.0,0.0,0.0,0.0,0.0,1.3188208708308526,0.0,0.0,0.0,0.0,0.0,0.0,0.0,0.0,0.0,0.0,0.0,0.0,0.0,0.0,0.0,0.0,0.0,0.0,0.025219323031805047,0.025219323031805047
2018/11/02 10:00:00,2018/11/02 10:00:00,2018/11/02 15:00:00,7.316174086469914,7.316174086469914,5.43545748840565,0.0,0.0,0.0,0.23977021629156023,0.04903622194961379,0.0,0.005248566652813857,0.2678407223394236,0.0,0.0,0.0,0.0,0.0,0.0,1.3188208708308526,0.0,0.0,0.0,0.0,0.0,0.0,0.0,0.0,0.0,0.0,0.0,0.0,0.0,0.0,0.0,0.0,0.0,0.0,0.024963802224614,0.024963802224614
2018/11/02 11:00:00,2018/11/02 11:00:00,2018/11/02 16:00:00,6.300273777806325,6.300273777806325,5.268823960867619,0.0,0.0,0.0,0.2330133774859433,0.04765435787794319,0.0,0.005100659546659875,0.2641130343658663,0.0,0.0,0.0,0.0,0.0,0.0,0.4815683876622934,0.0,0.0,0.0,0.0,0.0,0.0,0.0,0.0,0.0,0.0,0.0,0.0,0.0,0.0,0.0,0.0,0.0,0.0,0.021497409259429813,0.021497409259429813
2018/11/02 12:00:00,2018/11/02 12:00:00,2018/11/02 17:00:00,5.772453280104239,5.772453280104239,4.855085048177114,0.0,0.0,0.0,0.22365196052793865,0.045739822674966235,0.0,0.004895738261486062,0.2823603378993346,0.0,0.0,0.0,0.0,0.0,0.0,0.3607203725634009,0.0,0.0,0.0,0.0,0.0,0.0,0.0,0.0,0.0,0.0,0.0,0.0,0.0,0.0,0.0,0.0,0.0,0.0,0.019696412405199697,0.019696412405199697
2018/11/02 13:00:00,2018/11/02 13:00:00,2018/11/02 18:00:00,6.110942730148514,6.110942730148514,4.4902019867939575,0.0,0.0,0.0,0.21689512172232184,0.04435795860329565,0.0,0.00474783115533208,0.2887859964794398,0.0,0.0,0.0,0.0,0.0,0.0,1.065953835394168,0.0,0.0,0.0,0.0,0.0,0.0,0.0,0.0,0.0,0.0,0.0,0.0,0.0,0.0,0.0,0.0,0.0,0.0,0.020851385426091933,0.020851385426091933
2018/11/02 14:00:00,2018/11/02 14:00:00,2018/11/02 19:00:00,4.767265300734372,4.767265300734372,4.205690088912783,0.0,0.0,0.0,0.21490682280316895,0.043951324832805984,0.0,0.004704307320035531,0.2980127568655787,0.0,0.0,0.0,0.0,0.0,0.0,0.0,0.0,0.0,0.0,0.0,0.0,0.0,0.0,0.0,0.0,0.0,0.0,0.0,0.0,0.0,0.0,0.0,0.0,0.0,0.016266571395544834,0.016266571395544834
2018/11/02 15:00:00,2018/11/02 15:00:00,2018/11/02 20:00:00,5.599259764797386,5.599259764797386,4.1263430175162235,0.0,0.0,0.0,0.21778688040361655,0.044540335202432085,0.0,0.004767351740287925,0.692640013955586,0.0,0.0,0.0,0.0,0.0,0.0,0.5131821659792409,0.0,0.0,0.0,0.0,0.0,0.0,0.0,0.0,0.0,0.0,0.0,0.0,0.0,0.0,0.0,0.0,0.0,0.0,0.01910545207380167,0.01910545207380167
2018/11/02 16:00:00,2018/11/02 16:00:00,2018/11/02 21:00:00,5.091437369598089,5.091437369598089,4.48349278252548,0.0,0.0,0.0,0.23530150546679274,0.0481223107090055,0.0,0.00515074663588806,0.3193700242609222,0.0,0.0,0.0,0.0,0.0,0.0,0.0,0.0,0.0,0.0,0.0,0.0,0.0,0.0,0.0,0.0,0.0,0.0,0.0,0.0,0.0,0.0,0.0,0.0,0.0,0.017372691523115838,0.017372691523115838
2018/11/02 17:00:00,2018/11/02 17:00:00,2018/11/02 22:00:00,5.4276578565123925,5.4276578565123925,4.641872986096181,0.0,0.0,0.0,0.2828605491534366,0.05784877239386212,0.0,0.006191813431398235,0.4388837354375153,0.0,0.0,0.0,0.0,0.0,0.0,0.0,0.0,0.0,0.0,0.0,0.0,0.0,0.0,0.0,0.0,0.0,0.0,0.0,0.0,0.0,0.0,0.0,0.0,0.0,0.018519922526641877,0.018519922526641877
2018/11/02 18:00:00,2018/11/02 18:00:00,2018/11/02 23:00:00,5.90382776762437,5.90382776762437,4.828144402494638,0.0,0.0,0.0,0.3722679450615316,0.07613378284051057,0.0,0.008148940066791236,0.619132697160899,0.0,0.0,0.0,0.0,0.0,0.0,0.0,0.0,0.0,0.0,0.0,0.0,0.0,0.0,0.0,0.0,0.0,0.0,0.0,0.0,0.0,0.0,0.0,0.0,0.0,0.020144680404983583,0.020144680404983583
2018/11/02 19:00:00,2018/11/02 19:00:00,2018/11/03 00:00:00,6.263934326642358,6.263934326642358,5.051985497025194,0.0,0.0,0.0,0.46923765500408443,0.09596538783581401,0.0,0.01027160564973683,0.636474181127529,0.0,0.0,0.0,0.0,0.0,0.0,0.0,0.0,0.0,0.0,0.0,0.0,0.0,0.0,0.0,0.0,0.0,0.0,0.0,0.0,0.0,0.0,0.0,0.0,0.0,0.021373414004384427,0.021373414004384427
2018/11/02 20:00:00,2018/11/02 20:00:00,2018/11/03 01:00:00,7.065794687092449,7.065794687092449,5.025493089470578,0.0,0.0,0.0,0.5020745388118183,0.10268097056095002,0.0,0.01099040457314449,0.5750596987912638,0.0,0.0,0.0,0.0,0.0,0.0,0.8494959848846948,0.0,0.0,0.0,0.0,0.0,0.0,0.0,0.0,0.0,0.0,0.0,0.0,0.0,0.0,0.0,0.0,0.0,0.0,0.024109472935384013,0.024109472935384013
2018/11/02 21:00:00,2018/11/02 21:00:00,2018/11/03 02:00:00,8.318846319294167,8.318846319294167,5.896300707693736,0.0,0.0,0.0,0.4414642683633875,0.09028535812791409,0.0,0.009663646607898157,0.5623114676703773,0.0,0.0,0.0,0.0,0.0,0.0,1.3188208708308526,0.0,0.0,0.0,0.0,0.0,0.0,0.0,0.0,0.0,0.0,0.0,0.0,0.0,0.0,0.0,0.0,0.0,0.0,0.028385059157609437,0.028385059157609437
2018/11/02 22:00:00,2018/11/02 22:00:00,2018/11/03 03:00:00,8.538827190868178,8.538827190868178,6.269832394187691,0.0,0.0,0.0,0.33975371121871306,0.06948418635643629,0.0,0.007437203946564799,0.5334988243279194,0.0,0.0,0.0,0.0,0.0,0.0,1.3188208708308526,0.0,0.0,0.0,0.0,0.0,0.0,0.0,0.0,0.0,0.0,0.0,0.0,0.0,0.0,0.0,0.0,0.0,0.0,0.02913566444751466,0.02913566444751466
2018/11/02 23:00:00,2018/11/02 23:00:00,2018/11/03 04:00:00,7.380070471443639,7.380070471443639,6.508313716131155,0.0,0.0,0.0,0.2937686202278071,0.06007961908749219,0.0,0.006430590953364709,0.4538777343751317,0.0,0.0,0.0,0.0,0.0,0.0,0.057600190668688496,0.0,0.0,0.0,0.0,0.0,0.0,0.0,0.0,0.0,0.0,0.0,0.0,0.0,0.0,0.0,0.0,0.0,0.0,0.025181825565570543,0.025181825565570543
2018/11/03 00:00:00,2018/11/03 00:00:00,2018/11/03 05:00:00,7.450363329586379,7.450363329586379,6.904416212916307,0.0,0.0,0.0,0.13094360677997474,0.026779722120023,0.0,0.002866353705536267,0.38535743406453843,0.0,0.0,0.0,0.0,0.0,0.0,0.0,0.0,0.0,0.0,0.0,0.0,0.0,0.0,0.0,0.0,0.0,0.0,0.0,0.0,0.0,0.0,0.0,0.0,0.0,0.02542167456147175,0.02542167456147175
2018/11/03 01:00:00,2018/11/03 01:00:00,2018/11/03 06:00:00,8.038868825824244,8.038868825824244,7.619760684913001,0.0,0.0,0.0,0.06501908921459039,0.013297274945155983,0.0,0.0014232669458539432,0.3393685098056406,0.0,0.0,0.0,0.0,0.0,0.0,0.0,0.0,0.0,0.0,0.0,0.0,0.0,0.0,0.0,0.0,0.0,0.0,0.0,0.0,0.0,0.0,0.0,0.0,0.0,0.027429737060059585,0.027429737060059585
2018/11/03 02:00:00,2018/11/03 02:00:00,2018/11/03 07:00:00,8.16150738123138,8.16150738123138,7.789663219121742,0.0,0.0,0.0,0.03901145352875434,0.00797836496709361,0.0,0.0008539601675123682,0.3240003834462767,0.0,0.0,0.0,0.0,0.0,0.0,0.0,0.0,0.0,0.0,0.0,0.0,0.0,0.0,0.0,0.0,0.0,0.0,0.0,0.0,0.0,0.0,0.0,0.0,0.0,0.02784819684602311,0.02784819684602311
2018/11/03 03:00:00,2018/11/03 03:00:00,2018/11/03 08:00:00,7.8911788776341805,7.8911788776341805,7.565949111916403,0.0,0.0,0.0,0.026007635685836267,0.005318909978062415,0.0,0.0005693067783415797,0.2933339132755372,0.0,0.0,0.0,0.0,0.0,0.0,0.0,0.0,0.0,0.0,0.0,0.0,0.0,0.0,0.0,0.0,0.0,0.0,0.0,0.0,0.0,0.0,0.0,0.0,0.0,0.026925798442196655,0.026925798442196655
2018/11/03 04:00:00,2018/11/03 04:00:00,2018/11/03 09:00:00,8.085816503185992,8.085816503185992,7.773186942562265,0.0,0.0,0.0,0.026007635685836267,0.005318909978062415,0.0,0.0005693067783415797,0.2807337081814895,0.0,0.0,0.0,0.0,0.0,0.0,0.0,0.0,0.0,0.0,0.0,0.0,0.0,0.0,0.0,0.0,0.0,0.0,0.0,0.0,0.0,0.0,0.0,0.0,0.0,0.02758992905641067,0.02758992905641067
2018/11/03 05:00:00,2018/11/03 05:00:00,2018/11/03 10:00:00,8.378371424852183,8.378371424852183,8.078777539268522,0.0,0.0,0.0,0.028359609659443317,0.005799920170125916,0.0,0.0006207914554507214,0.2648135642986422,0.0,0.0,0.0,0.0,0.0,0.0,0.0,0.0,0.0,0.0,0.0,0.0,0.0,0.0,0.0,0.0,0.0,0.0,0.0,0.0,0.0,0.0,0.0,0.0,0.0,0.028588167086013944,0.028588167086013944
2018/11/03 06:00:00,2018/11/03 06:00:00,2018/11/03 11:00:00,8.693329550387379,8.693329550387379,8.309524394437634,0.0,0.0,0.0,0.07657075757208723,0.01565974590684433,0.0,0.001676132803270518,0.2898985196675431,0.0,0.0,0.0,0.0,0.0,0.0,0.0,0.0,0.0,0.0,0.0,0.0,0.0,0.0,0.0,0.0,0.0,0.0,0.0,0.0,0.0,0.0,0.0,0.0,0.0,0.02966284795909982,0.02966284795909982
2018/11/03 07:00:00,2018/11/03 07:00:00,2018/11/03 12:00:00,8.995221930118454,8.995221930118454,8.41697478666122,0.0,0.0,0.0,0.1797670016564363,0.03676476056443332,0.0,0.0039350971307586715,0.35778028410560686,0.0,0.0,0.0,0.0,0.0,0.0,0.0,0.0,0.0,0.0,0.0,0.0,0.0,0.0,0.0,0.0,0.0,0.0,0.0,0.0,0.0,0.0,0.0,0.0,0.0,0.030692946692625303,0.030692946692625303
2018/11/03 08:00:00,2018/11/03 08:00:00,2018/11/03 13:00:00,9.345217387286361,9.345217387286361,7.776387461950707,0.0,0.0,0.0,0.22749050639997065,0.04652485673906303,0.0,0.004979763976484562,0.4109570275057973,0.0,0.0,0.0,0.0,0.0,0.0,0.8788777707143388,0.0,0.0,0.0,0.0,0.0,0.0,0.0,0.0,0.0,0.0,0.0,0.0,0.0,0.0,0.0,0.0,0.0,0.0,0.031887179808047075,0.031887179808047075
2018/11/03 09:00:00,2018/11/03 09:00:00,2018/11/03 14:00:00,9.019955541642311,9.019955541642311,7.074896216575677,0.0,0.0,0.0,0.23738819960796062,0.04854906762080994,0.0,0.005196424341206713,0.33510476266580536,0.0,0.0,0.0,0.0,0.0,0.0,1.3188208708308526,0.0,0.0,0.0,0.0,0.0,0.0,0.0,0.0,0.0,0.0,0.0,0.0,0.0,0.0,0.0,0.0,0.0,0.0,0.03077734121072786,0.03077734121072786
2018/11/03 10:00:00,2018/11/03 10:00:00,2018/11/03 15:00:00,7.611511040780677,7.611511040780677,6.33487054549086,0.0,0.0,0.0,0.23977021629156023,0.04903622194961379,0.0,0.005248566652813857,0.2678407223394236,0.0,0.0,0.0,0.0,0.0,0.0,0.7147447680564053,0.0,0.0,0.0,0.0,0.0,0.0,0.0,0.0,0.0,0.0,0.0,0.0,0.0,0.0,0.0,0.0,0.0,0.0,0.02597153293603439,0.02597153293603439
2018/11/03 11:00:00,2018/11/03 11:00:00,2018/11/03 16:00:00,6.583064537378911,6.583064537378911,6.033183108102499,0.0,0.0,0.0,0.2330133774859433,0.04765435787794319,0.0,0.005100659546659875,0.2641130343658663,0.0,0.0,0.0,0.0,0.0,0.0,0.0,0.0,0.0,0.0,0.0,0.0,0.0,0.0,0.0,0.0,0.0,0.0,0.0,0.0,0.0,0.0,0.0,0.0,0.0,0.022462330611694226,0.022462330611694226
2018/11/03 12:00:00,2018/11/03 12:00:00,2018/11/03 17:00:00,6.2981833163181244,6.2981833163181244,5.7415354569544,0.0,0.0,0.0,0.22365196052793865,0.045739822674966235,0.0,0.004895738261486062,0.2823603378993346,0.0,0.0,0.0,0.0,0.0,0.0,0.0,0.0,0.0,0.0,0.0,0.0,0.0,0.0,0.0,0.0,0.0,0.0,0.0,0.0,0.0,0.0,0.0,0.0,0.0,0.021490276314459832,0.021490276314459832
2018/11/03 13:00:00,2018/11/03 13:00:00,2018/11/03 18:00:00,5.704975256705975,5.704975256705975,5.150188348745586,0.0,0.0,0.0,0.21689512172232184,0.04435795860329565,0.0,0.00474783115533208,0.2887859964794398,0.0,0.0,0.0,0.0,0.0,0.0,0.0,0.0,0.0,0.0,0.0,0.0,0.0,0.0,0.0,0.0,0.0,0.0,0.0,0.0,0.0,0.0,0.0,0.0,0.0,0.01946616801643681,0.01946616801643681
2018/11/03 14:00:00,2018/11/03 14:00:00,2018/11/03 19:00:00,6.118143410582384,6.118143410582384,4.497476862424684,0.0,0.0,0.0,0.21490682280316895,0.043951324832805984,0.0,0.004704307320035531,0.2980127568655787,0.0,0.0,0.0,0.0,0.0,0.0,1.0590913363361112,0.0,0.0,0.0,0.0,0.0,0.0,0.0,0.0,0.0,0.0,0.0,0.0,0.0,0.0,0.0,0.0,0.0,0.0,0.020875955147931415,0.020875955147931415
2018/11/03 15:00:00,2018/11/03 15:00:00,2018/11/03 20:00:00,5.280540016295841,5.280540016295841,4.323271730730678,0.0,0.0,0.0,0.21778688040361655,0.044540335202432085,0.0,0.004767351740287925,0.333477646565506,0.0,0.0,0.0,0.0,0.0,0.0,0.35669607165332085,0.0,0.0,0.0,0.0,0.0,0.0,0.0,0.0,0.0,0.0,0.0,0.0,0.0,0.0,0.0,0.0,0.0,0.0,0.018017936020652322,0.018017936020652322
2018/11/03 16:00:00,2018/11/03 16:00:00,2018/11/03 21:00:00,4.767885643102723,4.767885643102723,4.159941056030114,0.0,0.0,0.0,0.23530150546679274,0.0481223107090055,0.0,0.00515074663588806,0.3193700242609222,0.0,0.0,0.0,0.0,0.0,0.0,0.0,0.0,0.0,0.0,0.0,0.0,0.0,0.0,0.0,0.0,0.0,0.0,0.0,0.0,0.0,0.0,0.0,0.0,0.0,0.016268688089873317,0.016268688089873317
2018/11/03 17:00:00,2018/11/03 17:00:00,2018/11/03 22:00:00,5.178047727329269,5.178047727329269,4.3922628569130575,0.0,0.0,0.0,0.2828605491534366,0.05784877239386212,0.0,0.006191813431398235,0.4388837354375153,0.0,0.0,0.0,0.0,0.0,0.0,0.0,0.0,0.0,0.0,0.0,0.0,0.0,0.0,0.0,0.0,0.0,0.0,0.0,0.0,0.0,0.0,0.0,0.0,0.0,0.017668218094169245,0.017668218094169245
2018/11/03 18:00:00,2018/11/03 18:00:00,2018/11/03 23:00:00,6.143778018207617,6.143778018207617,5.0680946530778845,0.0,0.0,0.0,0.3722679450615316,0.07613378284051057,0.0,0.008148940066791236,0.619132697160899,0.0,0.0,0.0,0.0,0.0,0.0,0.0,0.0,0.0,0.0,0.0,0.0,0.0,0.0,0.0,0.0,0.0,0.0,0.0,0.0,0.0,0.0,0.0,0.0,0.0,0.020963423989883295,0.020963423989883295
2018/11/03 19:00:00,2018/11/03 19:00:00,2018/11/04 00:00:00,7.775977733762001,7.775977733762001,5.262142044674106,0.0,0.0,0.0,0.46923765500408443,0.09596538783581401,0.0,0.01027160564973683,0.636474181127529,0.0,0.0,0.0,0.0,0.0,0.0,1.3018868594707291,0.0,0.0,0.0,0.0,0.0,0.0,0.0,0.0,0.0,0.0,0.0,0.0,0.0,0.0,0.0,0.0,0.0,0.0,0.026532716137472274,0.026532716137472274
2018/11/03 20:00:00,2018/11/03 20:00:00,2018/11/04 01:00:00,8.806194563028695,8.806194563028695,5.882343393281662,0.0,0.0,0.0,0.5020745388118183,0.10268097056095002,0.0,0.01099040457314449,0.9892843849702656,0.0,0.0,0.0,0.0,0.0,0.0,1.3188208708308526,0.0,0.0,0.0,0.0,0.0,0.0,0.0,0.0,0.0,0.0,0.0,0.0,0.0,0.0,0.0,0.0,0.0,0.0,0.030047959059567884,0.030047959059567884
2018/11/03 21:00:00,2018/11/03 21:00:00,2018/11/04 02:00:00,8.374597857954804,8.374597857954804,6.504488030430996,0.0,0.0,0.0,0.4414642683633875,0.09028535812791409,0.0,0.009663646607898157,0.5623114676703773,0.0,0.0,0.0,0.0,0.0,0.0,0.7663850867542313,0.0,0.0,0.0,0.0,0.0,0.0,0.0,0.0,0.0,0.0,0.0,0.0,0.0,0.0,0.0,0.0,0.0,0.0,0.028575291151598747,0.028575291151598747
2018/11/03 22:00:00,2018/11/03 22:00:00,2018/11/04 03:00:00,7.826953106537316,7.826953106537316,6.8767791806876835,0.0,0.0,0.0,0.33975371121871306,0.06948418635643629,0.0,0.007437203946564799,0.5334988243279194,0.0,0.0,0.0,0.0,0.0,0.0,0.0,0.0,0.0,0.0,0.0,0.0,0.0,0.0,0.0,0.0,0.0,0.0,0.0,0.0,0.0,0.0,0.0,0.0,0.0,0.026706651190035104,0.026706651190035104
2018/11/03 23:00:00,2018/11/03 23:00:00,2018/11/04 04:00:00,8.037935590509962,8.037935590509962,7.223779025866167,0.0,0.0,0.0,0.2937686202278071,0.06007961908749219,0.0,0.006430590953364709,0.4538777343751317,0.0,0.0,0.0,0.0,0.0,0.0,0.0,0.0,0.0,0.0,0.0,0.0,0.0,0.0,0.0,0.0,0.0,0.0,0.0,0.0,0.0,0.0,0.0,0.0,0.0,0.027426552731537684,0.027426552731537684
2018/11/04 00:00:00,2018/11/04 00:00:00,2018/11/04 05:00:00,8.138169213108863,8.138169213108863,7.592222096438791,0.0,0.0,0.0,0.13094360677997474,0.026779722120023,0.0,0.002866353705536267,0.38535743406453843,0.0,0.0,0.0,0.0,0.0,0.0,0.0,0.0,0.0,0.0,0.0,0.0,0.0,0.0,0.0,0.0,0.0,0.0,0.0,0.0,0.0,0.0,0.0,0.0,0.0,0.027768563774637794,0.027768563774637794
2018/11/04 01:00:00,2018/11/04 01:00:00,2018/11/04 06:00:00,8.935495907002894,8.935495907002894,8.516387766091652,0.0,0.0,0.0,0.06501908921459039,0.013297274945155983,0.0,0.0014232669458539432,0.3393685098056406,0.0,0.0,0.0,0.0,0.0,0.0,0.0,0.0,0.0,0.0,0.0,0.0,0.0,0.0,0.0,0.0,0.0,0.0,0.0,0.0,0.0,0.0,0.0,0.0,0.0,0.030489153205606325,0.030489153205606325
2018/11/04 02:00:00,2018/11/04 02:00:00,2018/11/04 07:00:00,9.380023966610803,9.380023966610803,9.008179804501168,0.0,0.0,0.0,0.03901145352875434,0.00797836496709361,0.0,0.0008539601675123682,0.3240003834462767,0.0,0.0,0.0,0.0,0.0,0.0,0.0,0.0,0.0,0.0,0.0,0.0,0.0,0.0,0.0,0.0,0.0,0.0,0.0,0.0,0.0,0.0,0.0,0.0,0.0,0.03200594469145487,0.03200594469145487
2018/11/04 03:00:00,2018/11/04 03:00:00,2018/11/04 08:00:00,8.952284515343205,8.952284515343205,8.627054749625428,0.0,0.0,0.0,0.026007635685836267,0.005318909978062415,0.0,0.0005693067783415797,0.2933339132755372,0.0,0.0,0.0,0.0,0.0,0.0,0.0,0.0,0.0,0.0,0.0,0.0,0.0,0.0,0.0,0.0,0.0,0.0,0.0,0.0,0.0,0.0,0.0,0.0,0.0,0.030546438269258534,0.030546438269258534
2018/11/04 04:00:00,2018/11/04 04:00:00,2018/11/04 09:00:00,8.796409342977414,8.796409342977414,8.483779782353684,0.0,0.0,0.0,0.026007635685836267,0.005318909978062415,0.0,0.0005693067783415797,0.2807337081814895,0.0,0.0,0.0,0.0,0.0,0.0,0.0,0.0,0.0,0.0,0.0,0.0,0.0,0.0,0.0,0.0,0.0,0.0,0.0,0.0,0.0,0.0,0.0,0.0,0.0,0.030014570529552413,0.030014570529552413
2018/11/04 05:00:00,2018/11/04 05:00:00,2018/11/04 10:00:00,8.610122159048256,8.610122159048256,8.310528273464595,0.0,0.0,0.0,0.028359609659443317,0.005799920170125916,0.0,0.0006207914554507214,0.2648135642986422,0.0,0.0,0.0,0.0,0.0,0.0,0.0,0.0,0.0,0.0,0.0,0.0,0.0,0.0,0.0,0.0,0.0,0.0,0.0,0.0,0.0,0.0,0.0,0.0,0.0,0.02937893278205977,0.02937893278205977
2018/11/04 06:00:00,2018/11/04 06:00:00,2018/11/04 11:00:00,8.571164209303175,8.571164209303175,8.004273762477247,0.0,0.0,0.0,0.07657075757208723,0.01565974590684433,0.0,0.001676132803270518,0.2898985196675431,0.0,0.0,0.0,0.0,0.0,0.0,0.1830852908761834,0.0,0.0,0.0,0.0,0.0,0.0,0.0,0.0,0.0,0.0,0.0,0.0,0.0,0.0,0.0,0.0,0.0,0.0,0.029246002846137223,0.029246002846137223
2018/11/04 07:00:00,2018/11/04 07:00:00,2018/11/04 12:00:00,8.4246792094033,8.4246792094033,7.623525366754094,0.0,0.0,0.0,0.1797670016564363,0.03676476056443332,0.0,0.0039350971307586715,0.35778028410560686,0.0,0.0,0.0,0.0,0.0,0.0,0.2229066991919707,0.0,0.0,0.0,0.0,0.0,0.0,0.0,0.0,0.0,0.0,0.0,0.0,0.0,0.0,0.0,0.0,0.0,0.0,0.02874617567921185,0.02874617567921185
2018/11/04 08:00:00,2018/11/04 08:00:00,2018/11/04 13:00:00,8.7156688396276,8.7156688396276,6.711978181177354,0.0,0.0,0.0,0.22749050639997065,0.04652485673906303,0.0,0.004979763976484562,0.4109570275057973,0.0,0.0,0.0,0.0,0.0,0.0,1.3137385038289304,0.0,0.0,0.0,0.0,0.0,0.0,0.0,0.0,0.0,0.0,0.0,0.0,0.0,0.0,0.0,0.0,0.0,0.0,0.02973907271699106,0.02973907271699106
2018/11/04 09:00:00,2018/11/04 09:00:00,2018/11/04 14:00:00,8.851886630041994,8.851886630041994,6.906827304975361,0.0,0.0,0.0,0.23738819960796062,0.04854906762080994,0.0,0.005196424341206713,0.33510476266580536,0.0,0.0,0.0,0.0,0.0,0.0,1.3188208708308526,0.0,0.0,0.0,0.0,0.0,0.0,0.0,0.0,0.0,0.0,0.0,0.0,0.0,0.0,0.0,0.0,0.0,0.0,0.03020386673900149,0.03020386673900149
2018/11/04 10:00:00,2018/11/04 10:00:00,2018/11/04 15:00:00,9.226262048224937,9.226262048224937,7.345545450160673,0.0,0.0,0.0,0.23977021629156023,0.04903622194961379,0.0,0.005248566652813857,0.2678407223394236,0.0,0.0,0.0,0.0,0.0,0.0,1.3188208708308526,0.0,0.0,0.0,0.0,0.0,0.0,0.0,0.0,0.0,0.0,0.0,0.0,0.0,0.0,0.0,0.0,0.0,0.0,0.03148128766786645,0.03148128766786645
2018/11/04 11:00:00,2018/11/04 11:00:00,2018/11/04 16:00:00,8.772680570050072,8.772680570050072,7.148897521213199,0.0,0.0,0.0,0.2330133774859433,0.04765435787794319,0.0,0.005100659546659875,0.29845007803403356,0.0,0.0,0.0,0.0,0.0,0.0,1.0395645758922958,0.0,0.0,0.0,0.0,0.0,0.0,0.0,0.0,0.0,0.0,0.0,0.0,0.0,0.0,0.0,0.0,0.0,0.0,0.029933604660316693,0.029933604660316693
2018/11/04 12:00:00,2018/11/04 12:00:00,2018/11/04 17:00:00,7.767455715262368,7.767455715262368,6.436745542140342,0.0,0.0,0.0,0.22365196052793865,0.045739822674966235,0.0,0.004895738261486062,1.056422651657636,0.0,0.0,0.0,0.0,0.0,0.0,0.0,0.0,0.0,0.0,0.0,0.0,0.0,0.0,0.0,0.0,0.0,0.0,0.0,0.0,0.0,0.0,0.0,0.0,0.0,0.02650363782661404,0.02650363782661404
2018/11/04 13:00:00,2018/11/04 13:00:00,2018/11/04 18:00:00,6.617268008279571,6.617268008279571,6.062481100319182,0.0,0.0,0.0,0.21689512172232184,0.04435795860329565,0.0,0.00474783115533208,0.2887859964794398,0.0,0.0,0.0,0.0,0.0,0.0,0.0,0.0,0.0,0.0,0.0,0.0,0.0,0.0,0.0,0.0,0.0,0.0,0.0,0.0,0.0,0.0,0.0,0.0,0.0,0.022579037605386255,0.022579037605386255
2018/11/04 14:00:00,2018/11/04 14:00:00,2018/11/04 19:00:00,6.8098636238274,6.8098636238274,5.844618592749568,0.0,0.0,0.0,0.21490682280316895,0.043951324832805984,0.0,0.004704307320035531,0.2980127568655787,0.0,0.0,0.0,0.0,0.0,0.0,0.40366981925624285,0.0,0.0,0.0,0.0,0.0,0.0,0.0,0.0,0.0,0.0,0.0,0.0,0.0,0.0,0.0,0.0,0.0,0.0,0.02323620059782451,0.02323620059782451
2018/11/04 15:00:00,2018/11/04 15:00:00,2018/11/04 20:00:00,6.418741654451478,6.418741654451478,5.818169440539635,0.0,0.0,0.0,0.21778688040361655,0.044540335202432085,0.0,0.004767351740287925,0.333477646565506,0.0,0.0,0.0,0.0,0.0,0.0,0.0,0.0,0.0,0.0,0.0,0.0,0.0,0.0,0.0,0.0,0.0,0.0,0.0,0.0,0.0,0.0,0.0,0.0,0.0,0.021901638110135922,0.021901638110135922
2018/11/04 16:00:00,2018/11/04 16:00:00,2018/11/04 21:00:00,6.102953656188475,6.102953656188475,5.464562858242325,0.0,0.0,0.0,0.23530150546679274,0.0481223107090055,0.0,0.00515074663588806,0.34981623513446336,0.0,0.0,0.0,0.0,0.0,0.0,0.0,0.0,0.0,0.0,0.0,0.0,0.0,0.0,0.0,0.0,0.0,0.0,0.0,0.0,0.0,0.0,0.0,0.0,0.0,0.02082412559603061,0.02082412559603061
2018/11/04 17:00:00,2018/11/04 17:00:00,2018/11/04 22:00:00,6.6284752164827205,6.6284752164827205,5.156339340962509,0.0,0.0,0.0,0.2828605491534366,0.05784877239386212,0.0,0.006191813431398235,1.1252347405415153,0.0,0.0,0.0,0.0,0.0,0.0,0.0,0.0,0.0,0.0,0.0,0.0,0.0,0.0,0.0,0.0,0.0,0.0,0.0,0.0,0.0,0.0,0.0,0.0,0.0,0.022617278156494912,0.022617278156494912
2018/11/04 18:00:00,2018/11/04 18:00:00,2018/11/04 23:00:00,6.224530588155512,6.224530588155512,5.148847223025781,0.0,0.0,0.0,0.3722679450615316,0.07613378284051057,0.0,0.008148940066791236,0.619132697160899,0.0,0.0,0.0,0.0,0.0,0.0,0.0,0.0,0.0,0.0,0.0,0.0,0.0,0.0,0.0,0.0,0.0,0.0,0.0,0.0,0.0,0.0,0.0,0.0,0.0,0.0212389629753534,0.0212389629753534
2018/11/04 19:00:00,2018/11/04 19:00:00,2018/11/05 00:00:00,7.09284634445233,7.09284634445233,5.131670363238562,0.0,0.0,0.0,0.46923765500408443,0.09596538783581401,0.0,0.01027160564973683,0.636474181127529,0.0,0.0,0.0,0.0,0.0,0.0,0.7492271515966041,0.0,0.0,0.0,0.0,0.0,0.0,0.0,0.0,0.0,0.0,0.0,0.0,0.0,0.0,0.0,0.0,0.0,0.0,0.024201776947863567,0.024201776947863567
2018/11/04 20:00:00,2018/11/04 20:00:00,2018/11/05 01:00:00,6.842784346466289,6.842784346466289,5.379114834428902,0.0,0.0,0.0,0.5020745388118183,0.10268097056095002,0.0,0.01099040457314449,0.5750596987912638,0.0,0.0,0.0,0.0,0.0,0.0,0.27286389930021093,0.0,0.0,0.0,0.0,0.0,0.0,0.0,0.0,0.0,0.0,0.0,0.0,0.0,0.0,0.0,0.0,0.0,0.0,0.02334853067626926,0.02334853067626926
2018/11/04 21:00:00,2018/11/04 21:00:00,2018/11/05 02:00:00,6.573114454954276,6.573114454954276,5.43109805531175,0.0,0.0,0.0,0.4414642683633875,0.09028535812791409,0.0,0.009663646607898157,0.6006031265433261,0.0,0.0,0.0,0.0,0.0,0.0,0.0,0.0,0.0,0.0,0.0,0.0,0.0,0.0,0.0,0.0,0.0,0.0,0.0,0.0,0.0,0.0,0.0,0.0,0.0,0.022428379548360928,0.022428379548360928
2018/11/04 22:00:00,2018/11/04 22:00:00,2018/11/05 03:00:00,7.461616864773194,7.461616864773194,5.64823146529525,0.0,0.0,0.0,0.33975371121871306,0.06948418635643629,0.0,0.007437203946564799,1.3967102979562291,0.0,0.0,0.0,0.0,0.0,0.0,0.0,0.0,0.0,0.0,0.0,0.0,0.0,0.0,0.0,0.0,0.0,0.0,0.0,0.0,0.0,0.0,0.0,0.0,0.0,0.025460073186683647,0.025460073186683647
2018/11/04 23:00:00,2018/11/04 23:00:00,2018/11/05 04:00:00,7.485367469494038,7.485367469494038,5.910615467237637,0.0,0.0,0.0,0.2937686202278071,0.06007961908749219,0.0,0.006430590953364709,0.4538777343751317,0.0,0.0,0.0,0.0,0.0,0.0,0.7605954376126063,0.0,0.0,0.0,0.0,0.0,0.0,0.0,0.0,0.0,0.0,0.0,0.0,0.0,0.0,0.0,0.0,0.0,0.0,0.025541113549031318,0.025541113549031318
2018/11/05 00:00:00,2018/11/05 00:00:00,2018/11/05 05:00:00,7.098803383688062,7.098803383688062,6.162613667506251,0.0,0.0,0.0,0.13094360677997474,0.026779722120023,0.0,0.002866353705536267,0.38535743406453843,0.0,0.0,0.0,0.0,0.0,0.0,0.3902425995117388,0.0,0.0,0.0,0.0,0.0,0.0,0.0,0.0,0.0,0.0,0.0,0.0,0.0,0.0,0.0,0.0,0.0,0.0,0.02422210319318899,0.02422210319318899
2018/11/05 01:00:00,2018/11/05 01:00:00,2018/11/05 06:00:00,7.516661214023749,7.516661214023749,6.923873618820287,0.0,0.0,0.0,0.06501908921459039,0.013297274945155983,0.0,0.0014232669458539432,0.3393685098056406,0.0,0.0,0.0,0.0,0.0,0.0,0.1736794542922202,0.0,0.0,0.0,0.0,0.0,0.0,0.0,0.0,0.0,0.0,0.0,0.0,0.0,0.0,0.0,0.0,0.0,0.0,0.02564789215217473,0.02564789215217473
2018/11/05 02:00:00,2018/11/05 02:00:00,2018/11/05 07:00:00,7.5448629769341835,7.5448629769341835,7.173018814824547,0.0,0.0,0.0,0.03901145352875434,0.00797836496709361,0.0,0.0008539601675123682,0.3240003834462767,0.0,0.0,0.0,0.0,0.0,0.0,0.0,0.0,0.0,0.0,0.0,0.0,0.0,0.0,0.0,0.0,0.0,0.0,0.0,0.0,0.0,0.0,0.0,0.0,0.0,0.025744120484546364,0.025744120484546364
2018/11/05 03:00:00,2018/11/05 03:00:00,2018/11/05 08:00:00,7.217429089794891,7.217429089794891,6.892199324077114,0.0,0.0,0.0,0.026007635685836267,0.005318909978062415,0.0,0.0005693067783415797,0.2933339132755372,0.0,0.0,0.0,0.0,0.0,0.0,0.0,0.0,0.0,0.0,0.0,0.0,0.0,0.0,0.0,0.0,0.0,0.0,0.0,0.0,0.0,0.0,0.0,0.0,0.0,0.02462687057994139,0.02462687057994139
2018/11/05 04:00:00,2018/11/05 04:00:00,2018/11/05 09:00:00,7.182684457929176,7.182684457929176,6.8700548973054465,0.0,0.0,0.0,0.026007635685836267,0.005318909978062415,0.0,0.0005693067783415797,0.2807337081814895,0.0,0.0,0.0,0.0,0.0,0.0,0.0,0.0,0.0,0.0,0.0,0.0,0.0,0.0,0.0,0.0,0.0,0.0,0.0,0.0,0.0,0.0,0.0,0.0,0.0,0.02450831706986749,0.02450831706986749
2018/11/05 05:00:00,2018/11/05 05:00:00,2018/11/05 10:00:00,6.992132095573749,6.992132095573749,6.692538209990087,0.0,0.0,0.0,0.028359609659443317,0.005799920170125916,0.0,0.0006207914554507214,0.2648135642986422,0.0,0.0,0.0,0.0,0.0,0.0,0.0,0.0,0.0,0.0,0.0,0.0,0.0,0.0,0.0,0.0,0.0,0.0,0.0,0.0,0.0,0.0,0.0,0.0,0.0,0.02385812594113656,0.02385812594113656
2018/11/05 06:00:00,2018/11/05 06:00:00,2018/11/05 11:00:00,7.205865678958958,7.205865678958958,6.415046820534424,0.0,0.0,0.0,0.07657075757208723,0.01565974590684433,0.0,0.001676132803270518,0.2898985196675431,0.0,0.0,0.0,0.0,0.0,0.0,0.40701370247478824,0.0,0.0,0.0,0.0,0.0,0.0,0.0,0.0,0.0,0.0,0.0,0.0,0.0,0.0,0.0,0.0,0.0,0.0,0.02458741461597191,0.02458741461597191
2018/11/05 07:00:00,2018/11/05 07:00:00,2018/11/05 12:00:00,6.551565403537,6.551565403537,5.973318260079765,0.0,0.0,0.0,0.1797670016564363,0.03676476056443332,0.0,0.0039350971307586715,0.35778028410560686,0.0,0.0,0.0,0.0,0.0,0.0,0.0,0.0,0.0,0.0,0.0,0.0,0.0,0.0,0.0,0.0,0.0,0.0,0.0,0.0,0.0,0.0,0.0,0.0,0.0,0.02235485119168831,0.02235485119168831
2018/11/05 08:00:00,2018/11/05 08:00:00,2018/11/05 13:00:00,6.596875257335214,6.596875257335214,5.598020111295297,0.0,0.0,0.0,0.22749050639997065,0.04652485673906303,0.0,0.004979763976484562,0.4109570275057973,0.0,0.0,0.0,0.0,0.0,0.0,0.3089029914186017,0.0,0.0,0.0,0.0,0.0,0.0,0.0,0.0,0.0,0.0,0.0,0.0,0.0,0.0,0.0,0.0,0.0,0.0,0.022509454706541324,0.022509454706541324
2018/11/05 09:00:00,2018/11/05 09:00:00,2018/11/05 14:00:00,6.850522655302759,6.850522655302759,4.8645021333062095,0.0,0.0,0.0,0.23738819960796062,0.04854906762080994,0.0,0.005196424341206713,0.4082649852915502,0.0,0.0,0.0,0.0,0.0,0.0,1.2866218451350233,0.0,0.0,0.0,0.0,0.0,0.0,0.0,0.0,0.0,0.0,0.0,0.0,0.0,0.0,0.0,0.0,0.0,0.0,0.023374934860896833,0.023374934860896833
2018/11/05 10:00:00,2018/11/05 10:00:00,2018/11/05 15:00:00,8.459410120285428,8.459410120285428,4.913151442876733,0.0,0.0,0.0,0.23977021629156023,0.04903622194961379,0.0,0.005248566652813857,1.9333828016838543,0.0,0.0,0.0,0.0,0.0,0.0,1.3188208708308526,0.0,0.0,0.0,0.0,0.0,0.0,0.0,0.0,0.0,0.0,0.0,0.0,0.0,0.0,0.0,0.0,0.0,0.0,0.02886468237138386,0.02886468237138386
2018/11/05 11:00:00,2018/11/05 11:00:00,2018/11/05 16:00:00,6.772432236029631,6.772432236029631,4.5336124359447565,0.0,0.0,0.0,0.2330133774859433,0.04765435787794319,0.0,0.005100659546659875,0.6342305343434759,0.0,0.0,0.0,0.0,0.0,0.0,1.3188208708308526,0.0,0.0,0.0,0.0,0.0,0.0,0.0,0.0,0.0,0.0,0.0,0.0,0.0,0.0,0.0,0.0,0.0,0.0,0.02310847950331086,0.02310847950331086
2018/11/05 12:00:00,2018/11/05 12:00:00,2018/11/05 17:00:00,6.214115819311769,6.214115819311769,4.234443927337969,0.0,0.0,0.0,0.22365196052793865,0.045739822674966235,0.0,0.004895738261486062,0.38656349967855747,0.0,0.0,0.0,0.0,0.0,0.0,1.3188208708308526,0.0,0.0,0.0,0.0,0.0,0.0,0.0,0.0,0.0,0.0,0.0,0.0,0.0,0.0,0.0,0.0,0.0,0.0,0.02120342633741157,0.02120342633741157
2018/11/05 13:00:00,2018/11/05 13:00:00,2018/11/05 18:00:00,5.833182860120014,5.833182860120014,3.846804340161295,0.0,0.0,0.0,0.21689512172232184,0.04435795860329565,0.0,0.00474783115533208,1.1251575807478968,0.0,0.0,0.0,0.0,0.0,0.0,0.5952200277298736,0.0,0.0,0.0,0.0,0.0,0.0,0.0,0.0,0.0,0.0,0.0,0.0,0.0,0.0,0.0,0.0,0.0,0.0,0.019903630167759687,0.019903630167759687
2018/11/05 14:00:00,2018/11/05 14:00:00,2018/11/05 19:00:00,4.062354931704487,4.062354931704487,3.5007797198828974,0.0,0.0,0.0,0.21490682280316895,0.043951324832805984,0.0,0.004704307320035531,0.2980127568655787,0.0,0.0,0.0,0.0,0.0,0.0,0.0,0.0,0.0,0.0,0.0,0.0,0.0,0.0,0.0,0.0,0.0,0.0,0.0,0.0,0.0,0.0,0.0,0.0,0.0,0.013861319301956054,0.013861319301956054
2018/11/05 15:00:00,2018/11/05 15:00:00,2018/11/05 20:00:00,3.7679653075839736,3.7679653075839736,3.167393093672131,0.0,0.0,0.0,0.21778688040361655,0.044540335202432085,0.0,0.004767351740287925,0.333477646565506,0.0,0.0,0.0,0.0,0.0,0.0,0.0,0.0,0.0,0.0,0.0,0.0,0.0,0.0,0.0,0.0,0.0,0.0,0.0,0.0,0.0,0.0,0.0,0.0,0.0,0.012856821012732198,0.012856821012732198
2018/11/05 16:00:00,2018/11/05 16:00:00,2018/11/05 21:00:00,4.174789625838588,4.174789625838588,2.8861229707551623,0.0,0.0,0.0,0.23530150546679274,0.0481223107090055,0.0,0.00515074663588806,0.3193700242609222,0.0,0.0,0.0,0.0,0.0,0.0,0.6807220680108168,0.0,0.0,0.0,0.0,0.0,0.0,0.0,0.0,0.0,0.0,0.0,0.0,0.0,0.0,0.0,0.0,0.0,0.0,0.01424496209590479,0.01424496209590479
2018/11/05 17:00:00,2018/11/05 17:00:00,2018/11/05 22:00:00,3.5129288213836234,3.5129288213836234,2.727143950967411,0.0,0.0,0.0,0.2828605491534366,0.05784877239386212,0.0,0.006191813431398235,0.4388837354375153,0.0,0.0,0.0,0.0,0.0,0.0,0.0,0.0,0.0,0.0,0.0,0.0,0.0,0.0,0.0,0.0,0.0,0.0,0.0,0.0,0.0,0.0,0.0,0.0,0.0,0.011986601096377255,0.011986601096377255
2018/11/05 18:00:00,2018/11/05 18:00:00,2018/11/05 23:00:00,3.5086903775434193,3.5086903775434193,2.4330070124136864,0.0,0.0,0.0,0.3722679450615316,0.07613378284051057,0.0,0.008148940066791236,0.619132697160899,0.0,0.0,0.0,0.0,0.0,0.0,0.0,0.0,0.0,0.0,0.0,0.0,0.0,0.0,0.0,0.0,0.0,0.0,0.0,0.0,0.0,0.0,0.0,0.0,0.0,0.011972138937260148,0.011972138937260148
2018/11/05 19:00:00,2018/11/05 19:00:00,2018/11/06 00:00:00,3.797650982355798,3.797650982355798,2.2803780625574315,0.0,0.0,0.0,0.46923765500408443,0.09596538783581401,0.0,0.01027160564973683,0.636474181127529,0.0,0.0,0.0,0.0,0.0,0.0,0.30532409018120277,0.0,0.0,0.0,0.0,0.0,0.0,0.0,0.0,0.0,0.0,0.0,0.0,0.0,0.0,0.0,0.0,0.0,0.0,0.012958112658495318,0.012958112658495318
2018/11/05 20:00:00,2018/11/05 20:00:00,2018/11/06 01:00:00,4.746621391232584,4.746621391232584,2.2369949076645557,0.0,0.0,0.0,0.5020745388118183,0.10268097056095002,0.0,0.01099040457314449,0.5750596987912638,0.0,0.0,0.0,0.0,0.0,0.0,1.3188208708308526,0.0,0.0,0.0,0.0,0.0,0.0,0.0,0.0,0.0,0.0,0.0,0.0,0.0,0.0,0.0,0.0,0.0,0.0,0.016196131508815166,0.016196131508815166
2018/11/05 21:00:00,2018/11/05 21:00:00,2018/11/06 02:00:00,3.7564008781674687,3.7564008781674687,2.371735927421488,0.0,0.0,0.0,0.4414642683633875,0.09028535812791409,0.0,0.009663646607898157,0.5623114676703773,0.0,0.0,0.0,0.0,0.0,0.0,0.2809402099764034,0.0,0.0,0.0,0.0,0.0,0.0,0.0,0.0,0.0,0.0,0.0,0.0,0.0,0.0,0.0,0.0,0.0,0.0,0.012817361573224323,0.012817361573224323
2018/11/05 22:00:00,2018/11/05 22:00:00,2018/11/06 03:00:00,3.8721620505784258,3.8721620505784258,2.6478327344693686,0.0,0.0,0.0,0.33975371121871306,0.06948418635643629,0.0,0.007437203946564799,0.5334988243279194,0.0,0.0,0.0,0.0,0.0,0.0,0.2741553902594236,0.0,0.0,0.0,0.0,0.0,0.0,0.0,0.0,0.0,0.0,0.0,0.0,0.0,0.0,0.0,0.0,0.0,0.0,0.013212354773112892,0.013212354773112892
2018/11/05 23:00:00,2018/11/05 23:00:00,2018/11/06 04:00:00,3.8387558825636177,3.8387558825636177,2.791179758408915,0.0,0.0,0.0,0.2937686202278071,0.06007961908749219,0.0,0.006430590953364709,0.4538777343751317,0.0,0.0,0.0,0.0,0.0,0.0,0.2334195595109061,0.0,0.0,0.0,0.0,0.0,0.0,0.0,0.0,0.0,0.0,0.0,0.0,0.0,0.0,0.0,0.0,0.0,0.0,0.013098368287615486,0.013098368287615486
2018/11/06 00:00:00,2018/11/06 00:00:00,2018/11/06 05:00:00,3.467900168837366,3.467900168837366,2.921953052167293,0.0,0.0,0.0,0.13094360677997474,0.026779722120023,0.0,0.002866353705536267,0.38535743406453843,0.0,0.0,0.0,0.0,0.0,0.0,0.0,0.0,0.0,0.0,0.0,0.0,0.0,0.0,0.0,0.0,0.0,0.0,0.0,0.0,0.0,0.0,0.0,0.0,0.0,0.011832957079255732,0.011832957079255732
2018/11/06 01:00:00,2018/11/06 01:00:00,2018/11/06 06:00:00,3.636607479321487,3.636607479321487,3.2174993384102466,0.0,0.0,0.0,0.06501908921459039,0.013297274945155983,0.0,0.0014232669458539432,0.3393685098056406,0.0,0.0,0.0,0.0,0.0,0.0,0.0,0.0,0.0,0.0,0.0,0.0,0.0,0.0,0.0,0.0,0.0,0.0,0.0,0.0,0.0,0.0,0.0,0.0,0.0,0.01240860985664942,0.01240860985664942
2018/11/06 02:00:00,2018/11/06 02:00:00,2018/11/06 07:00:00,3.7370627577769553,3.7370627577769553,3.365218595667318,0.0,0.0,0.0,0.03901145352875434,0.00797836496709361,0.0,0.0008539601675123682,0.3240003834462767,0.0,0.0,0.0,0.0,0.0,0.0,0.0,0.0,0.0,0.0,0.0,0.0,0.0,0.0,0.0,0.0,0.0,0.0,0.0,0.0,0.0,0.0,0.0,0.0,0.0,0.012751377220320893,0.012751377220320893
2018/11/06 03:00:00,2018/11/06 03:00:00,2018/11/06 08:00:00,3.760540390623349,3.760540390623349,3.435310624905571,0.0,0.0,0.0,0.026007635685836267,0.005318909978062415,0.0,0.0005693067783415797,0.2933339132755372,0.0,0.0,0.0,0.0,0.0,0.0,0.0,0.0,0.0,0.0,0.0,0.0,0.0,0.0,0.0,0.0,0.0,0.0,0.0,0.0,0.0,0.0,0.0,0.0,0.0,0.01283148616471621,0.01283148616471621
2018/11/06 04:00:00,2018/11/06 04:00:00,2018/11/06 09:00:00,3.9251864652087964,3.9251864652087964,3.612556904585066,0.0,0.0,0.0,0.026007635685836267,0.005318909978062415,0.0,0.0005693067783415797,0.2807337081814895,0.0,0.0,0.0,0.0,0.0,0.0,0.0,0.0,0.0,0.0,0.0,0.0,0.0,0.0,0.0,0.0,0.0,0.0,0.0,0.0,0.0,0.0,0.0,0.0,0.0,0.013393281441104082,0.013393281441104082
2018/11/06 05:00:00,2018/11/06 05:00:00,2018/11/06 10:00:00,3.919323758482644,3.919323758482644,3.619729872898982,0.0,0.0,0.0,0.028359609659443317,0.005799920170125916,0.0,0.0006207914554507214,0.2648135642986422,0.0,0.0,0.0,0.0,0.0,0.0,0.0,0.0,0.0,0.0,0.0,0.0,0.0,0.0,0.0,0.0,0.0,0.0,0.0,0.0,0.0,0.0,0.0,0.0,0.0,0.013373277071404455,0.013373277071404455
2018/11/06 06:00:00,2018/11/06 06:00:00,2018/11/06 11:00:00,4.516179977890297,4.516179977890297,3.7288589096804365,0.0,0.0,0.0,0.07657075757208723,0.01565974590684433,0.0,0.001676132803270518,0.2898985196675431,0.0,0.0,0.0,0.0,0.0,0.0,0.4035159122601154,0.0,0.0,0.0,0.0,0.0,0.0,0.0,0.0,0.0,0.0,0.0,0.0,0.0,0.0,0.0,0.0,0.0,0.0,0.015409833397391591,0.015409833397391591
2018/11/06 07:00:00,2018/11/06 07:00:00,2018/11/06 12:00:00,4.3956214445965385,4.3956214445965385,3.8173743011393033,0.0,0.0,0.0,0.1797670016564363,0.03676476056443332,0.0,0.0039350971307586715,0.35778028410560686,0.0,0.0,0.0,0.0,0.0,0.0,0.0,0.0,0.0,0.0,0.0,0.0,0.0,0.0,0.0,0.0,0.0,0.0,0.0,0.0,0.0,0.0,0.0,0.0,0.0,0.014998470935801086,0.014998470935801086
2018/11/06 08:00:00,2018/11/06 08:00:00,2018/11/06 13:00:00,5.024006421202727,5.024006421202727,3.5872345043777587,0.0,0.0,0.0,0.22749050639997065,0.04652485673906303,0.0,0.004979763976484562,0.509014391321556,0.0,0.0,0.0,0.0,0.0,0.0,0.6487623983878946,0.0,0.0,0.0,0.0,0.0,0.0,0.0,0.0,0.0,0.0,0.0,0.0,0.0,0.0,0.0,0.0,0.0,0.0,0.017142607760801728,0.017142607760801728
2018/11/06 09:00:00,2018/11/06 09:00:00,2018/11/06 14:00:00,7.572843765173302,7.572843765173302,3.4172706099182926,0.0,0.0,0.0,0.23738819960796062,0.04854906762080994,0.0,0.005196424341206713,2.5456185928541806,0.0,0.0,0.0,0.0,0.0,0.0,1.3188208708308526,0.0,0.0,0.0,0.0,0.0,0.0,0.0,0.0,0.0,0.0,0.0,0.0,0.0,0.0,0.0,0.0,0.0,0.0,0.025839594820645326,0.025839594820645326
2018/11/06 10:00:00,2018/11/06 10:00:00,2018/11/06 15:00:00,5.915855057245524,5.915855057245524,4.035138459181261,0.0,0.0,0.0,0.23977021629156023,0.04903622194961379,0.0,0.005248566652813857,0.2678407223394236,0.0,0.0,0.0,0.0,0.0,0.0,1.3188208708308526,0.0,0.0,0.0,0.0,0.0,0.0,0.0,0.0,0.0,0.0,0.0,0.0,0.0,0.0,0.0,0.0,0.0,0.0,0.020185719187802587,0.020185719187802587
2018/11/06 11:00:00,2018/11/06 11:00:00,2018/11/06 16:00:00,5.909381452076039,5.909381452076039,4.0406791519687735,0.0,0.0,0.0,0.2330133774859433,0.04765435787794319,0.0,0.005100659546659875,0.2641130343658663,0.0,0.0,0.0,0.0,0.0,0.0,1.3188208708308526,0.0,0.0,0.0,0.0,0.0,0.0,0.0,0.0,0.0,0.0,0.0,0.0,0.0,0.0,0.0,0.0,0.0,0.0,0.020163630347758425,0.020163630347758425
2018/11/06 12:00:00,2018/11/06 12:00:00,2018/11/06 17:00:00,5.296591602580824,5.296591602580824,4.004378111069873,0.0,0.0,0.0,0.22365196052793865,0.045739822674966235,0.0,0.004895738261486062,0.2823603378993346,0.0,0.0,0.0,0.0,0.0,0.0,0.7355656321472243,0.0,0.0,0.0,0.0,0.0,0.0,0.0,0.0,0.0,0.0,0.0,0.0,0.0,0.0,0.0,0.0,0.0,0.0,0.018072706262676864,0.018072706262676864
2018/11/06 13:00:00,2018/11/06 13:00:00,2018/11/06 18:00:00,5.231004001081858,5.231004001081858,3.956986965060989,0.0,0.0,0.0,0.21689512172232184,0.04435795860329565,0.0,0.00474783115533208,0.2887859964794398,0.0,0.0,0.0,0.0,0.0,0.0,0.7192301280604794,0.0,0.0,0.0,0.0,0.0,0.0,0.0,0.0,0.0,0.0,0.0,0.0,0.0,0.0,0.0,0.0,0.0,0.0,0.017848912256020442,0.017848912256020442
2018/11/06 14:00:00,2018/11/06 14:00:00,2018/11/06 19:00:00,4.387649782993526,4.387649782993526,3.826074571171936,0.0,0.0,0.0,0.21490682280316895,0.043951324832805984,0.0,0.004704307320035531,0.2980127568655787,0.0,0.0,0.0,0.0,0.0,0.0,0.0,0.0,0.0,0.0,0.0,0.0,0.0,0.0,0.0,0.0,0.0,0.0,0.0,0.0,0.0,0.0,0.0,0.0,0.0,0.014971270519120573,0.014971270519120573
2018/11/06 15:00:00,2018/11/06 15:00:00,2018/11/06 20:00:00,4.19367645599843,4.19367645599843,3.5931042420865875,0.0,0.0,0.0,0.21778688040361655,0.044540335202432085,0.0,0.004767351740287925,0.333477646565506,0.0,0.0,0.0,0.0,0.0,0.0,0.0,0.0,0.0,0.0,0.0,0.0,0.0,0.0,0.0,0.0,0.0,0.0,0.0,0.0,0.0,0.0,0.0,0.0,0.0,0.014309406583855416,0.014309406583855416
2018/11/06 16:00:00,2018/11/06 16:00:00,2018/11/06 21:00:00,3.9914692559056957,3.9914692559056957,3.383524668833087,0.0,0.0,0.0,0.23530150546679274,0.0481223107090055,0.0,0.00515074663588806,0.3193700242609222,0.0,0.0,0.0,0.0,0.0,0.0,0.0,0.0,0.0,0.0,0.0,0.0,0.0,0.0,0.0,0.0,0.0,0.0,0.0,0.0,0.0,0.0,0.0,0.0,0.0,0.013619447529868007,0.013619447529868007
2018/11/06 17:00:00,2018/11/06 17:00:00,2018/11/06 22:00:00,4.1311425451089345,4.1311425451089345,3.345357674692722,0.0,0.0,0.0,0.2828605491534366,0.05784877239386212,0.0,0.006191813431398235,0.4388837354375153,0.0,0.0,0.0,0.0,0.0,0.0,0.0,0.0,0.0,0.0,0.0,0.0,0.0,0.0,0.0,0.0,0.0,0.0,0.0,0.0,0.0,0.0,0.0,0.0,0.0,0.014096032193726566,0.014096032193726566
2018/11/06 18:00:00,2018/11/06 18:00:00,2018/11/06 23:00:00,4.762246358739358,4.762246358739358,3.686562993609625,0.0,0.0,0.0,0.3722679450615316,0.07613378284051057,0.0,0.008148940066791236,0.619132697160899,0.0,0.0,0.0,0.0,0.0,0.0,0.0,0.0,0.0,0.0,0.0,0.0,0.0,0.0,0.0,0.0,0.0,0.0,0.0,0.0,0.0,0.0,0.0,0.0,0.0,0.016249446068309654,0.016249446068309654
2018/11/06 19:00:00,2018/11/06 19:00:00,2018/11/07 00:00:00,5.333585588129639,5.333585588129639,4.121636758512474,0.0,0.0,0.0,0.46923765500408443,0.09596538783581401,0.0,0.01027160564973683,0.636474181127529,0.0,0.0,0.0,0.0,0.0,0.0,0.0,0.0,0.0,0.0,0.0,0.0,0.0,0.0,0.0,0.0,0.0,0.0,0.0,0.0,0.0,0.0,0.0,0.0,0.0,0.018198934879960414,0.018198934879960414
2018/11/06 20:00:00,2018/11/06 20:00:00,2018/11/07 01:00:00,6.905405911477313,6.905405911477313,4.147569658540375,0.0,0.0,0.0,0.5020745388118183,0.10268097056095002,0.0,0.01099040457314449,0.9095217530794115,0.0,0.0,0.0,0.0,0.0,0.0,1.232568585911613,0.0,0.0,0.0,0.0,0.0,0.0,0.0,0.0,0.0,0.0,0.0,0.0,0.0,0.0,0.0,0.0,0.0,0.0,0.02356220415443622,0.02356220415443622
2018/11/06 21:00:00,2018/11/06 21:00:00,2018/11/07 02:00:00,14.393085778041659,14.393085778041659,4.27746636030603,0.0,0.0,0.0,0.4414642683633875,0.09028535812791409,0.0,0.009663646607898157,8.255385273805576,0.0,0.0,0.0,0.0,0.0,0.0,1.3188208708308526,0.0,0.0,0.0,0.0,0.0,0.0,0.0,0.0,0.0,0.0,0.0,0.0,0.0,0.0,0.0,0.0,0.0,0.0,0.04911120792347128,0.04911120792347128
2018/11/06 22:00:00,2018/11/06 22:00:00,2018/11/07 03:00:00,10.290079799629213,10.290079799629213,4.48594258089352,0.0,0.0,0.0,0.33975371121871306,0.06948418635643629,0.0,0.007437203946564799,4.068641246383126,0.0,0.0,0.0,0.0,0.0,0.0,1.3188208708308526,0.0,0.0,0.0,0.0,0.0,0.0,0.0,0.0,0.0,0.0,0.0,0.0,0.0,0.0,0.0,0.0,0.0,0.0,0.03511118160357838,0.03511118160357838
2018/11/06 23:00:00,2018/11/06 23:00:00,2018/11/07 04:00:00,8.640544156503994,8.640544156503994,4.706373126059782,0.0,0.0,0.0,0.2937686202278071,0.06007961908749219,0.0,0.006430590953364709,2.255071329344695,0.0,0.0,0.0,0.0,0.0,0.0,1.3188208708308526,0.0,0.0,0.0,0.0,0.0,0.0,0.0,0.0,0.0,0.0,0.0,0.0,0.0,0.0,0.0,0.0,0.0,0.0,0.029482736863098144,0.029482736863098144
2018/11/07 00:00:00,2018/11/07 00:00:00,2018/11/07 05:00:00,7.628995936628215,7.628995936628215,5.718367232698941,0.0,0.0,0.0,0.13094360677997474,0.026779722120023,0.0,0.002866353705536267,0.4312181504928874,0.0,0.0,0.0,0.0,0.0,0.0,1.3188208708308526,0.0,0.0,0.0,0.0,0.0,0.0,0.0,0.0,0.0,0.0,0.0,0.0,0.0,0.0,0.0,0.0,0.0,0.0,0.026031193829377963,0.026031193829377963
2018/11/07 01:00:00,2018/11/07 01:00:00,2018/11/07 06:00:00,9.799465094651486,9.799465094651486,7.027694829358167,0.0,0.0,0.0,0.06501908921459039,0.013297274945155983,0.0,0.0014232669458539432,1.3732097633568654,0.0,0.0,0.0,0.0,0.0,0.0,1.3188208708308526,0.0,0.0,0.0,0.0,0.0,0.0,0.0,0.0,0.0,0.0,0.0,0.0,0.0,0.0,0.0,0.0,0.0,0.0,0.03343713608213552,0.03343713608213552
2018/11/07 02:00:00,2018/11/07 02:00:00,2018/11/07 07:00:00,9.049867716338534,9.049867716338534,7.276155764097632,0.0,0.0,0.0,0.03901145352875434,0.00797836496709361,0.0,0.0008539601675123682,0.40704730274668705,0.0,0.0,0.0,0.0,0.0,0.0,1.3188208708308526,0.0,0.0,0.0,0.0,0.0,0.0,0.0,0.0,0.0,0.0,0.0,0.0,0.0,0.0,0.0,0.0,0.0,0.0,0.030879405705694637,0.030879405705694637
2018/11/07 03:00:00,2018/11/07 03:00:00,2018/11/07 08:00:00,9.797957717035606,9.797957717035606,6.2113146226209786,0.0,0.0,0.0,0.026007635685836267,0.005318909978062415,0.0,0.0005693067783415797,2.2359263711415354,0.0,0.0,0.0,0.0,0.0,0.0,1.3188208708308526,0.0,0.0,0.0,0.0,0.0,0.0,0.0,0.0,0.0,0.0,0.0,0.0,0.0,0.0,0.0,0.0,0.0,0.0,0.03343199270033023,0.03343199270033023
2018/11/07 04:00:00,2018/11/07 04:00:00,2018/11/07 09:00:00,8.108778474576516,8.108778474576516,6.0442660846996645,0.0,0.0,0.0,0.026007635685836267,0.005318909978062415,0.0,0.0005693067783415797,1.9443006589565597,0.0,0.0,0.0,0.0,0.0,0.0,0.08831587847805317,0.0,0.0,0.0,0.0,0.0,0.0,0.0,0.0,0.0,0.0,0.0,0.0,0.0,0.0,0.0,0.0,0.0,0.0,0.02766827849229142,0.02766827849229142
2018/11/07 05:00:00,2018/11/07 05:00:00,2018/11/07 10:00:00,8.037490035232903,8.037490035232903,6.04310592913816,0.0,0.0,0.0,0.028359609659443317,0.005799920170125916,0.0,0.0006207914554507214,1.9596037848097212,0.0,0.0,0.0,0.0,0.0,0.0,0.0,0.0,0.0,0.0,0.0,0.0,0.0,0.0,0.0,0.0,0.0,0.0,0.0,0.0,0.0,0.0,0.0,0.0,0.0,0.027425032435043205,0.027425032435043205
2018/11/07 06:00:00,2018/11/07 06:00:00,2018/11/07 11:00:00,6.453200295791359,6.453200295791359,6.069395139841613,0.0,0.0,0.0,0.07657075757208723,0.01565974590684433,0.0,0.001676132803270518,0.2898985196675431,0.0,0.0,0.0,0.0,0.0,0.0,0.0,0.0,0.0,0.0,0.0,0.0,0.0,0.0,0.0,0.0,0.0,0.0,0.0,0.0,0.0,0.0,0.0,0.0,0.0,0.02201921578081062,0.02201921578081062
2018/11/07 07:00:00,2018/11/07 07:00:00,2018/11/07 12:00:00,6.492562686804871,6.492562686804871,5.914315543347636,0.0,0.0,0.0,0.1797670016564363,0.03676476056443332,0.0,0.0039350971307586715,0.35778028410560686,0.0,0.0,0.0,0.0,0.0,0.0,0.0,0.0,0.0,0.0,0.0,0.0,0.0,0.0,0.0,0.0,0.0,0.0,0.0,0.0,0.0,0.0,0.0,0.0,0.0,0.02215352572651933,0.02215352572651933
2018/11/07 08:00:00,2018/11/07 08:00:00,2018/11/07 13:00:00,6.5066636279508865,6.5066636279508865,5.816711473329572,0.0,0.0,0.0,0.22749050639997065,0.04652485673906303,0.0,0.004979763976484562,0.4109570275057973,0.0,0.0,0.0,0.0,0.0,0.0,0.0,0.0,0.0,0.0,0.0,0.0,0.0,0.0,0.0,0.0,0.0,0.0,0.0,0.0,0.0,0.0,0.0,0.0,0.0,0.02220164009637844,0.02220164009637844
2018/11/07 09:00:00,2018/11/07 09:00:00,2018/11/07 14:00:00,6.848569031790229,6.848569031790229,5.818616055881544,0.0,0.0,0.0,0.23738819960796062,0.04854906762080994,0.0,0.005196424341206713,0.33510476266580536,0.0,0.0,0.0,0.0,0.0,0.0,0.40371452167290256,0.0,0.0,0.0,0.0,0.0,0.0,0.0,0.0,0.0,0.0,0.0,0.0,0.0,0.0,0.0,0.0,0.0,0.0,0.023368268826107097,0.023368268826107097
2018/11/07 10:00:00,2018/11/07 10:00:00,2018/11/07 15:00:00,6.304757677708,6.304757677708,5.742861950474588,0.0,0.0,0.0,0.23977021629156023,0.04903622194961379,0.0,0.005248566652813857,0.2678407223394236,0.0,0.0,0.0,0.0,0.0,0.0,0.0,0.0,0.0,0.0,0.0,0.0,0.0,0.0,0.0,0.0,0.0,0.0,0.0,0.0,0.0,0.0,0.0,0.0,0.0,0.02151270894872335,0.02151270894872335
2018/11/07 11:00:00,2018/11/07 11:00:00,2018/11/07 16:00:00,6.151300469282322,6.151300469282322,5.60141904000591,0.0,0.0,0.0,0.2330133774859433,0.04765435787794319,0.0,0.005100659546659875,0.2641130343658663,0.0,0.0,0.0,0.0,0.0,0.0,0.0,0.0,0.0,0.0,0.0,0.0,0.0,0.0,0.0,0.0,0.0,0.0,0.0,0.0,0.0,0.0,0.0,0.0,0.0,0.020989091637844348,0.020989091637844348
2018/11/07 12:00:00,2018/11/07 12:00:00,2018/11/07 17:00:00,6.257098936042168,6.257098936042168,5.292449463273569,0.0,0.0,0.0,0.22365196052793865,0.045739822674966235,0.0,0.004895738261486062,0.2823603378993346,0.0,0.0,0.0,0.0,0.0,0.0,0.40800161340487523,0.0,0.0,0.0,0.0,0.0,0.0,0.0,0.0,0.0,0.0,0.0,0.0,0.0,0.0,0.0,0.0,0.0,0.0,0.02135009070219747,0.02135009070219747
2018/11/07 13:00:00,2018/11/07 13:00:00,2018/11/07 18:00:00,7.3154035907871275,7.3154035907871275,5.441795811995886,0.0,0.0,0.0,0.21689512172232184,0.04435795860329565,0.0,0.00474783115533208,0.2887859964794398,0.0,0.0,0.0,0.0,0.0,0.0,1.3188208708308526,0.0,0.0,0.0,0.0,0.0,0.0,0.0,0.0,0.0,0.0,0.0,0.0,0.0,0.0,0.0,0.0,0.0,0.0,0.024961173186319848,0.024961173186319848
2018/11/07 14:00:00,2018/11/07 14:00:00,2018/11/07 19:00:00,6.329842750095926,6.329842750095926,5.287659737437032,0.0,0.0,0.0,0.21490682280316895,0.043951324832805984,0.0,0.004704307320035531,0.2980127568655787,0.0,0.0,0.0,0.0,0.0,0.0,0.48060780083730564,0.0,0.0,0.0,0.0,0.0,0.0,0.0,0.0,0.0,0.0,0.0,0.0,0.0,0.0,0.0,0.0,0.0,0.0,0.021598302700113217,0.021598302700113217
2018/11/07 15:00:00,2018/11/07 15:00:00,2018/11/07 20:00:00,5.849466995456259,5.849466995456259,5.248894781544417,0.0,0.0,0.0,0.21778688040361655,0.044540335202432085,0.0,0.004767351740287925,0.333477646565506,0.0,0.0,0.0,0.0,0.0,0.0,0.0,0.0,0.0,0.0,0.0,0.0,0.0,0.0,0.0,0.0,0.0,0.0,0.0,0.0,0.0,0.0,0.0,0.0,0.0,0.019959193899448995,0.019959193899448995
2018/11/07 16:00:00,2018/11/07 16:00:00,2018/11/07 21:00:00,5.820776709610132,5.820776709610132,5.1260646684198505,0.0,0.0,0.0,0.23530150546679274,0.0481223107090055,0.0,0.00515074663588806,0.40613747837859465,0.0,0.0,0.0,0.0,0.0,0.0,0.0,0.0,0.0,0.0,0.0,0.0,0.0,0.0,0.0,0.0,0.0,0.0,0.0,0.0,0.0,0.0,0.0,0.0,0.0,0.019861298658963276,0.019861298658963276
2018/11/07 17:00:00,2018/11/07 17:00:00,2018/11/07 22:00:00,8.185850848815111,8.185850848815111,4.729859449690343,0.0,0.0,0.0,0.2828605491534366,0.05784877239386212,0.0,0.006191813431398235,2.5443343573604027,0.0,0.0,0.0,0.0,0.0,0.0,0.5647559067856688,0.0,0.0,0.0,0.0,0.0,0.0,0.0,0.0,0.0,0.0,0.0,0.0,0.0,0.0,0.0,0.0,0.0,0.0,0.027931260138809626,0.027931260138809626
2018/11/07 18:00:00,2018/11/07 18:00:00,2018/11/07 23:00:00,9.010909498485043,9.010909498485043,4.467109451889944,0.0,0.0,0.0,0.3722679450615316,0.07613378284051057,0.0,0.008148940066791236,3.9881039374245977,0.0,0.0,0.0,0.0,0.0,0.0,0.09914544120167178,0.0,0.0,0.0,0.0,0.0,0.0,0.0,0.0,0.0,0.0,0.0,0.0,0.0,0.0,0.0,0.0,0.0,0.0,0.030746474854948958,0.030746474854948958
2018/11/07 19:00:00,2018/11/07 19:00:00,2018/11/08 00:00:00,6.074615616064095,6.074615616064095,4.8626667864469315,0.0,0.0,0.0,0.46923765500408443,0.09596538783581401,0.0,0.01027160564973683,0.636474181127529,0.0,0.0,0.0,0.0,0.0,0.0,0.0,0.0,0.0,0.0,0.0,0.0,0.0,0.0,0.0,0.0,0.0,0.0,0.0,0.0,0.0,0.0,0.0,0.0,0.0,0.020727432266875626,0.020727432266875626
2018/11/07 20:00:00,2018/11/07 20:00:00,2018/11/08 01:00:00,6.175124604231394,6.175124604231394,4.9790462064795555,0.0,0.0,0.0,0.5020745388118183,0.10268097056095002,0.0,0.01099040457314449,0.5803324838059254,0.0,0.0,0.0,0.0,0.0,0.0,0.0,0.0,0.0,0.0,0.0,0.0,0.0,0.0,0.0,0.0,0.0,0.0,0.0,0.0,0.0,0.0,0.0,0.0,0.0,0.02107038289554433,0.02107038289554433
2018/11/07 21:00:00,2018/11/07 21:00:00,2018/11/08 02:00:00,6.402788947964631,6.402788947964631,5.180199455533781,0.0,0.0,0.0,0.4414642683633875,0.09028535812791409,0.0,0.009663646607898157,0.6811762193316508,0.0,0.0,0.0,0.0,0.0,0.0,0.0,0.0,0.0,0.0,0.0,0.0,0.0,0.0,0.0,0.0,0.0,0.0,0.0,0.0,0.0,0.0,0.0,0.0,0.0,0.021847205259717364,0.021847205259717364
2018/11/07 22:00:00,2018/11/07 22:00:00,2018/11/08 03:00:00,6.3205671448982,6.3205671448982,5.370393219048566,0.0,0.0,0.0,0.33975371121871306,0.06948418635643629,0.0,0.007437203946564799,0.5334988243279194,0.0,0.0,0.0,0.0,0.0,0.0,0.0,0.0,0.0,0.0,0.0,0.0,0.0,0.0,0.0,0.0,0.0,0.0,0.0,0.0,0.0,0.0,0.0,0.0,0.0,0.021566653046765315,0.021566653046765315
2018/11/07 23:00:00,2018/11/07 23:00:00,2018/11/08 04:00:00,6.342216749807572,6.342216749807572,5.528060185163777,0.0,0.0,0.0,0.2937686202278071,0.06007961908749219,0.0,0.006430590953364709,0.4538777343751317,0.0,0.0,0.0,0.0,0.0,0.0,0.0,0.0,0.0,0.0,0.0,0.0,0.0,0.0,0.0,0.0,0.0,0.0,0.0,0.0,0.0,0.0,0.0,0.0,0.0,0.021640524505920192,0.021640524505920192
2018/11/08 00:00:00,2018/11/08 00:00:00,2018/11/08 05:00:00,6.135837416703859,6.135837416703859,5.589890300033787,0.0,0.0,0.0,0.13094360677997474,0.026779722120023,0.0,0.002866353705536267,0.38535743406453843,0.0,0.0,0.0,0.0,0.0,0.0,0.0,0.0,0.0,0.0,0.0,0.0,0.0,0.0,0.0,0.0,0.0,0.0,0.0,0.0,0.0,0.0,0.0,0.0,0.0,0.020936329554575795,0.020936329554575795
2018/11/08 01:00:00,2018/11/08 01:00:00,2018/11/08 06:00:00,6.439598116083979,6.439598116083979,6.020489975172738,0.0,0.0,0.0,0.06501908921459039,0.013297274945155983,0.0,0.0014232669458539432,0.3393685098056406,0.0,0.0,0.0,0.0,0.0,0.0,0.0,0.0,0.0,0.0,0.0,0.0,0.0,0.0,0.0,0.0,0.0,0.0,0.0,0.0,0.0,0.0,0.0,0.0,0.0,0.0219728032542598,0.0219728032542598
2018/11/08 02:00:00,2018/11/08 02:00:00,2018/11/08 07:00:00,6.420081634705622,6.420081634705622,6.048237472595985,0.0,0.0,0.0,0.03901145352875434,0.00797836496709361,0.0,0.0008539601675123682,0.3240003834462767,0.0,0.0,0.0,0.0,0.0,0.0,0.0,0.0,0.0,0.0,0.0,0.0,0.0,0.0,0.0,0.0,0.0,0.0,0.0,0.0,0.0,0.0,0.0,0.0,0.0,0.021906210308890898,0.021906210308890898
2018/11/08 03:00:00,2018/11/08 03:00:00,2018/11/08 08:00:00,6.441114782015096,6.441114782015096,5.712126405899993,0.0,0.0,0.0,0.026007635685836267,0.005318909978062415,0.0,0.0005693067783415797,0.2933339132755372,0.0,0.0,0.0,0.0,0.0,0.0,0.4037586103973264,0.0,0.0,0.0,0.0,0.0,0.0,0.0,0.0,0.0,0.0,0.0,0.0,0.0,0.0,0.0,0.0,0.0,0.0,0.021977978329086854,0.021977978329086854
2018/11/08 04:00:00,2018/11/08 04:00:00,2018/11/08 09:00:00,6.054414549568013,6.054414549568013,5.741784988944285,0.0,0.0,0.0,0.026007635685836267,0.005318909978062415,0.0,0.0005693067783415797,0.2807337081814895,0.0,0.0,0.0,0.0,0.0,0.0,0.0,0.0,0.0,0.0,0.0,0.0,0.0,0.0,0.0,0.0,0.0,0.0,0.0,0.0,0.0,0.0,0.0,0.0,0.0,0.020658503421993834,0.020658503421993834
2018/11/08 05:00:00,2018/11/08 05:00:00,2018/11/08 10:00:00,6.063859232612759,6.063859232612759,5.764265347029097,0.0,0.0,0.0,0.028359609659443317,0.005799920170125916,0.0,0.0006207914554507214,0.2648135642986422,0.0,0.0,0.0,0.0,0.0,0.0,0.0,0.0,0.0,0.0,0.0,0.0,0.0,0.0,0.0,0.0,0.0,0.0,0.0,0.0,0.0,0.0,0.0,0.0,0.0,0.020690729992441256,0.020690729992441256
2018/11/08 06:00:00,2018/11/08 06:00:00,2018/11/08 11:00:00,6.208385020573673,6.208385020573673,5.824579864623928,0.0,0.0,0.0,0.07657075757208723,0.01565974590684433,0.0,0.001676132803270518,0.2898985196675431,0.0,0.0,0.0,0.0,0.0,0.0,0.0,0.0,0.0,0.0,0.0,0.0,0.0,0.0,0.0,0.0,0.0,0.0,0.0,0.0,0.0,0.0,0.0,0.0,0.0,0.02118387205608966,0.02118387205608966
2018/11/08 07:00:00,2018/11/08 07:00:00,2018/11/08 12:00:00,6.332224947638927,6.332224947638927,5.753977804181693,0.0,0.0,0.0,0.1797670016564363,0.03676476056443332,0.0,0.0039350971307586715,0.35778028410560686,0.0,0.0,0.0,0.0,0.0,0.0,0.0,0.0,0.0,0.0,0.0,0.0,0.0,0.0,0.0,0.0,0.0,0.0,0.0,0.0,0.0,0.0,0.0,0.0,0.0,0.021606431089025314,0.021606431089025314
2018/11/08 08:00:00,2018/11/08 08:00:00,2018/11/08 13:00:00,6.257986875845555,6.257986875845555,5.167407815098983,0.0,0.0,0.0,0.22749050639997065,0.04652485673906303,0.0,0.004979763976484562,0.4109570275057973,0.0,0.0,0.0,0.0,0.0,0.0,0.40062690612525653,0.0,0.0,0.0,0.0,0.0,0.0,0.0,0.0,0.0,0.0,0.0,0.0,0.0,0.0,0.0,0.0,0.0,0.0,0.021353120476144495,0.021353120476144495
2018/11/08 09:00:00,2018/11/08 09:00:00,2018/11/08 14:00:00,7.363143123095466,7.363143123095466,5.418083798028831,0.0,0.0,0.0,0.23738819960796062,0.04854906762080994,0.0,0.005196424341206713,0.33510476266580536,0.0,0.0,0.0,0.0,0.0,0.0,1.3188208708308526,0.0,0.0,0.0,0.0,0.0,0.0,0.0,0.0,0.0,0.0,0.0,0.0,0.0,0.0,0.0,0.0,0.0,0.0,0.025124067101740054,0.025124067101740054
2018/11/08 10:00:00,2018/11/08 10:00:00,2018/11/08 15:00:00,6.9163045994311645,6.9163045994311645,5.0355880013669,0.0,0.0,0.0,0.23977021629156023,0.04903622194961379,0.0,0.005248566652813857,0.2678407223394236,0.0,0.0,0.0,0.0,0.0,0.0,1.3188208708308526,0.0,0.0,0.0,0.0,0.0,0.0,0.0,0.0,0.0,0.0,0.0,0.0,0.0,0.0,0.0,0.0,0.0,0.0,0.023599391991599758,0.023599391991599758
2018/11/08 11:00:00,2018/11/08 11:00:00,2018/11/08 16:00:00,5.9657263703720105,5.9657263703720105,4.459713419643029,0.0,0.0,0.0,0.2330133774859433,0.04765435787794319,0.0,0.005100659546659875,0.2641130343658663,0.0,0.0,0.0,0.0,0.0,0.0,0.9561315214525687,0.0,0.0,0.0,0.0,0.0,0.0,0.0,0.0,0.0,0.0,0.0,0.0,0.0,0.0,0.0,0.0,0.0,0.0,0.02035588703548595,0.02035588703548595
2018/11/08 12:00:00,2018/11/08 12:00:00,2018/11/08 17:00:00,4.641243577480774,4.641243577480774,4.084595718117049,0.0,0.0,0.0,0.22365196052793865,0.045739822674966235,0.0,0.004895738261486062,0.2823603378993346,0.0,0.0,0.0,0.0,0.0,0.0,0.0,0.0,0.0,0.0,0.0,0.0,0.0,0.0,0.0,0.0,0.0,0.0,0.0,0.0,0.0,0.0,0.0,0.0,0.0,0.0158365677709556,0.0158365677709556
2018/11/08 13:00:00,2018/11/08 13:00:00,2018/11/08 18:00:00,4.515567628596475,4.515567628596475,3.960780720636086,0.0,0.0,0.0,0.21689512172232184,0.04435795860329565,0.0,0.00474783115533208,0.2887859964794398,0.0,0.0,0.0,0.0,0.0,0.0,0.0,0.0,0.0,0.0,0.0,0.0,0.0,0.0,0.0,0.0,0.0,0.0,0.0,0.0,0.0,0.0,0.0,0.0,0.0,0.015407743976543663,0.015407743976543663
2018/11/08 14:00:00,2018/11/08 14:00:00,2018/11/08 19:00:00,4.587272183698554,4.587272183698554,4.025696971876964,0.0,0.0,0.0,0.21490682280316895,0.043951324832805984,0.0,0.004704307320035531,0.2980127568655787,0.0,0.0,0.0,0.0,0.0,0.0,0.0,0.0,0.0,0.0,0.0,0.0,0.0,0.0,0.0,0.0,0.0,0.0,0.0,0.0,0.0,0.0,0.0,0.0,0.0,0.015652409878559658,0.015652409878559658
2018/11/08 15:00:00,2018/11/08 15:00:00,2018/11/08 20:00:00,4.681297528789427,4.681297528789427,4.033333820605504,0.0,0.0,0.0,0.21778688040361655,0.044540335202432085,0.0,0.004767351740287925,0.3808691408375866,0.0,0.0,0.0,0.0,0.0,0.0,0.0,0.0,0.0,0.0,0.0,0.0,0.0,0.0,0.0,0.0,0.0,0.0,0.0,0.0,0.0,0.0,0.0,0.0,0.0,0.01597323741645142,0.01597323741645142
2018/11/08 16:00:00,2018/11/08 16:00:00,2018/11/08 21:00:00,5.471348985102511,5.471348985102511,3.779470123319835,0.0,0.0,0.0,0.23530150546679274,0.0481223107090055,0.0,0.00515074663588806,1.4033042989709898,0.0,0.0,0.0,0.0,0.0,0.0,0.0,0.0,0.0,0.0,0.0,0.0,0.0,0.0,0.0,0.0,0.0,0.0,0.0,0.0,0.0,0.0,0.0,0.0,0.0,0.018669002726238407,0.018669002726238407
2018/11/08 17:00:00,2018/11/08 17:00:00,2018/11/08 22:00:00,5.435300215929519,5.435300215929519,3.8944831773493753,0.0,0.0,0.0,0.2828605491534366,0.05784877239386212,0.0,0.006191813431398235,0.7902082537932907,0.0,0.0,0.0,0.0,0.0,0.0,0.4037076498081567,0.0,0.0,0.0,0.0,0.0,0.0,0.0,0.0,0.0,0.0,0.0,0.0,0.0,0.0,0.0,0.0,0.0,0.0,0.01854599931852295,0.01854599931852295
2018/11/08 18:00:00,2018/11/08 18:00:00,2018/11/08 23:00:00,5.011095806214284,5.011095806214284,3.9354124410845515,0.0,0.0,0.0,0.3722679450615316,0.07613378284051057,0.0,0.008148940066791236,0.619132697160899,0.0,0.0,0.0,0.0,0.0,0.0,0.0,0.0,0.0,0.0,0.0,0.0,0.0,0.0,0.0,0.0,0.0,0.0,0.0,0.0,0.0,0.0,0.0,0.0,0.0,0.017098554949132625,0.017098554949132625
2018/11/08 19:00:00,2018/11/08 19:00:00,2018/11/09 00:00:00,5.187069503807916,5.187069503807916,3.5367713723229794,0.0,0.0,0.0,0.46923765500408443,0.09596538783581401,0.0,0.01027160564973683,0.636474181127529,0.0,0.0,0.0,0.0,0.0,0.0,0.4383493018677734,0.0,0.0,0.0,0.0,0.0,0.0,0.0,0.0,0.0,0.0,0.0,0.0,0.0,0.0,0.0,0.0,0.0,0.0,0.017699001648669967,0.017699001648669967
2018/11/08 20:00:00,2018/11/08 20:00:00,2018/11/09 01:00:00,6.034262024823312,6.034262024823312,3.524635541255283,0.0,0.0,0.0,0.5020745388118183,0.10268097056095002,0.0,0.01099040457314449,0.5750596987912638,0.0,0.0,0.0,0.0,0.0,0.0,1.3188208708308526,0.0,0.0,0.0,0.0,0.0,0.0,0.0,0.0,0.0,0.0,0.0,0.0,0.0,0.0,0.0,0.0,0.0,0.0,0.02058974020831037,0.02058974020831037
2018/11/08 21:00:00,2018/11/08 21:00:00,2018/11/09 02:00:00,6.390502349271244,6.390502349271244,3.967956737670813,0.0,0.0,0.0,0.4414642683633875,0.09028535812791409,0.0,0.009663646607898157,0.5623114676703773,0.0,0.0,0.0,0.0,0.0,0.0,1.3188208708308526,0.0,0.0,0.0,0.0,0.0,0.0,0.0,0.0,0.0,0.0,0.0,0.0,0.0,0.0,0.0,0.0,0.0,0.0,0.021805281678324986,0.021805281678324986
2018/11/08 22:00:00,2018/11/08 22:00:00,2018/11/09 03:00:00,6.486627427914573,6.486627427914573,4.2176326312340855,0.0,0.0,0.0,0.33975371121871306,0.06948418635643629,0.0,0.007437203946564799,0.5334988243279194,0.0,0.0,0.0,0.0,0.0,0.0,1.3188208708308526,0.0,0.0,0.0,0.0,0.0,0.0,0.0,0.0,0.0,0.0,0.0,0.0,0.0,0.0,0.0,0.0,0.0,0.0,0.02213327379875789,0.02213327379875789
2018/11/08 23:00:00,2018/11/08 23:00:00,2018/11/09 04:00:00,5.56925395266397,5.56925395266397,4.48215296864042,0.0,0.0,0.0,0.2937686202278071,0.06007961908749219,0.0,0.006430590953364709,0.4538777343751317,0.0,0.0,0.0,0.0,0.0,0.0,0.27294441937975505,0.0,0.0,0.0,0.0,0.0,0.0,0.0,0.0,0.0,0.0,0.0,0.0,0.0,0.0,0.0,0.0,0.0,0.0,0.019003068074892625,0.019003068074892625
2018/11/09 00:00:00,2018/11/09 00:00:00,2018/11/09 05:00:00,5.262040386130404,5.262040386130404,4.716093269460332,0.0,0.0,0.0,0.13094360677997474,0.026779722120023,0.0,0.002866353705536267,0.38535743406453843,0.0,0.0,0.0,0.0,0.0,0.0,0.0,0.0,0.0,0.0,0.0,0.0,0.0,0.0,0.0,0.0,0.0,0.0,0.0,0.0,0.0,0.0,0.0,0.0,0.0,0.017954812712866013,0.017954812712866013
2018/11/09 01:00:00,2018/11/09 01:00:00,2018/11/09 06:00:00,5.609404448702636,5.609404448702636,5.190296307791395,0.0,0.0,0.0,0.06501908921459039,0.013297274945155983,0.0,0.0014232669458539432,0.3393685098056406,0.0,0.0,0.0,0.0,0.0,0.0,0.0,0.0,0.0,0.0,0.0,0.0,0.0,0.0,0.0,0.0,0.0,0.0,0.0,0.0,0.0,0.0,0.0,0.0,0.0,0.01914006714441764,0.01914006714441764
2018/11/09 02:00:00,2018/11/09 02:00:00,2018/11/09 07:00:00,5.779665590625722,5.779665590625722,5.407821428516085,0.0,0.0,0.0,0.03901145352875434,0.00797836496709361,0.0,0.0008539601675123682,0.3240003834462767,0.0,0.0,0.0,0.0,0.0,0.0,0.0,0.0,0.0,0.0,0.0,0.0,0.0,0.0,0.0,0.0,0.0,0.0,0.0,0.0,0.0,0.0,0.0,0.0,0.0,0.01972102181051357,0.01972102181051357
2018/11/09 03:00:00,2018/11/09 03:00:00,2018/11/09 08:00:00,5.619444110724592,5.619444110724592,5.294214345006814,0.0,0.0,0.0,0.026007635685836267,0.005318909978062415,0.0,0.0005693067783415797,0.2933339132755372,0.0,0.0,0.0,0.0,0.0,0.0,0.0,0.0,0.0,0.0,0.0,0.0,0.0,0.0,0.0,0.0,0.0,0.0,0.0,0.0,0.0,0.0,0.0,0.0,0.0,0.01917432386577991,0.01917432386577991
2018/11/09 04:00:00,2018/11/09 04:00:00,2018/11/09 09:00:00,5.7463905822081776,5.7463905822081776,5.433761021584449,0.0,0.0,0.0,0.026007635685836267,0.005318909978062415,0.0,0.0005693067783415797,0.2807337081814895,0.0,0.0,0.0,0.0,0.0,0.0,0.0,0.0,0.0,0.0,0.0,0.0,0.0,0.0,0.0,0.0,0.0,0.0,0.0,0.0,0.0,0.0,0.0,0.0,0.0,0.019607482859780548,0.019607482859780548
2018/11/09 05:00:00,2018/11/09 05:00:00,2018/11/09 10:00:00,5.949161248587786,5.949161248587786,5.649567363004124,0.0,0.0,0.0,0.028359609659443317,0.005799920170125916,0.0,0.0006207914554507214,0.2648135642986422,0.0,0.0,0.0,0.0,0.0,0.0,0.0,0.0,0.0,0.0,0.0,0.0,0.0,0.0,0.0,0.0,0.0,0.0,0.0,0.0,0.0,0.0,0.0,0.0,0.0,0.020299364539006163,0.020299364539006163
2018/11/09 06:00:00,2018/11/09 06:00:00,2018/11/09 11:00:00,6.2888151817755755,6.2888151817755755,5.905010025825829,0.0,0.0,0.0,0.07657075757208723,0.01565974590684433,0.0,0.001676132803270518,0.2898985196675431,0.0,0.0,0.0,0.0,0.0,0.0,0.0,0.0,0.0,0.0,0.0,0.0,0.0,0.0,0.0,0.0,0.0,0.0,0.0,0.0,0.0,0.0,0.0,0.0,0.0,0.021458310938134755,0.021458310938134755
2018/11/09 07:00:00,2018/11/09 07:00:00,2018/11/09 12:00:00,7.138204946927753,7.138204946927753,5.262933898613059,0.0,0.0,0.0,0.1797670016564363,0.03676476056443332,0.0,0.0039350971307586715,0.35778028410560686,0.0,0.0,0.0,0.0,0.0,0.0,1.297023904857459,0.0,0.0,0.0,0.0,0.0,0.0,0.0,0.0,0.0,0.0,0.0,0.0,0.0,0.0,0.0,0.0,0.0,0.0,0.024356546799974576,0.024356546799974576
2018/11/09 08:00:00,2018/11/09 08:00:00,2018/11/09 13:00:00,8.31720624789185,8.31720624789185,6.308433222439682,0.0,0.0,0.0,0.22749050639997065,0.04652485673906303,0.0,0.004979763976484562,0.4109570275057973,0.0,0.0,0.0,0.0,0.0,0.0,1.3188208708308526,0.0,0.0,0.0,0.0,0.0,0.0,0.0,0.0,0.0,0.0,0.0,0.0,0.0,0.0,0.0,0.0,0.0,0.0,0.028379463006173212,0.028379463006173212
2018/11/09 09:00:00,2018/11/09 09:00:00,2018/11/09 14:00:00,8.543327730879398,8.543327730879398,6.598268405812763,0.0,0.0,0.0,0.23738819960796062,0.04854906762080994,0.0,0.005196424341206713,0.33510476266580536,0.0,0.0,0.0,0.0,0.0,0.0,1.3188208708308526,0.0,0.0,0.0,0.0,0.0,0.0,0.0,0.0,0.0,0.0,0.0,0.0,0.0,0.0,0.0,0.0,0.0,0.0,0.02915102091517333,0.02915102091517333
2018/11/09 10:00:00,2018/11/09 10:00:00,2018/11/09 15:00:00,8.300136877902814,8.300136877902814,6.4194202798385485,0.0,0.0,0.0,0.23977021629156023,0.04903622194961379,0.0,0.005248566652813857,0.2678407223394236,0.0,0.0,0.0,0.0,0.0,0.0,1.3188208708308526,0.0,0.0,0.0,0.0,0.0,0.0,0.0,0.0,0.0,0.0,0.0,0.0,0.0,0.0,0.0,0.0,0.0,0.0,0.028321219944776804,0.028321219944776804
2018/11/09 11:00:00,2018/11/09 11:00:00,2018/11/09 16:00:00,7.483998109538157,7.483998109538157,6.346728703871249,0.0,0.0,0.0,0.2330133774859433,0.04765435787794319,0.0,0.005100659546659875,0.2641130343658663,0.0,0.0,0.0,0.0,0.0,0.0,0.5873879763904956,0.0,0.0,0.0,0.0,0.0,0.0,0.0,0.0,0.0,0.0,0.0,0.0,0.0,0.0,0.0,0.0,0.0,0.0,0.025536441102653074,0.025536441102653074
2018/11/09 12:00:00,2018/11/09 12:00:00,2018/11/09 17:00:00,7.106253971472758,7.106253971472758,6.187261458410835,0.0,0.0,0.0,0.22365196052793865,0.045739822674966235,0.0,0.004895738261486062,0.2823603378993346,0.0,0.0,0.0,0.0,0.0,0.0,0.36234465369819824,0.0,0.0,0.0,0.0,0.0,0.0,0.0,0.0,0.0,0.0,0.0,0.0,0.0,0.0,0.0,0.0,0.0,0.0,0.02424752563362247,0.02424752563362247
2018/11/09 13:00:00,2018/11/09 13:00:00,2018/11/09 18:00:00,7.886486379326862,7.886486379326862,6.233230954997417,0.0,0.0,0.0,0.21689512172232184,0.04435795860329565,0.0,0.00474783115533208,0.2887859964794398,0.0,0.0,0.0,0.0,0.0,0.0,1.0984685163690562,0.0,0.0,0.0,0.0,0.0,0.0,0.0,0.0,0.0,0.0,0.0,0.0,0.0,0.0,0.0,0.0,0.0,0.0,0.026909786986168038,0.026909786986168038
2018/11/09 14:00:00,2018/11/09 14:00:00,2018/11/09 19:00:00,6.5867218510226175,6.5867218510226175,6.025146639201029,0.0,0.0,0.0,0.21490682280316895,0.043951324832805984,0.0,0.004704307320035531,0.2980127568655787,0.0,0.0,0.0,0.0,0.0,0.0,0.0,0.0,0.0,0.0,0.0,0.0,0.0,0.0,0.0,0.0,0.0,0.0,0.0,0.0,0.0,0.0,0.0,0.0,0.0,0.022474809873859917,0.022474809873859917
2018/11/09 15:00:00,2018/11/09 15:00:00,2018/11/09 20:00:00,7.139019744443088,7.139019744443088,5.65582498583881,0.0,0.0,0.0,0.21778688040361655,0.044540335202432085,0.0,0.004767351740287925,0.692640013955586,0.0,0.0,0.0,0.0,0.0,0.0,0.5234601773023566,0.0,0.0,0.0,0.0,0.0,0.0,0.0,0.0,0.0,0.0,0.0,0.0,0.0,0.0,0.0,0.0,0.0,0.0,0.02435932700227506,0.02435932700227506
2018/11/09 16:00:00,2018/11/09 16:00:00,2018/11/09 21:00:00,6.28903923346774,6.28903923346774,5.681094646395131,0.0,0.0,0.0,0.23530150546679274,0.0481223107090055,0.0,0.00515074663588806,0.3193700242609222,0.0,0.0,0.0,0.0,0.0,0.0,0.0,0.0,0.0,0.0,0.0,0.0,0.0,0.0,0.0,0.0,0.0,0.0,0.0,0.0,0.0,0.0,0.0,0.0,0.0,0.021459075433629966,0.021459075433629966
2018/11/09 17:00:00,2018/11/09 17:00:00,2018/11/09 22:00:00,5.831895554039526,5.831895554039526,5.046110683623314,0.0,0.0,0.0,0.2828605491534366,0.05784877239386212,0.0,0.006191813431398235,0.4388837354375153,0.0,0.0,0.0,0.0,0.0,0.0,0.0,0.0,0.0,0.0,0.0,0.0,0.0,0.0,0.0,0.0,0.0,0.0,0.0,0.0,0.0,0.0,0.0,0.0,0.0,0.01989923770060185,0.01989923770060185
2018/11/09 18:00:00,2018/11/09 18:00:00,2018/11/09 23:00:00,5.9920292106011495,5.9920292106011495,4.916345845471417,0.0,0.0,0.0,0.3722679450615316,0.07613378284051057,0.0,0.008148940066791236,0.619132697160899,0.0,0.0,0.0,0.0,0.0,0.0,0.0,0.0,0.0,0.0,0.0,0.0,0.0,0.0,0.0,0.0,0.0,0.0,0.0,0.0,0.0,0.0,0.0,0.0,0.0,0.020445635979902153,0.020445635979902153
2018/11/09 19:00:00,2018/11/09 19:00:00,2018/11/10 00:00:00,6.2324054858299105,6.2324054858299105,5.020456656212746,0.0,0.0,0.0,0.46923765500408443,0.09596538783581401,0.0,0.01027160564973683,0.636474181127529,0.0,0.0,0.0,0.0,0.0,0.0,0.0,0.0,0.0,0.0,0.0,0.0,0.0,0.0,0.0,0.0,0.0,0.0,0.0,0.0,0.0,0.0,0.0,0.0,0.0,0.02126583322006864,0.02126583322006864
2018/11/09 20:00:00,2018/11/09 20:00:00,2018/11/10 01:00:00,6.738152214922612,6.738152214922612,4.696131858705883,0.0,0.0,0.0,0.5020745388118183,0.10268097056095002,0.0,0.01099040457314449,0.5750596987912638,0.0,0.0,0.0,0.0,0.0,0.0,0.8512147434795514,0.0,0.0,0.0,0.0,0.0,0.0,0.0,0.0,0.0,0.0,0.0,0.0,0.0,0.0,0.0,0.0,0.0,0.0,0.02299151130968165,0.02299151130968165
2018/11/09 21:00:00,2018/11/09 21:00:00,2018/11/10 02:00:00,7.987711524108434,7.987711524108434,5.565165912508004,0.0,0.0,0.0,0.4414642683633875,0.09028535812791409,0.0,0.009663646607898157,0.5623114676703773,0.0,0.0,0.0,0.0,0.0,0.0,1.3188208708308526,0.0,0.0,0.0,0.0,0.0,0.0,0.0,0.0,0.0,0.0,0.0,0.0,0.0,0.0,0.0,0.0,0.0,0.0,0.02725518124068124,0.02725518124068124
2018/11/09 22:00:00,2018/11/09 22:00:00,2018/11/10 03:00:00,8.096921347574636,8.096921347574636,5.827926550894149,0.0,0.0,0.0,0.33975371121871306,0.06948418635643629,0.0,0.007437203946564799,0.5334988243279194,0.0,0.0,0.0,0.0,0.0,0.0,1.3188208708308526,0.0,0.0,0.0,0.0,0.0,0.0,0.0,0.0,0.0,0.0,0.0,0.0,0.0,0.0,0.0,0.0,0.0,0.0,0.027627820327965548,0.027627820327965548
2018/11/09 23:00:00,2018/11/09 23:00:00,2018/11/10 04:00:00,6.709000425215668,6.709000425215668,5.760344634261287,0.0,0.0,0.0,0.2937686202278071,0.06007961908749219,0.0,0.006430590953364709,0.4538777343751317,0.0,0.0,0.0,0.0,0.0,0.0,0.13449922631058575,0.0,0.0,0.0,0.0,0.0,0.0,0.0,0.0,0.0,0.0,0.0,0.0,0.0,0.0,0.0,0.0,0.0,0.0,0.022892041353918362,0.022892041353918362
2018/11/10 00:00:00,2018/11/10 00:00:00,2018/11/10 05:00:00,6.490245560799387,6.490245560799387,5.9442984441293145,0.0,0.0,0.0,0.13094360677997474,0.026779722120023,0.0,0.002866353705536267,0.38535743406453843,0.0,0.0,0.0,0.0,0.0,0.0,0.0,0.0,0.0,0.0,0.0,0.0,0.0,0.0,0.0,0.0,0.0,0.0,0.0,0.0,0.0,0.0,0.0,0.0,0.0,0.0221456193707319,0.0221456193707319
2018/11/10 01:00:00,2018/11/10 01:00:00,2018/11/10 06:00:00,6.994991151374514,6.994991151374514,6.575883010463273,0.0,0.0,0.0,0.06501908921459039,0.013297274945155983,0.0,0.0014232669458539432,0.3393685098056406,0.0,0.0,0.0,0.0,0.0,0.0,0.0,0.0,0.0,0.0,0.0,0.0,0.0,0.0,0.0,0.0,0.0,0.0,0.0,0.0,0.0,0.0,0.0,0.0,0.0,0.023867881436661388,0.023867881436661388
2018/11/10 02:00:00,2018/11/10 02:00:00,2018/11/10 07:00:00,7.163769830311006,7.163769830311006,6.79192566820137,0.0,0.0,0.0,0.03901145352875434,0.00797836496709361,0.0,0.0008539601675123682,0.3240003834462767,0.0,0.0,0.0,0.0,0.0,0.0,0.0,0.0,0.0,0.0,0.0,0.0,0.0,0.0,0.0,0.0,0.0,0.0,0.0,0.0,0.0,0.0,0.0,0.0,0.0,0.024443777733127888,0.024443777733127888
2018/11/10 03:00:00,2018/11/10 03:00:00,2018/11/10 08:00:00,6.839135368229375,6.839135368229375,6.513905602511598,0.0,0.0,0.0,0.026007635685836267,0.005318909978062415,0.0,0.0005693067783415797,0.2933339132755372,0.0,0.0,0.0,0.0,0.0,0.0,0.0,0.0,0.0,0.0,0.0,0.0,0.0,0.0,0.0,0.0,0.0,0.0,0.0,0.0,0.0,0.0,0.0,0.0,0.0,0.02333607985566936,0.02333607985566936
2018/11/10 04:00:00,2018/11/10 04:00:00,2018/11/10 09:00:00,6.725558430957376,6.725558430957376,6.412928870333647,0.0,0.0,0.0,0.026007635685836267,0.005318909978062415,0.0,0.0005693067783415797,0.2807337081814895,0.0,0.0,0.0,0.0,0.0,0.0,0.0,0.0,0.0,0.0,0.0,0.0,0.0,0.0,0.0,0.0,0.0,0.0,0.0,0.0,0.0,0.0,0.0,0.0,0.0,0.022948539569472643,0.022948539569472643
2018/11/10 05:00:00,2018/11/10 05:00:00,2018/11/10 10:00:00,6.635220526813846,6.635220526813846,6.335626641230185,0.0,0.0,0.0,0.028359609659443317,0.005799920170125916,0.0,0.0006207914554507214,0.2648135642986422,0.0,0.0,0.0,0.0,0.0,0.0,0.0,0.0,0.0,0.0,0.0,0.0,0.0,0.0,0.0,0.0,0.0,0.0,0.0,0.0,0.0,0.0,0.0,0.0,0.0,0.022640294092291367,0.022640294092291367
2018/11/10 06:00:00,2018/11/10 06:00:00,2018/11/10 11:00:00,6.675122709919051,6.675122709919051,6.2913175539693045,0.0,0.0,0.0,0.07657075757208723,0.01565974590684433,0.0,0.001676132803270518,0.2898985196675431,0.0,0.0,0.0,0.0,0.0,0.0,0.0,0.0,0.0,0.0,0.0,0.0,0.0,0.0,0.0,0.0,0.0,0.0,0.0,0.0,0.0,0.0,0.0,0.0,0.0,0.022776445883595894,0.022776445883595894
2018/11/10 07:00:00,2018/11/10 07:00:00,2018/11/10 12:00:00,6.955184546115247,6.955184546115247,6.376937402658012,0.0,0.0,0.0,0.1797670016564363,0.03676476056443332,0.0,0.0039350971307586715,0.35778028410560686,0.0,0.0,0.0,0.0,0.0,0.0,0.0,0.0,0.0,0.0,0.0,0.0,0.0,0.0,0.0,0.0,0.0,0.0,0.0,0.0,0.0,0.0,0.0,0.0,0.0,0.023732055770243284,0.023732055770243284
2018/11/10 08:00:00,2018/11/10 08:00:00,2018/11/10 13:00:00,7.9382284269317385,7.9382284269317385,6.234395150094604,0.0,0.0,0.0,0.22749050639997065,0.04652485673906303,0.0,0.004979763976484562,0.4109570275057973,0.0,0.0,0.0,0.0,0.0,0.0,1.0138811222158186,0.0,0.0,0.0,0.0,0.0,0.0,0.0,0.0,0.0,0.0,0.0,0.0,0.0,0.0,0.0,0.0,0.0,0.0,0.027086338039743082,0.027086338039743082
2018/11/10 09:00:00,2018/11/10 09:00:00,2018/11/10 14:00:00,8.217833044265955,8.217833044265955,6.27277371919932,0.0,0.0,0.0,0.23738819960796062,0.04854906762080994,0.0,0.005196424341206713,0.33510476266580536,0.0,0.0,0.0,0.0,0.0,0.0,1.3188208708308526,0.0,0.0,0.0,0.0,0.0,0.0,0.0,0.0,0.0,0.0,0.0,0.0,0.0,0.0,0.0,0.0,0.0,0.0,0.028040387832124133,0.028040387832124133
2018/11/10 10:00:00,2018/11/10 10:00:00,2018/11/10 15:00:00,6.525055525730996,6.525055525730996,5.3087994644743475,0.0,0.0,0.0,0.23977021629156023,0.04903622194961379,0.0,0.005248566652813857,0.2678407223394236,0.0,0.0,0.0,0.0,0.0,0.0,0.6543603340232353,0.0,0.0,0.0,0.0,0.0,0.0,0.0,0.0,0.0,0.0,0.0,0.0,0.0,0.0,0.0,0.0,0.0,0.0,0.022264395806301615,0.022264395806301615
2018/11/10 11:00:00,2018/11/10 11:00:00,2018/11/10 16:00:00,5.8744581046304045,5.8744581046304045,5.324576675353992,0.0,0.0,0.0,0.2330133774859433,0.04765435787794319,0.0,0.005100659546659875,0.2641130343658663,0.0,0.0,0.0,0.0,0.0,0.0,0.0,0.0,0.0,0.0,0.0,0.0,0.0,0.0,0.0,0.0,0.0,0.0,0.0,0.0,0.0,0.0,0.0,0.0,0.0,0.020044467035301633,0.020044467035301633
2018/11/10 12:00:00,2018/11/10 12:00:00,2018/11/10 17:00:00,5.739404029750527,5.739404029750527,5.182756170386802,0.0,0.0,0.0,0.22365196052793865,0.045739822674966235,0.0,0.004895738261486062,0.2823603378993346,0.0,0.0,0.0,0.0,0.0,0.0,0.0,0.0,0.0,0.0,0.0,0.0,0.0,0.0,0.0,0.0,0.0,0.0,0.0,0.0,0.0,0.0,0.0,0.0,0.0,0.019583643772339034,0.019583643772339034
2018/11/10 13:00:00,2018/11/10 13:00:00,2018/11/10 18:00:00,5.5995261338837246,5.5995261338837246,5.044739225923336,0.0,0.0,0.0,0.21689512172232184,0.04435795860329565,0.0,0.00474783115533208,0.2887859964794398,0.0,0.0,0.0,0.0,0.0,0.0,0.0,0.0,0.0,0.0,0.0,0.0,0.0,0.0,0.0,0.0,0.0,0.0,0.0,0.0,0.0,0.0,0.0,0.0,0.0,0.019106360962123835,0.019106360962123835
2018/11/10 14:00:00,2018/11/10 14:00:00,2018/11/10 19:00:00,6.518966906502059,6.518966906502059,4.896410699957781,0.0,0.0,0.0,0.21490682280316895,0.043951324832805984,0.0,0.004704307320035531,0.2980127568655787,0.0,0.0,0.0,0.0,0.0,0.0,1.0609809947226891,0.0,0.0,0.0,0.0,0.0,0.0,0.0,0.0,0.0,0.0,0.0,0.0,0.0,0.0,0.0,0.0,0.0,0.0,0.022243620591762468,0.022243620591762468
2018/11/10 15:00:00,2018/11/10 15:00:00,2018/11/10 20:00:00,5.942060604371713,5.942060604371713,4.949993663030431,0.0,0.0,0.0,0.21778688040361655,0.044540335202432085,0.0,0.004767351740287925,0.333477646565506,0.0,0.0,0.0,0.0,0.0,0.0,0.39149472742943947,0.0,0.0,0.0,0.0,0.0,0.0,0.0,0.0,0.0,0.0,0.0,0.0,0.0,0.0,0.0,0.0,0.0,0.0,0.020275136154637177,0.020275136154637177
2018/11/10 16:00:00,2018/11/10 16:00:00,2018/11/10 21:00:00,5.443614458057965,5.443614458057965,4.835669870985356,0.0,0.0,0.0,0.23530150546679274,0.0481223107090055,0.0,0.00515074663588806,0.3193700242609222,0.0,0.0,0.0,0.0,0.0,0.0,0.0,0.0,0.0,0.0,0.0,0.0,0.0,0.0,0.0,0.0,0.0,0.0,0.0,0.0,0.0,0.0,0.0,0.0,0.0,0.01857436866754185,0.01857436866754185
2018/11/10 17:00:00,2018/11/10 17:00:00,2018/11/10 22:00:00,5.6274032697010075,5.6274032697010075,4.841618399284797,0.0,0.0,0.0,0.2828605491534366,0.05784877239386212,0.0,0.006191813431398235,0.4388837354375153,0.0,0.0,0.0,0.0,0.0,0.0,0.0,0.0,0.0,0.0,0.0,0.0,0.0,0.0,0.0,0.0,0.0,0.0,0.0,0.0,0.0,0.0,0.0,0.0,0.0,0.01920148162176182,0.01920148162176182
2018/11/10 18:00:00,2018/11/10 18:00:00,2018/11/10 23:00:00,6.054525611377849,6.054525611377849,4.978842246248117,0.0,0.0,0.0,0.3722679450615316,0.07613378284051057,0.0,0.008148940066791236,0.619132697160899,0.0,0.0,0.0,0.0,0.0,0.0,0.0,0.0,0.0,0.0,0.0,0.0,0.0,0.0,0.0,0.0,0.0,0.0,0.0,0.0,0.0,0.0,0.0,0.0,0.0,0.02065888238031586,0.02065888238031586
2018/11/10 19:00:00,2018/11/10 19:00:00,2018/11/11 00:00:00,7.279625181287989,7.279625181287989,4.763460583820362,0.0,0.0,0.0,0.46923765500408443,0.09596538783581401,0.0,0.01027160564973683,0.636474181127529,0.0,0.0,0.0,0.0,0.0,0.0,1.3042157678504627,0.0,0.0,0.0,0.0,0.0,0.0,0.0,0.0,0.0,0.0,0.0,0.0,0.0,0.0,0.0,0.0,0.0,0.0,0.02483909228336546,0.02483909228336546
2018/11/10 20:00:00,2018/11/10 20:00:00,2018/11/11 01:00:00,8.131628171164916,8.131628171164916,5.207777001417885,0.0,0.0,0.0,0.5020745388118183,0.10268097056095002,0.0,0.01099040457314449,0.9892843849702656,0.0,0.0,0.0,0.0,0.0,0.0,1.3188208708308526,0.0,0.0,0.0,0.0,0.0,0.0,0.0,0.0,0.0,0.0,0.0,0.0,0.0,0.0,0.0,0.0,0.0,0.0,0.02774624483095197,0.02774624483095197
2018/11/10 21:00:00,2018/11/10 21:00:00,2018/11/11 02:00:00,7.506609153695288,7.506609153695288,5.4998458535377255,0.0,0.0,0.0,0.4414642683633875,0.09028535812791409,0.0,0.009663646607898157,0.5623114676703773,0.0,0.0,0.0,0.0,0.0,0.0,0.9030385593879847,0.0,0.0,0.0,0.0,0.0,0.0,0.0,0.0,0.0,0.0,0.0,0.0,0.0,0.0,0.0,0.0,0.0,0.0,0.025613593126068493,0.025613593126068493
2018/11/10 22:00:00,2018/11/10 22:00:00,2018/11/11 03:00:00,6.812490953412614,6.812490953412614,5.86231702756298,0.0,0.0,0.0,0.33975371121871306,0.06948418635643629,0.0,0.007437203946564799,0.5334988243279194,0.0,0.0,0.0,0.0,0.0,0.0,0.0,0.0,0.0,0.0,0.0,0.0,0.0,0.0,0.0,0.0,0.0,0.0,0.0,0.0,0.0,0.0,0.0,0.0,0.0,0.023245165411314318,0.023245165411314318
2018/11/10 23:00:00,2018/11/10 23:00:00,2018/11/11 04:00:00,7.341190525358123,7.341190525358123,6.527033960714328,0.0,0.0,0.0,0.2937686202278071,0.06007961908749219,0.0,0.006430590953364709,0.4538777343751317,0.0,0.0,0.0,0.0,0.0,0.0,0.0,0.0,0.0,0.0,0.0,0.0,0.0,0.0,0.0,0.0,0.0,0.0,0.0,0.0,0.0,0.0,0.0,0.0,0.0,0.025049161788969408,0.025049161788969408
2018/11/11 00:00:00,2018/11/11 00:00:00,2018/11/11 05:00:00,7.567339644546671,7.567339644546671,7.021392527876599,0.0,0.0,0.0,0.13094360677997474,0.026779722120023,0.0,0.002866353705536267,0.38535743406453843,0.0,0.0,0.0,0.0,0.0,0.0,0.0,0.0,0.0,0.0,0.0,0.0,0.0,0.0,0.0,0.0,0.0,0.0,0.0,0.0,0.0,0.0,0.0,0.0,0.0,0.0258208139965261,0.0258208139965261
2018/11/11 01:00:00,2018/11/11 01:00:00,2018/11/11 06:00:00,8.252935218696196,8.252935218696196,7.833827077784955,0.0,0.0,0.0,0.06501908921459039,0.013297274945155983,0.0,0.0014232669458539432,0.3393685098056406,0.0,0.0,0.0,0.0,0.0,0.0,0.0,0.0,0.0,0.0,0.0,0.0,0.0,0.0,0.0,0.0,0.0,0.0,0.0,0.0,0.0,0.0,0.0,0.0,0.0,0.028160161327092086,0.028160161327092086
2018/11/11 02:00:00,2018/11/11 02:00:00,2018/11/11 07:00:00,8.653610587191402,8.653610587191402,8.281766425081765,0.0,0.0,0.0,0.03901145352875434,0.00797836496709361,0.0,0.0008539601675123682,0.3240003834462767,0.0,0.0,0.0,0.0,0.0,0.0,0.0,0.0,0.0,0.0,0.0,0.0,0.0,0.0,0.0,0.0,0.0,0.0,0.0,0.0,0.0,0.0,0.0,0.0,0.0,0.029527321339575446,0.029527321339575446
2018/11/11 03:00:00,2018/11/11 03:00:00,2018/11/11 08:00:00,8.228772780623089,8.228772780623089,7.9035430149053125,0.0,0.0,0.0,0.026007635685836267,0.005318909978062415,0.0,0.0005693067783415797,0.2933339132755372,0.0,0.0,0.0,0.0,0.0,0.0,0.0,0.0,0.0,0.0,0.0,0.0,0.0,0.0,0.0,0.0,0.0,0.0,0.0,0.0,0.0,0.0,0.0,0.0,0.0,0.028077715732141434,0.028077715732141434
2018/11/11 04:00:00,2018/11/11 04:00:00,2018/11/11 09:00:00,8.018205885761363,8.018205885761363,7.705576325137634,0.0,0.0,0.0,0.026007635685836267,0.005318909978062415,0.0,0.0005693067783415797,0.2807337081814895,0.0,0.0,0.0,0.0,0.0,0.0,0.0,0.0,0.0,0.0,0.0,0.0,0.0,0.0,0.0,0.0,0.0,0.0,0.0,0.0,0.0,0.0,0.0,0.0,0.0,0.027359232238412058,0.027359232238412058
2018/11/11 05:00:00,2018/11/11 05:00:00,2018/11/11 10:00:00,8.06240985309589,8.06240985309589,7.762815967512228,0.0,0.0,0.0,0.028359609659443317,0.005799920170125916,0.0,0.0006207914554507214,0.2648135642986422,0.0,0.0,0.0,0.0,0.0,0.0,0.0,0.0,0.0,0.0,0.0,0.0,0.0,0.0,0.0,0.0,0.0,0.0,0.0,0.0,0.0,0.0,0.0,0.0,0.0,0.027510062315039566,0.027510062315039566
2018/11/11 06:00:00,2018/11/11 06:00:00,2018/11/11 11:00:00,8.475103728426912,8.475103728426912,7.781549039552703,0.0,0.0,0.0,0.07657075757208723,0.01565974590684433,0.0,0.001676132803270518,0.2898985196675431,0.0,0.0,0.0,0.0,0.0,0.0,0.30974953292446417,0.0,0.0,0.0,0.0,0.0,0.0,0.0,0.0,0.0,0.0,0.0,0.0,0.0,0.0,0.0,0.0,0.0,0.0,0.028918231142258402,0.028918231142258402
2018/11/11 07:00:00,2018/11/11 07:00:00,2018/11/11 12:00:00,8.363292429825906,8.363292429825906,7.690828709875852,0.0,0.0,0.0,0.1797670016564363,0.03676476056443332,0.0,0.0039350971307586715,0.35778028410560686,0.0,0.0,0.0,0.0,0.0,0.0,0.09421657649281892,0.0,0.0,0.0,0.0,0.0,0.0,0.0,0.0,0.0,0.0,0.0,0.0,0.0,0.0,0.0,0.0,0.0,0.0,0.02853671546046035,0.02853671546046035
2018/11/11 08:00:00,2018/11/11 08:00:00,2018/11/11 13:00:00,9.139496866766953,9.139496866766953,7.132494900451465,0.0,0.0,0.0,0.22749050639997065,0.04652485673906303,0.0,0.004979763976484562,0.4109570275057973,0.0,0.0,0.0,0.0,0.0,0.0,1.317049811694171,0.0,0.0,0.0,0.0,0.0,0.0,0.0,0.0,0.0,0.0,0.0,0.0,0.0,0.0,0.0,0.0,0.0,0.0,0.031185232816751642,0.031185232816751642
2018/11/11 09:00:00,2018/11/11 09:00:00,2018/11/11 14:00:00,8.65263265769195,8.65263265769195,6.707573332625314,0.0,0.0,0.0,0.23738819960796062,0.04854906762080994,0.0,0.005196424341206713,0.33510476266580536,0.0,0.0,0.0,0.0,0.0,0.0,1.3188208708308526,0.0,0.0,0.0,0.0,0.0,0.0,0.0,0.0,0.0,0.0,0.0,0.0,0.0,0.0,0.0,0.0,0.0,0.0,0.029523984508285563,0.029523984508285563
2018/11/11 10:00:00,2018/11/11 10:00:00,2018/11/11 15:00:00,7.607851677656025,7.607851677656025,5.72713507959176,0.0,0.0,0.0,0.23977021629156023,0.04903622194961379,0.0,0.005248566652813857,0.2678407223394236,0.0,0.0,0.0,0.0,0.0,0.0,1.3188208708308526,0.0,0.0,0.0,0.0,0.0,0.0,0.0,0.0,0.0,0.0,0.0,0.0,0.0,0.0,0.0,0.0,0.0,0.0,0.025959046680755035,0.025959046680755035
2018/11/11 11:00:00,2018/11/11 11:00:00,2018/11/11 16:00:00,7.113769412608825,7.113769412608825,5.3850560773438465,0.0,0.0,0.0,0.2330133774859433,0.04765435787794319,0.0,0.005100659546659875,0.29845007803403356,0.0,0.0,0.0,0.0,0.0,0.0,1.144494862320398,0.0,0.0,0.0,0.0,0.0,0.0,0.0,0.0,0.0,0.0,0.0,0.0,0.0,0.0,0.0,0.0,0.0,0.0,0.024273169362699184,0.024273169362699184
2018/11/11 12:00:00,2018/11/11 12:00:00,2018/11/11 17:00:00,6.160736404297403,6.160736404297403,4.830026231175377,0.0,0.0,0.0,0.22365196052793865,0.045739822674966235,0.0,0.004895738261486062,1.056422651657636,0.0,0.0,0.0,0.0,0.0,0.0,0.0,0.0,0.0,0.0,0.0,0.0,0.0,0.0,0.0,0.0,0.0,0.0,0.0,0.0,0.0,0.0,0.0,0.0,0.0,0.021021288358799416,0.021021288358799416
2018/11/11 13:00:00,2018/11/11 13:00:00,2018/11/11 18:00:00,5.053445595161642,5.053445595161642,4.498658687201253,0.0,0.0,0.0,0.21689512172232184,0.04435795860329565,0.0,0.00474783115533208,0.2887859964794398,0.0,0.0,0.0,0.0,0.0,0.0,0.0,0.0,0.0,0.0,0.0,0.0,0.0,0.0,0.0,0.0,0.0,0.0,0.0,0.0,0.0,0.0,0.0,0.0,0.0,0.017243058311551398,0.017243058311551398
2018/11/11 14:00:00,2018/11/11 14:00:00,2018/11/11 19:00:00,5.2354443542060976,5.2354443542060976,4.266584131081952,0.0,0.0,0.0,0.21490682280316895,0.043951324832805984,0.0,0.004704307320035531,0.2980127568655787,0.0,0.0,0.0,0.0,0.0,0.0,0.40728501130255645,0.0,0.0,0.0,0.0,0.0,0.0,0.0,0.0,0.0,0.0,0.0,0.0,0.0,0.0,0.0,0.0,0.0,0.0,0.01786406335766057,0.01786406335766057
2018/11/11 15:00:00,2018/11/11 15:00:00,2018/11/11 20:00:00,4.8160529330226165,4.8160529330226165,4.215480719110774,0.0,0.0,0.0,0.21778688040361655,0.044540335202432085,0.0,0.004767351740287925,0.333477646565506,0.0,0.0,0.0,0.0,0.0,0.0,0.0,0.0,0.0,0.0,0.0,0.0,0.0,0.0,0.0,0.0,0.0,0.0,0.0,0.0,0.0,0.0,0.0,0.0,0.0,0.016433041573681143,0.016433041573681143
2018/11/11 16:00:00,2018/11/11 16:00:00,2018/11/11 21:00:00,4.749521301840323,4.749521301840323,4.111130503894173,0.0,0.0,0.0,0.23530150546679274,0.0481223107090055,0.0,0.00515074663588806,0.34981623513446336,0.0,0.0,0.0,0.0,0.0,0.0,0.0,0.0,0.0,0.0,0.0,0.0,0.0,0.0,0.0,0.0,0.0,0.0,0.0,0.0,0.0,0.0,0.0,0.0,0.0,0.016206026406616263,0.016206026406616263
2018/11/11 17:00:00,2018/11/11 17:00:00,2018/11/11 22:00:00,5.349971750289076,5.349971750289076,3.8778358747688637,0.0,0.0,0.0,0.2828605491534366,0.05784877239386212,0.0,0.006191813431398235,1.1252347405415153,0.0,0.0,0.0,0.0,0.0,0.0,0.0,0.0,0.0,0.0,0.0,0.0,0.0,0.0,0.0,0.0,0.0,0.0,0.0,0.0,0.0,0.0,0.0,0.0,0.0,0.018254846741342326,0.018254846741342326
2018/11/11 18:00:00,2018/11/11 18:00:00,2018/11/11 23:00:00,4.850765266601299,4.850765266601299,3.7750819014715664,0.0,0.0,0.0,0.3722679450615316,0.07613378284051057,0.0,0.008148940066791236,0.619132697160899,0.0,0.0,0.0,0.0,0.0,0.0,0.0,0.0,0.0,0.0,0.0,0.0,0.0,0.0,0.0,0.0,0.0,0.0,0.0,0.0,0.0,0.0,0.0,0.0,0.0,0.016551484877513352,0.016551484877513352
2018/11/11 19:00:00,2018/11/11 19:00:00,2018/11/12 00:00:00,5.619026719713247,5.619026719713247,3.647062358911147,0.0,0.0,0.0,0.46923765500408443,0.09596538783581401,0.0,0.01027160564973683,0.636474181127529,0.0,0.0,0.0,0.0,0.0,0.0,0.760015531184937,0.0,0.0,0.0,0.0,0.0,0.0,0.0,0.0,0.0,0.0,0.0,0.0,0.0,0.0,0.0,0.0,0.0,0.0,0.019172899669672165,0.019172899669672165
2018/11/11 20:00:00,2018/11/11 20:00:00,2018/11/12 01:00:00,5.370575165929825,5.370575165929825,3.8909825523650396,0.0,0.0,0.0,0.5020745388118183,0.10268097056095002,0.0,0.01099040457314449,0.5750596987912638,0.0,0.0,0.0,0.0,0.0,0.0,0.2887870008276076,0.0,0.0,0.0,0.0,0.0,0.0,0.0,0.0,0.0,0.0,0.0,0.0,0.0,0.0,0.0,0.0,0.0,0.0,0.018325148457393393,0.018325148457393393
2018/11/11 21:00:00,2018/11/11 21:00:00,2018/11/12 02:00:00,5.219541194690901,5.219541194690901,4.077524795048375,0.0,0.0,0.0,0.4414642683633875,0.09028535812791409,0.0,0.009663646607898157,0.6006031265433261,0.0,0.0,0.0,0.0,0.0,0.0,0.0,0.0,0.0,0.0,0.0,0.0,0.0,0.0,0.0,0.0,0.0,0.0,0.0,0.0,0.0,0.0,0.0,0.0,0.0,0.017809799568391526,0.017809799568391526
2018/11/11 22:00:00,2018/11/11 22:00:00,2018/11/12 03:00:00,6.146312078501144,6.146312078501144,4.332926679023201,0.0,0.0,0.0,0.33975371121871306,0.06948418635643629,0.0,0.007437203946564799,1.3967102979562291,0.0,0.0,0.0,0.0,0.0,0.0,0.0,0.0,0.0,0.0,0.0,0.0,0.0,0.0,0.0,0.0,0.0,0.0,0.0,0.0,0.0,0.0,0.0,0.0,0.0,0.020972070555594444,0.020972070555594444
2018/11/11 23:00:00,2018/11/11 23:00:00,2018/11/12 04:00:00,6.490872897612378,6.490872897612378,4.898106187421178,0.0,0.0,0.0,0.2937686202278071,0.06007961908749219,0.0,0.006430590953364709,0.4538777343751317,0.0,0.0,0.0,0.0,0.0,0.0,0.7786101455474033,0.0,0.0,0.0,0.0,0.0,0.0,0.0,0.0,0.0,0.0,0.0,0.0,0.0,0.0,0.0,0.0,0.0,0.0,0.02214775993107705,0.02214775993107705
2018/11/12 00:00:00,2018/11/12 00:00:00,2018/11/12 05:00:00,6.454406099100357,6.454406099100357,5.508914486489888,0.0,0.0,0.0,0.13094360677997474,0.026779722120023,0.0,0.002866353705536267,0.38535743406453843,0.0,0.0,0.0,0.0,0.0,0.0,0.39954449594039637,0.0,0.0,0.0,0.0,0.0,0.0,0.0,0.0,0.0,0.0,0.0,0.0,0.0,0.0,0.0,0.0,0.0,0.0,0.02202333014919112,0.02202333014919112
2018/11/12 01:00:00,2018/11/12 01:00:00,2018/11/12 06:00:00,7.11828431038402,7.11828431038402,6.521490671291368,0.0,0.0,0.0,0.06501908921459039,0.013297274945155983,0.0,0.0014232669458539432,0.3393685098056406,0.0,0.0,0.0,0.0,0.0,0.0,0.17768549818141077,0.0,0.0,0.0,0.0,0.0,0.0,0.0,0.0,0.0,0.0,0.0,0.0,0.0,0.0,0.0,0.0,0.0,0.0,0.024288574821042876,0.024288574821042876
2018/11/12 02:00:00,2018/11/12 02:00:00,2018/11/12 07:00:00,7.402263967720899,7.402263967720899,7.030419805611262,0.0,0.0,0.0,0.03901145352875434,0.00797836496709361,0.0,0.0008539601675123682,0.3240003834462767,0.0,0.0,0.0,0.0,0.0,0.0,0.0,0.0,0.0,0.0,0.0,0.0,0.0,0.0,0.0,0.0,0.0,0.0,0.0,0.0,0.0,0.0,0.0,0.0,0.0,0.02525755285762102,0.02525755285762102
2018/11/12 03:00:00,2018/11/12 03:00:00,2018/11/12 08:00:00,7.423202326854167,7.423202326854167,7.097972561136389,0.0,0.0,0.0,0.026007635685836267,0.005318909978062415,0.0,0.0005693067783415797,0.2933339132755372,0.0,0.0,0.0,0.0,0.0,0.0,0.0,0.0,0.0,0.0,0.0,0.0,0.0,0.0,0.0,0.0,0.0,0.0,0.0,0.0,0.0,0.0,0.0,0.0,0.0,0.025328997447393354,0.025328997447393354
2018/11/12 04:00:00,2018/11/12 04:00:00,2018/11/12 09:00:00,7.8699482002095165,7.8699482002095165,7.557318639585787,0.0,0.0,0.0,0.026007635685836267,0.005318909978062415,0.0,0.0005693067783415797,0.2807337081814895,0.0,0.0,0.0,0.0,0.0,0.0,0.0,0.0,0.0,0.0,0.0,0.0,0.0,0.0,0.0,0.0,0.0,0.0,0.0,0.0,0.0,0.0,0.0,0.0,0.0,0.026853356421810068,0.026853356421810068
2018/11/12 05:00:00,2018/11/12 05:00:00,2018/11/12 10:00:00,8.208297925556144,8.208297925556144,7.908704039972482,0.0,0.0,0.0,0.028359609659443317,0.005799920170125916,0.0,0.0006207914554507214,0.2648135642986422,0.0,0.0,0.0,0.0,0.0,0.0,0.0,0.0,0.0,0.0,0.0,0.0,0.0,0.0,0.0,0.0,0.0,0.0,0.0,0.0,0.0,0.0,0.0,0.0,0.0,0.028007852682625692,0.028007852682625692
2018/11/12 06:00:00,2018/11/12 06:00:00,2018/11/12 11:00:00,8.869073230573342,8.869073230573342,8.070855352478642,0.0,0.0,0.0,0.07657075757208723,0.01565974590684433,0.0,0.001676132803270518,0.2898985196675431,0.0,0.0,0.0,0.0,0.0,0.0,0.41441272214495556,0.0,0.0,0.0,0.0,0.0,0.0,0.0,0.0,0.0,0.0,0.0,0.0,0.0,0.0,0.0,0.0,0.0,0.0,0.030262509807291987,0.030262509807291987
2018/11/12 07:00:00,2018/11/12 07:00:00,2018/11/12 12:00:00,8.727103554260008,8.727103554260008,8.148856410802772,0.0,0.0,0.0,0.1797670016564363,0.03676476056443332,0.0,0.0039350971307586715,0.35778028410560686,0.0,0.0,0.0,0.0,0.0,0.0,0.0,0.0,0.0,0.0,0.0,0.0,0.0,0.0,0.0,0.0,0.0,0.0,0.0,0.0,0.0,0.0,0.0,0.0,0.0,0.029778089551637764,0.029778089551637764
2018/11/12 08:00:00,2018/11/12 08:00:00,2018/11/12 13:00:00,9.101687980042266,9.101687980042266,8.094719143366152,0.0,0.0,0.0,0.22749050639997065,0.04652485673906303,0.0,0.004979763976484562,0.4109570275057973,0.0,0.0,0.0,0.0,0.0,0.0,0.3170166820547962,0.0,0.0,0.0,0.0,0.0,0.0,0.0,0.0,0.0,0.0,0.0,0.0,0.0,0.0,0.0,0.0,0.0,0.0,0.03105622364346346,0.03105622364346346
2018/11/12 09:00:00,2018/11/12 09:00:00,2018/11/12 14:00:00,9.140882515254392,9.140882515254392,7.122662967562011,0.0,0.0,0.0,0.23738819960796062,0.04854906762080994,0.0,0.005196424341206713,0.4082649852915502,0.0,0.0,0.0,0.0,0.0,0.0,1.3188208708308526,0.0,0.0,0.0,0.0,0.0,0.0,0.0,0.0,0.0,0.0,0.0,0.0,0.0,0.0,0.0,0.0,0.0,0.0,0.03118996084186209,0.03118996084186209
2018/11/12 10:00:00,2018/11/12 10:00:00,2018/11/12 15:00:00,10.052753553569506,10.052753553569506,6.5064948761608115,0.0,0.0,0.0,0.23977021629156023,0.04903622194961379,0.0,0.005248566652813857,1.9333828016838543,0.0,0.0,0.0,0.0,0.0,0.0,1.3188208708308526,0.0,0.0,0.0,0.0,0.0,0.0,0.0,0.0,0.0,0.0,0.0,0.0,0.0,0.0,0.0,0.0,0.0,0.0,0.03430139148659619,0.03430139148659619
2018/11/12 11:00:00,2018/11/12 11:00:00,2018/11/12 16:00:00,8.111599217462919,8.111599217462919,5.872779417378044,0.0,0.0,0.0,0.2330133774859433,0.04765435787794319,0.0,0.005100659546659875,0.6342305343434759,0.0,0.0,0.0,0.0,0.0,0.0,1.3188208708308526,0.0,0.0,0.0,0.0,0.0,0.0,0.0,0.0,0.0,0.0,0.0,0.0,0.0,0.0,0.0,0.0,0.0,0.0,0.02767790325883065,0.02767790325883065
2018/11/12 12:00:00,2018/11/12 12:00:00,2018/11/12 17:00:00,7.470372633591074,7.470372633591074,5.490700741617274,0.0,0.0,0.0,0.22365196052793865,0.045739822674966235,0.0,0.004895738261486062,0.38656349967855747,0.0,0.0,0.0,0.0,0.0,0.0,1.3188208708308526,0.0,0.0,0.0,0.0,0.0,0.0,0.0,0.0,0.0,0.0,0.0,0.0,0.0,0.0,0.0,0.0,0.0,0.0,0.02548994908609646,0.02548994908609646
2018/11/12 13:00:00,2018/11/12 13:00:00,2018/11/12 18:00:00,7.187941130892127,7.187941130892127,5.106776011644133,0.0,0.0,0.0,0.21689512172232184,0.04435795860329565,0.0,0.00474783115533208,1.1251575807478968,0.0,0.0,0.0,0.0,0.0,0.0,0.6900066270191483,0.0,0.0,0.0,0.0,0.0,0.0,0.0,0.0,0.0,0.0,0.0,0.0,0.0,0.0,0.0,0.0,0.0,0.0,0.024526253568186912,0.024526253568186912
2018/11/12 14:00:00,2018/11/12 14:00:00,2018/11/12 19:00:00,5.414037966205684,5.414037966205684,4.852462754384095,0.0,0.0,0.0,0.21490682280316895,0.043951324832805984,0.0,0.004704307320035531,0.2980127568655787,0.0,0.0,0.0,0.0,0.0,0.0,0.0,0.0,0.0,0.0,0.0,0.0,0.0,0.0,0.0,0.0,0.0,0.0,0.0,0.0,0.0,0.0,0.0,0.0,0.0,0.018473449569066085,0.018473449569066085
2018/11/12 15:00:00,2018/11/12 15:00:00,2018/11/12 20:00:00,5.394043416289094,5.394043416289094,4.793471202377251,0.0,0.0,0.0,0.21778688040361655,0.044540335202432085,0.0,0.004767351740287925,0.333477646565506,0.0,0.0,0.0,0.0,0.0,0.0,0.0,0.0,0.0,0.0,0.0,0.0,0.0,0.0,0.0,0.0,0.0,0.0,0.0,0.0,0.0,0.0,0.0,0.0,0.0,0.01840522538743938,0.01840522538743938
2018/11/12 16:00:00,2018/11/12 16:00:00,2018/11/12 21:00:00,6.127580962701686,6.127580962701686,4.828306811731591,0.0,0.0,0.0,0.23530150546679274,0.0481223107090055,0.0,0.00515074663588806,0.3193700242609222,0.0,0.0,0.0,0.0,0.0,0.0,0.6913295638974859,0.0,0.0,0.0,0.0,0.0,0.0,0.0,0.0,0.0,0.0,0.0,0.0,0.0,0.0,0.0,0.0,0.0,0.0,0.020908157386670706,0.020908157386670706
2018/11/12 17:00:00,2018/11/12 17:00:00,2018/11/12 22:00:00,5.604687046515249,5.604687046515249,4.818902176099038,0.0,0.0,0.0,0.2828605491534366,0.05784877239386212,0.0,0.006191813431398235,0.4388837354375153,0.0,0.0,0.0,0.0,0.0,0.0,0.0,0.0,0.0,0.0,0.0,0.0,0.0,0.0,0.0,0.0,0.0,0.0,0.0,0.0,0.0,0.0,0.0,0.0,0.0,0.019123970712890993,0.019123970712890993
2018/11/12 18:00:00,2018/11/12 18:00:00,2018/11/12 23:00:00,6.125920813771572,6.125920813771572,5.050237448641839,0.0,0.0,0.0,0.3722679450615316,0.07613378284051057,0.0,0.008148940066791236,0.619132697160899,0.0,0.0,0.0,0.0,0.0,0.0,0.0,0.0,0.0,0.0,0.0,0.0,0.0,0.0,0.0,0.0,0.0,0.0,0.0,0.0,0.0,0.0,0.0,0.0,0.0,0.020902492727920798,0.020902492727920798
2018/11/12 19:00:00,2018/11/12 19:00:00,2018/11/13 00:00:00,7.07108361272169,7.07108361272169,5.455164233454727,0.0,0.0,0.0,0.46923765500408443,0.09596538783581401,0.0,0.01027160564973683,0.636474181127529,0.0,0.0,0.0,0.0,0.0,0.0,0.40397054964979917,0.0,0.0,0.0,0.0,0.0,0.0,0.0,0.0,0.0,0.0,0.0,0.0,0.0,0.0,0.0,0.0,0.0,0.0,0.024127519484280827,0.024127519484280827
2018/11/12 20:00:00,2018/11/12 20:00:00,2018/11/13 01:00:00,8.257126851863436,8.257126851863436,5.865236188530675,0.0,0.0,0.0,0.5020745388118183,0.10268097056095002,0.0,0.01099040457314449,0.5750596987912638,0.0,0.0,0.0,0.0,0.0,0.0,1.201085050595585,0.0,0.0,0.0,0.0,0.0,0.0,0.0,0.0,0.0,0.0,0.0,0.0,0.0,0.0,0.0,0.0,0.0,0.0,0.028174463761690877,0.028174463761690877
2018/11/12 21:00:00,2018/11/12 21:00:00,2018/11/13 02:00:00,7.807343759400085,7.807343759400085,6.343456441672518,0.0,0.0,0.0,0.4414642683633875,0.09028535812791409,0.0,0.009663646607898157,0.5623114676703773,0.0,0.0,0.0,0.0,0.0,0.0,0.3601625769579899,0.0,0.0,0.0,0.0,0.0,0.0,0.0,0.0,0.0,0.0,0.0,0.0,0.0,0.0,0.0,0.0,0.0,0.0,0.026639741373797553,0.026639741373797553
2018/11/12 22:00:00,2018/11/12 22:00:00,2018/11/13 03:00:00,7.8628116325127655,7.8628116325127655,6.636502875432935,0.0,0.0,0.0,0.33975371121871306,0.06948418635643629,0.0,0.007437203946564799,0.5334988243279194,0.0,0.0,0.0,0.0,0.0,0.0,0.2761348312301972,0.0,0.0,0.0,0.0,0.0,0.0,0.0,0.0,0.0,0.0,0.0,0.0,0.0,0.0,0.0,0.0,0.0,0.0,0.026829005461535115,0.026829005461535115
2018/11/12 23:00:00,2018/11/12 23:00:00,2018/11/13 04:00:00,7.991684256650253,7.991684256650253,6.9388385662226675,0.0,0.0,0.0,0.2937686202278071,0.06007961908749219,0.0,0.006430590953364709,0.4538777343751317,0.0,0.0,0.0,0.0,0.0,0.0,0.23868912578379042,0.0,0.0,0.0,0.0,0.0,0.0,0.0,0.0,0.0,0.0,0.0,0.0,0.0,0.0,0.0,0.0,0.0,0.0,0.027268736755940052,0.027268736755940052
2018/11/13 00:00:00,2018/11/13 00:00:00,2018/11/13 05:00:00,7.727365573761792,7.727365573761792,7.181418457091719,0.0,0.0,0.0,0.13094360677997474,0.026779722120023,0.0,0.002866353705536267,0.38535743406453843,0.0,0.0,0.0,0.0,0.0,0.0,0.0,0.0,0.0,0.0,0.0,0.0,0.0,0.0,0.0,0.0,0.0,0.0,0.0,0.0,0.0,0.0,0.0,0.0,0.0,0.02636684469515644,0.02636684469515644
2018/11/13 01:00:00,2018/11/13 01:00:00,2018/11/13 06:00:00,8.161511114462783,8.161511114462783,7.742402973551542,0.0,0.0,0.0,0.06501908921459039,0.013297274945155983,0.0,0.0014232669458539432,0.3393685098056406,0.0,0.0,0.0,0.0,0.0,0.0,0.0,0.0,0.0,0.0,0.0,0.0,0.0,0.0,0.0,0.0,0.0,0.0,0.0,0.0,0.0,0.0,0.0,0.0,0.0,0.02784820958432722,0.02784820958432722
2018/11/13 02:00:00,2018/11/13 02:00:00,2018/11/13 07:00:00,8.216516276437575,8.216516276437575,7.844672114327938,0.0,0.0,0.0,0.03901145352875434,0.00797836496709361,0.0,0.0008539601675123682,0.3240003834462767,0.0,0.0,0.0,0.0,0.0,0.0,0.0,0.0,0.0,0.0,0.0,0.0,0.0,0.0,0.0,0.0,0.0,0.0,0.0,0.0,0.0,0.0,0.0,0.0,0.0,0.028035894837390152,0.028035894837390152
2018/11/13 03:00:00,2018/11/13 03:00:00,2018/11/13 08:00:00,7.788549168027266,7.788549168027266,7.463319402309488,0.0,0.0,0.0,0.026007635685836267,0.005318909978062415,0.0,0.0005693067783415797,0.2933339132755372,0.0,0.0,0.0,0.0,0.0,0.0,0.0,0.0,0.0,0.0,0.0,0.0,0.0,0.0,0.0,0.0,0.0,0.0,0.0,0.0,0.0,0.0,0.0,0.0,0.0,0.02657561161740053,0.02657561161740053
2018/11/13 04:00:00,2018/11/13 04:00:00,2018/11/13 09:00:00,7.80499037343402,7.80499037343402,7.492360812810291,0.0,0.0,0.0,0.026007635685836267,0.005318909978062415,0.0,0.0005693067783415797,0.2807337081814895,0.0,0.0,0.0,0.0,0.0,0.0,0.0,0.0,0.0,0.0,0.0,0.0,0.0,0.0,0.0,0.0,0.0,0.0,0.0,0.0,0.0,0.0,0.0,0.0,0.0,0.026631711293987986,0.026631711293987986
2018/11/13 05:00:00,2018/11/13 05:00:00,2018/11/13 10:00:00,7.960993984632782,7.960993984632782,7.401962889621203,0.0,0.0,0.0,0.028359609659443317,0.005799920170125916,0.0,0.0006207914554507214,0.2648135642986422,0.0,0.0,0.0,0.0,0.0,0.0,0.25943720942791715,0.0,0.0,0.0,0.0,0.0,0.0,0.0,0.0,0.0,0.0,0.0,0.0,0.0,0.0,0.0,0.0,0.0,0.0,0.02716401728483279,0.02716401728483279
2018/11/13 06:00:00,2018/11/13 06:00:00,2018/11/13 11:00:00,7.728004922006503,7.728004922006503,7.199533256218603,0.0,0.0,0.0,0.07657075757208723,0.01565974590684433,0.0,0.001676132803270518,0.2898985196675431,0.0,0.0,0.0,0.0,0.0,0.0,0.1446665098381539,0.0,0.0,0.0,0.0,0.0,0.0,0.0,0.0,0.0,0.0,0.0,0.0,0.0,0.0,0.0,0.0,0.0,0.0,0.026369026240175047,0.026369026240175047
2018/11/13 07:00:00,2018/11/13 07:00:00,2018/11/13 12:00:00,7.656257711781362,7.656257711781362,7.078010568324127,0.0,0.0,0.0,0.1797670016564363,0.03676476056443332,0.0,0.0039350971307586715,0.35778028410560686,0.0,0.0,0.0,0.0,0.0,0.0,0.0,0.0,0.0,0.0,0.0,0.0,0.0,0.0,0.0,0.0,0.0,0.0,0.0,0.0,0.0,0.0,0.0,0.0,0.0,0.02612421479295422,0.02612421479295422
2018/11/13 08:00:00,2018/11/13 08:00:00,2018/11/13 13:00:00,7.729856605113455,7.729856605113455,6.29005612989386,0.0,0.0,0.0,0.22749050639997065,0.04652485673906303,0.0,0.004979763976484562,0.509014391321556,0.0,0.0,0.0,0.0,0.0,0.0,0.6517909567825203,0.0,0.0,0.0,0.0,0.0,0.0,0.0,0.0,0.0,0.0,0.0,0.0,0.0,0.0,0.0,0.0,0.0,0.0,0.02637534444014108,0.02637534444014108
2018/11/13 09:00:00,2018/11/13 09:00:00,2018/11/13 14:00:00,9.10703444443502,9.10703444443502,4.951461289180009,0.0,0.0,0.0,0.23738819960796062,0.04854906762080994,0.0,0.005196424341206713,2.5456185928541806,0.0,0.0,0.0,0.0,0.0,0.0,1.3188208708308526,0.0,0.0,0.0,0.0,0.0,0.0,0.0,0.0,0.0,0.0,0.0,0.0,0.0,0.0,0.0,0.0,0.0,0.0,0.03107446652261371,0.03107446652261371
2018/11/13 10:00:00,2018/11/13 10:00:00,2018/11/13 15:00:00,6.250417956026605,6.250417956026605,4.369701357962341,0.0,0.0,0.0,0.23977021629156023,0.04903622194961379,0.0,0.005248566652813857,0.2678407223394236,0.0,0.0,0.0,0.0,0.0,0.0,1.3188208708308526,0.0,0.0,0.0,0.0,0.0,0.0,0.0,0.0,0.0,0.0,0.0,0.0,0.0,0.0,0.0,0.0,0.0,0.0,0.021327294270373415,0.021327294270373415
2018/11/13 11:00:00,2018/11/13 11:00:00,2018/11/13 16:00:00,5.331970727794544,5.331970727794544,3.4632684276872787,0.0,0.0,0.0,0.2330133774859433,0.04765435787794319,0.0,0.005100659546659875,0.2641130343658663,0.0,0.0,0.0,0.0,0.0,0.0,1.3188208708308526,0.0,0.0,0.0,0.0,0.0,0.0,0.0,0.0,0.0,0.0,0.0,0.0,0.0,0.0,0.0,0.0,0.0,0.0,0.018193424752187454,0.018193424752187454
2018/11/13 12:00:00,2018/11/13 12:00:00,2018/11/13 17:00:00,4.083278867189831,4.083278867189831,2.67700127999649,0.0,0.0,0.0,0.22365196052793865,0.045739822674966235,0.0,0.004895738261486062,0.2823603378993346,0.0,0.0,0.0,0.0,0.0,0.0,0.8496297278296152,0.0,0.0,0.0,0.0,0.0,0.0,0.0,0.0,0.0,0.0,0.0,0.0,0.0,0.0,0.0,0.0,0.0,0.0,0.013932714676238182,0.013932714676238182
2018/11/13 13:00:00,2018/11/13 13:00:00,2018/11/13 18:00:00,3.114880127874278,3.114880127874278,1.8235681698056172,0.0,0.0,0.0,0.21689512172232184,0.04435795860329565,0.0,0.00474783115533208,0.2887859964794398,0.0,0.0,0.0,0.0,0.0,0.0,0.7365250501082714,0.0,0.0,0.0,0.0,0.0,0.0,0.0,0.0,0.0,0.0,0.0,0.0,0.0,0.0,0.0,0.0,0.0,0.0,0.01062840366379978,0.01062840366379978
2018/11/13 14:00:00,2018/11/13 14:00:00,2018/11/13 19:00:00,1.5550475410959312,1.5550475410959312,0.9934723292743419,0.0,0.0,0.0,0.21490682280316895,0.043951324832805984,0.0,0.004704307320035531,0.2980127568655787,0.0,0.0,0.0,0.0,0.0,0.0,0.0,0.0,0.0,0.0,0.0,0.0,0.0,0.0,0.0,0.0,0.0,0.0,0.0,0.0,0.0,0.0,0.0,0.0,0.0,0.005306038211636091,0.005306038211636091
2018/11/13 15:00:00,2018/11/13 15:00:00,2018/11/13 20:00:00,0.8810004780943973,0.8810004780943973,0.2804282641825549,0.0,0.0,0.0,0.21778688040361655,0.044540335202432085,0.0,0.004767351740287925,0.333477646565506,0.0,0.0,0.0,0.0,0.0,0.0,0.0,0.0,0.0,0.0,0.0,0.0,0.0,0.0,0.0,0.0,0.0,0.0,0.0,0.0,0.0,0.0,0.0,0.0,0.0,0.00300609600523471,0.00300609600523471
2018/11/13 16:00:00,2018/11/13 16:00:00,2018/11/13 21:00:00,0.6125280290126006,0.6125280290126006,0.004583441939992196,0.0,0.0,0.0,0.23530150546679274,0.0481223107090055,0.0,0.00515074663588806,0.3193700242609222,0.0,0.0,0.0,0.0,0.0,0.0,0.0,0.0,0.0,0.0,0.0,0.0,0.0,0.0,0.0,0.0,0.0,0.0,0.0,0.0,0.0,0.0,0.0,0.0,0.0,0.0020900307172271207,0.0020900307172271207
2018/11/13 17:00:00,2018/11/13 17:00:00,2018/11/13 22:00:00,0.8127624180882428,0.8127624180882428,0.026977547672030505,0.0,0.0,0.0,0.2828605491534366,0.05784877239386212,0.0,0.006191813431398235,0.4388837354375153,0.0,0.0,0.0,0.0,0.0,0.0,0.0,0.0,0.0,0.0,0.0,0.0,0.0,0.0,0.0,0.0,0.0,0.0,0.0,0.0,0.0,0.0,0.0,0.0,0.0,0.0027732582659940187,0.0027732582659940187
2018/11/13 18:00:00,2018/11/13 18:00:00,2018/11/13 23:00:00,1.3895173915207648,1.3895173915207648,0.31383402639103236,0.0,0.0,0.0,0.3722679450615316,0.07613378284051057,0.0,0.008148940066791236,0.619132697160899,0.0,0.0,0.0,0.0,0.0,0.0,0.0,0.0,0.0,0.0,0.0,0.0,0.0,0.0,0.0,0.0,0.0,0.0,0.0,0.0,0.0,0.0,0.0,0.0,0.0,0.004741226348582261,0.004741226348582261
2018/11/13 19:00:00,2018/11/13 19:00:00,2018/11/14 00:00:00,1.9329107958821292,1.9329107958821292,0.7209619662649647,0.0,0.0,0.0,0.46923765500408443,0.09596538783581401,0.0,0.01027160564973683,0.636474181127529,0.0,0.0,0.0,0.0,0.0,0.0,0.0,0.0,0.0,0.0,0.0,0.0,0.0,0.0,0.0,0.0,0.0,0.0,0.0,0.0,0.0,0.0,0.0,0.0,0.0,0.006595360123463779,0.006595360123463779
2018/11/13 20:00:00,2018/11/13 20:00:00,2018/11/14 01:00:00,3.488649644466299,3.488649644466299,0.7267264000481188,0.0,0.0,0.0,0.5020745388118183,0.10268097056095002,0.0,0.01099040457314449,0.9095217530794115,0.0,0.0,0.0,0.0,0.0,0.0,1.2366555773928558,0.0,0.0,0.0,0.0,0.0,0.0,0.0,0.0,0.0,0.0,0.0,0.0,0.0,0.0,0.0,0.0,0.0,0.0,0.011903757172274713,0.011903757172274713
2018/11/13 21:00:00,2018/11/13 21:00:00,2018/11/14 02:00:00,10.933327623529044,10.933327623529044,0.817708205793415,0.0,0.0,0.0,0.4414642683633875,0.09028535812791409,0.0,0.009663646607898157,8.255385273805576,0.0,0.0,0.0,0.0,0.0,0.0,1.3188208708308526,0.0,0.0,0.0,0.0,0.0,0.0,0.0,0.0,0.0,0.0,0.0,0.0,0.0,0.0,0.0,0.0,0.0,0.0,0.03730603252804521,0.03730603252804521
2018/11/13 22:00:00,2018/11/13 22:00:00,2018/11/14 03:00:00,6.649104885133104,6.649104885133104,0.8449676663974117,0.0,0.0,0.0,0.33975371121871306,0.06948418635643629,0.0,0.007437203946564799,4.068641246383126,0.0,0.0,0.0,0.0,0.0,0.0,1.3188208708308526,0.0,0.0,0.0,0.0,0.0,0.0,0.0,0.0,0.0,0.0,0.0,0.0,0.0,0.0,0.0,0.0,0.0,0.0,0.022687669451461483,0.022687669451461483
2018/11/13 23:00:00,2018/11/13 23:00:00,2018/11/14 04:00:00,5.011847750870292,5.011847750870292,1.07767672042608,0.0,0.0,0.0,0.2937686202278071,0.06007961908749219,0.0,0.006430590953364709,2.255071329344695,0.0,0.0,0.0,0.0,0.0,0.0,1.3188208708308526,0.0,0.0,0.0,0.0,0.0,0.0,0.0,0.0,0.0,0.0,0.0,0.0,0.0,0.0,0.0,0.0,0.0,0.0,0.01710112068874661,0.01710112068874661
2018/11/14 00:00:00,2018/11/14 00:00:00,2018/11/14 05:00:00,3.936946190228115,3.936946190228115,2.0263174862988405,0.0,0.0,0.0,0.13094360677997474,0.026779722120023,0.0,0.002866353705536267,0.4312181504928874,0.0,0.0,0.0,0.0,0.0,0.0,1.3188208708308526,0.0,0.0,0.0,0.0,0.0,0.0,0.0,0.0,0.0,0.0,0.0,0.0,0.0,0.0,0.0,0.0,0.0,0.0,0.013433407256335983,0.013433407256335983
2018/11/14 01:00:00,2018/11/14 01:00:00,2018/11/14 06:00:00,5.313434813107395,5.313434813107395,2.541664547814077,0.0,0.0,0.0,0.06501908921459039,0.013297274945155983,0.0,0.0014232669458539432,1.3732097633568654,0.0,0.0,0.0,0.0,0.0,0.0,1.3188208708308526,0.0,0.0,0.0,0.0,0.0,0.0,0.0,0.0,0.0,0.0,0.0,0.0,0.0,0.0,0.0,0.0,0.0,0.0,0.018130177636573017,0.018130177636573017
2018/11/14 02:00:00,2018/11/14 02:00:00,2018/11/14 07:00:00,4.602049786081826,4.602049786081826,2.828337833840926,0.0,0.0,0.0,0.03901145352875434,0.00797836496709361,0.0,0.0008539601675123682,0.40704730274668705,0.0,0.0,0.0,0.0,0.0,0.0,1.3188208708308526,0.0,0.0,0.0,0.0,0.0,0.0,0.0,0.0,0.0,0.0,0.0,0.0,0.0,0.0,0.0,0.0,0.0,0.0,0.01570283311055085,0.01570283311055085
2018/11/14 03:00:00,2018/11/14 03:00:00,2018/11/14 08:00:00,6.225827998740962,6.225827998740962,2.639184904326333,0.0,0.0,0.0,0.026007635685836267,0.005318909978062415,0.0,0.0005693067783415797,2.2359263711415354,0.0,0.0,0.0,0.0,0.0,0.0,1.3188208708308526,0.0,0.0,0.0,0.0,0.0,0.0,0.0,0.0,0.0,0.0,0.0,0.0,0.0,0.0,0.0,0.0,0.0,0.0,0.021243389920485713,0.021243389920485713
2018/11/14 04:00:00,2018/11/14 04:00:00,2018/11/14 09:00:00,4.92321785379888,4.92321785379888,2.710265565571699,0.0,0.0,0.0,0.026007635685836267,0.005318909978062415,0.0,0.0005693067783415797,1.9443006589565597,0.0,0.0,0.0,0.0,0.0,0.0,0.23675577682837992,0.0,0.0,0.0,0.0,0.0,0.0,0.0,0.0,0.0,0.0,0.0,0.0,0.0,0.0,0.0,0.0,0.0,0.0,0.016798703168943413,0.016798703168943413
2018/11/14 05:00:00,2018/11/14 05:00:00,2018/11/14 10:00:00,4.837347953635627,4.837347953635627,2.842963847540886,0.0,0.0,0.0,0.028359609659443317,0.005799920170125916,0.0,0.0006207914554507214,1.9596037848097212,0.0,0.0,0.0,0.0,0.0,0.0,0.0,0.0,0.0,0.0,0.0,0.0,0.0,0.0,0.0,0.0,0.0,0.0,0.0,0.0,0.0,0.0,0.0,0.0,0.0,0.01650570314196386,0.01650570314196386
2018/11/14 06:00:00,2018/11/14 06:00:00,2018/11/14 11:00:00,3.4137858910336485,3.4137858910336485,3.0299807350839036,0.0,0.0,0.0,0.07657075757208723,0.01565974590684433,0.0,0.001676132803270518,0.2898985196675431,0.0,0.0,0.0,0.0,0.0,0.0,0.0,0.0,0.0,0.0,0.0,0.0,0.0,0.0,0.0,0.0,0.0,0.0,0.0,0.0,0.0,0.0,0.0,0.0,0.0,0.011648311646731361,0.011648311646731361
2018/11/14 07:00:00,2018/11/14 07:00:00,2018/11/14 12:00:00,3.5796411669653336,3.5796411669653336,3.001394023508098,0.0,0.0,0.0,0.1797670016564363,0.03676476056443332,0.0,0.0039350971307586715,0.35778028410560686,0.0,0.0,0.0,0.0,0.0,0.0,0.0,0.0,0.0,0.0,0.0,0.0,0.0,0.0,0.0,0.0,0.0,0.0,0.0,0.0,0.0,0.0,0.0,0.0,0.0,0.012214232886074795,0.012214232886074795
2018/11/14 08:00:00,2018/11/14 08:00:00,2018/11/14 13:00:00,3.6918849414640396,3.6918849414640396,3.001932786842724,0.0,0.0,0.0,0.22749050639997065,0.04652485673906303,0.0,0.004979763976484562,0.4109570275057973,0.0,0.0,0.0,0.0,0.0,0.0,0.0,0.0,0.0,0.0,0.0,0.0,0.0,0.0,0.0,0.0,0.0,0.0,0.0,0.0,0.0,0.0,0.0,0.0,0.0,0.012597224235708174,0.012597224235708174
2018/11/14 09:00:00,2018/11/14 09:00:00,2018/11/14 14:00:00,3.945801638383775,3.945801638383775,2.9158778191685677,0.0,0.0,0.0,0.23738819960796062,0.04854906762080994,0.0,0.005196424341206713,0.33510476266580536,0.0,0.0,0.0,0.0,0.0,0.0,0.4036853649794251,0.0,0.0,0.0,0.0,0.0,0.0,0.0,0.0,0.0,0.0,0.0,0.0,0.0,0.0,0.0,0.0,0.0,0.0,0.013463623275495102,0.013463623275495102
2018/11/14 10:00:00,2018/11/14 10:00:00,2018/11/14 15:00:00,3.2160317258948568,3.2160317258948568,2.6541359986614452,0.0,0.0,0.0,0.23977021629156023,0.04903622194961379,0.0,0.005248566652813857,0.2678407223394236,0.0,0.0,0.0,0.0,0.0,0.0,0.0,0.0,0.0,0.0,0.0,0.0,0.0,0.0,0.0,0.0,0.0,0.0,0.0,0.0,0.0,0.0,0.0,0.0,0.0,0.010973546966548576,0.010973546966548576
2018/11/14 11:00:00,2018/11/14 11:00:00,2018/11/14 16:00:00,2.956697207592096,2.956697207592096,2.4068157783156834,0.0,0.0,0.0,0.2330133774859433,0.04765435787794319,0.0,0.005100659546659875,0.2641130343658663,0.0,0.0,0.0,0.0,0.0,0.0,0.0,0.0,0.0,0.0,0.0,0.0,0.0,0.0,0.0,0.0,0.0,0.0,0.0,0.0,0.0,0.0,0.0,0.0,0.0,0.010088661567648866,0.010088661567648866
2018/11/14 12:00:00,2018/11/14 12:00:00,2018/11/14 17:00:00,2.7257787748421003,2.7257787748421003,1.7601511198553352,0.0,0.0,0.0,0.22365196052793865,0.045739822674966235,0.0,0.004895738261486062,0.2823603378993346,0.0,0.0,0.0,0.0,0.0,0.0,0.4089797956230397,0.0,0.0,0.0,0.0,0.0,0.0,0.0,0.0,0.0,0.0,0.0,0.0,0.0,0.0,0.0,0.0,0.0,0.0,0.009300735799746563,0.009300735799746563
2018/11/14 13:00:00,2018/11/14 13:00:00,2018/11/14 18:00:00,3.463298810896436,3.463298810896436,1.589691032105194,0.0,0.0,0.0,0.21689512172232184,0.04435795860329565,0.0,0.00474783115533208,0.2887859964794398,0.0,0.0,0.0,0.0,0.0,0.0,1.3188208708308526,0.0,0.0,0.0,0.0,0.0,0.0,0.0,0.0,0.0,0.0,0.0,0.0,0.0,0.0,0.0,0.0,0.0,0.0,0.011817256606816939,0.011817256606816939
2018/11/14 14:00:00,2018/11/14 14:00:00,2018/11/14 19:00:00,2.4131350989858595,2.4131350989858595,1.319929523797024,0.0,0.0,0.0,0.21490682280316895,0.043951324832805984,0.0,0.004704307320035531,0.2980127568655787,0.0,0.0,0.0,0.0,0.0,0.0,0.5316303633672463,0.0,0.0,0.0,0.0,0.0,0.0,0.0,0.0,0.0,0.0,0.0,0.0,0.0,0.0,0.0,0.0,0.0,0.0,0.008233952150450249,0.008233952150450249
2018/11/14 15:00:00,2018/11/14 15:00:00,2018/11/14 20:00:00,1.8378419916265167,1.8378419916265167,1.2372697777146742,0.0,0.0,0.0,0.21778688040361655,0.044540335202432085,0.0,0.004767351740287925,0.333477646565506,0.0,0.0,0.0,0.0,0.0,0.0,0.0,0.0,0.0,0.0,0.0,0.0,0.0,0.0,0.0,0.0,0.0,0.0,0.0,0.0,0.0,0.0,0.0,0.0,0.0,0.006270972157961885,0.006270972157961885
2018/11/14 16:00:00,2018/11/14 16:00:00,2018/11/14 21:00:00,2.1109789641176517,2.1109789641176517,1.416266922927371,0.0,0.0,0.0,0.23530150546679274,0.0481223107090055,0.0,0.00515074663588806,0.40613747837859465,0.0,0.0,0.0,0.0,0.0,0.0,0.0,0.0,0.0,0.0,0.0,0.0,0.0,0.0,0.0,0.0,0.0,0.0,0.0,0.0,0.0,0.0,0.0,0.0,0.0,0.007202953447760377,0.007202953447760377
2018/11/14 17:00:00,2018/11/14 17:00:00,2018/11/14 22:00:00,4.907944311539877,4.907944311539877,1.4428874840017918,0.0,0.0,0.0,0.2828605491534366,0.05784877239386212,0.0,0.006191813431398235,2.5443343573604027,0.0,0.0,0.0,0.0,0.0,0.0,0.5738213351989864,0.0,0.0,0.0,0.0,0.0,0.0,0.0,0.0,0.0,0.0,0.0,0.0,0.0,0.0,0.0,0.0,0.0,0.0,0.016746587721208493,0.016746587721208493
2018/11/14 18:00:00,2018/11/14 18:00:00,2018/11/14 23:00:00,5.964654485174617,5.964654485174617,1.4145171611832428,0.0,0.0,0.0,0.3722679450615316,0.07613378284051057,0.0,0.008148940066791236,3.9881039374245977,0.0,0.0,0.0,0.0,0.0,0.0,0.10548271859794285,0.0,0.0,0.0,0.0,0.0,0.0,0.0,0.0,0.0,0.0,0.0,0.0,0.0,0.0,0.0,0.0,0.0,0.0,0.02035222961430393,0.02035222961430393
2018/11/14 19:00:00,2018/11/14 19:00:00,2018/11/15 00:00:00,3.035462567348407,3.035462567348407,1.8235137377312427,0.0,0.0,0.0,0.46923765500408443,0.09596538783581401,0.0,0.01027160564973683,0.636474181127529,0.0,0.0,0.0,0.0,0.0,0.0,0.0,0.0,0.0,0.0,0.0,0.0,0.0,0.0,0.0,0.0,0.0,0.0,0.0,0.0,0.0,0.0,0.0,0.0,0.0,0.010357419915914995,0.010357419915914995
2018/11/14 20:00:00,2018/11/14 20:00:00,2018/11/15 01:00:00,3.1081114815101736,3.1081114815101736,1.9120330837583357,0.0,0.0,0.0,0.5020745388118183,0.10268097056095002,0.0,0.01099040457314449,0.5803324838059254,0.0,0.0,0.0,0.0,0.0,0.0,0.0,0.0,0.0,0.0,0.0,0.0,0.0,0.0,0.0,0.0,0.0,0.0,0.0,0.0,0.0,0.0,0.0,0.0,0.0,0.010605308102217348,0.010605308102217348
2018/11/14 21:00:00,2018/11/14 21:00:00,2018/11/15 02:00:00,3.221103446349577,3.221103446349577,1.9985139539187262,0.0,0.0,0.0,0.4414642683633875,0.09028535812791409,0.0,0.009663646607898157,0.6811762193316508,0.0,0.0,0.0,0.0,0.0,0.0,0.0,0.0,0.0,0.0,0.0,0.0,0.0,0.0,0.0,0.0,0.0,0.0,0.0,0.0,0.0,0.0,0.0,0.0,0.0,0.010990852381219383,0.010990852381219383
2018/11/14 22:00:00,2018/11/14 22:00:00,2018/11/15 03:00:00,3.0722085732012676,3.0722085732012676,2.122034647351634,0.0,0.0,0.0,0.33975371121871306,0.06948418635643629,0.0,0.007437203946564799,0.5334988243279194,0.0,0.0,0.0,0.0,0.0,0.0,0.0,0.0,0.0,0.0,0.0,0.0,0.0,0.0,0.0,0.0,0.0,0.0,0.0,0.0,0.0,0.0,0.0,0.0,0.0,0.010482802392030723,0.010482802392030723
2018/11/14 23:00:00,2018/11/14 23:00:00,2018/11/15 04:00:00,3.0616817869829185,3.0616817869829185,2.247525222339122,0.0,0.0,0.0,0.2937686202278071,0.06007961908749219,0.0,0.006430590953364709,0.4538777343751317,0.0,0.0,0.0,0.0,0.0,0.0,0.0,0.0,0.0,0.0,0.0,0.0,0.0,0.0,0.0,0.0,0.0,0.0,0.0,0.0,0.0,0.0,0.0,0.0,0.0,0.010446883535247142,0.010446883535247142
2018/11/15 00:00:00,2018/11/15 00:00:00,2018/11/15 05:00:00,2.9853153099605647,2.9853153099605647,2.4393681932904916,0.0,0.0,0.0,0.13094360677997474,0.026779722120023,0.0,0.002866353705536267,0.38535743406453843,0.0,0.0,0.0,0.0,0.0,0.0,0.0,0.0,0.0,0.0,0.0,0.0,0.0,0.0,0.0,0.0,0.0,0.0,0.0,0.0,0.0,0.0,0.0,0.0,0.0,0.010186310508082282,0.010186310508082282
2018/11/15 01:00:00,2018/11/15 01:00:00,2018/11/15 06:00:00,3.1195933688933213,3.1195933688933213,2.700485227982081,0.0,0.0,0.0,0.06501908921459039,0.013297274945155983,0.0,0.0014232669458539432,0.3393685098056406,0.0,0.0,0.0,0.0,0.0,0.0,0.0,0.0,0.0,0.0,0.0,0.0,0.0,0.0,0.0,0.0,0.0,0.0,0.0,0.0,0.0,0.0,0.0,0.0,0.0,0.010644485896842039,0.010644485896842039
2018/11/15 02:00:00,2018/11/15 02:00:00,2018/11/15 07:00:00,3.1265426091837094,3.1265426091837094,2.7546984470740723,0.0,0.0,0.0,0.03901145352875434,0.00797836496709361,0.0,0.0008539601675123682,0.3240003834462767,0.0,0.0,0.0,0.0,0.0,0.0,0.0,0.0,0.0,0.0,0.0,0.0,0.0,0.0,0.0,0.0,0.0,0.0,0.0,0.0,0.0,0.0,0.0,0.0,0.0,0.010668197669986062,0.010668197669986062
2018/11/15 03:00:00,2018/11/15 03:00:00,2018/11/15 08:00:00,3.403080426248229,3.403080426248229,2.6743129261909657,0.0,0.0,0.0,0.026007635685836267,0.005318909978062415,0.0,0.0005693067783415797,0.2933339132755372,0.0,0.0,0.0,0.0,0.0,0.0,0.40353773433948525,0.0,0.0,0.0,0.0,0.0,0.0,0.0,0.0,0.0,0.0,0.0,0.0,0.0,0.0,0.0,0.0,0.0,0.0,0.011611783113857872,0.011611783113857872
2018/11/15 04:00:00,2018/11/15 04:00:00,2018/11/15 09:00:00,3.0825596725503575,3.0825596725503575,2.769930111926627,0.0,0.0,0.0,0.026007635685836267,0.005318909978062415,0.0,0.0005693067783415797,0.2807337081814895,0.0,0.0,0.0,0.0,0.0,0.0,0.0,0.0,0.0,0.0,0.0,0.0,0.0,0.0,0.0,0.0,0.0,0.0,0.0,0.0,0.0,0.0,0.0,0.0,0.0,0.010518121780812885,0.010518121780812885
2018/11/15 05:00:00,2018/11/15 05:00:00,2018/11/15 10:00:00,3.0895940165629394,3.0895940165629394,2.7900001309792772,0.0,0.0,0.0,0.028359609659443317,0.005799920170125916,0.0,0.0006207914554507214,0.2648135642986422,0.0,0.0,0.0,0.0,0.0,0.0,0.0,0.0,0.0,0.0,0.0,0.0,0.0,0.0,0.0,0.0,0.0,0.0,0.0,0.0,0.0,0.0,0.0,0.0,0.0,0.010542123939678233,0.010542123939678233
2018/11/15 06:00:00,2018/11/15 06:00:00,2018/11/15 11:00:00,3.1429819471853975,3.1429819471853975,2.7591767912356526,0.0,0.0,0.0,0.07657075757208723,0.01565974590684433,0.0,0.001676132803270518,0.2898985196675431,0.0,0.0,0.0,0.0,0.0,0.0,0.0,0.0,0.0,0.0,0.0,0.0,0.0,0.0,0.0,0.0,0.0,0.0,0.0,0.0,0.0,0.0,0.0,0.0,0.0,0.01072429097472804,0.01072429097472804
2018/11/15 07:00:00,2018/11/15 07:00:00,2018/11/15 12:00:00,3.221061531753376,3.221061531753376,2.6428143882961406,0.0,0.0,0.0,0.1797670016564363,0.03676476056443332,0.0,0.0039350971307586715,0.35778028410560686,0.0,0.0,0.0,0.0,0.0,0.0,0.0,0.0,0.0,0.0,0.0,0.0,0.0,0.0,0.0,0.0,0.0,0.0,0.0,0.0,0.0,0.0,0.0,0.0,0.0,0.010990709362795064,0.010990709362795064
2018/11/15 08:00:00,2018/11/15 08:00:00,2018/11/15 13:00:00,3.2408520103946006,3.2408520103946006,2.1513203807129453,0.0,0.0,0.0,0.22749050639997065,0.04652485673906303,0.0,0.004979763976484562,0.4109570275057973,0.0,0.0,0.0,0.0,0.0,0.0,0.3995794750603397,0.0,0.0,0.0,0.0,0.0,0.0,0.0,0.0,0.0,0.0,0.0,0.0,0.0,0.0,0.0,0.0,0.0,0.0,0.011058237224884025,0.011058237224884025
2018/11/15 09:00:00,2018/11/15 09:00:00,2018/11/15 14:00:00,4.351807375847214,4.351807375847214,2.4067480507805787,0.0,0.0,0.0,0.23738819960796062,0.04854906762080994,0.0,0.005196424341206713,0.33510476266580536,0.0,0.0,0.0,0.0,0.0,0.0,1.3188208708308526,0.0,0.0,0.0,0.0,0.0,0.0,0.0,0.0,0.0,0.0,0.0,0.0,0.0,0.0,0.0,0.0,0.0,0.0,0.014848971247304537,0.014848971247304537
2018/11/15 10:00:00,2018/11/15 10:00:00,2018/11/15 15:00:00,3.901025501139806,3.901025501139806,2.0203089030755415,0.0,0.0,0.0,0.23977021629156023,0.04903622194961379,0.0,0.005248566652813857,0.2678407223394236,0.0,0.0,0.0,0.0,0.0,0.0,1.3188208708308526,0.0,0.0,0.0,0.0,0.0,0.0,0.0,0.0,0.0,0.0,0.0,0.0,0.0,0.0,0.0,0.0,0.0,0.0,0.013310840875660224,0.013310840875660224
2018/11/15 11:00:00,2018/11/15 11:00:00,2018/11/15 16:00:00,3.267517996969589,3.267517996969589,1.695823866688227,0.0,0.0,0.0,0.2330133774859433,0.04765435787794319,0.0,0.005100659546659875,0.2641130343658663,0.0,0.0,0.0,0.0,0.0,0.0,1.021812701004949,0.0,0.0,0.0,0.0,0.0,0.0,0.0,0.0,0.0,0.0,0.0,0.0,0.0,0.0,0.0,0.0,0.0,0.0,0.011149225275074535,0.011149225275074535
2018/11/15 12:00:00,2018/11/15 12:00:00,2018/11/15 17:00:00,1.9645210429139366,1.9645210429139366,1.4078731835502107,0.0,0.0,0.0,0.22365196052793865,0.045739822674966235,0.0,0.004895738261486062,0.2823603378993346,0.0,0.0,0.0,0.0,0.0,0.0,0.0,0.0,0.0,0.0,0.0,0.0,0.0,0.0,0.0,0.0,0.0,0.0,0.0,0.0,0.0,0.0,0.0,0.0,0.0,0.006703218677107625,0.006703218677107625
2018/11/15 13:00:00,2018/11/15 13:00:00,2018/11/15 18:00:00,1.674895631295542,1.674895631295542,1.1201087233351525,0.0,0.0,0.0,0.21689512172232184,0.04435795860329565,0.0,0.00474783115533208,0.2887859964794398,0.0,0.0,0.0,0.0,0.0,0.0,0.0,0.0,0.0,0.0,0.0,0.0,0.0,0.0,0.0,0.0,0.0,0.0,0.0,0.0,0.0,0.0,0.0,0.0,0.0,0.005714976542706392,0.005714976542706392
2018/11/15 14:00:00,2018/11/15 14:00:00,2018/11/15 19:00:00,1.6880575574172236,1.6880575574172236,1.1264823455956345,0.0,0.0,0.0,0.21490682280316895,0.043951324832805984,0.0,0.004704307320035531,0.2980127568655787,0.0,0.0,0.0,0.0,0.0,0.0,0.0,0.0,0.0,0.0,0.0,0.0,0.0,0.0,0.0,0.0,0.0,0.0,0.0,0.0,0.0,0.0,0.0,0.0,0.0,0.00575988686287008,0.00575988686287008
2018/11/15 15:00:00,2018/11/15 15:00:00,2018/11/15 20:00:00,1.960638084362893,1.960638084362893,1.3126743761789699,0.0,0.0,0.0,0.21778688040361655,0.044540335202432085,0.0,0.004767351740287925,0.3808691408375866,0.0,0.0,0.0,0.0,0.0,0.0,0.0,0.0,0.0,0.0,0.0,0.0,0.0,0.0,0.0,0.0,0.0,0.0,0.0,0.0,0.0,0.0,0.0,0.0,0.0,0.006689969483175255,0.006689969483175255
2018/11/15 16:00:00,2018/11/15 16:00:00,2018/11/15 21:00:00,3.018023358301058,3.018023358301058,1.326144496518382,0.0,0.0,0.0,0.23530150546679274,0.0481223107090055,0.0,0.00515074663588806,1.4033042989709898,0.0,0.0,0.0,0.0,0.0,0.0,0.0,0.0,0.0,0.0,0.0,0.0,0.0,0.0,0.0,0.0,0.0,0.0,0.0,0.0,0.0,0.0,0.0,0.0,0.0,0.010297914912279717,0.010297914912279717
2018/11/15 17:00:00,2018/11/15 17:00:00,2018/11/15 22:00:00,3.065394089203766,3.065394089203766,1.524844214337635,0.0,0.0,0.0,0.2828605491534366,0.05784877239386212,0.0,0.006191813431398235,0.7902082537932907,0.0,0.0,0.0,0.0,0.0,0.0,0.40344048609414346,0.0,0.0,0.0,0.0,0.0,0.0,0.0,0.0,0.0,0.0,0.0,0.0,0.0,0.0,0.0,0.0,0.0,0.0,0.010459550426076138,0.010459550426076138
2018/11/15 18:00:00,2018/11/15 18:00:00,2018/11/15 23:00:00,3.1727743652976144,3.1727743652976144,2.097091000167882,0.0,0.0,0.0,0.3722679450615316,0.07613378284051057,0.0,0.008148940066791236,0.619132697160899,0.0,0.0,0.0,0.0,0.0,0.0,0.0,0.0,0.0,0.0,0.0,0.0,0.0,0.0,0.0,0.0,0.0,0.0,0.0,0.0,0.0,0.0,0.0,0.0,0.0,0.010825946843595596,0.010825946843595596
2018/11/15 19:00:00,2018/11/15 19:00:00,2018/11/16 00:00:00,4.1904499569183855,4.1904499569183855,2.5398250918378675,0.0,0.0,0.0,0.46923765500408443,0.09596538783581401,0.0,0.01027160564973683,0.636474181127529,0.0,0.0,0.0,0.0,0.0,0.0,0.43867603546335426,0.0,0.0,0.0,0.0,0.0,0.0,0.0,0.0,0.0,0.0,0.0,0.0,0.0,0.0,0.0,0.0,0.0,0.0,0.014298397320822557,0.014298397320822557
2018/11/15 20:00:00,2018/11/15 20:00:00,2018/11/16 01:00:00,5.69083829065292,5.69083829065292,3.1812118070848903,0.0,0.0,0.0,0.5020745388118183,0.10268097056095002,0.0,0.01099040457314449,0.5750596987912638,0.0,0.0,0.0,0.0,0.0,0.0,1.3188208708308526,0.0,0.0,0.0,0.0,0.0,0.0,0.0,0.0,0.0,0.0,0.0,0.0,0.0,0.0,0.0,0.0,0.0,0.0,0.019417930724590898,0.019417930724590898
2018/11/15 21:00:00,2018/11/15 21:00:00,2018/11/16 02:00:00,6.604482359303741,6.604482359303741,4.181936747703311,0.0,0.0,0.0,0.4414642683633875,0.09028535812791409,0.0,0.009663646607898157,0.5623114676703773,0.0,0.0,0.0,0.0,0.0,0.0,1.3188208708308526,0.0,0.0,0.0,0.0,0.0,0.0,0.0,0.0,0.0,0.0,0.0,0.0,0.0,0.0,0.0,0.0,0.0,0.0,0.022535411195110395,0.022535411195110395
2018/11/15 22:00:00,2018/11/15 22:00:00,2018/11/16 03:00:00,7.069675055906266,7.069675055906266,4.800680259225779,0.0,0.0,0.0,0.33975371121871306,0.06948418635643629,0.0,0.007437203946564799,0.5334988243279194,0.0,0.0,0.0,0.0,0.0,0.0,1.3188208708308526,0.0,0.0,0.0,0.0,0.0,0.0,0.0,0.0,0.0,0.0,0.0,0.0,0.0,0.0,0.0,0.0,0.0,0.0,0.024122713292773244,0.024122713292773244
2018/11/15 23:00:00,2018/11/15 23:00:00,2018/11/16 04:00:00,6.599454636766897,6.599454636766897,5.427111580407572,0.0,0.0,0.0,0.2937686202278071,0.06007961908749219,0.0,0.006430590953364709,0.4538777343751317,0.0,0.0,0.0,0.0,0.0,0.0,0.35818649171552996,0.0,0.0,0.0,0.0,0.0,0.0,0.0,0.0,0.0,0.0,0.0,0.0,0.0,0.0,0.0,0.0,0.0,0.0,0.02251825590744684,0.02251825590744684
2018/11/16 00:00:00,2018/11/16 00:00:00,2018/11/16 05:00:00,6.887132908995268,6.887132908995268,6.341185792325196,0.0,0.0,0.0,0.13094360677997474,0.026779722120023,0.0,0.002866353705536267,0.38535743406453843,0.0,0.0,0.0,0.0,0.0,0.0,0.0,0.0,0.0,0.0,0.0,0.0,0.0,0.0,0.0,0.0,0.0,0.0,0.0,0.0,0.0,0.0,0.0,0.0,0.0,0.023499854131785,0.023499854131785
2018/11/16 01:00:00,2018/11/16 01:00:00,2018/11/16 06:00:00,7.549380994643085,7.549380994643085,7.130272853731844,0.0,0.0,0.0,0.06501908921459039,0.013297274945155983,0.0,0.0014232669458539432,0.3393685098056406,0.0,0.0,0.0,0.0,0.0,0.0,0.0,0.0,0.0,0.0,0.0,0.0,0.0,0.0,0.0,0.0,0.0,0.0,0.0,0.0,0.0,0.0,0.0,0.0,0.0,0.025759536588537232,0.025759536588537232
2018/11/16 02:00:00,2018/11/16 02:00:00,2018/11/16 07:00:00,8.031173041684475,8.031173041684475,7.659328879574839,0.0,0.0,0.0,0.03901145352875434,0.00797836496709361,0.0,0.0008539601675123682,0.3240003834462767,0.0,0.0,0.0,0.0,0.0,0.0,0.0,0.0,0.0,0.0,0.0,0.0,0.0,0.0,0.0,0.0,0.0,0.0,0.0,0.0,0.0,0.0,0.0,0.0,0.0,0.027403477975603985,0.027403477975603985
2018/11/16 03:00:00,2018/11/16 03:00:00,2018/11/16 08:00:00,7.91354517211586,7.91354517211586,7.588315406398084,0.0,0.0,0.0,0.026007635685836267,0.005318909978062415,0.0,0.0005693067783415797,0.2933339132755372,0.0,0.0,0.0,0.0,0.0,0.0,0.0,0.0,0.0,0.0,0.0,0.0,0.0,0.0,0.0,0.0,0.0,0.0,0.0,0.0,0.0,0.0,0.0,0.0,0.0,0.027002115345722874,0.027002115345722874
2018/11/16 04:00:00,2018/11/16 04:00:00,2018/11/16 09:00:00,8.124198044785128,8.124198044785128,7.8115684841614,0.0,0.0,0.0,0.026007635685836267,0.005318909978062415,0.0,0.0005693067783415797,0.2807337081814895,0.0,0.0,0.0,0.0,0.0,0.0,0.0,0.0,0.0,0.0,0.0,0.0,0.0,0.0,0.0,0.0,0.0,0.0,0.0,0.0,0.0,0.0,0.0,0.0,0.0,0.027720892207674194,0.027720892207674194
2018/11/16 05:00:00,2018/11/16 05:00:00,2018/11/16 10:00:00,8.510233288724185,8.510233288724185,8.210639403140524,0.0,0.0,0.0,0.028359609659443317,0.005799920170125916,0.0,0.0006207914554507214,0.2648135642986422,0.0,0.0,0.0,0.0,0.0,0.0,0.0,0.0,0.0,0.0,0.0,0.0,0.0,0.0,0.0,0.0,0.0,0.0,0.0,0.0,0.0,0.0,0.0,0.0,0.0,0.029038098081608656,0.029038098081608656
2018/11/16 06:00:00,2018/11/16 06:00:00,2018/11/16 11:00:00,8.777668784473377,8.777668784473377,8.393863628523631,0.0,0.0,0.0,0.07657075757208723,0.01565974590684433,0.0,0.001676132803270518,0.2898985196675431,0.0,0.0,0.0,0.0,0.0,0.0,0.0,0.0,0.0,0.0,0.0,0.0,0.0,0.0,0.0,0.0,0.0,0.0,0.0,0.0,0.0,0.0,0.0,0.0,0.0,0.02995062514080903,0.02995062514080903
2018/11/16 07:00:00,2018/11/16 07:00:00,2018/11/16 12:00:00,9.427521986614765,9.427521986614765,7.552930183213127,0.0,0.0,0.0,0.1797670016564363,0.03676476056443332,0.0,0.0039350971307586715,0.35778028410560686,0.0,0.0,0.0,0.0,0.0,0.0,1.296344659944404,0.0,0.0,0.0,0.0,0.0,0.0,0.0,0.0,0.0,0.0,0.0,0.0,0.0,0.0,0.0,0.0,0.0,0.0,0.03216801453334566,0.03216801453334566
2018/11/16 08:00:00,2018/11/16 08:00:00,2018/11/16 13:00:00,10.416291058984823,10.416291058984823,8.407518033532655,0.0,0.0,0.0,0.22749050639997065,0.04652485673906303,0.0,0.004979763976484562,0.4109570275057973,0.0,0.0,0.0,0.0,0.0,0.0,1.3188208708308526,0.0,0.0,0.0,0.0,0.0,0.0,0.0,0.0,0.0,0.0,0.0,0.0,0.0,0.0,0.0,0.0,0.0,0.0,0.03554183195167489,0.03554183195167489
2018/11/16 09:00:00,2018/11/16 09:00:00,2018/11/16 14:00:00,10.343191948428226,10.343191948428226,8.398132623361589,0.0,0.0,0.0,0.23738819960796062,0.04854906762080994,0.0,0.005196424341206713,0.33510476266580536,0.0,0.0,0.0,0.0,0.0,0.0,1.3188208708308526,0.0,0.0,0.0,0.0,0.0,0.0,0.0,0.0,0.0,0.0,0.0,0.0,0.0,0.0,0.0,0.0,0.0,0.0,0.03529240763273955,0.03529240763273955
2018/11/16 10:00:00,2018/11/16 10:00:00,2018/11/16 15:00:00,10.116815911126396,10.116815911126396,8.23609931306213,0.0,0.0,0.0,0.23977021629156023,0.04903622194961379,0.0,0.005248566652813857,0.2678407223394236,0.0,0.0,0.0,0.0,0.0,0.0,1.3188208708308526,0.0,0.0,0.0,0.0,0.0,0.0,0.0,0.0,0.0,0.0,0.0,0.0,0.0,0.0,0.0,0.0,0.0,0.0,0.034519981149060644,0.034519981149060644
2018/11/16 11:00:00,2018/11/16 11:00:00,2018/11/16 16:00:00,9.218518204089412,9.218518204089412,7.983102306299035,0.0,0.0,0.0,0.2330133774859433,0.04765435787794319,0.0,0.005100659546659875,0.2641130343658663,0.0,0.0,0.0,0.0,0.0,0.0,0.6855344685139638,0.0,0.0,0.0,0.0,0.0,0.0,0.0,0.0,0.0,0.0,0.0,0.0,0.0,0.0,0.0,0.0,0.0,0.0,0.03145486459602963,0.03145486459602963
2018/11/16 12:00:00,2018/11/16 12:00:00,2018/11/16 17:00:00,9.291564007602027,9.291564007602027,8.371365744739116,0.0,0.0,0.0,0.22365196052793865,0.045739822674966235,0.0,0.004895738261486062,0.2823603378993346,0.0,0.0,0.0,0.0,0.0,0.0,0.36355040349918527,0.0,0.0,0.0,0.0,0.0,0.0,0.0,0.0,0.0,0.0,0.0,0.0,0.0,0.0,0.0,0.0,0.0,0.0,0.03170410702392636,0.03170410702392636
2018/11/16 13:00:00,2018/11/16 13:00:00,2018/11/16 18:00:00,10.25366627898224,10.25366627898224,8.570288026752467,0.0,0.0,0.0,0.21689512172232184,0.04435795860329565,0.0,0.00474783115533208,0.2887859964794398,0.0,0.0,0.0,0.0,0.0,0.0,1.1285913442693818,0.0,0.0,0.0,0.0,0.0,0.0,0.0,0.0,0.0,0.0,0.0,0.0,0.0,0.0,0.0,0.0,0.0,0.0,0.03498693361316848,0.03498693361316848
2018/11/16 14:00:00,2018/11/16 14:00:00,2018/11/16 19:00:00,9.00548146341379,9.00548146341379,8.443906251592201,0.0,0.0,0.0,0.21490682280316895,0.043951324832805984,0.0,0.004704307320035531,0.2980127568655787,0.0,0.0,0.0,0.0,0.0,0.0,0.0,0.0,0.0,0.0,0.0,0.0,0.0,0.0,0.0,0.0,0.0,0.0,0.0,0.0,0.0,0.0,0.0,0.0,0.0,0.030727953645313222,0.030727953645313222
2018/11/16 15:00:00,2018/11/16 15:00:00,2018/11/16 20:00:00,9.746259623465471,9.746259623465471,8.255122782885392,0.0,0.0,0.0,0.21778688040361655,0.044540335202432085,0.0,0.004767351740287925,0.692640013955586,0.0,0.0,0.0,0.0,0.0,0.0,0.5314022592781568,0.0,0.0,0.0,0.0,0.0,0.0,0.0,0.0,0.0,0.0,0.0,0.0,0.0,0.0,0.0,0.0,0.0,0.0,0.03325559162402709,0.03325559162402709
2018/11/16 16:00:00,2018/11/16 16:00:00,2018/11/16 21:00:00,9.315145896852167,9.315145896852167,8.707201309779558,0.0,0.0,0.0,0.23530150546679274,0.0481223107090055,0.0,0.00515074663588806,0.3193700242609222,0.0,0.0,0.0,0.0,0.0,0.0,0.0,0.0,0.0,0.0,0.0,0.0,0.0,0.0,0.0,0.0,0.0,0.0,0.0,0.0,0.0,0.0,0.0,0.0,0.0,0.03178457170565283,0.03178457170565283
2018/11/16 17:00:00,2018/11/16 17:00:00,2018/11/16 22:00:00,9.894780900448431,9.894780900448431,9.10899603003222,0.0,0.0,0.0,0.2828605491534366,0.05784877239386212,0.0,0.006191813431398235,0.4388837354375153,0.0,0.0,0.0,0.0,0.0,0.0,0.0,0.0,0.0,0.0,0.0,0.0,0.0,0.0,0.0,0.0,0.0,0.0,0.0,0.0,0.0,0.0,0.0,0.0,0.0,0.033762366851205795,0.033762366851205795
2018/11/16 18:00:00,2018/11/16 18:00:00,2018/11/16 23:00:00,10.085777564240326,10.085777564240326,9.010094199110592,0.0,0.0,0.0,0.3722679450615316,0.07613378284051057,0.0,0.008148940066791236,0.619132697160899,0.0,0.0,0.0,0.0,0.0,0.0,0.0,0.0,0.0,0.0,0.0,0.0,0.0,0.0,0.0,0.0,0.0,0.0,0.0,0.0,0.0,0.0,0.0,0.0,0.0,0.03441407399815294,0.03441407399815294
2018/11/16 19:00:00,2018/11/16 19:00:00,2018/11/17 00:00:00,10.37867845498534,10.37867845498534,9.166729625368175,0.0,0.0,0.0,0.46923765500408443,0.09596538783581401,0.0,0.01027160564973683,0.636474181127529,0.0,0.0,0.0,0.0,0.0,0.0,0.0,0.0,0.0,0.0,0.0,0.0,0.0,0.0,0.0,0.0,0.0,0.0,0.0,0.0,0.0,0.0,0.0,0.0,0.0,0.035413492522309443,0.035413492522309443
2018/11/16 20:00:00,2018/11/16 20:00:00,2018/11/17 01:00:00,11.08569022365888,11.08569022365888,9.042648000543432,0.0,0.0,0.0,0.5020745388118183,0.10268097056095002,0.0,0.01099040457314449,0.5750596987912638,0.0,0.0,0.0,0.0,0.0,0.0,0.8522366103782706,0.0,0.0,0.0,0.0,0.0,0.0,0.0,0.0,0.0,0.0,0.0,0.0,0.0,0.0,0.0,0.0,0.0,0.0,0.03782591488337396,0.03782591488337396
2018/11/16 21:00:00,2018/11/16 21:00:00,2018/11/17 02:00:00,11.686785988661006,11.686785988661006,9.264240377060576,0.0,0.0,0.0,0.4414642683633875,0.09028535812791409,0.0,0.009663646607898157,0.5623114676703773,0.0,0.0,0.0,0.0,0.0,0.0,1.3188208708308526,0.0,0.0,0.0,0.0,0.0,0.0,0.0,0.0,0.0,0.0,0.0,0.0,0.0,0.0,0.0,0.0,0.0,0.0,0.03987693712781681,0.03987693712781681
2018/11/16 22:00:00,2018/11/16 22:00:00,2018/11/17 03:00:00,11.524846813430827,11.524846813430827,9.255852016750339,0.0,0.0,0.0,0.33975371121871306,0.06948418635643629,0.0,0.007437203946564799,0.5334988243279194,0.0,0.0,0.0,0.0,0.0,0.0,1.3188208708308526,0.0,0.0,0.0,0.0,0.0,0.0,0.0,0.0,0.0,0.0,0.0,0.0,0.0,0.0,0.0,0.0,0.0,0.0,0.03932437816802668,0.03932437816802668
2018/11/16 23:00:00,2018/11/16 23:00:00,2018/11/17 04:00:00,10.622908192407401,10.622908192407401,9.60461622322392,0.0,0.0,0.0,0.2937686202278071,0.06007961908749219,0.0,0.006430590953364709,0.4538777343751317,0.0,0.0,0.0,0.0,0.0,0.0,0.20413540453968793,0.0,0.0,0.0,0.0,0.0,0.0,0.0,0.0,0.0,0.0,0.0,0.0,0.0,0.0,0.0,0.0,0.0,0.0,0.036246838310738536,0.036246838310738536
2018/11/17 00:00:00,2018/11/17 00:00:00,2018/11/17 05:00:00,10.225679930352266,10.225679930352266,9.679732813682193,0.0,0.0,0.0,0.13094360677997474,0.026779722120023,0.0,0.002866353705536267,0.38535743406453843,0.0,0.0,0.0,0.0,0.0,0.0,0.0,0.0,0.0,0.0,0.0,0.0,0.0,0.0,0.0,0.0,0.0,0.0,0.0,0.0,0.0,0.0,0.0,0.0,0.0,0.03489144030424356,0.03489144030424356
2018/11/17 01:00:00,2018/11/17 01:00:00,2018/11/17 06:00:00,10.673425104641863,10.673425104641863,10.254316963730622,0.0,0.0,0.0,0.06501908921459039,0.013297274945155983,0.0,0.0014232669458539432,0.3393685098056406,0.0,0.0,0.0,0.0,0.0,0.0,0.0,0.0,0.0,0.0,0.0,0.0,0.0,0.0,0.0,0.0,0.0,0.0,0.0,0.0,0.0,0.0,0.0,0.0,0.0,0.036419209032254235,0.036419209032254235
2018/11/17 02:00:00,2018/11/17 02:00:00,2018/11/17 07:00:00,10.930546145062602,10.930546145062602,10.558701982952964,0.0,0.0,0.0,0.03901145352875434,0.00797836496709361,0.0,0.0008539601675123682,0.3240003834462767,0.0,0.0,0.0,0.0,0.0,0.0,0.0,0.0,0.0,0.0,0.0,0.0,0.0,0.0,0.0,0.0,0.0,0.0,0.0,0.0,0.0,0.0,0.0,0.0,0.0,0.03729654173716085,0.03729654173716085
2018/11/17 03:00:00,2018/11/17 03:00:00,2018/11/17 08:00:00,10.956903525797774,10.956903525797774,10.631673760079995,0.0,0.0,0.0,0.026007635685836267,0.005318909978062415,0.0,0.0005693067783415797,0.2933339132755372,0.0,0.0,0.0,0.0,0.0,0.0,0.0,0.0,0.0,0.0,0.0,0.0,0.0,0.0,0.0,0.0,0.0,0.0,0.0,0.0,0.0,0.0,0.0,0.0,0.0,0.03738647678135949,0.03738647678135949
2018/11/17 04:00:00,2018/11/17 04:00:00,2018/11/17 09:00:00,11.276439560685919,11.276439560685919,10.963810000062187,0.0,0.0,0.0,0.026007635685836267,0.005318909978062415,0.0,0.0005693067783415797,0.2807337081814895,0.0,0.0,0.0,0.0,0.0,0.0,0.0,0.0,0.0,0.0,0.0,0.0,0.0,0.0,0.0,0.0,0.0,0.0,0.0,0.0,0.0,0.0,0.0,0.0,0.0,0.038476778117044884,0.038476778117044884
2018/11/17 05:00:00,2018/11/17 05:00:00,2018/11/17 10:00:00,11.450222991625942,11.450222991625942,11.15062910604228,0.0,0.0,0.0,0.028359609659443317,0.005799920170125916,0.0,0.0006207914554507214,0.2648135642986422,0.0,0.0,0.0,0.0,0.0,0.0,0.0,0.0,0.0,0.0,0.0,0.0,0.0,0.0,0.0,0.0,0.0,0.0,0.0,0.0,0.0,0.0,0.0,0.0,0.0,0.03906975132252459,0.03906975132252459
2018/11/17 06:00:00,2018/11/17 06:00:00,2018/11/17 11:00:00,11.665563980610681,11.665563980610681,11.281758824660937,0.0,0.0,0.0,0.07657075757208723,0.01565974590684433,0.0,0.001676132803270518,0.2898985196675431,0.0,0.0,0.0,0.0,0.0,0.0,0.0,0.0,0.0,0.0,0.0,0.0,0.0,0.0,0.0,0.0,0.0,0.0,0.0,0.0,0.0,0.0,0.0,0.0,0.0,0.03980452468853967,0.03980452468853967
2018/11/17 07:00:00,2018/11/17 07:00:00,2018/11/17 12:00:00,11.934284982857855,11.934284982857855,11.35603783940062,0.0,0.0,0.0,0.1797670016564363,0.03676476056443332,0.0,0.0039350971307586715,0.35778028410560686,0.0,0.0,0.0,0.0,0.0,0.0,0.0,0.0,0.0,0.0,0.0,0.0,0.0,0.0,0.0,0.0,0.0,0.0,0.0,0.0,0.0,0.0,0.0,0.0,0.0,0.04072143807447241,0.04072143807447241
2018/11/17 08:00:00,2018/11/17 08:00:00,2018/11/17 13:00:00,13.289477455124446,13.289477455124446,11.41614247186646,0.0,0.0,0.0,0.22749050639997065,0.04652485673906303,0.0,0.004979763976484562,0.4109570275057973,0.0,0.0,0.0,0.0,0.0,0.0,1.183382828636669,0.0,0.0,0.0,0.0,0.0,0.0,0.0,0.0,0.0,0.0,0.0,0.0,0.0,0.0,0.0,0.0,0.0,0.0,0.045345543030710866,0.045345543030710866
2018/11/17 09:00:00,2018/11/17 09:00:00,2018/11/17 14:00:00,13.188331632161486,13.188331632161486,11.24327230709485,0.0,0.0,0.0,0.23738819960796062,0.04854906762080994,0.0,0.005196424341206713,0.33510476266580536,0.0,0.0,0.0,0.0,0.0,0.0,1.3188208708308526,0.0,0.0,0.0,0.0,0.0,0.0,0.0,0.0,0.0,0.0,0.0,0.0,0.0,0.0,0.0,0.0,0.0,0.0,0.04500041943326084,0.04500041943326084
2018/11/17 10:00:00,2018/11/17 10:00:00,2018/11/17 15:00:00,11.800343921761343,11.800343921761343,10.679839620240118,0.0,0.0,0.0,0.23977021629156023,0.04903622194961379,0.0,0.005248566652813857,0.2678407223394236,0.0,0.0,0.0,0.0,0.0,0.0,0.5586085742878149,0.0,0.0,0.0,0.0,0.0,0.0,0.0,0.0,0.0,0.0,0.0,0.0,0.0,0.0,0.0,0.0,0.0,0.0,0.040264412569140075,0.040264412569140075
2018/11/17 11:00:00,2018/11/17 11:00:00,2018/11/17 16:00:00,11.62152471971706,11.62152471971706,11.071643290440647,0.0,0.0,0.0,0.2330133774859433,0.04765435787794319,0.0,0.005100659546659875,0.2641130343658663,0.0,0.0,0.0,0.0,0.0,0.0,0.0,0.0,0.0,0.0,0.0,0.0,0.0,0.0,0.0,0.0,0.0,0.0,0.0,0.0,0.0,0.0,0.0,0.0,0.0,0.03965425661316682,0.03965425661316682
2018/11/17 12:00:00,2018/11/17 12:00:00,2018/11/17 17:00:00,11.623491294428439,11.623491294428439,11.066843435064714,0.0,0.0,0.0,0.22365196052793865,0.045739822674966235,0.0,0.004895738261486062,0.2823603378993346,0.0,0.0,0.0,0.0,0.0,0.0,0.0,0.0,0.0,0.0,0.0,0.0,0.0,0.0,0.0,0.0,0.0,0.0,0.0,0.0,0.0,0.0,0.0,0.0,0.0,0.03966096683924599,0.03966096683924599
2018/11/17 13:00:00,2018/11/17 13:00:00,2018/11/17 18:00:00,11.609752874246446,11.609752874246446,11.054965966286055,0.0,0.0,0.0,0.21689512172232184,0.04435795860329565,0.0,0.00474783115533208,0.2887859964794398,0.0,0.0,0.0,0.0,0.0,0.0,0.0,0.0,0.0,0.0,0.0,0.0,0.0,0.0,0.0,0.0,0.0,0.0,0.0,0.0,0.0,0.0,0.0,0.0,0.0,0.03961408944127153,0.03961408944127153
2018/11/17 14:00:00,2018/11/17 14:00:00,2018/11/17 19:00:00,12.268938670490353,12.268938670490353,10.644202478732382,0.0,0.0,0.0,0.21490682280316895,0.043951324832805984,0.0,0.004704307320035531,0.2980127568655787,0.0,0.0,0.0,0.0,0.0,0.0,1.0631609799363837,0.0,0.0,0.0,0.0,0.0,0.0,0.0,0.0,0.0,0.0,0.0,0.0,0.0,0.0,0.0,0.0,0.0,0.0,0.04186332294121516,0.04186332294121516
2018/11/17 15:00:00,2018/11/17 15:00:00,2018/11/17 20:00:00,11.400465787205444,11.400465787205444,10.371023781461119,0.0,0.0,0.0,0.21778688040361655,0.044540335202432085,0.0,0.004767351740287925,0.333477646565506,0.0,0.0,0.0,0.0,0.0,0.0,0.42886979183248447,0.0,0.0,0.0,0.0,0.0,0.0,0.0,0.0,0.0,0.0,0.0,0.0,0.0,0.0,0.0,0.0,0.0,0.0,0.03889997282959615,0.03889997282959615
2018/11/17 16:00:00,2018/11/17 16:00:00,2018/11/17 21:00:00,10.60246452507624,10.60246452507624,9.994519938003632,0.0,0.0,0.0,0.23530150546679274,0.0481223107090055,0.0,0.00515074663588806,0.3193700242609222,0.0,0.0,0.0,0.0,0.0,0.0,0.0,0.0,0.0,0.0,0.0,0.0,0.0,0.0,0.0,0.0,0.0,0.0,0.0,0.0,0.0,0.0,0.0,0.0,0.0,0.03617708167810937,0.03617708167810937
2018/11/17 17:00:00,2018/11/17 17:00:00,2018/11/17 22:00:00,10.562134962991477,10.562134962991477,9.776350092575266,0.0,0.0,0.0,0.2828605491534366,0.05784877239386212,0.0,0.006191813431398235,0.4388837354375153,0.0,0.0,0.0,0.0,0.0,0.0,0.0,0.0,0.0,0.0,0.0,0.0,0.0,0.0,0.0,0.0,0.0,0.0,0.0,0.0,0.0,0.0,0.0,0.0,0.0,0.03603947161036219,0.03603947161036219
2018/11/17 18:00:00,2018/11/17 18:00:00,2018/11/17 23:00:00,10.585381313652823,10.585381313652823,9.50969794852309,0.0,0.0,0.0,0.3722679450615316,0.07613378284051057,0.0,0.008148940066791236,0.619132697160899,0.0,0.0,0.0,0.0,0.0,0.0,0.0,0.0,0.0,0.0,0.0,0.0,0.0,0.0,0.0,0.0,0.0,0.0,0.0,0.0,0.0,0.0,0.0,0.0,0.0,0.036118791387816235,0.036118791387816235
2018/11/17 19:00:00,2018/11/17 19:00:00,2018/11/18 00:00:00,11.327689508354592,11.327689508354592,8.810889549306111,0.0,0.0,0.0,0.46923765500408443,0.09596538783581401,0.0,0.01027160564973683,0.636474181127529,0.0,0.0,0.0,0.0,0.0,0.0,1.3048511294313152,0.0,0.0,0.0,0.0,0.0,0.0,0.0,0.0,0.0,0.0,0.0,0.0,0.0,0.0,0.0,0.0,0.0,0.0,0.03865165005728324,0.03865165005728324
2018/11/17 20:00:00,2018/11/17 20:00:00,2018/11/18 01:00:00,11.841197429800083,11.841197429800083,8.91734626005305,0.0,0.0,0.0,0.5020745388118183,0.10268097056095002,0.0,0.01099040457314449,0.9892843849702656,0.0,0.0,0.0,0.0,0.0,0.0,1.3188208708308526,0.0,0.0,0.0,0.0,0.0,0.0,0.0,0.0,0.0,0.0,0.0,0.0,0.0,0.0,0.0,0.0,0.0,0.0,0.04040381041326011,0.04040381041326011
2018/11/17 21:00:00,2018/11/17 21:00:00,2018/11/18 02:00:00,11.435555933848692,11.435555933848692,9.345441558197217,0.0,0.0,0.0,0.4414642683633875,0.09028535812791409,0.0,0.009663646607898157,0.5623114676703773,0.0,0.0,0.0,0.0,0.0,0.0,0.9863896348818965,0.0,0.0,0.0,0.0,0.0,0.0,0.0,0.0,0.0,0.0,0.0,0.0,0.0,0.0,0.0,0.0,0.0,0.0,0.03901970528408417,0.03901970528408417
2018/11/17 22:00:00,2018/11/17 22:00:00,2018/11/18 03:00:00,10.496023696248864,10.496023696248864,9.54584977039923,0.0,0.0,0.0,0.33975371121871306,0.06948418635643629,0.0,0.007437203946564799,0.5334988243279194,0.0,0.0,0.0,0.0,0.0,0.0,0.0,0.0,0.0,0.0,0.0,0.0,0.0,0.0,0.0,0.0,0.0,0.0,0.0,0.0,0.0,0.0,0.0,0.0,0.0,0.035813890785155546,0.035813890785155546
2018/11/17 23:00:00,2018/11/17 23:00:00,2018/11/18 04:00:00,10.60013369657281,10.60013369657281,9.785977131929016,0.0,0.0,0.0,0.2937686202278071,0.06007961908749219,0.0,0.006430590953364709,0.4538777343751317,0.0,0.0,0.0,0.0,0.0,0.0,0.0,0.0,0.0,0.0,0.0,0.0,0.0,0.0,0.0,0.0,0.0,0.0,0.0,0.0,0.0,0.0,0.0,0.0,0.0,0.03616912856749562,0.03616912856749562
2018/11/18 00:00:00,2018/11/18 00:00:00,2018/11/18 05:00:00,10.492996522667296,10.492996522667296,9.947049405997223,0.0,0.0,0.0,0.13094360677997474,0.026779722120023,0.0,0.002866353705536267,0.38535743406453843,0.0,0.0,0.0,0.0,0.0,0.0,0.0,0.0,0.0,0.0,0.0,0.0,0.0,0.0,0.0,0.0,0.0,0.0,0.0,0.0,0.0,0.0,0.0,0.0,0.0,0.03580356164841048,0.03580356164841048
2018/11/18 01:00:00,2018/11/18 01:00:00,2018/11/18 06:00:00,10.96080272434863,10.96080272434863,10.54169458343739,0.0,0.0,0.0,0.06501908921459039,0.013297274945155983,0.0,0.0014232669458539432,0.3393685098056406,0.0,0.0,0.0,0.0,0.0,0.0,0.0,0.0,0.0,0.0,0.0,0.0,0.0,0.0,0.0,0.0,0.0,0.0,0.0,0.0,0.0,0.0,0.0,0.0,0.0,0.03739978138842702,0.03739978138842702
2018/11/18 02:00:00,2018/11/18 02:00:00,2018/11/18 07:00:00,10.970893531354893,10.970893531354893,10.599049369245256,0.0,0.0,0.0,0.03901145352875434,0.00797836496709361,0.0,0.0008539601675123682,0.3240003834462767,0.0,0.0,0.0,0.0,0.0,0.0,0.0,0.0,0.0,0.0,0.0,0.0,0.0,0.0,0.0,0.0,0.0,0.0,0.0,0.0,0.0,0.0,0.0,0.0,0.0,0.03743421262357995,0.03743421262357995
2018/11/18 03:00:00,2018/11/18 03:00:00,2018/11/18 08:00:00,10.241097002786201,10.241097002786201,9.915867237068424,0.0,0.0,0.0,0.026007635685836267,0.005318909978062415,0.0,0.0005693067783415797,0.2933339132755372,0.0,0.0,0.0,0.0,0.0,0.0,0.0,0.0,0.0,0.0,0.0,0.0,0.0,0.0,0.0,0.0,0.0,0.0,0.0,0.0,0.0,0.0,0.0,0.0,0.0,0.03494404549687218,0.03494404549687218
2018/11/18 04:00:00,2018/11/18 04:00:00,2018/11/18 09:00:00,10.314058321072247,10.314058321072247,10.001428760448517,0.0,0.0,0.0,0.026007635685836267,0.005318909978062415,0.0,0.0005693067783415797,0.2807337081814895,0.0,0.0,0.0,0.0,0.0,0.0,0.0,0.0,0.0,0.0,0.0,0.0,0.0,0.0,0.0,0.0,0.0,0.0,0.0,0.0,0.0,0.0,0.0,0.0,0.0,0.03519299964944057,0.03519299964944057
2018/11/18 05:00:00,2018/11/18 05:00:00,2018/11/18 10:00:00,10.457192457272232,10.457192457272232,10.157598571688569,0.0,0.0,0.0,0.028359609659443317,0.005799920170125916,0.0,0.0006207914554507214,0.2648135642986422,0.0,0.0,0.0,0.0,0.0,0.0,0.0,0.0,0.0,0.0,0.0,0.0,0.0,0.0,0.0,0.0,0.0,0.0,0.0,0.0,0.0,0.0,0.0,0.0,0.0,0.0356813932039755,0.0356813932039755
2018/11/18 06:00:00,2018/11/18 06:00:00,2018/11/18 11:00:00,11.032122723917109,11.032122723917109,10.243876770469683,0.0,0.0,0.0,0.07657075757208723,0.01565974590684433,0.0,0.001676132803270518,0.2898985196675431,0.0,0.0,0.0,0.0,0.0,0.0,0.40444079749768214,0.0,0.0,0.0,0.0,0.0,0.0,0.0,0.0,0.0,0.0,0.0,0.0,0.0,0.0,0.0,0.0,0.0,0.0,0.03764313513354629,0.03764313513354629
2018/11/18 07:00:00,2018/11/18 07:00:00,2018/11/18 12:00:00,10.930022575236293,10.930022575236293,10.316320225041213,0.0,0.0,0.0,0.1797670016564363,0.03676476056443332,0.0,0.0039350971307586715,0.35778028410560686,0.0,0.0,0.0,0.0,0.0,0.0,0.03545520673784532,0.0,0.0,0.0,0.0,0.0,0.0,0.0,0.0,0.0,0.0,0.0,0.0,0.0,0.0,0.0,0.0,0.0,0.0,0.03729475524418784,0.03729475524418784
2018/11/18 08:00:00,2018/11/18 08:00:00,2018/11/18 13:00:00,11.767854016286904,11.767854016286904,9.759080990834736,0.0,0.0,0.0,0.22749050639997065,0.04652485673906303,0.0,0.004979763976484562,0.4109570275057973,0.0,0.0,0.0,0.0,0.0,0.0,1.3188208708308526,0.0,0.0,0.0,0.0,0.0,0.0,0.0,0.0,0.0,0.0,0.0,0.0,0.0,0.0,0.0,0.0,0.0,0.0,0.04015355249870241,0.04015355249870241
2018/11/18 09:00:00,2018/11/18 09:00:00,2018/11/18 14:00:00,11.893719131013233,11.893719131013233,9.948659805946596,0.0,0.0,0.0,0.23738819960796062,0.04854906762080994,0.0,0.005196424341206713,0.33510476266580536,0.0,0.0,0.0,0.0,0.0,0.0,1.3188208708308526,0.0,0.0,0.0,0.0,0.0,0.0,0.0,0.0,0.0,0.0,0.0,0.0,0.0,0.0,0.0,0.0,0.0,0.0,0.04058302175324313,0.04058302175324313
2018/11/18 10:00:00,2018/11/18 10:00:00,2018/11/18 15:00:00,11.866222605003985,11.866222605003985,9.985506006939723,0.0,0.0,0.0,0.23977021629156023,0.04903622194961379,0.0,0.005248566652813857,0.2678407223394236,0.0,0.0,0.0,0.0,0.0,0.0,1.3188208708308526,0.0,0.0,0.0,0.0,0.0,0.0,0.0,0.0,0.0,0.0,0.0,0.0,0.0,0.0,0.0,0.0,0.0,0.0,0.04048919978713817,0.04048919978713817
2018/11/18 11:00:00,2018/11/18 11:00:00,2018/11/18 16:00:00,11.620401003018145,11.620401003018145,9.807936452804011,0.0,0.0,0.0,0.2330133774859433,0.04765435787794319,0.0,0.005100659546659875,0.29845007803403356,0.0,0.0,0.0,0.0,0.0,0.0,1.2282460772695556,0.0,0.0,0.0,0.0,0.0,0.0,0.0,0.0,0.0,0.0,0.0,0.0,0.0,0.0,0.0,0.0,0.0,0.0,0.03965042233570204,0.03965042233570204
2018/11/18 12:00:00,2018/11/18 12:00:00,2018/11/18 17:00:00,11.03026482701076,11.03026482701076,9.699554653888733,0.0,0.0,0.0,0.22365196052793865,0.045739822674966235,0.0,0.004895738261486062,1.056422651657636,0.0,0.0,0.0,0.0,0.0,0.0,0.0,0.0,0.0,0.0,0.0,0.0,0.0,0.0,0.0,0.0,0.0,0.0,0.0,0.0,0.0,0.0,0.0,0.0,0.0,0.0376367957312336,0.0376367957312336
2018/11/18 13:00:00,2018/11/18 13:00:00,2018/11/18 18:00:00,10.113129345800546,10.113129345800546,9.558342437840157,0.0,0.0,0.0,0.21689512172232184,0.04435795860329565,0.0,0.00474783115533208,0.2887859964794398,0.0,0.0,0.0,0.0,0.0,0.0,0.0,0.0,0.0,0.0,0.0,0.0,0.0,0.0,0.0,0.0,0.0,0.0,0.0,0.0,0.0,0.0,0.0,0.0,0.0,0.034507402076092326,0.034507402076092326
2018/11/18 14:00:00,2018/11/18 14:00:00,2018/11/18 19:00:00,10.306550935579045,10.306550935579045,9.328683811673484,0.0,0.0,0.0,0.21490682280316895,0.043951324832805984,0.0,0.004704307320035531,0.2980127568655787,0.0,0.0,0.0,0.0,0.0,0.0,0.41629191208397365,0.0,0.0,0.0,0.0,0.0,0.0,0.0,0.0,0.0,0.0,0.0,0.0,0.0,0.0,0.0,0.0,0.0,0.0,0.03516738340733627,0.03516738340733627
2018/11/18 15:00:00,2018/11/18 15:00:00,2018/11/18 20:00:00,10.54041742682205,10.54041742682205,9.939845212910207,0.0,0.0,0.0,0.21778688040361655,0.044540335202432085,0.0,0.004767351740287925,0.333477646565506,0.0,0.0,0.0,0.0,0.0,0.0,0.0,0.0,0.0,0.0,0.0,0.0,0.0,0.0,0.0,0.0,0.0,0.0,0.0,0.0,0.0,0.0,0.0,0.0,0.0,0.03596536836031212,0.03596536836031212
2018/11/18 16:00:00,2018/11/18 16:00:00,2018/11/18 21:00:00,10.61719075992082,10.61719075992082,9.978799961974673,0.0,0.0,0.0,0.23530150546679274,0.0481223107090055,0.0,0.00515074663588806,0.34981623513446336,0.0,0.0,0.0,0.0,0.0,0.0,0.0,0.0,0.0,0.0,0.0,0.0,0.0,0.0,0.0,0.0,0.0,0.0,0.0,0.0,0.0,0.0,0.0,0.0,0.0,0.03622732963692341,0.03622732963692341
2018/11/18 17:00:00,2018/11/18 17:00:00,2018/11/18 22:00:00,11.17319931225094,11.17319931225094,9.701063436730728,0.0,0.0,0.0,0.2828605491534366,0.05784877239386212,0.0,0.006191813431398235,1.1252347405415153,0.0,0.0,0.0,0.0,0.0,0.0,0.0,0.0,0.0,0.0,0.0,0.0,0.0,0.0,0.0,0.0,0.0,0.0,0.0,0.0,0.0,0.0,0.0,0.0,0.0,0.03812450804896148,0.03812450804896148
2018/11/18 18:00:00,2018/11/18 18:00:00,2018/11/18 23:00:00,10.833604460364786,10.833604460364786,9.757921095235051,0.0,0.0,0.0,0.3722679450615316,0.07613378284051057,0.0,0.008148940066791236,0.619132697160899,0.0,0.0,0.0,0.0,0.0,0.0,0.0,0.0,0.0,0.0,0.0,0.0,0.0,0.0,0.0,0.0,0.0,0.0,0.0,0.0,0.0,0.0,0.0,0.0,0.0,0.03696576324344066,0.03696576324344066
2018/11/18 19:00:00,2018/11/18 19:00:00,2018/11/19 00:00:00,11.696780916239762,11.696780916239762,9.7108089125551,0.0,0.0,0.0,0.46923765500408443,0.09596538783581401,0.0,0.01027160564973683,0.636474181127529,0.0,0.0,0.0,0.0,0.0,0.0,0.7740231740674967,0.0,0.0,0.0,0.0,0.0,0.0,0.0,0.0,0.0,0.0,0.0,0.0,0.0,0.0,0.0,0.0,0.0,0.0,0.039911041209045116,0.039911041209045116
2018/11/18 20:00:00,2018/11/18 20:00:00,2018/11/19 01:00:00,11.658545288734281,11.658545288734281,10.160935639677025,0.0,0.0,0.0,0.5020745388118183,0.10268097056095002,0.0,0.01099040457314449,0.5750596987912638,0.0,0.0,0.0,0.0,0.0,0.0,0.3068040363200786,0.0,0.0,0.0,0.0,0.0,0.0,0.0,0.0,0.0,0.0,0.0,0.0,0.0,0.0,0.0,0.0,0.0,0.0,0.03978057593693711,0.03978057593693711
2018/11/18 21:00:00,2018/11/18 21:00:00,2018/11/19 02:00:00,11.525703964609196,11.525703964609196,10.383687564966671,0.0,0.0,0.0,0.4414642683633875,0.09028535812791409,0.0,0.009663646607898157,0.6006031265433261,0.0,0.0,0.0,0.0,0.0,0.0,0.0,0.0,0.0,0.0,0.0,0.0,0.0,0.0,0.0,0.0,0.0,0.0,0.0,0.0,0.0,0.0,0.0,0.0,0.0,0.039327302886908506,0.039327302886908506
2018/11/18 22:00:00,2018/11/18 22:00:00,2018/11/19 03:00:00,12.369788613961656,12.369788613961656,10.55640321448371,0.0,0.0,0.0,0.33975371121871306,0.06948418635643629,0.0,0.007437203946564799,1.3967102979562291,0.0,0.0,0.0,0.0,0.0,0.0,0.0,0.0,0.0,0.0,0.0,0.0,0.0,0.0,0.0,0.0,0.0,0.0,0.0,0.0,0.0,0.0,0.0,0.0,0.0,0.04220743695674098,0.04220743695674098
2018/11/18 23:00:00,2018/11/18 23:00:00,2018/11/19 04:00:00,12.366671626930568,12.366671626930568,10.750604759658515,0.0,0.0,0.0,0.2937686202278071,0.06007961908749219,0.0,0.006430590953364709,0.4538777343751317,0.0,0.0,0.0,0.0,0.0,0.0,0.8019103026282591,0.0,0.0,0.0,0.0,0.0,0.0,0.0,0.0,0.0,0.0,0.0,0.0,0.0,0.0,0.0,0.0,0.0,0.0,0.042196801364030756,0.042196801364030756
2018/11/19 00:00:00,2018/11/19 00:00:00,2018/11/19 05:00:00,11.92009840938559,11.92009840938559,10.964095985291106,0.0,0.0,0.0,0.13094360677997474,0.026779722120023,0.0,0.002866353705536267,0.38535743406453843,0.0,0.0,0.0,0.0,0.0,0.0,0.41005530742441265,0.0,0.0,0.0,0.0,0.0,0.0,0.0,0.0,0.0,0.0,0.0,0.0,0.0,0.0,0.0,0.0,0.0,0.0,0.04067303151522152,0.04067303151522152
2018/11/19 01:00:00,2018/11/19 01:00:00,2018/11/19 06:00:00,12.250788122928537,12.250788122928537,11.648838330488529,0.0,0.0,0.0,0.06501908921459039,0.013297274945155983,0.0,0.0014232669458539432,0.3393685098056406,0.0,0.0,0.0,0.0,0.0,0.0,0.18284165152876725,0.0,0.0,0.0,0.0,0.0,0.0,0.0,0.0,0.0,0.0,0.0,0.0,0.0,0.0,0.0,0.0,0.0,0.0,0.04180139075176117,0.04180139075176117
2018/11/19 02:00:00,2018/11/19 02:00:00,2018/11/19 07:00:00,12.167066401975422,12.167066401975422,11.795222239865785,0.0,0.0,0.0,0.03901145352875434,0.00797836496709361,0.0,0.0008539601675123682,0.3240003834462767,0.0,0.0,0.0,0.0,0.0,0.0,0.0,0.0,0.0,0.0,0.0,0.0,0.0,0.0,0.0,0.0,0.0,0.0,0.0,0.0,0.0,0.0,0.0,0.0,0.0,0.041515720610636034,0.041515720610636034
2018/11/19 03:00:00,2018/11/19 03:00:00,2018/11/19 08:00:00,11.659340803241873,11.659340803241873,11.334111037524096,0.0,0.0,0.0,0.026007635685836267,0.005318909978062415,0.0,0.0005693067783415797,0.2933339132755372,0.0,0.0,0.0,0.0,0.0,0.0,0.0,0.0,0.0,0.0,0.0,0.0,0.0,0.0,0.0,0.0,0.0,0.0,0.0,0.0,0.0,0.0,0.0,0.0,0.0,0.0397832903429367,0.0397832903429367
2018/11/19 04:00:00,2018/11/19 04:00:00,2018/11/19 09:00:00,11.409227598113725,11.409227598113725,11.096598037489995,0.0,0.0,0.0,0.026007635685836267,0.005318909978062415,0.0,0.0005693067783415797,0.2807337081814895,0.0,0.0,0.0,0.0,0.0,0.0,0.0,0.0,0.0,0.0,0.0,0.0,0.0,0.0,0.0,0.0,0.0,0.0,0.0,0.0,0.0,0.0,0.0,0.0,0.0,0.03892986934546067,0.03892986934546067
2018/11/19 05:00:00,2018/11/19 05:00:00,2018/11/19 10:00:00,11.274246438772739,11.274246438772739,10.974652553189076,0.0,0.0,0.0,0.028359609659443317,0.005799920170125916,0.0,0.0006207914554507214,0.2648135642986422,0.0,0.0,0.0,0.0,0.0,0.0,0.0,0.0,0.0,0.0,0.0,0.0,0.0,0.0,0.0,0.0,0.0,0.0,0.0,0.0,0.0,0.0,0.0,0.0,0.0,0.03846929488044499,0.03846929488044499
2018/11/19 06:00:00,2018/11/19 06:00:00,2018/11/19 11:00:00,11.592591296770255,11.592591296770255,10.781405786577272,0.0,0.0,0.0,0.07657075757208723,0.01565974590684433,0.0,0.001676132803270518,0.2898985196675431,0.0,0.0,0.0,0.0,0.0,0.0,0.4273803542432394,0.0,0.0,0.0,0.0,0.0,0.0,0.0,0.0,0.0,0.0,0.0,0.0,0.0,0.0,0.0,0.0,0.0,0.0,0.03955553175512102,0.03955553175512102
2018/11/19 07:00:00,2018/11/19 07:00:00,2018/11/19 12:00:00,11.087424963923425,11.087424963923425,10.509177820466189,0.0,0.0,0.0,0.1797670016564363,0.03676476056443332,0.0,0.0039350971307586715,0.35778028410560686,0.0,0.0,0.0,0.0,0.0,0.0,0.0,0.0,0.0,0.0,0.0,0.0,0.0,0.0,0.0,0.0,0.0,0.0,0.0,0.0,0.0,0.0,0.0,0.0,0.0,0.037831834058117936,0.037831834058117936
2018/11/19 08:00:00,2018/11/19 08:00:00,2018/11/19 13:00:00,11.580399896211643,11.580399896211643,10.563633892532636,0.0,0.0,0.0,0.22749050639997065,0.04652485673906303,0.0,0.004979763976484562,0.4109570275057973,0.0,0.0,0.0,0.0,0.0,0.0,0.3268138490576935,0.0,0.0,0.0,0.0,0.0,0.0,0.0,0.0,0.0,0.0,0.0,0.0,0.0,0.0,0.0,0.0,0.0,0.0,0.03951393300298784,0.03951393300298784
2018/11/19 09:00:00,2018/11/19 09:00:00,2018/11/19 14:00:00,12.212127556836377,12.212127556836377,10.193908009143996,0.0,0.0,0.0,0.23738819960796062,0.04854906762080994,0.0,0.005196424341206713,0.4082649852915502,0.0,0.0,0.0,0.0,0.0,0.0,1.3188208708308526,0.0,0.0,0.0,0.0,0.0,0.0,0.0,0.0,0.0,0.0,0.0,0.0,0.0,0.0,0.0,0.0,0.0,0.0,0.041669475530169996,0.041669475530169996
2018/11/19 10:00:00,2018/11/19 10:00:00,2018/11/19 15:00:00,13.804942358953577,13.804942358953577,10.258683681544882,0.0,0.0,0.0,0.23977021629156023,0.04903622194961379,0.0,0.005248566652813857,1.9333828016838543,0.0,0.0,0.0,0.0,0.0,0.0,1.3188208708308526,0.0,0.0,0.0,0.0,0.0,0.0,0.0,0.0,0.0,0.0,0.0,0.0,0.0,0.0,0.0,0.0,0.0,0.0,0.047104380882412256,0.047104380882412256
2018/11/19 11:00:00,2018/11/19 11:00:00,2018/11/19 16:00:00,11.955335146826785,11.955335146826785,9.71651534674191,0.0,0.0,0.0,0.2330133774859433,0.04765435787794319,0.0,0.005100659546659875,0.6342305343434759,0.0,0.0,0.0,0.0,0.0,0.0,1.3188208708308526,0.0,0.0,0.0,0.0,0.0,0.0,0.0,0.0,0.0,0.0,0.0,0.0,0.0,0.0,0.0,0.0,0.0,0.0,0.0407932641578741,0.0407932641578741
2018/11/19 12:00:00,2018/11/19 12:00:00,2018/11/19 17:00:00,11.05942598785228,11.05942598785228,9.07975409587848,0.0,0.0,0.0,0.22365196052793865,0.045739822674966235,0.0,0.004895738261486062,0.38656349967855747,0.0,0.0,0.0,0.0,0.0,0.0,1.3188208708308526,0.0,0.0,0.0,0.0,0.0,0.0,0.0,0.0,0.0,0.0,0.0,0.0,0.0,0.0,0.0,0.0,0.0,0.0,0.03773629766260975,0.03773629766260975
2018/11/19 13:00:00,2018/11/19 13:00:00,2018/11/19 18:00:00,10.717908966109794,10.717908966109794,8.51662188935728,0.0,0.0,0.0,0.21689512172232184,0.04435795860329565,0.0,0.00474783115533208,1.1251575807478968,0.0,0.0,0.0,0.0,0.0,0.0,0.8101285845236682,0.0,0.0,0.0,0.0,0.0,0.0,0.0,0.0,0.0,0.0,0.0,0.0,0.0,0.0,0.0,0.0,0.0,0.0,0.03657099414654317,0.03657099414654317
2018/11/19 14:00:00,2018/11/19 14:00:00,2018/11/19 19:00:00,8.268988323791278,8.268988323791278,7.7074131119696885,0.0,0.0,0.0,0.21490682280316895,0.043951324832805984,0.0,0.004704307320035531,0.2980127568655787,0.0,0.0,0.0,0.0,0.0,0.0,0.0,0.0,0.0,0.0,0.0,0.0,0.0,0.0,0.0,0.0,0.0,0.0,0.0,0.0,0.0,0.0,0.0,0.0,0.0,0.02821493675150765,0.02821493675150765
2018/11/19 15:00:00,2018/11/19 15:00:00,2018/11/19 20:00:00,7.693235551290942,7.693235551290942,7.0926633373791,0.0,0.0,0.0,0.21778688040361655,0.044540335202432085,0.0,0.004767351740287925,0.333477646565506,0.0,0.0,0.0,0.0,0.0,0.0,0.0,0.0,0.0,0.0,0.0,0.0,0.0,0.0,0.0,0.0,0.0,0.0,0.0,0.0,0.0,0.0,0.0,0.0,0.0,0.02625038831770916,0.02625038831770916
2018/11/19 16:00:00,2018/11/19 16:00:00,2018/11/19 21:00:00,8.047177159382427,8.047177159382427,7.03465694186025,0.0,0.0,0.0,0.23530150546679274,0.0481223107090055,0.0,0.00515074663588806,0.3193700242609222,0.0,0.0,0.0,0.0,0.0,0.0,0.4045756304495675,0.0,0.0,0.0,0.0,0.0,0.0,0.0,0.0,0.0,0.0,0.0,0.0,0.0,0.0,0.0,0.0,0.0,0.0,0.027458086248216027,0.027458086248216027
2018/11/19 17:00:00,2018/11/19 17:00:00,2018/11/19 22:00:00,7.7547604382792965,7.7547604382792965,6.968975567863085,0.0,0.0,0.0,0.2828605491534366,0.05784877239386212,0.0,0.006191813431398235,0.4388837354375153,0.0,0.0,0.0,0.0,0.0,0.0,0.0,0.0,0.0,0.0,0.0,0.0,0.0,0.0,0.0,0.0,0.0,0.0,0.0,0.0,0.0,0.0,0.0,0.0,0.0,0.02646031977813045,0.02646031977813045
2018/11/19 18:00:00,2018/11/19 18:00:00,2018/11/19 23:00:00,8.341213745818987,8.341213745818987,6.761920141272113,0.0,0.0,0.0,0.3722679450615316,0.07613378284051057,0.0,0.008148940066791236,0.619132697160899,0.0,0.0,0.0,0.0,0.0,0.0,0.5036102394171416,0.0,0.0,0.0,0.0,0.0,0.0,0.0,0.0,0.0,0.0,0.0,0.0,0.0,0.0,0.0,0.0,0.0,0.0,0.028461379923824092,0.028461379923824092
2018/11/19 19:00:00,2018/11/19 19:00:00,2018/11/20 00:00:00,8.075573484653725,8.075573484653725,6.6790414681232235,0.0,0.0,0.0,0.46923765500408443,0.09596538783581401,0.0,0.01027160564973683,0.636474181127529,0.0,0.0,0.0,0.0,0.0,0.0,0.18458318691333905,0.0,0.0,0.0,0.0,0.0,0.0,0.0,0.0,0.0,0.0,0.0,0.0,0.0,0.0,0.0,0.0,0.0,0.0,0.027554978454388306,0.027554978454388306
2018/11/19 20:00:00,2018/11/19 20:00:00,2018/11/20 01:00:00,8.869800861200543,8.869800861200543,6.463628970784374,0.0,0.0,0.0,0.5020745388118183,0.10268097056095002,0.0,0.01099040457314449,0.5750596987912638,0.0,0.0,0.0,0.0,0.0,0.0,1.215366277678991,0.0,0.0,0.0,0.0,0.0,0.0,0.0,0.0,0.0,0.0,0.0,0.0,0.0,0.0,0.0,0.0,0.0,0.0,0.03026499258406238,0.03026499258406238
2018/11/19 21:00:00,2018/11/19 21:00:00,2018/11/20 02:00:00,7.9895451709993095,7.9895451709993095,6.468824684711919,0.0,0.0,0.0,0.4414642683633875,0.09028535812791409,0.0,0.009663646607898157,0.5623114676703773,0.0,0.0,0.0,0.0,0.0,0.0,0.41699574551781343,0.0,0.0,0.0,0.0,0.0,0.0,0.0,0.0,0.0,0.0,0.0,0.0,0.0,0.0,0.0,0.0,0.0,0.0,0.027261437898572726,0.027261437898572726
2018/11/19 22:00:00,2018/11/19 22:00:00,2018/11/20 03:00:00,7.833202494211675,7.833202494211675,6.604319089805971,0.0,0.0,0.0,0.33975371121871306,0.06948418635643629,0.0,0.007437203946564799,0.5334988243279194,0.0,0.0,0.0,0.0,0.0,0.0,0.2787094785560703,0.0,0.0,0.0,0.0,0.0,0.0,0.0,0.0,0.0,0.0,0.0,0.0,0.0,0.0,0.0,0.0,0.0,0.0,0.026727974968841314,0.026727974968841314
2018/11/19 23:00:00,2018/11/19 23:00:00,2018/11/20 04:00:00,7.666166416580715,7.666166416580715,6.607315363381496,0.0,0.0,0.0,0.2937686202278071,0.06007961908749219,0.0,0.006430590953364709,0.4538777343751317,0.0,0.0,0.0,0.0,0.0,0.0,0.24469448855542367,0.0,0.0,0.0,0.0,0.0,0.0,0.0,0.0,0.0,0.0,0.0,0.0,0.0,0.0,0.0,0.0,0.0,0.0,0.026158024670082568,0.026158024670082568
2018/11/20 00:00:00,2018/11/20 00:00:00,2018/11/20 05:00:00,7.181492071469264,7.181492071469264,6.635544954799191,0.0,0.0,0.0,0.13094360677997474,0.026779722120023,0.0,0.002866353705536267,0.38535743406453843,0.0,0.0,0.0,0.0,0.0,0.0,0.0,0.0,0.0,0.0,0.0,0.0,0.0,0.0,0.0,0.0,0.0,0.0,0.0,0.0,0.0,0.0,0.0,0.0,0.0,0.024504248481639714,0.024504248481639714
2018/11/20 01:00:00,2018/11/20 01:00:00,2018/11/20 06:00:00,7.247893615461944,7.247893615461944,6.828785474550703,0.0,0.0,0.0,0.06501908921459039,0.013297274945155983,0.0,0.0014232669458539432,0.3393685098056406,0.0,0.0,0.0,0.0,0.0,0.0,0.0,0.0,0.0,0.0,0.0,0.0,0.0,0.0,0.0,0.0,0.0,0.0,0.0,0.0,0.0,0.0,0.0,0.0,0.0,0.02473081977314408,0.02473081977314408
2018/11/20 02:00:00,2018/11/20 02:00:00,2018/11/20 07:00:00,7.084286434148566,7.084286434148566,6.7124422720389285,0.0,0.0,0.0,0.03901145352875434,0.00797836496709361,0.0,0.0008539601675123682,0.3240003834462767,0.0,0.0,0.0,0.0,0.0,0.0,0.0,0.0,0.0,0.0,0.0,0.0,0.0,0.0,0.0,0.0,0.0,0.0,0.0,0.0,0.0,0.0,0.0,0.0,0.0,0.024172569344906334,0.024172569344906334
2018/11/20 03:00:00,2018/11/20 03:00:00,2018/11/20 08:00:00,6.769347521969155,6.769347521969155,6.444117756251377,0.0,0.0,0.0,0.026007635685836267,0.005318909978062415,0.0,0.0005693067783415797,0.2933339132755372,0.0,0.0,0.0,0.0,0.0,0.0,0.0,0.0,0.0,0.0,0.0,0.0,0.0,0.0,0.0,0.0,0.0,0.0,0.0,0.0,0.0,0.0,0.0,0.0,0.0,0.02309795403045919,0.02309795403045919
2018/11/20 04:00:00,2018/11/20 04:00:00,2018/11/20 09:00:00,6.659072861655937,6.659072861655937,6.346443301032208,0.0,0.0,0.0,0.026007635685836267,0.005318909978062415,0.0,0.0005693067783415797,0.2807337081814895,0.0,0.0,0.0,0.0,0.0,0.0,0.0,0.0,0.0,0.0,0.0,0.0,0.0,0.0,0.0,0.0,0.0,0.0,0.0,0.0,0.0,0.0,0.0,0.0,0.0,0.02272168157194339,0.02272168157194339
2018/11/20 05:00:00,2018/11/20 05:00:00,2018/11/20 10:00:00,7.055009848870991,7.055009848870991,6.350962879668784,0.0,0.0,0.0,0.028359609659443317,0.005799920170125916,0.0,0.0006207914554507214,0.2648135642986422,0.0,0.0,0.0,0.0,0.0,0.0,0.404453083618544,0.0,0.0,0.0,0.0,0.0,0.0,0.0,0.0,0.0,0.0,0.0,0.0,0.0,0.0,0.0,0.0,0.0,0.0,0.024072673569321523,0.024072673569321523
2018/11/20 06:00:00,2018/11/20 06:00:00,2018/11/20 11:00:00,6.771488939171787,6.771488939171787,6.387683783222041,0.0,0.0,0.0,0.07657075757208723,0.01565974590684433,0.0,0.001676132803270518,0.2898985196675431,0.0,0.0,0.0,0.0,0.0,0.0,0.0,0.0,0.0,0.0,0.0,0.0,0.0,0.0,0.0,0.0,0.0,0.0,0.0,0.0,0.0,0.0,0.0,0.0,0.0,0.02310526084340474,0.02310526084340474
2018/11/20 07:00:00,2018/11/20 07:00:00,2018/11/20 12:00:00,6.882306728035447,6.882306728035447,6.304059584578212,0.0,0.0,0.0,0.1797670016564363,0.03676476056443332,0.0,0.0039350971307586715,0.35778028410560686,0.0,0.0,0.0,0.0,0.0,0.0,0.0,0.0,0.0,0.0,0.0,0.0,0.0,0.0,0.0,0.0,0.0,0.0,0.0,0.0,0.0,0.0,0.0,0.0,0.0,0.023483386531977065,0.023483386531977065
2018/11/20 08:00:00,2018/11/20 08:00:00,2018/11/20 13:00:00,7.252526009178148,7.252526009178148,5.8104069127377,0.0,0.0,0.0,0.22749050639997065,0.04652485673906303,0.0,0.004979763976484562,0.509014391321556,0.0,0.0,0.0,0.0,0.0,0.0,0.6541095780033731,0.0,0.0,0.0,0.0,0.0,0.0,0.0,0.0,0.0,0.0,0.0,0.0,0.0,0.0,0.0,0.0,0.0,0.0,0.024746626143959085,0.024746626143959085
2018/11/20 09:00:00,2018/11/20 09:00:00,2018/11/20 14:00:00,9.064462602450277,9.064462602450277,4.908889447195266,0.0,0.0,0.0,0.23738819960796062,0.04854906762080994,0.0,0.005196424341206713,2.5456185928541806,0.0,0.0,0.0,0.0,0.0,0.0,1.3188208708308526,0.0,0.0,0.0,0.0,0.0,0.0,0.0,0.0,0.0,0.0,0.0,0.0,0.0,0.0,0.0,0.0,0.0,0.0,0.03092920548438745,0.03092920548438745
2018/11/20 10:00:00,2018/11/20 10:00:00,2018/11/20 15:00:00,6.631342111829368,6.631342111829368,4.750625513765104,0.0,0.0,0.0,0.23977021629156023,0.04903622194961379,0.0,0.005248566652813857,0.2678407223394236,0.0,0.0,0.0,0.0,0.0,0.0,1.3188208708308526,0.0,0.0,0.0,0.0,0.0,0.0,0.0,0.0,0.0,0.0,0.0,0.0,0.0,0.0,0.0,0.0,0.0,0.0,0.022627060401639233,0.022627060401639233
2018/11/20 11:00:00,2018/11/20 11:00:00,2018/11/20 16:00:00,6.167702337546461,6.167702337546461,4.299000037439196,0.0,0.0,0.0,0.2330133774859433,0.04765435787794319,0.0,0.005100659546659875,0.2641130343658663,0.0,0.0,0.0,0.0,0.0,0.0,1.3188208708308526,0.0,0.0,0.0,0.0,0.0,0.0,0.0,0.0,0.0,0.0,0.0,0.0,0.0,0.0,0.0,0.0,0.0,0.0,0.021045057090637132,0.021045057090637132
2018/11/20 12:00:00,2018/11/20 12:00:00,2018/11/20 17:00:00,5.577509629930794,5.577509629930794,4.059904465668342,0.0,0.0,0.0,0.22365196052793865,0.045739822674966235,0.0,0.004895738261486062,0.2823603378993346,0.0,0.0,0.0,0.0,0.0,0.0,0.9609573048987262,0.0,0.0,0.0,0.0,0.0,0.0,0.0,0.0,0.0,0.0,0.0,0.0,0.0,0.0,0.0,0.0,0.0,0.0,0.01903123759246881,0.01903123759246881
2018/11/20 13:00:00,2018/11/20 13:00:00,2018/11/20 18:00:00,5.062134742188403,5.062134742188403,3.7535153044358576,0.0,0.0,0.0,0.21689512172232184,0.04435795860329565,0.0,0.00474783115533208,0.2887859964794398,0.0,0.0,0.0,0.0,0.0,0.0,0.753832529792156,0.0,0.0,0.0,0.0,0.0,0.0,0.0,0.0,0.0,0.0,0.0,0.0,0.0,0.0,0.0,0.0,0.0,0.0,0.01727270688815892,0.01727270688815892
2018/11/20 14:00:00,2018/11/20 14:00:00,2018/11/20 19:00:00,4.001491083320932,4.001491083320932,3.4399158714993425,0.0,0.0,0.0,0.21490682280316895,0.043951324832805984,0.0,0.004704307320035531,0.2980127568655787,0.0,0.0,0.0,0.0,0.0,0.0,0.0,0.0,0.0,0.0,0.0,0.0,0.0,0.0,0.0,0.0,0.0,0.0,0.0,0.0,0.0,0.0,0.0,0.0,0.0,0.013653643397074863,0.013653643397074863
2018/11/20 15:00:00,2018/11/20 15:00:00,2018/11/20 20:00:00,3.8459838412888923,3.8459838412888923,3.2454116273770497,0.0,0.0,0.0,0.21778688040361655,0.044540335202432085,0.0,0.004767351740287925,0.333477646565506,0.0,0.0,0.0,0.0,0.0,0.0,0.0,0.0,0.0,0.0,0.0,0.0,0.0,0.0,0.0,0.0,0.0,0.0,0.0,0.0,0.0,0.0,0.0,0.0,0.0,0.013123031086774286,0.013123031086774286
2018/11/20 16:00:00,2018/11/20 16:00:00,2018/11/20 21:00:00,4.254006694128562,4.254006694128562,3.646062107055954,0.0,0.0,0.0,0.23530150546679274,0.0481223107090055,0.0,0.00515074663588806,0.3193700242609222,0.0,0.0,0.0,0.0,0.0,0.0,0.0,0.0,0.0,0.0,0.0,0.0,0.0,0.0,0.0,0.0,0.0,0.0,0.0,0.0,0.0,0.0,0.0,0.0,0.0,0.01451526173643164,0.01451526173643164
2018/11/20 17:00:00,2018/11/20 17:00:00,2018/11/20 22:00:00,5.188618346170486,5.188618346170486,4.402833475754275,0.0,0.0,0.0,0.2828605491534366,0.05784877239386212,0.0,0.006191813431398235,0.4388837354375153,0.0,0.0,0.0,0.0,0.0,0.0,0.0,0.0,0.0,0.0,0.0,0.0,0.0,0.0,0.0,0.0,0.0,0.0,0.0,0.0,0.0,0.0,0.0,0.0,0.0,0.017704286513950552,0.017704286513950552
2018/11/20 18:00:00,2018/11/20 18:00:00,2018/11/20 23:00:00,6.403840051168434,6.403840051168434,5.328156686038702,0.0,0.0,0.0,0.3722679450615316,0.07613378284051057,0.0,0.008148940066791236,0.619132697160899,0.0,0.0,0.0,0.0,0.0,0.0,0.0,0.0,0.0,0.0,0.0,0.0,0.0,0.0,0.0,0.0,0.0,0.0,0.0,0.0,0.0,0.0,0.0,0.0,0.0,0.021850791769850567,0.021850791769850567
2018/11/20 19:00:00,2018/11/20 19:00:00,2018/11/21 00:00:00,7.58081023373539,7.58081023373539,6.368861404118225,0.0,0.0,0.0,0.46923765500408443,0.09596538783581401,0.0,0.01027160564973683,0.636474181127529,0.0,0.0,0.0,0.0,0.0,0.0,0.0,0.0,0.0,0.0,0.0,0.0,0.0,0.0,0.0,0.0,0.0,0.0,0.0,0.0,0.0,0.0,0.0,0.0,0.0,0.025866777517948872,0.025866777517948872
2018/11/20 20:00:00,2018/11/20 20:00:00,2018/11/21 01:00:00,9.43832128913913,9.43832128913913,6.667351894148953,0.0,0.0,0.0,0.5020745388118183,0.10268097056095002,0.0,0.01099040457314449,0.9095217530794115,0.0,0.0,0.0,0.0,0.0,0.0,1.2457017279648521,0.0,0.0,0.0,0.0,0.0,0.0,0.0,0.0,0.0,0.0,0.0,0.0,0.0,0.0,0.0,0.0,0.0,0.0,0.03220486325361881,0.03220486325361881
2018/11/20 21:00:00,2018/11/20 21:00:00,2018/11/21 02:00:00,16.47061425019963,16.47061425019963,6.354994832464,0.0,0.0,0.0,0.4414642683633875,0.09028535812791409,0.0,0.009663646607898157,8.255385273805576,0.0,0.0,0.0,0.0,0.0,0.0,1.3188208708308526,0.0,0.0,0.0,0.0,0.0,0.0,0.0,0.0,0.0,0.0,0.0,0.0,0.0,0.0,0.0,0.0,0.0,0.0,0.056200023646277596,0.056200023646277596
2018/11/20 22:00:00,2018/11/20 22:00:00,2018/11/21 03:00:00,12.844736373991951,12.844736373991951,7.04059915525626,0.0,0.0,0.0,0.33975371121871306,0.06948418635643629,0.0,0.007437203946564799,4.068641246383126,0.0,0.0,0.0,0.0,0.0,0.0,1.3188208708308526,0.0,0.0,0.0,0.0,0.0,0.0,0.0,0.0,0.0,0.0,0.0,0.0,0.0,0.0,0.0,0.0,0.0,0.0,0.043828024685831024,0.043828024685831024
2018/11/20 23:00:00,2018/11/20 23:00:00,2018/11/21 04:00:00,11.60637161760286,11.60637161760286,7.67220058715865,0.0,0.0,0.0,0.2937686202278071,0.06007961908749219,0.0,0.006430590953364709,2.255071329344695,0.0,0.0,0.0,0.0,0.0,0.0,1.3188208708308526,0.0,0.0,0.0,0.0,0.0,0.0,0.0,0.0,0.0,0.0,0.0,0.0,0.0,0.0,0.0,0.0,0.0,0.0,0.03960255212393552,0.03960255212393552
2018/11/21 00:00:00,2018/11/21 00:00:00,2018/11/21 05:00:00,10.914434590266321,10.914434590266321,9.003805886337048,0.0,0.0,0.0,0.13094360677997474,0.026779722120023,0.0,0.002866353705536267,0.4312181504928874,0.0,0.0,0.0,0.0,0.0,0.0,1.3188208708308526,0.0,0.0,0.0,0.0,0.0,0.0,0.0,0.0,0.0,0.0,0.0,0.0,0.0,0.0,0.0,0.0,0.0,0.0,0.03724156687424592,0.03724156687424592
2018/11/21 01:00:00,2018/11/21 01:00:00,2018/11/21 06:00:00,12.750146073093083,12.750146073093083,9.978375807799765,0.0,0.0,0.0,0.06501908921459039,0.013297274945155983,0.0,0.0014232669458539432,1.3732097633568654,0.0,0.0,0.0,0.0,0.0,0.0,1.3188208708308526,0.0,0.0,0.0,0.0,0.0,0.0,0.0,0.0,0.0,0.0,0.0,0.0,0.0,0.0,0.0,0.0,0.0,0.0,0.04350526944024809,0.04350526944024809
2018/11/21 02:00:00,2018/11/21 02:00:00,2018/11/21 07:00:00,11.949689646483634,11.949689646483634,10.175977694242736,0.0,0.0,0.0,0.03901145352875434,0.00797836496709361,0.0,0.0008539601675123682,0.40704730274668705,0.0,0.0,0.0,0.0,0.0,0.0,1.3188208708308526,0.0,0.0,0.0,0.0,0.0,0.0,0.0,0.0,0.0,0.0,0.0,0.0,0.0,0.0,0.0,0.0,0.0,0.0,0.04077400092652398,0.04077400092652398
2018/11/21 03:00:00,2018/11/21 03:00:00,2018/11/21 08:00:00,13.311437679495508,13.311437679495508,9.72479458508088,0.0,0.0,0.0,0.026007635685836267,0.005318909978062415,0.0,0.0005693067783415797,2.2359263711415354,0.0,0.0,0.0,0.0,0.0,0.0,1.3188208708308526,0.0,0.0,0.0,0.0,0.0,0.0,0.0,0.0,0.0,0.0,0.0,0.0,0.0,0.0,0.0,0.0,0.0,0.0,0.04542047436661513,0.04542047436661513
2018/11/21 04:00:00,2018/11/21 04:00:00,2018/11/21 09:00:00,12.222487017916608,12.222487017916608,9.845518593672889,0.0,0.0,0.0,0.026007635685836267,0.005318909978062415,0.0,0.0005693067783415797,1.9443006589565597,0.0,0.0,0.0,0.0,0.0,0.0,0.40077191284491887,0.0,0.0,0.0,0.0,0.0,0.0,0.0,0.0,0.0,0.0,0.0,0.0,0.0,0.0,0.0,0.0,0.0,0.0,0.04170482345034028,0.04170482345034028
2018/11/21 05:00:00,2018/11/21 05:00:00,2018/11/21 10:00:00,11.980145306338645,11.980145306338645,9.985761200243905,0.0,0.0,0.0,0.028359609659443317,0.005799920170125916,0.0,0.0006207914554507214,1.9596037848097212,0.0,0.0,0.0,0.0,0.0,0.0,0.0,0.0,0.0,0.0,0.0,0.0,0.0,0.0,0.0,0.0,0.0,0.0,0.0,0.0,0.0,0.0,0.0,0.0,0.0,0.0408779198683445,0.0408779198683445
2018/11/21 06:00:00,2018/11/21 06:00:00,2018/11/21 11:00:00,10.790734766350342,10.790734766350342,10.406929610400597,0.0,0.0,0.0,0.07657075757208723,0.01565974590684433,0.0,0.001676132803270518,0.2898985196675431,0.0,0.0,0.0,0.0,0.0,0.0,0.0,0.0,0.0,0.0,0.0,0.0,0.0,0.0,0.0,0.0,0.0,0.0,0.0,0.0,0.0,0.0,0.0,0.0,0.0,0.0368194858927164,0.0368194858927164
2018/11/21 07:00:00,2018/11/21 07:00:00,2018/11/21 12:00:00,10.956654426615023,10.956654426615023,10.378407283157788,0.0,0.0,0.0,0.1797670016564363,0.03676476056443332,0.0,0.0039350971307586715,0.35778028410560686,0.0,0.0,0.0,0.0,0.0,0.0,0.0,0.0,0.0,0.0,0.0,0.0,0.0,0.0,0.0,0.0,0.0,0.0,0.0,0.0,0.0,0.0,0.0,0.0,0.0,0.03738562682034722,0.03738562682034722
2018/11/21 08:00:00,2018/11/21 08:00:00,2018/11/21 13:00:00,11.102854378146095,11.102854378146095,10.412902223524778,0.0,0.0,0.0,0.22749050639997065,0.04652485673906303,0.0,0.004979763976484562,0.4109570275057973,0.0,0.0,0.0,0.0,0.0,0.0,0.0,0.0,0.0,0.0,0.0,0.0,0.0,0.0,0.0,0.0,0.0,0.0,0.0,0.0,0.0,0.0,0.0,0.0,0.0,0.037884481362644044,0.037884481362644044
2018/11/21 09:00:00,2018/11/21 09:00:00,2018/11/21 14:00:00,10.771174891971055,10.771174891971055,9.740385512663028,0.0,0.0,0.0,0.23738819960796062,0.04854906762080994,0.0,0.005196424341206713,0.33510476266580536,0.0,0.0,0.0,0.0,0.0,0.0,0.4045509250722452,0.0,0.0,0.0,0.0,0.0,0.0,0.0,0.0,0.0,0.0,0.0,0.0,0.0,0.0,0.0,0.0,0.0,0.0,0.03675274488440089,0.03675274488440089
2018/11/21 10:00:00,2018/11/21 10:00:00,2018/11/21 15:00:00,9.883926520594855,9.883926520594855,9.322030793361446,0.0,0.0,0.0,0.23977021629156023,0.04903622194961379,0.0,0.005248566652813857,0.2678407223394236,0.0,0.0,0.0,0.0,0.0,0.0,0.0,0.0,0.0,0.0,0.0,0.0,0.0,0.0,0.0,0.0,0.0,0.0,0.0,0.0,0.0,0.0,0.0,0.0,0.0,0.033725330199434946,0.033725330199434946
2018/11/21 11:00:00,2018/11/21 11:00:00,2018/11/21 16:00:00,9.782946446701514,9.782946446701514,9.233065017425101,0.0,0.0,0.0,0.2330133774859433,0.04765435787794319,0.0,0.005100659546659875,0.2641130343658663,0.0,0.0,0.0,0.0,0.0,0.0,0.0,0.0,0.0,0.0,0.0,0.0,0.0,0.0,0.0,0.0,0.0,0.0,0.0,0.0,0.0,0.0,0.0,0.0,0.0,0.033380772160833565,0.033380772160833565
2018/11/21 12:00:00,2018/11/21 12:00:00,2018/11/21 17:00:00,9.820246084960097,9.820246084960097,8.85116974051381,0.0,0.0,0.0,0.22365196052793865,0.045739822674966235,0.0,0.004895738261486062,0.2823603378993346,0.0,0.0,0.0,0.0,0.0,0.0,0.4124284850825613,0.0,0.0,0.0,0.0,0.0,0.0,0.0,0.0,0.0,0.0,0.0,0.0,0.0,0.0,0.0,0.0,0.0,0.0,0.033508043707619055,0.033508043707619055
2018/11/21 13:00:00,2018/11/21 13:00:00,2018/11/21 18:00:00,10.849591373356432,10.849591373356432,8.97598359456519,0.0,0.0,0.0,0.21689512172232184,0.04435795860329565,0.0,0.00474783115533208,0.2887859964794398,0.0,0.0,0.0,0.0,0.0,0.0,1.3188208708308526,0.0,0.0,0.0,0.0,0.0,0.0,0.0,0.0,0.0,0.0,0.0,0.0,0.0,0.0,0.0,0.0,0.0,0.0,0.037020312811205,0.037020312811205
2018/11/21 14:00:00,2018/11/21 14:00:00,2018/11/21 19:00:00,9.559324129236389,9.559324129236389,8.389109422314226,0.0,0.0,0.0,0.21490682280316895,0.043951324832805984,0.0,0.004704307320035531,0.2980127568655787,0.0,0.0,0.0,0.0,0.0,0.0,0.6086394951005732,0.0,0.0,0.0,0.0,0.0,0.0,0.0,0.0,0.0,0.0,0.0,0.0,0.0,0.0,0.0,0.0,0.0,0.0,0.03261774175173859,0.03261774175173859
2018/11/21 15:00:00,2018/11/21 15:00:00,2018/11/21 20:00:00,8.792942090826585,8.792942090826585,8.192369876914743,0.0,0.0,0.0,0.21778688040361655,0.044540335202432085,0.0,0.004767351740287925,0.333477646565506,0.0,0.0,0.0,0.0,0.0,0.0,0.0,0.0,0.0,0.0,0.0,0.0,0.0,0.0,0.0,0.0,0.0,0.0,0.0,0.0,0.0,0.0,0.0,0.0,0.0,0.030002739783600615,0.030002739783600615
2018/11/21 16:00:00,2018/11/21 16:00:00,2018/11/21 21:00:00,8.677534446809693,8.677534446809693,7.982822405619412,0.0,0.0,0.0,0.23530150546679274,0.0481223107090055,0.0,0.00515074663588806,0.40613747837859465,0.0,0.0,0.0,0.0,0.0,0.0,0.0,0.0,0.0,0.0,0.0,0.0,0.0,0.0,0.0,0.0,0.0,0.0,0.0,0.0,0.0,0.0,0.0,0.0,0.0,0.0296089528716989,0.0296089528716989
2018/11/21 17:00:00,2018/11/21 17:00:00,2018/11/21 22:00:00,11.48262194504737,11.48262194504737,7.994724179626219,0.0,0.0,0.0,0.2828605491534366,0.05784877239386212,0.0,0.006191813431398235,2.5443343573604027,0.0,0.0,0.0,0.0,0.0,0.0,0.5966622730820503,0.0,0.0,0.0,0.0,0.0,0.0,0.0,0.0,0.0,0.0,0.0,0.0,0.0,0.0,0.0,0.0,0.0,0.0,0.039180301051923834,0.039180301051923834
2018/11/21 18:00:00,2018/11/21 18:00:00,2018/11/21 23:00:00,12.650144572636306,12.650144572636306,8.095321081551885,0.0,0.0,0.0,0.3722679450615316,0.07613378284051057,0.0,0.008148940066791236,3.9881039374245977,0.0,0.0,0.0,0.0,0.0,0.0,0.1101688856909928,0.0,0.0,0.0,0.0,0.0,0.0,0.0,0.0,0.0,0.0,0.0,0.0,0.0,0.0,0.0,0.0,0.0,0.0,0.04316405043013947,0.04316405043013947
2018/11/21 19:00:00,2018/11/21 19:00:00,2018/11/22 00:00:00,9.854296519043812,9.854296519043812,8.642347689426648,0.0,0.0,0.0,0.46923765500408443,0.09596538783581401,0.0,0.01027160564973683,0.636474181127529,0.0,0.0,0.0,0.0,0.0,0.0,0.0,0.0,0.0,0.0,0.0,0.0,0.0,0.0,0.0,0.0,0.0,0.0,0.0,0.0,0.0,0.0,0.0,0.0,0.0,0.03362422851843433,0.03362422851843433
2018/11/21 20:00:00,2018/11/21 20:00:00,2018/11/22 01:00:00,9.939551481592595,9.939551481592595,8.743473083840756,0.0,0.0,0.0,0.5020745388118183,0.10268097056095002,0.0,0.01099040457314449,0.5803324838059254,0.0,0.0,0.0,0.0,0.0,0.0,0.0,0.0,0.0,0.0,0.0,0.0,0.0,0.0,0.0,0.0,0.0,0.0,0.0,0.0,0.0,0.0,0.0,0.0,0.0,0.03391513029285638,0.03391513029285638
2018/11/21 21:00:00,2018/11/21 21:00:00,2018/11/22 02:00:00,10.114336411317742,10.114336411317742,8.891746918886891,0.0,0.0,0.0,0.4414642683633875,0.09028535812791409,0.0,0.009663646607898157,0.6811762193316508,0.0,0.0,0.0,0.0,0.0,0.0,0.0,0.0,0.0,0.0,0.0,0.0,0.0,0.0,0.0,0.0,0.0,0.0,0.0,0.0,0.0,0.0,0.0,0.0,0.0,0.03451152075130253,0.03451152075130253
2018/11/21 22:00:00,2018/11/21 22:00:00,2018/11/22 03:00:00,9.982134469670376,9.982134469670376,9.031960543820741,0.0,0.0,0.0,0.33975371121871306,0.06948418635643629,0.0,0.007437203946564799,0.5334988243279194,0.0,0.0,0.0,0.0,0.0,0.0,0.0,0.0,0.0,0.0,0.0,0.0,0.0,0.0,0.0,0.0,0.0,0.0,0.0,0.0,0.0,0.0,0.0,0.0,0.0,0.0340604293631003,0.0340604293631003
2018/11/21 23:00:00,2018/11/21 23:00:00,2018/11/22 04:00:00,10.041655547829075,10.041655547829075,9.227498983185281,0.0,0.0,0.0,0.2937686202278071,0.06007961908749219,0.0,0.006430590953364709,0.4538777343751317,0.0,0.0,0.0,0.0,0.0,0.0,0.0,0.0,0.0,0.0,0.0,0.0,0.0,0.0,0.0,0.0,0.0,0.0,0.0,0.0,0.0,0.0,0.0,0.0,0.0,0.03426352354945892,0.03426352354945892
2018/11/22 00:00:00,2018/11/22 00:00:00,2018/11/22 05:00:00,10.063013938532974,10.063013938532974,9.517066821862903,0.0,0.0,0.0,0.13094360677997474,0.026779722120023,0.0,0.002866353705536267,0.38535743406453843,0.0,0.0,0.0,0.0,0.0,0.0,0.0,0.0,0.0,0.0,0.0,0.0,0.0,0.0,0.0,0.0,0.0,0.0,0.0,0.0,0.0,0.0,0.0,0.0,0.0,0.03433640134529407,0.03433640134529407
2018/11/22 01:00:00,2018/11/22 01:00:00,2018/11/22 06:00:00,10.632044480087163,10.632044480087163,10.212936339175924,0.0,0.0,0.0,0.06501908921459039,0.013297274945155983,0.0,0.0014232669458539432,0.3393685098056406,0.0,0.0,0.0,0.0,0.0,0.0,0.0,0.0,0.0,0.0,0.0,0.0,0.0,0.0,0.0,0.0,0.0,0.0,0.0,0.0,0.0,0.0,0.0,0.0,0.0,0.03627801259336346,0.03627801259336346
2018/11/22 02:00:00,2018/11/22 02:00:00,2018/11/22 07:00:00,11.156367806739109,11.156367806739109,10.379867671270656,0.0,0.0,0.0,0.03901145352875434,0.00797836496709361,0.0,0.0008539601675123682,0.3240003834462767,0.0,0.0,0.0,0.0,0.0,0.0,0.4046559733588156,0.0,0.0,0.0,0.0,0.0,0.0,0.0,0.0,0.0,0.0,0.0,0.0,0.0,0.0,0.0,0.0,0.0,0.0,0.03806707661420148,0.03806707661420148
2018/11/22 03:00:00,2018/11/22 03:00:00,2018/11/22 08:00:00,10.33567069850773,10.33567069850773,10.010440932789953,0.0,0.0,0.0,0.026007635685836267,0.005318909978062415,0.0,0.0005693067783415797,0.2933339132755372,0.0,0.0,0.0,0.0,0.0,0.0,0.0,0.0,0.0,0.0,0.0,0.0,0.0,0.0,0.0,0.0,0.0,0.0,0.0,0.0,0.0,0.0,0.0,0.0,0.0,0.035266744083283515,0.035266744083283515
2018/11/22 04:00:00,2018/11/22 04:00:00,2018/11/22 09:00:00,10.411044153019448,10.411044153019448,10.098414592395718,0.0,0.0,0.0,0.026007635685836267,0.005318909978062415,0.0,0.0005693067783415797,0.2807337081814895,0.0,0.0,0.0,0.0,0.0,0.0,0.0,0.0,0.0,0.0,0.0,0.0,0.0,0.0,0.0,0.0,0.0,0.0,0.0,0.0,0.0,0.0,0.0,0.0,0.0,0.035523928779707864,0.035523928779707864
2018/11/22 05:00:00,2018/11/22 05:00:00,2018/11/22 10:00:00,10.391539928823935,10.391539928823935,10.091946043240272,0.0,0.0,0.0,0.028359609659443317,0.005799920170125916,0.0,0.0006207914554507214,0.2648135642986422,0.0,0.0,0.0,0.0,0.0,0.0,0.0,0.0,0.0,0.0,0.0,0.0,0.0,0.0,0.0,0.0,0.0,0.0,0.0,0.0,0.0,0.0,0.0,0.0,0.0,0.03545737765754939,0.03545737765754939
2018/11/22 06:00:00,2018/11/22 06:00:00,2018/11/22 11:00:00,10.40936755873679,10.40936755873679,10.025562402787047,0.0,0.0,0.0,0.07657075757208723,0.01565974590684433,0.0,0.001676132803270518,0.2898985196675431,0.0,0.0,0.0,0.0,0.0,0.0,0.0,0.0,0.0,0.0,0.0,0.0,0.0,0.0,0.0,0.0,0.0,0.0,0.0,0.0,0.0,0.0,0.0,0.0,0.0,0.035518208007130764,0.035518208007130764
2018/11/22 07:00:00,2018/11/22 07:00:00,2018/11/22 12:00:00,10.440313110845615,10.440313110845615,9.86206596738838,0.0,0.0,0.0,0.1797670016564363,0.03676476056443332,0.0,0.0039350971307586715,0.35778028410560686,0.0,0.0,0.0,0.0,0.0,0.0,0.0,0.0,0.0,0.0,0.0,0.0,0.0,0.0,0.0,0.0,0.0,0.0,0.0,0.0,0.0,0.0,0.0,0.0,0.0,0.035623798529369,0.035623798529369
2018/11/22 08:00:00,2018/11/22 08:00:00,2018/11/22 13:00:00,10.365728032325483,10.365728032325483,9.263932864597468,0.0,0.0,0.0,0.22749050639997065,0.04652485673906303,0.0,0.004979763976484562,0.4109570275057973,0.0,0.0,0.0,0.0,0.0,0.0,0.41184301310670196,0.0,0.0,0.0,0.0,0.0,0.0,0.0,0.0,0.0,0.0,0.0,0.0,0.0,0.0,0.0,0.0,0.0,0.0,0.03536930388133606,0.03536930388133606
2018/11/22 09:00:00,2018/11/22 09:00:00,2018/11/22 14:00:00,11.522528450149409,11.522528450149409,9.577469125082773,0.0,0.0,0.0,0.23738819960796062,0.04854906762080994,0.0,0.005196424341206713,0.33510476266580536,0.0,0.0,0.0,0.0,0.0,0.0,1.3188208708308526,0.0,0.0,0.0,0.0,0.0,0.0,0.0,0.0,0.0,0.0,0.0,0.0,0.0,0.0,0.0,0.0,0.0,0.0,0.03931646759048191,0.03931646759048191
2018/11/22 10:00:00,2018/11/22 10:00:00,2018/11/22 15:00:00,11.187067552929895,11.187067552929895,9.306350954865632,0.0,0.0,0.0,0.23977021629156023,0.04903622194961379,0.0,0.005248566652813857,0.2678407223394236,0.0,0.0,0.0,0.0,0.0,0.0,1.3188208708308526,0.0,0.0,0.0,0.0,0.0,0.0,0.0,0.0,0.0,0.0,0.0,0.0,0.0,0.0,0.0,0.0,0.0,0.0,0.03817182841250409,0.03817182841250409
2018/11/22 11:00:00,2018/11/22 11:00:00,2018/11/22 16:00:00,10.647590995962432,10.647590995962432,8.96965010030551,0.0,0.0,0.0,0.2330133774859433,0.04765435787794319,0.0,0.005100659546659875,0.2641130343658663,0.0,0.0,0.0,0.0,0.0,0.0,1.1280594663805101,0.0,0.0,0.0,0.0,0.0,0.0,0.0,0.0,0.0,0.0,0.0,0.0,0.0,0.0,0.0,0.0,0.0,0.0,0.03633105946499405,0.03633105946499405
2018/11/22 12:00:00,2018/11/22 12:00:00,2018/11/22 17:00:00,9.06788653439061,9.06788653439061,8.511238675026885,0.0,0.0,0.0,0.22365196052793865,0.045739822674966235,0.0,0.004895738261486062,0.2823603378993346,0.0,0.0,0.0,0.0,0.0,0.0,0.0,0.0,0.0,0.0,0.0,0.0,0.0,0.0,0.0,0.0,0.0,0.0,0.0,0.0,0.0,0.0,0.0,0.0,0.0,0.03094088841576371,0.03094088841576371
2018/11/22 13:00:00,2018/11/22 13:00:00,2018/11/22 18:00:00,8.661163348215542,8.661163348215542,8.106376440255154,0.0,0.0,0.0,0.21689512172232184,0.04435795860329565,0.0,0.00474783115533208,0.2887859964794398,0.0,0.0,0.0,0.0,0.0,0.0,0.0,0.0,0.0,0.0,0.0,0.0,0.0,0.0,0.0,0.0,0.0,0.0,0.0,0.0,0.0,0.0,0.0,0.0,0.0,0.029553092409294126,0.029553092409294126
2018/11/22 14:00:00,2018/11/22 14:00:00,2018/11/22 19:00:00,8.354397847685732,8.354397847685732,7.792822635864143,0.0,0.0,0.0,0.21490682280316895,0.043951324832805984,0.0,0.004704307320035531,0.2980127568655787,0.0,0.0,0.0,0.0,0.0,0.0,0.0,0.0,0.0,0.0,0.0,0.0,0.0,0.0,0.0,0.0,0.0,0.0,0.0,0.0,0.0,0.0,0.0,0.0,0.0,0.028506365910710225,0.028506365910710225
2018/11/22 15:00:00,2018/11/22 15:00:00,2018/11/22 20:00:00,8.187685884861136,8.187685884861136,7.539722176677214,0.0,0.0,0.0,0.21778688040361655,0.044540335202432085,0.0,0.004767351740287925,0.3808691408375866,0.0,0.0,0.0,0.0,0.0,0.0,0.0,0.0,0.0,0.0,0.0,0.0,0.0,0.0,0.0,0.0,0.0,0.0,0.0,0.0,0.0,0.0,0.0,0.0,0.0,0.027937521536691445,0.027937521536691445
2018/11/22 16:00:00,2018/11/22 16:00:00,2018/11/22 21:00:00,9.224616710579504,9.224616710579504,7.416907346179998,0.0,0.0,0.0,0.23530150546679274,0.0481223107090055,0.0,0.00515074663588806,1.4033042989709898,0.0,0.0,0.0,0.0,0.0,0.0,0.1158305026168283,0.0,0.0,0.0,0.0,0.0,0.0,0.0,0.0,0.0,0.0,0.0,0.0,0.0,0.0,0.0,0.0,0.0,0.0,0.03147567354727721,0.03147567354727721
2018/11/22 17:00:00,2018/11/22 17:00:00,2018/11/22 22:00:00,9.218883123198662,9.218883123198662,7.7929017981764686,0.0,0.0,0.0,0.2828605491534366,0.05784877239386212,0.0,0.006191813431398235,0.7902082537932907,0.0,0.0,0.0,0.0,0.0,0.0,0.28887193625020813,0.0,0.0,0.0,0.0,0.0,0.0,0.0,0.0,0.0,0.0,0.0,0.0,0.0,0.0,0.0,0.0,0.0,0.0,0.03145610975071891,0.03145610975071891
2018/11/22 18:00:00,2018/11/22 18:00:00,2018/11/22 23:00:00,9.21333479464382,9.21333479464382,8.137651429514088,0.0,0.0,0.0,0.3722679450615316,0.07613378284051057,0.0,0.008148940066791236,0.619132697160899,0.0,0.0,0.0,0.0,0.0,0.0,0.0,0.0,0.0,0.0,0.0,0.0,0.0,0.0,0.0,0.0,0.0,0.0,0.0,0.0,0.0,0.0,0.0,0.0,0.0,0.03143717808300799,0.03143717808300799
2018/11/22 19:00:00,2018/11/22 19:00:00,2018/11/23 00:00:00,9.847984659418527,9.847984659418527,8.175197859946673,0.0,0.0,0.0,0.46923765500408443,0.09596538783581401,0.0,0.01027160564973683,0.636474181127529,0.0,0.0,0.0,0.0,0.0,0.0,0.46083796985468883,0.0,0.0,0.0,0.0,0.0,0.0,0.0,0.0,0.0,0.0,0.0,0.0,0.0,0.0,0.0,0.0,0.0,0.0,0.03360269157665399,0.03360269157665399
2018/11/22 20:00:00,2018/11/22 20:00:00,2018/11/23 01:00:00,10.985168855298522,10.985168855298522,8.47554237173049,0.0,0.0,0.0,0.5020745388118183,0.10268097056095002,0.0,0.01099040457314449,0.5750596987912638,0.0,0.0,0.0,0.0,0.0,0.0,1.3188208708308526,0.0,0.0,0.0,0.0,0.0,0.0,0.0,0.0,0.0,0.0,0.0,0.0,0.0,0.0,0.0,0.0,0.0,0.0,0.03748292201176689,0.03748292201176689
2018/11/22 21:00:00,2018/11/22 21:00:00,2018/11/23 02:00:00,11.457385850042245,11.457385850042245,9.034840238441816,0.0,0.0,0.0,0.4414642683633875,0.09028535812791409,0.0,0.009663646607898157,0.5623114676703773,0.0,0.0,0.0,0.0,0.0,0.0,1.3188208708308526,0.0,0.0,0.0,0.0,0.0,0.0,0.0,0.0,0.0,0.0,0.0,0.0,0.0,0.0,0.0,0.0,0.0,0.0,0.03909419199038653,0.03909419199038653
2018/11/22 22:00:00,2018/11/22 22:00:00,2018/11/23 03:00:00,11.656601597805551,11.656601597805551,9.387606801125063,0.0,0.0,0.0,0.33975371121871306,0.06948418635643629,0.0,0.007437203946564799,0.5334988243279194,0.0,0.0,0.0,0.0,0.0,0.0,1.3188208708308526,0.0,0.0,0.0,0.0,0.0,0.0,0.0,0.0,0.0,0.0,0.0,0.0,0.0,0.0,0.0,0.0,0.0,0.0,0.03977394379350298,0.03977394379350298
2018/11/22 23:00:00,2018/11/22 23:00:00,2018/11/23 04:00:00,11.075010008447904,11.075010008447904,9.793407750928846,0.0,0.0,0.0,0.2937686202278071,0.06007961908749219,0.0,0.006430590953364709,0.4538777343751317,0.0,0.0,0.0,0.0,0.0,0.0,0.4674456928752633,0.0,0.0,0.0,0.0,0.0,0.0,0.0,0.0,0.0,0.0,0.0,0.0,0.0,0.0,0.0,0.0,0.0,0.0,0.03778947250555573,0.03778947250555573
2018/11/23 00:00:00,2018/11/23 00:00:00,2018/11/23 05:00:00,10.780908390851524,10.780908390851524,10.234961274181451,0.0,0.0,0.0,0.13094360677997474,0.026779722120023,0.0,0.002866353705536267,0.38535743406453843,0.0,0.0,0.0,0.0,0.0,0.0,0.0,0.0,0.0,0.0,0.0,0.0,0.0,0.0,0.0,0.0,0.0,0.0,0.0,0.0,0.0,0.0,0.0,0.0,0.0,0.0367859569345973,0.0367859569345973
2018/11/23 01:00:00,2018/11/23 01:00:00,2018/11/23 06:00:00,11.594280554224111,11.594280554224111,11.175172413312872,0.0,0.0,0.0,0.06501908921459039,0.013297274945155983,0.0,0.0014232669458539432,0.3393685098056406,0.0,0.0,0.0,0.0,0.0,0.0,0.0,0.0,0.0,0.0,0.0,0.0,0.0,0.0,0.0,0.0,0.0,0.0,0.0,0.0,0.0,0.0,0.0,0.0,0.0,0.03956129573619721,0.03956129573619721
2018/11/23 02:00:00,2018/11/23 02:00:00,2018/11/23 07:00:00,11.86675841307239,11.86675841307239,11.494914250962752,0.0,0.0,0.0,0.03901145352875434,0.00797836496709361,0.0,0.0008539601675123682,0.3240003834462767,0.0,0.0,0.0,0.0,0.0,0.0,0.0,0.0,0.0,0.0,0.0,0.0,0.0,0.0,0.0,0.0,0.0,0.0,0.0,0.0,0.0,0.0,0.0,0.0,0.0,0.04049102803869313,0.04049102803869313
2018/11/23 03:00:00,2018/11/23 03:00:00,2018/11/23 08:00:00,11.631748896352956,11.631748896352956,11.306519130635179,0.0,0.0,0.0,0.026007635685836267,0.005318909978062415,0.0,0.0005693067783415797,0.2933339132755372,0.0,0.0,0.0,0.0,0.0,0.0,0.0,0.0,0.0,0.0,0.0,0.0,0.0,0.0,0.0,0.0,0.0,0.0,0.0,0.0,0.0,0.0,0.0,0.0,0.0,0.03968914292402157,0.03968914292402157
2018/11/23 04:00:00,2018/11/23 04:00:00,2018/11/23 09:00:00,11.870413560631466,11.870413560631466,11.557784000007736,0.0,0.0,0.0,0.026007635685836267,0.005318909978062415,0.0,0.0005693067783415797,0.2807337081814895,0.0,0.0,0.0,0.0,0.0,0.0,0.0,0.0,0.0,0.0,0.0,0.0,0.0,0.0,0.0,0.0,0.0,0.0,0.0,0.0,0.0,0.0,0.0,0.0,0.0,0.04050349990987719,0.04050349990987719
2018/11/23 05:00:00,2018/11/23 05:00:00,2018/11/23 10:00:00,12.119054912809538,12.119054912809538,11.819461027225875,0.0,0.0,0.0,0.028359609659443317,0.005799920170125916,0.0,0.0006207914554507214,0.2648135642986422,0.0,0.0,0.0,0.0,0.0,0.0,0.0,0.0,0.0,0.0,0.0,0.0,0.0,0.0,0.0,0.0,0.0,0.0,0.0,0.0,0.0,0.0,0.0,0.0,0.0,0.04135189874064215,0.04135189874064215
2018/11/23 06:00:00,2018/11/23 06:00:00,2018/11/23 11:00:00,12.412143515051373,12.412143515051373,12.028338359101628,0.0,0.0,0.0,0.07657075757208723,0.01565974590684433,0.0,0.001676132803270518,0.2898985196675431,0.0,0.0,0.0,0.0,0.0,0.0,0.0,0.0,0.0,0.0,0.0,0.0,0.0,0.0,0.0,0.0,0.0,0.0,0.0,0.0,0.0,0.0,0.0,0.0,0.0,0.04235195776249957,0.04235195776249957
2018/11/23 07:00:00,2018/11/23 07:00:00,2018/11/23 12:00:00,13.307215324552395,13.307215324552395,11.42391889371263,0.0,0.0,0.0,0.1797670016564363,0.03676476056443332,0.0,0.0039350971307586715,0.35778028410560686,0.0,0.0,0.0,0.0,0.0,0.0,1.3050492873825283,0.0,0.0,0.0,0.0,0.0,0.0,0.0,0.0,0.0,0.0,0.0,0.0,0.0,0.0,0.0,0.0,0.0,0.0,0.04540606710504969,0.04540606710504969
2018/11/23 08:00:00,2018/11/23 08:00:00,2018/11/23 13:00:00,14.356812573066057,14.356812573066057,12.348039547613888,0.0,0.0,0.0,0.22749050639997065,0.04652485673906303,0.0,0.004979763976484562,0.4109570275057973,0.0,0.0,0.0,0.0,0.0,0.0,1.3188208708308526,0.0,0.0,0.0,0.0,0.0,0.0,0.0,0.0,0.0,0.0,0.0,0.0,0.0,0.0,0.0,0.0,0.0,0.0,0.04898743870962242,0.04898743870962242
2018/11/23 09:00:00,2018/11/23 09:00:00,2018/11/23 14:00:00,13.474218905042518,13.474218905042518,11.529159579975882,0.0,0.0,0.0,0.23738819960796062,0.04854906762080994,0.0,0.005196424341206713,0.33510476266580536,0.0,0.0,0.0,0.0,0.0,0.0,1.3188208708308526,0.0,0.0,0.0,0.0,0.0,0.0,0.0,0.0,0.0,0.0,0.0,0.0,0.0,0.0,0.0,0.0,0.0,0.0,0.045975906519049946,0.045975906519049946
2018/11/23 10:00:00,2018/11/23 10:00:00,2018/11/23 15:00:00,12.328891660527185,12.328891660527185,10.448175062462923,0.0,0.0,0.0,0.23977021629156023,0.04903622194961379,0.0,0.005248566652813857,0.2678407223394236,0.0,0.0,0.0,0.0,0.0,0.0,1.3188208708308526,0.0,0.0,0.0,0.0,0.0,0.0,0.0,0.0,0.0,0.0,0.0,0.0,0.0,0.0,0.0,0.0,0.0,0.0,0.042067890870896,0.042067890870896
2018/11/23 11:00:00,2018/11/23 11:00:00,2018/11/23 16:00:00,11.20024382124819,11.20024382124819,9.846422804692645,0.0,0.0,0.0,0.2330133774859433,0.04765435787794319,0.0,0.005100659546659875,0.2641130343658663,0.0,0.0,0.0,0.0,0.0,0.0,0.8039395872791302,0.0,0.0,0.0,0.0,0.0,0.0,0.0,0.0,0.0,0.0,0.0,0.0,0.0,0.0,0.0,0.0,0.0,0.0,0.0382167876702348,0.0382167876702348
2018/11/23 12:00:00,2018/11/23 12:00:00,2018/11/23 17:00:00,10.47014806336534,10.47014806336534,9.54739891188983,0.0,0.0,0.0,0.22365196052793865,0.045739822674966235,0.0,0.004895738261486062,0.2823603378993346,0.0,0.0,0.0,0.0,0.0,0.0,0.3661012921117839,0.0,0.0,0.0,0.0,0.0,0.0,0.0,0.0,0.0,0.0,0.0,0.0,0.0,0.0,0.0,0.0,0.0,0.0,0.03572559953154315,0.03572559953154315
2018/11/23 13:00:00,2018/11/23 13:00:00,2018/11/23 18:00:00,11.131901575407351,11.131901575407351,9.414475768589048,0.0,0.0,0.0,0.21689512172232184,0.04435795860329565,0.0,0.00474783115533208,0.2887859964794398,0.0,0.0,0.0,0.0,0.0,0.0,1.1626388988579128,0.0,0.0,0.0,0.0,0.0,0.0,0.0,0.0,0.0,0.0,0.0,0.0,0.0,0.0,0.0,0.0,0.0,0.0,0.0379835944344544,0.0379835944344544
2018/11/23 14:00:00,2018/11/23 14:00:00,2018/11/23 19:00:00,9.314754838759178,9.314754838759178,8.753179626937591,0.0,0.0,0.0,0.21490682280316895,0.043951324832805984,0.0,0.004704307320035531,0.2980127568655787,0.0,0.0,0.0,0.0,0.0,0.0,0.0,0.0,0.0,0.0,0.0,0.0,0.0,0.0,0.0,0.0,0.0,0.0,0.0,0.0,0.0,0.0,0.0,0.0,0.0,0.03178323736112025,0.03178323736112025
2018/11/23 15:00:00,2018/11/23 15:00:00,2018/11/23 20:00:00,9.544309011067712,9.544309011067712,8.040115538550811,0.0,0.0,0.0,0.21778688040361655,0.044540335202432085,0.0,0.004767351740287925,0.692640013955586,0.0,0.0,0.0,0.0,0.0,0.0,0.5444588912149796,0.0,0.0,0.0,0.0,0.0,0.0,0.0,0.0,0.0,0.0,0.0,0.0,0.0,0.0,0.0,0.0,0.0,0.0,0.032566508082895844,0.032566508082895844
2018/11/23 16:00:00,2018/11/23 16:00:00,2018/11/23 21:00:00,9.082855788807578,9.082855788807578,8.474911201734969,0.0,0.0,0.0,0.23530150546679274,0.0481223107090055,0.0,0.00515074663588806,0.3193700242609222,0.0,0.0,0.0,0.0,0.0,0.0,0.0,0.0,0.0,0.0,0.0,0.0,0.0,0.0,0.0,0.0,0.0,0.0,0.0,0.0,0.0,0.0,0.0,0.0,0.0,0.030991965591114994,0.030991965591114994
2018/11/23 17:00:00,2018/11/23 17:00:00,2018/11/23 22:00:00,9.550835772635534,9.550835772635534,8.765050902219322,0.0,0.0,0.0,0.2828605491534366,0.05784877239386212,0.0,0.006191813431398235,0.4388837354375153,0.0,0.0,0.0,0.0,0.0,0.0,0.0,0.0,0.0,0.0,0.0,0.0,0.0,0.0,0.0,0.0,0.0,0.0,0.0,0.0,0.0,0.0,0.0,0.0,0.0,0.03258877829995474,0.03258877829995474
2018/11/23 18:00:00,2018/11/23 18:00:00,2018/11/23 23:00:00,10.081114775771963,10.081114775771963,9.00543141064223,0.0,0.0,0.0,0.3722679450615316,0.07613378284051057,0.0,0.008148940066791236,0.619132697160899,0.0,0.0,0.0,0.0,0.0,0.0,0.0,0.0,0.0,0.0,0.0,0.0,0.0,0.0,0.0,0.0,0.0,0.0,0.0,0.0,0.0,0.0,0.0,0.0,0.0,0.034398163916221636,0.034398163916221636
2018/11/23 19:00:00,2018/11/23 19:00:00,2018/11/24 00:00:00,10.341674558262136,10.341674558262136,9.129725728644972,0.0,0.0,0.0,0.46923765500408443,0.09596538783581401,0.0,0.01027160564973683,0.636474181127529,0.0,0.0,0.0,0.0,0.0,0.0,0.0,0.0,0.0,0.0,0.0,0.0,0.0,0.0,0.0,0.0,0.0,0.0,0.0,0.0,0.0,0.0,0.0,0.0,0.0,0.03528723008672218,0.03528723008672218
2018/11/23 20:00:00,2018/11/23 20:00:00,2018/11/24 01:00:00,11.01370489467537,11.01370489467537,8.968234812275652,0.0,0.0,0.0,0.5020745388118183,0.10268097056095002,0.0,0.01099040457314449,0.5750596987912638,0.0,0.0,0.0,0.0,0.0,0.0,0.8546644696625424,0.0,0.0,0.0,0.0,0.0,0.0,0.0,0.0,0.0,0.0,0.0,0.0,0.0,0.0,0.0,0.0,0.0,0.0,0.037580290941874074,0.037580290941874074
2018/11/23 21:00:00,2018/11/23 21:00:00,2018/11/24 02:00:00,12.045839123143544,12.045839123143544,9.623293511543114,0.0,0.0,0.0,0.4414642683633875,0.09028535812791409,0.0,0.009663646607898157,0.5623114676703773,0.0,0.0,0.0,0.0,0.0,0.0,1.3188208708308526,0.0,0.0,0.0,0.0,0.0,0.0,0.0,0.0,0.0,0.0,0.0,0.0,0.0,0.0,0.0,0.0,0.0,0.0,0.04110207629637843,0.04110207629637843
2018/11/23 22:00:00,2018/11/23 22:00:00,2018/11/24 03:00:00,12.155044755240842,12.155044755240842,9.886049958560355,0.0,0.0,0.0,0.33975371121871306,0.06948418635643629,0.0,0.007437203946564799,0.5334988243279194,0.0,0.0,0.0,0.0,0.0,0.0,1.3188208708308526,0.0,0.0,0.0,0.0,0.0,0.0,0.0,0.0,0.0,0.0,0.0,0.0,0.0,0.0,0.0,0.0,0.0,0.0,0.04147470108212985,0.04147470108212985
2018/11/23 23:00:00,2018/11/23 23:00:00,2018/11/24 04:00:00,11.413093559090155,11.413093559090155,10.312900651309302,0.0,0.0,0.0,0.2937686202278071,0.06007961908749219,0.0,0.006430590953364709,0.4538777343751317,0.0,0.0,0.0,0.0,0.0,0.0,0.2860363431370592,0.0,0.0,0.0,0.0,0.0,0.0,0.0,0.0,0.0,0.0,0.0,0.0,0.0,0.0,0.0,0.0,0.0,0.0,0.038943060541307445,0.038943060541307445
2018/11/24 00:00:00,2018/11/24 00:00:00,2018/11/24 05:00:00,11.351474092593515,11.351474092593515,10.805526975923442,0.0,0.0,0.0,0.13094360677997474,0.026779722120023,0.0,0.002866353705536267,0.38535743406453843,0.0,0.0,0.0,0.0,0.0,0.0,0.0,0.0,0.0,0.0,0.0,0.0,0.0,0.0,0.0,0.0,0.0,0.0,0.0,0.0,0.0,0.0,0.0,0.0,0.0,0.03873280636246646,0.03873280636246646
2018/11/24 01:00:00,2018/11/24 01:00:00,2018/11/24 06:00:00,12.032781634477503,12.032781634477503,11.613673493566264,0.0,0.0,0.0,0.06501908921459039,0.013297274945155983,0.0,0.0014232669458539432,0.3393685098056406,0.0,0.0,0.0,0.0,0.0,0.0,0.0,0.0,0.0,0.0,0.0,0.0,0.0,0.0,0.0,0.0,0.0,0.0,0.0,0.0,0.0,0.0,0.0,0.0,0.0,0.04105752233132011,0.04105752233132011
2018/11/24 02:00:00,2018/11/24 02:00:00,2018/11/24 07:00:00,11.930832070268817,11.930832070268817,11.55898790815918,0.0,0.0,0.0,0.03901145352875434,0.00797836496709361,0.0,0.0008539601675123682,0.3240003834462767,0.0,0.0,0.0,0.0,0.0,0.0,0.0,0.0,0.0,0.0,0.0,0.0,0.0,0.0,0.0,0.0,0.0,0.0,0.0,0.0,0.0,0.0,0.0,0.0,0.0,0.04070965625709726,0.04070965625709726
2018/11/24 03:00:00,2018/11/24 03:00:00,2018/11/24 08:00:00,11.106364052124468,11.106364052124468,10.78113428640669,0.0,0.0,0.0,0.026007635685836267,0.005318909978062415,0.0,0.0005693067783415797,0.2933339132755372,0.0,0.0,0.0,0.0,0.0,0.0,0.0,0.0,0.0,0.0,0.0,0.0,0.0,0.0,0.0,0.0,0.0,0.0,0.0,0.0,0.0,0.0,0.0,0.0,0.0,0.03789645685776396,0.03789645685776396
2018/11/24 04:00:00,2018/11/24 04:00:00,2018/11/24 09:00:00,10.98254993251814,10.98254993251814,10.66992037189441,0.0,0.0,0.0,0.026007635685836267,0.005318909978062415,0.0,0.0005693067783415797,0.2807337081814895,0.0,0.0,0.0,0.0,0.0,0.0,0.0,0.0,0.0,0.0,0.0,0.0,0.0,0.0,0.0,0.0,0.0,0.0,0.0,0.0,0.0,0.0,0.0,0.0,0.0,0.03747398588346291,0.03747398588346291
2018/11/24 05:00:00,2018/11/24 05:00:00,2018/11/24 10:00:00,10.978740085224645,10.978740085224645,10.679146199640982,0.0,0.0,0.0,0.028359609659443317,0.005799920170125916,0.0,0.0006207914554507214,0.2648135642986422,0.0,0.0,0.0,0.0,0.0,0.0,0.0,0.0,0.0,0.0,0.0,0.0,0.0,0.0,0.0,0.0,0.0,0.0,0.0,0.0,0.0,0.0,0.0,0.0,0.0,0.037460986155296694,0.037460986155296694
2018/11/24 06:00:00,2018/11/24 06:00:00,2018/11/24 11:00:00,11.121516223885651,11.121516223885651,10.737711067935908,0.0,0.0,0.0,0.07657075757208723,0.01565974590684433,0.0,0.001676132803270518,0.2898985196675431,0.0,0.0,0.0,0.0,0.0,0.0,0.0,0.0,0.0,0.0,0.0,0.0,0.0,0.0,0.0,0.0,0.0,0.0,0.0,0.0,0.0,0.0,0.0,0.0,0.0,0.03794815817250155,0.03794815817250155
2018/11/24 07:00:00,2018/11/24 07:00:00,2018/11/24 12:00:00,11.796190052012491,11.796190052012491,10.812933598136166,0.0,0.0,0.0,0.1797670016564363,0.03676476056443332,0.0,0.0039350971307586715,0.35778028410560686,0.0,0.0,0.0,0.0,0.0,0.0,0.40500931041909033,0.0,0.0,0.0,0.0,0.0,0.0,0.0,0.0,0.0,0.0,0.0,0.0,0.0,0.0,0.0,0.0,0.0,0.0,0.04025023898857029,0.04025023898857029
2018/11/24 08:00:00,2018/11/24 08:00:00,2018/11/24 13:00:00,12.006433044010084,12.006433044010084,10.466813676461056,0.0,0.0,0.0,0.22749050639997065,0.04652485673906303,0.0,0.004979763976484562,0.4109570275057973,0.0,0.0,0.0,0.0,0.0,0.0,0.849667212927711,0.0,0.0,0.0,0.0,0.0,0.0,0.0,0.0,0.0,0.0,0.0,0.0,0.0,0.0,0.0,0.0,0.0,0.0,0.04096761728073602,0.04096761728073602
2018/11/24 09:00:00,2018/11/24 09:00:00,2018/11/24 14:00:00,11.862914097781642,11.862914097781642,9.917854772715007,0.0,0.0,0.0,0.23738819960796062,0.04854906762080994,0.0,0.005196424341206713,0.33510476266580536,0.0,0.0,0.0,0.0,0.0,0.0,1.3188208708308526,0.0,0.0,0.0,0.0,0.0,0.0,0.0,0.0,0.0,0.0,0.0,0.0,0.0,0.0,0.0,0.0,0.0,0.0,0.04047791070093258,0.04047791070093258
2018/11/24 10:00:00,2018/11/24 10:00:00,2018/11/24 15:00:00,10.058860032009937,10.058860032009937,8.920938446108792,0.0,0.0,0.0,0.23977021629156023,0.04903622194961379,0.0,0.005248566652813857,0.2678407223394236,0.0,0.0,0.0,0.0,0.0,0.0,0.5760258586677348,0.0,0.0,0.0,0.0,0.0,0.0,0.0,0.0,0.0,0.0,0.0,0.0,0.0,0.0,0.0,0.0,0.0,0.0,0.03432222763924565,0.03432222763924565
2018/11/24 11:00:00,2018/11/24 11:00:00,2018/11/24 16:00:00,8.899836179800415,8.899836179800415,8.349954750524002,0.0,0.0,0.0,0.2330133774859433,0.04765435787794319,0.0,0.005100659546659875,0.2641130343658663,0.0,0.0,0.0,0.0,0.0,0.0,0.0,0.0,0.0,0.0,0.0,0.0,0.0,0.0,0.0,0.0,0.0,0.0,0.0,0.0,0.0,0.0,0.0,0.0,0.0,0.03036747726313352,0.03036747726313352
2018/11/24 12:00:00,2018/11/24 12:00:00,2018/11/24 17:00:00,8.647404663112194,8.647404663112194,8.09075680374847,0.0,0.0,0.0,0.22365196052793865,0.045739822674966235,0.0,0.004895738261486062,0.2823603378993346,0.0,0.0,0.0,0.0,0.0,0.0,0.0,0.0,0.0,0.0,0.0,0.0,0.0,0.0,0.0,0.0,0.0,0.0,0.0,0.0,0.0,0.0,0.0,0.0,0.0,0.02950614586459313,0.02950614586459313
2018/11/24 13:00:00,2018/11/24 13:00:00,2018/11/24 18:00:00,8.382767608439115,8.382767608439115,7.827980700478728,0.0,0.0,0.0,0.21689512172232184,0.04435795860329565,0.0,0.00474783115533208,0.2887859964794398,0.0,0.0,0.0,0.0,0.0,0.0,0.0,0.0,0.0,0.0,0.0,0.0,0.0,0.0,0.0,0.0,0.0,0.0,0.0,0.0,0.0,0.0,0.0,0.0,0.0,0.028603167475057475,0.028603167475057475
2018/11/24 14:00:00,2018/11/24 14:00:00,2018/11/24 19:00:00,8.913452395988985,8.913452395988985,7.286699271947276,0.0,0.0,0.0,0.21490682280316895,0.043951324832805984,0.0,0.004704307320035531,0.2980127568655787,0.0,0.0,0.0,0.0,0.0,0.0,1.065177912220121,0.0,0.0,0.0,0.0,0.0,0.0,0.0,0.0,0.0,0.0,0.0,0.0,0.0,0.0,0.0,0.0,0.0,0.0,0.030413937684107877,0.030413937684107877
2018/11/24 15:00:00,2018/11/24 15:00:00,2018/11/24 20:00:00,8.028597586758236,8.028597586758236,6.960497623079435,0.0,0.0,0.0,0.21778688040361655,0.044540335202432085,0.0,0.004767351740287925,0.333477646565506,0.0,0.0,0.0,0.0,0.0,0.0,0.4675277497669576,0.0,0.0,0.0,0.0,0.0,0.0,0.0,0.0,0.0,0.0,0.0,0.0,0.0,0.0,0.0,0.0,0.0,0.0,0.027394690165656165,0.027394690165656165
2018/11/24 16:00:00,2018/11/24 16:00:00,2018/11/24 21:00:00,7.25149175979753,7.25149175979753,6.643547172724921,0.0,0.0,0.0,0.23530150546679274,0.0481223107090055,0.0,0.00515074663588806,0.3193700242609222,0.0,0.0,0.0,0.0,0.0,0.0,0.0,0.0,0.0,0.0,0.0,0.0,0.0,0.0,0.0,0.0,0.0,0.0,0.0,0.0,0.0,0.0,0.0,0.0,0.0,0.024743097141411645,0.024743097141411645
2018/11/24 17:00:00,2018/11/24 17:00:00,2018/11/24 22:00:00,7.551025953372653,7.551025953372653,6.765241082956442,0.0,0.0,0.0,0.2828605491534366,0.05784877239386212,0.0,0.006191813431398235,0.4388837354375153,0.0,0.0,0.0,0.0,0.0,0.0,0.0,0.0,0.0,0.0,0.0,0.0,0.0,0.0,0.0,0.0,0.0,0.0,0.0,0.0,0.0,0.0,0.0,0.0,0.0,0.025765149416212905,0.025765149416212905
2018/11/24 18:00:00,2018/11/24 18:00:00,2018/11/24 23:00:00,8.188832921140497,8.188832921140497,7.1131495560107645,0.0,0.0,0.0,0.3722679450615316,0.07613378284051057,0.0,0.008148940066791236,0.619132697160899,0.0,0.0,0.0,0.0,0.0,0.0,0.0,0.0,0.0,0.0,0.0,0.0,0.0,0.0,0.0,0.0,0.0,0.0,0.0,0.0,0.0,0.0,0.0,0.0,0.0,0.02794143538380388,0.02794143538380388
2018/11/24 19:00:00,2018/11/24 19:00:00,2018/11/25 00:00:00,9.612116445889107,9.612116445889107,7.094646621330321,0.0,0.0,0.0,0.46923765500408443,0.09596538783581401,0.0,0.01027160564973683,0.636474181127529,0.0,0.0,0.0,0.0,0.0,0.0,1.3055209949416213,0.0,0.0,0.0,0.0,0.0,0.0,0.0,0.0,0.0,0.0,0.0,0.0,0.0,0.0,0.0,0.0,0.0,0.0,0.03279787646919083,0.03279787646919083
2018/11/24 20:00:00,2018/11/24 20:00:00,2018/11/25 01:00:00,10.644455044982116,10.644455044982116,7.720603875235086,0.0,0.0,0.0,0.5020745388118183,0.10268097056095002,0.0,0.01099040457314449,0.9892843849702656,0.0,0.0,0.0,0.0,0.0,0.0,1.3188208708308526,0.0,0.0,0.0,0.0,0.0,0.0,0.0,0.0,0.0,0.0,0.0,0.0,0.0,0.0,0.0,0.0,0.0,0.0,0.036320359164654904,0.036320359164654904
2018/11/24 21:00:00,2018/11/24 21:00:00,2018/11/25 02:00:00,10.243784582422698,10.243784582422698,8.068866992502182,0.0,0.0,0.0,0.4414642683633875,0.09028535812791409,0.0,0.009663646607898157,0.5623114676703773,0.0,0.0,0.0,0.0,0.0,0.0,1.0711928491509386,0.0,0.0,0.0,0.0,0.0,0.0,0.0,0.0,0.0,0.0,0.0,0.0,0.0,0.0,0.0,0.0,0.0,0.0,0.0349532158919059,0.0349532158919059
2018/11/24 22:00:00,2018/11/24 22:00:00,2018/11/25 03:00:00,9.260858426383876,9.260858426383876,8.310684500534242,0.0,0.0,0.0,0.33975371121871306,0.06948418635643629,0.0,0.007437203946564799,0.5334988243279194,0.0,0.0,0.0,0.0,0.0,0.0,0.0,0.0,0.0,0.0,0.0,0.0,0.0,0.0,0.0,0.0,0.0,0.0,0.0,0.0,0.0,0.0,0.0,0.0,0.0,0.03159933531569989,0.03159933531569989
2018/11/24 23:00:00,2018/11/24 23:00:00,2018/11/25 04:00:00,9.458754885067892,9.458754885067892,8.644598320424098,0.0,0.0,0.0,0.2937686202278071,0.06007961908749219,0.0,0.006430590953364709,0.4538777343751317,0.0,0.0,0.0,0.0,0.0,0.0,0.0,0.0,0.0,0.0,0.0,0.0,0.0,0.0,0.0,0.0,0.0,0.0,0.0,0.0,0.0,0.0,0.0,0.0,0.0,0.03227458552122403,0.03227458552122403
2018/11/25 00:00:00,2018/11/25 00:00:00,2018/11/25 05:00:00,9.264705997416717,9.264705997416717,8.718758880746645,0.0,0.0,0.0,0.13094360677997474,0.026779722120023,0.0,0.002866353705536267,0.38535743406453843,0.0,0.0,0.0,0.0,0.0,0.0,0.0,0.0,0.0,0.0,0.0,0.0,0.0,0.0,0.0,0.0,0.0,0.0,0.0,0.0,0.0,0.0,0.0,0.0,0.0,0.031612463762504706,0.031612463762504706
2018/11/25 01:00:00,2018/11/25 01:00:00,2018/11/25 06:00:00,9.024781840097221,9.024781840097221,8.60567369918598,0.0,0.0,0.0,0.06501908921459039,0.013297274945155983,0.0,0.0014232669458539432,0.3393685098056406,0.0,0.0,0.0,0.0,0.0,0.0,0.0,0.0,0.0,0.0,0.0,0.0,0.0,0.0,0.0,0.0,0.0,0.0,0.0,0.0,0.0,0.0,0.0,0.0,0.0,0.030793809211445353,0.030793809211445353
2018/11/25 02:00:00,2018/11/25 02:00:00,2018/11/25 07:00:00,8.77693534647198,8.77693534647198,8.405091184362343,0.0,0.0,0.0,0.03901145352875434,0.00797836496709361,0.0,0.0008539601675123682,0.3240003834462767,0.0,0.0,0.0,0.0,0.0,0.0,0.0,0.0,0.0,0.0,0.0,0.0,0.0,0.0,0.0,0.0,0.0,0.0,0.0,0.0,0.0,0.0,0.0,0.0,0.0,0.02994812254847122,0.02994812254847122
2018/11/25 03:00:00,2018/11/25 03:00:00,2018/11/25 08:00:00,8.538246192263315,8.538246192263315,8.21301642654554,0.0,0.0,0.0,0.026007635685836267,0.005318909978062415,0.0,0.0005693067783415797,0.2933339132755372,0.0,0.0,0.0,0.0,0.0,0.0,0.0,0.0,0.0,0.0,0.0,0.0,0.0,0.0,0.0,0.0,0.0,0.0,0.0,0.0,0.0,0.0,0.0,0.0,0.0,0.029133681999572184,0.029133681999572184
2018/11/25 04:00:00,2018/11/25 04:00:00,2018/11/25 09:00:00,8.471013407769956,8.471013407769956,8.158383847146228,0.0,0.0,0.0,0.026007635685836267,0.005318909978062415,0.0,0.0005693067783415797,0.2807337081814895,0.0,0.0,0.0,0.0,0.0,0.0,0.0,0.0,0.0,0.0,0.0,0.0,0.0,0.0,0.0,0.0,0.0,0.0,0.0,0.0,0.0,0.0,0.0,0.0,0.0,0.028904274400017346,0.028904274400017346
2018/11/25 05:00:00,2018/11/25 05:00:00,2018/11/25 10:00:00,8.372905231916434,8.372905231916434,8.073311346332773,0.0,0.0,0.0,0.028359609659443317,0.005799920170125916,0.0,0.0006207914554507214,0.2648135642986422,0.0,0.0,0.0,0.0,0.0,0.0,0.0,0.0,0.0,0.0,0.0,0.0,0.0,0.0,0.0,0.0,0.0,0.0,0.0,0.0,0.0,0.0,0.0,0.0,0.0,0.02856951567644429,0.02856951567644429
2018/11/25 06:00:00,2018/11/25 06:00:00,2018/11/25 11:00:00,8.62290949460102,8.62290949460102,7.834251551622619,0.0,0.0,0.0,0.07657075757208723,0.01565974590684433,0.0,0.001676132803270518,0.2898985196675431,0.0,0.0,0.0,0.0,0.0,0.0,0.4048527870286569,0.0,0.0,0.0,0.0,0.0,0.0,0.0,0.0,0.0,0.0,0.0,0.0,0.0,0.0,0.0,0.0,0.0,0.0,0.029422564947170403,0.029422564947170403
2018/11/25 07:00:00,2018/11/25 07:00:00,2018/11/25 12:00:00,8.336492570077613,8.336492570077613,7.6598663828075395,0.0,0.0,0.0,0.1797670016564363,0.03676476056443332,0.0,0.0039350971307586715,0.35778028410560686,0.0,0.0,0.0,0.0,0.0,0.0,0.09837904381283875,0.0,0.0,0.0,0.0,0.0,0.0,0.0,0.0,0.0,0.0,0.0,0.0,0.0,0.0,0.0,0.0,0.0,0.0,0.028445270616407087,0.028445270616407087
2018/11/25 08:00:00,2018/11/25 08:00:00,2018/11/25 13:00:00,9.035812150472596,9.035812150472596,7.027039125020426,0.0,0.0,0.0,0.22749050639997065,0.04652485673906303,0.0,0.004979763976484562,0.4109570275057973,0.0,0.0,0.0,0.0,0.0,0.0,1.3188208708308526,0.0,0.0,0.0,0.0,0.0,0.0,0.0,0.0,0.0,0.0,0.0,0.0,0.0,0.0,0.0,0.0,0.0,0.0,0.03083144616259393,0.03083144616259393
2018/11/25 09:00:00,2018/11/25 09:00:00,2018/11/25 14:00:00,9.410883927558098,9.410883927558098,7.4658246024914625,0.0,0.0,0.0,0.23738819960796062,0.04854906762080994,0.0,0.005196424341206713,0.33510476266580536,0.0,0.0,0.0,0.0,0.0,0.0,1.3188208708308526,0.0,0.0,0.0,0.0,0.0,0.0,0.0,0.0,0.0,0.0,0.0,0.0,0.0,0.0,0.0,0.0,0.0,0.0,0.03211124316476106,0.03211124316476106
2018/11/25 10:00:00,2018/11/25 10:00:00,2018/11/25 15:00:00,9.28185516168847,9.28185516168847,7.401138563624206,0.0,0.0,0.0,0.23977021629156023,0.04903622194961379,0.0,0.005248566652813857,0.2678407223394236,0.0,0.0,0.0,0.0,0.0,0.0,1.3188208708308526,0.0,0.0,0.0,0.0,0.0,0.0,0.0,0.0,0.0,0.0,0.0,0.0,0.0,0.0,0.0,0.0,0.0,0.0,0.031670979093077437,0.031670979093077437
2018/11/25 11:00:00,2018/11/25 11:00:00,2018/11/25 16:00:00,8.988741302589585,8.988741302589585,7.107954951737195,0.0,0.0,0.0,0.2330133774859433,0.04765435787794319,0.0,0.005100659546659875,0.29845007803403356,0.0,0.0,0.0,0.0,0.0,0.0,1.2965678779078083,0.0,0.0,0.0,0.0,0.0,0.0,0.0,0.0,0.0,0.0,0.0,0.0,0.0,0.0,0.0,0.0,0.0,0.0,0.03067083389131549,0.03067083389131549
2018/11/25 12:00:00,2018/11/25 12:00:00,2018/11/25 17:00:00,7.952133354376018,7.952133354376018,6.621423181253991,0.0,0.0,0.0,0.22365196052793865,0.045739822674966235,0.0,0.004895738261486062,1.056422651657636,0.0,0.0,0.0,0.0,0.0,0.0,0.0,0.0,0.0,0.0,0.0,0.0,0.0,0.0,0.0,0.0,0.0,0.0,0.0,0.0,0.0,0.0,0.0,0.0,0.0,0.027133783583624897,0.027133783583624897
2018/11/25 13:00:00,2018/11/25 13:00:00,2018/11/25 18:00:00,6.930375522655332,6.930375522655332,6.375588614694943,0.0,0.0,0.0,0.21689512172232184,0.04435795860329565,0.0,0.00474783115533208,0.2887859964794398,0.0,0.0,0.0,0.0,0.0,0.0,0.0,0.0,0.0,0.0,0.0,0.0,0.0,0.0,0.0,0.0,0.0,0.0,0.0,0.0,0.0,0.0,0.0,0.0,0.0,0.02364740393613993,0.02364740393613993
2018/11/25 14:00:00,2018/11/25 14:00:00,2018/11/25 19:00:00,7.191053941961622,7.191053941961622,6.205924002923324,0.0,0.0,0.0,0.21490682280316895,0.043951324832805984,0.0,0.004704307320035531,0.2980127568655787,0.0,0.0,0.0,0.0,0.0,0.0,0.4235547272167083,0.0,0.0,0.0,0.0,0.0,0.0,0.0,0.0,0.0,0.0,0.0,0.0,0.0,0.0,0.0,0.0,0.0,0.0,0.02453687491193612,0.02453687491193612
2018/11/25 15:00:00,2018/11/25 15:00:00,2018/11/25 20:00:00,6.301526008967993,6.301526008967993,5.700953795056151,0.0,0.0,0.0,0.21778688040361655,0.044540335202432085,0.0,0.004767351740287925,0.333477646565506,0.0,0.0,0.0,0.0,0.0,0.0,0.0,0.0,0.0,0.0,0.0,0.0,0.0,0.0,0.0,0.0,0.0,0.0,0.0,0.0,0.0,0.0,0.0,0.0,0.0,0.021501682046092613,0.021501682046092613
2018/11/25 16:00:00,2018/11/25 16:00:00,2018/11/25 21:00:00,5.945565704938184,5.945565704938184,5.307174906992032,0.0,0.0,0.0,0.23530150546679274,0.0481223107090055,0.0,0.00515074663588806,0.34981623513446336,0.0,0.0,0.0,0.0,0.0,0.0,0.0,0.0,0.0,0.0,0.0,0.0,0.0,0.0,0.0,0.0,0.0,0.0,0.0,0.0,0.0,0.0,0.0,0.0,0.0,0.020287096044640417,0.020287096044640417
2018/11/25 17:00:00,2018/11/25 17:00:00,2018/11/25 22:00:00,6.788162550446322,6.788162550446322,5.3160266749261105,0.0,0.0,0.0,0.2828605491534366,0.05784877239386212,0.0,0.006191813431398235,1.1252347405415153,0.0,0.0,0.0,0.0,0.0,0.0,0.0,0.0,0.0,0.0,0.0,0.0,0.0,0.0,0.0,0.0,0.0,0.0,0.0,0.0,0.0,0.0,0.0,0.0,0.0,0.023162153521095033,0.023162153521095033
2018/11/25 18:00:00,2018/11/25 18:00:00,2018/11/25 23:00:00,6.430298597234925,6.430298597234925,5.354615232105194,0.0,0.0,0.0,0.3722679450615316,0.07613378284051057,0.0,0.008148940066791236,0.619132697160899,0.0,0.0,0.0,0.0,0.0,0.0,0.0,0.0,0.0,0.0,0.0,0.0,0.0,0.0,0.0,0.0,0.0,0.0,0.0,0.0,0.0,0.0,0.0,0.0,0.0,0.021941072004211887,0.021941072004211887
2018/11/25 19:00:00,2018/11/25 19:00:00,2018/11/26 00:00:00,7.304266387372516,7.304266387372516,5.30987014484527,0.0,0.0,0.0,0.46923765500408443,0.09596538783581401,0.0,0.01027160564973683,0.636474181127529,0.0,0.0,0.0,0.0,0.0,0.0,0.7824474129100827,0.0,0.0,0.0,0.0,0.0,0.0,0.0,0.0,0.0,0.0,0.0,0.0,0.0,0.0,0.0,0.0,0.0,0.0,0.02492317150127359,0.02492317150127359
2018/11/25 20:00:00,2018/11/25 20:00:00,2018/11/26 01:00:00,7.061947714183539,7.061947714183539,5.547247672022829,0.0,0.0,0.0,0.5020745388118183,0.10268097056095002,0.0,0.01099040457314449,0.5750596987912638,0.0,0.0,0.0,0.0,0.0,0.0,0.32389442942353286,0.0,0.0,0.0,0.0,0.0,0.0,0.0,0.0,0.0,0.0,0.0,0.0,0.0,0.0,0.0,0.0,0.0,0.0,0.024096346529461132,0.024096346529461132
2018/11/25 21:00:00,2018/11/25 21:00:00,2018/11/26 02:00:00,6.761563464273445,6.761563464273445,5.619547064630919,0.0,0.0,0.0,0.4414642683633875,0.09028535812791409,0.0,0.009663646607898157,0.6006031265433261,0.0,0.0,0.0,0.0,0.0,0.0,0.0,0.0,0.0,0.0,0.0,0.0,0.0,0.0,0.0,0.0,0.0,0.0,0.0,0.0,0.0,0.0,0.0,0.0,0.0,0.02307139374436922,0.02307139374436922
2018/11/25 22:00:00,2018/11/25 22:00:00,2018/11/26 03:00:00,7.519414917950783,7.519414917950783,5.70602951847284,0.0,0.0,0.0,0.33975371121871306,0.06948418635643629,0.0,0.007437203946564799,1.3967102979562291,0.0,0.0,0.0,0.0,0.0,0.0,0.0,0.0,0.0,0.0,0.0,0.0,0.0,0.0,0.0,0.0,0.0,0.0,0.0,0.0,0.0,0.0,0.0,0.0,0.0,0.025657288172472655,0.025657288172472655
2018/11/25 23:00:00,2018/11/25 23:00:00,2018/11/26 04:00:00,7.480942827301402,7.480942827301402,5.847040890577483,0.0,0.0,0.0,0.2937686202278071,0.06007961908749219,0.0,0.006430590953364709,0.4538777343751317,0.0,0.0,0.0,0.0,0.0,0.0,0.8197453720801239,0.0,0.0,0.0,0.0,0.0,0.0,0.0,0.0,0.0,0.0,0.0,0.0,0.0,0.0,0.0,0.0,0.0,0.0,0.025526016055272122,0.025526016055272122
2018/11/26 00:00:00,2018/11/26 00:00:00,2018/11/26 05:00:00,7.016652076581954,7.016652076581954,6.0524817641901345,0.0,0.0,0.0,0.13094360677997474,0.026779722120023,0.0,0.002866353705536267,0.38535743406453843,0.0,0.0,0.0,0.0,0.0,0.0,0.4182231957217469,0.0,0.0,0.0,0.0,0.0,0.0,0.0,0.0,0.0,0.0,0.0,0.0,0.0,0.0,0.0,0.0,0.0,0.0,0.02394179152224569,0.02394179152224569
2018/11/26 01:00:00,2018/11/26 01:00:00,2018/11/26 06:00:00,7.062985857225493,7.062985857225493,6.456219809207702,0.0,0.0,0.0,0.06501908921459039,0.013297274945155983,0.0,0.0014232669458539432,0.3393685098056406,0.0,0.0,0.0,0.0,0.0,0.0,0.187657907106549,0.0,0.0,0.0,0.0,0.0,0.0,0.0,0.0,0.0,0.0,0.0,0.0,0.0,0.0,0.0,0.0,0.0,0.0,0.024099888817721894,0.024099888817721894
2018/11/26 02:00:00,2018/11/26 02:00:00,2018/11/26 07:00:00,6.811122255704175,6.811122255704175,6.439278093594538,0.0,0.0,0.0,0.03901145352875434,0.00797836496709361,0.0,0.0008539601675123682,0.3240003834462767,0.0,0.0,0.0,0.0,0.0,0.0,0.0,0.0,0.0,0.0,0.0,0.0,0.0,0.0,0.0,0.0,0.0,0.0,0.0,0.0,0.0,0.0,0.0,0.0,0.0,0.023240495224616336,0.023240495224616336
2018/11/26 03:00:00,2018/11/26 03:00:00,2018/11/26 08:00:00,6.419107159554125,6.419107159554125,6.0938773938363475,0.0,0.0,0.0,0.026007635685836267,0.005318909978062415,0.0,0.0005693067783415797,0.2933339132755372,0.0,0.0,0.0,0.0,0.0,0.0,0.0,0.0,0.0,0.0,0.0,0.0,0.0,0.0,0.0,0.0,0.0,0.0,0.0,0.0,0.0,0.0,0.0,0.0,0.0,0.021902885264316063,0.021902885264316063
2018/11/26 04:00:00,2018/11/26 04:00:00,2018/11/26 09:00:00,6.588908974507285,6.588908974507285,6.276279413883555,0.0,0.0,0.0,0.026007635685836267,0.005318909978062415,0.0,0.0005693067783415797,0.2807337081814895,0.0,0.0,0.0,0.0,0.0,0.0,0.0,0.0,0.0,0.0,0.0,0.0,0.0,0.0,0.0,0.0,0.0,0.0,0.0,0.0,0.0,0.0,0.0,0.0,0.0,0.02248227264298852,0.02248227264298852
2018/11/26 05:00:00,2018/11/26 05:00:00,2018/11/26 10:00:00,6.835685911290822,6.835685911290822,6.53609202570716,0.0,0.0,0.0,0.028359609659443317,0.005799920170125916,0.0,0.0006207914554507214,0.2648135642986422,0.0,0.0,0.0,0.0,0.0,0.0,0.0,0.0,0.0,0.0,0.0,0.0,0.0,0.0,0.0,0.0,0.0,0.0,0.0,0.0,0.0,0.0,0.0,0.0,0.0,0.023324309829453667,0.023324309829453667
2018/11/26 06:00:00,2018/11/26 06:00:00,2018/11/26 11:00:00,7.526322226864292,7.526322226864292,6.709944372346522,0.0,0.0,0.0,0.07657075757208723,0.01565974590684433,0.0,0.001676132803270518,0.2898985196675431,0.0,0.0,0.0,0.0,0.0,0.0,0.43257269856802494,0.0,0.0,0.0,0.0,0.0,0.0,0.0,0.0,0.0,0.0,0.0,0.0,0.0,0.0,0.0,0.0,0.0,0.0,0.02568085686993436,0.02568085686993436
2018/11/26 07:00:00,2018/11/26 07:00:00,2018/11/26 12:00:00,7.430045062745213,7.430045062745213,6.851797919287978,0.0,0.0,0.0,0.1797670016564363,0.03676476056443332,0.0,0.0039350971307586715,0.35778028410560686,0.0,0.0,0.0,0.0,0.0,0.0,0.0,0.0,0.0,0.0,0.0,0.0,0.0,0.0,0.0,0.0,0.0,0.0,0.0,0.0,0.0,0.0,0.0,0.0,0.0,0.025352345812733,0.025352345812733
2018/11/26 08:00:00,2018/11/26 08:00:00,2018/11/26 13:00:00,8.027104926924745,8.027104926924745,7.00460240827386,0.0,0.0,0.0,0.22749050639997065,0.04652485673906303,0.0,0.004979763976484562,0.4109570275057973,0.0,0.0,0.0,0.0,0.0,0.0,0.3325503640295702,0.0,0.0,0.0,0.0,0.0,0.0,0.0,0.0,0.0,0.0,0.0,0.0,0.0,0.0,0.0,0.0,0.0,0.0,0.027389597002968745,0.027389597002968745
2018/11/26 09:00:00,2018/11/26 09:00:00,2018/11/26 14:00:00,8.05978271786712,8.05978271786712,6.04156317017474,0.0,0.0,0.0,0.23738819960796062,0.04854906762080994,0.0,0.005196424341206713,0.4082649852915502,0.0,0.0,0.0,0.0,0.0,0.0,1.3188208708308526,0.0,0.0,0.0,0.0,0.0,0.0,0.0,0.0,0.0,0.0,0.0,0.0,0.0,0.0,0.0,0.0,0.0,0.0,0.027501098164720943,0.027501098164720943
2018/11/26 10:00:00,2018/11/26 10:00:00,2018/11/26 15:00:00,9.324690536849836,9.324690536849836,5.77843185944114,0.0,0.0,0.0,0.23977021629156023,0.04903622194961379,0.0,0.005248566652813857,1.9333828016838543,0.0,0.0,0.0,0.0,0.0,0.0,1.3188208708308526,0.0,0.0,0.0,0.0,0.0,0.0,0.0,0.0,0.0,0.0,0.0,0.0,0.0,0.0,0.0,0.0,0.0,0.0,0.03181713934310799,0.03181713934310799
2018/11/26 11:00:00,2018/11/26 11:00:00,2018/11/26 16:00:00,7.513192127578593,7.513192127578593,5.274372327493718,0.0,0.0,0.0,0.2330133774859433,0.04765435787794319,0.0,0.005100659546659875,0.6342305343434759,0.0,0.0,0.0,0.0,0.0,0.0,1.3188208708308526,0.0,0.0,0.0,0.0,0.0,0.0,0.0,0.0,0.0,0.0,0.0,0.0,0.0,0.0,0.0,0.0,0.0,0.0,0.025636055147355896,0.025636055147355896
2018/11/26 12:00:00,2018/11/26 12:00:00,2018/11/26 17:00:00,7.011701031815123,7.011701031815123,5.032029139841322,0.0,0.0,0.0,0.22365196052793865,0.045739822674966235,0.0,0.004895738261486062,0.38656349967855747,0.0,0.0,0.0,0.0,0.0,0.0,1.3188208708308526,0.0,0.0,0.0,0.0,0.0,0.0,0.0,0.0,0.0,0.0,0.0,0.0,0.0,0.0,0.0,0.0,0.0,0.0,0.02392489786978423,0.02392489786978423
2018/11/26 13:00:00,2018/11/26 13:00:00,2018/11/26 18:00:00,6.89158802412334,6.89158802412334,4.580353659911121,0.0,0.0,0.0,0.21689512172232184,0.04435795860329565,0.0,0.00474783115533208,1.1251575807478968,0.0,0.0,0.0,0.0,0.0,0.0,0.9200758719833724,0.0,0.0,0.0,0.0,0.0,0.0,0.0,0.0,0.0,0.0,0.0,0.0,0.0,0.0,0.0,0.0,0.0,0.0,0.023515055603432696,0.023515055603432696
2018/11/26 14:00:00,2018/11/26 14:00:00,2018/11/26 19:00:00,4.6171374181299285,4.6171374181299285,4.055562206308339,0.0,0.0,0.0,0.21490682280316895,0.043951324832805984,0.0,0.004704307320035531,0.2980127568655787,0.0,0.0,0.0,0.0,0.0,0.0,0.0,0.0,0.0,0.0,0.0,0.0,0.0,0.0,0.0,0.0,0.0,0.0,0.0,0.0,0.0,0.0,0.0,0.0,0.0,0.015754314206822616,0.015754314206822616
2018/11/26 15:00:00,2018/11/26 15:00:00,2018/11/26 20:00:00,4.156391202719432,4.156391202719432,3.451846528985055,0.0,0.0,0.0,0.21778688040361655,0.044540335202432085,0.0,0.004767351740287925,0.333477646565506,0.0,0.0,0.0,0.0,0.0,0.0,0.1039724598225344,0.0,0.0,0.0,0.0,0.0,0.0,0.0,0.0,0.0,0.0,0.0,0.0,0.0,0.0,0.0,0.0,0.0,0.0,0.014182184120618394,0.014182184120618394
2018/11/26 16:00:00,2018/11/26 16:00:00,2018/11/26 21:00:00,4.028306824742475,4.028306824742475,3.1197394965427083,0.0,0.0,0.0,0.23530150546679274,0.0481223107090055,0.0,0.00515074663588806,0.3193700242609222,0.0,0.0,0.0,0.0,0.0,0.0,0.30062274112715837,0.0,0.0,0.0,0.0,0.0,0.0,0.0,0.0,0.0,0.0,0.0,0.0,0.0,0.0,0.0,0.0,0.0,0.0,0.013745142431603278,0.013745142431603278
2018/11/26 17:00:00,2018/11/26 17:00:00,2018/11/26 22:00:00,4.125886615141357,4.125886615141357,3.3401017447251444,0.0,0.0,0.0,0.2828605491534366,0.05784877239386212,0.0,0.006191813431398235,0.4388837354375153,0.0,0.0,0.0,0.0,0.0,0.0,0.0,0.0,0.0,0.0,0.0,0.0,0.0,0.0,0.0,0.0,0.0,0.0,0.0,0.0,0.0,0.0,0.0,0.0,0.0,0.01407809823061056,0.01407809823061056
2018/11/26 18:00:00,2018/11/26 18:00:00,2018/11/26 23:00:00,5.596357884017503,5.596357884017503,3.8203204703198974,0.0,0.0,0.0,0.3722679450615316,0.07613378284051057,0.0,0.008148940066791236,0.619132697160899,0.0,0.0,0.0,0.0,0.0,0.0,0.7003540485678731,0.0,0.0,0.0,0.0,0.0,0.0,0.0,0.0,0.0,0.0,0.0,0.0,0.0,0.0,0.0,0.0,0.0,0.0,0.019095550453499553,0.019095550453499553
2018/11/26 19:00:00,2018/11/26 19:00:00,2018/11/27 00:00:00,5.601033805659659,5.601033805659659,4.3890849760424935,0.0,0.0,0.0,0.46923765500408443,0.09596538783581401,0.0,0.01027160564973683,0.636474181127529,0.0,0.0,0.0,0.0,0.0,0.0,0.0,0.0,0.0,0.0,0.0,0.0,0.0,0.0,0.0,0.0,0.0,0.0,0.0,0.0,0.0,0.0,0.0,0.0,0.0,0.01911150534764408,0.01911150534764408
2018/11/26 20:00:00,2018/11/26 20:00:00,2018/11/27 01:00:00,7.289893037577069,7.289893037577069,4.879909897005929,0.0,0.0,0.0,0.5020745388118183,0.10268097056095002,0.0,0.01099040457314449,0.5750596987912638,0.0,0.0,0.0,0.0,0.0,0.0,1.2191775278339618,0.0,0.0,0.0,0.0,0.0,0.0,0.0,0.0,0.0,0.0,0.0,0.0,0.0,0.0,0.0,0.0,0.0,0.0,0.024874127635264122,0.024874127635264122
2018/11/26 21:00:00,2018/11/26 21:00:00,2018/11/27 02:00:00,7.06260693531387,7.06260693531387,5.501423118575258,0.0,0.0,0.0,0.4414642683633875,0.09028535812791409,0.0,0.009663646607898157,0.5623114676703773,0.0,0.0,0.0,0.0,0.0,0.0,0.45745907596903423,0.0,0.0,0.0,0.0,0.0,0.0,0.0,0.0,0.0,0.0,0.0,0.0,0.0,0.0,0.0,0.0,0.0,0.0,0.02409859588352589,0.02409859588352589
2018/11/26 22:00:00,2018/11/26 22:00:00,2018/11/27 03:00:00,7.190546905455179,7.190546905455179,5.958979440485626,0.0,0.0,0.0,0.33975371121871306,0.06948418635643629,0.0,0.007437203946564799,0.5334988243279194,0.0,0.0,0.0,0.0,0.0,0.0,0.2813935391199192,0.0,0.0,0.0,0.0,0.0,0.0,0.0,0.0,0.0,0.0,0.0,0.0,0.0,0.0,0.0,0.0,0.0,0.0,0.024535144832947033,0.024535144832947033
2018/11/26 23:00:00,2018/11/26 23:00:00,2018/11/27 04:00:00,7.462836265523336,7.462836265523336,6.398086270743016,0.0,0.0,0.0,0.2937686202278071,0.06007961908749219,0.0,0.006430590953364709,0.4538777343751317,0.0,0.0,0.0,0.0,0.0,0.0,0.25059343013652535,0.0,0.0,0.0,0.0,0.0,0.0,0.0,0.0,0.0,0.0,0.0,0.0,0.0,0.0,0.0,0.0,0.0,0.0,0.025464233951422065,0.025464233951422065
2018/11/27 00:00:00,2018/11/27 00:00:00,2018/11/27 05:00:00,7.34357732507686,7.34357732507686,6.797630208406788,0.0,0.0,0.0,0.13094360677997474,0.026779722120023,0.0,0.002866353705536267,0.38535743406453843,0.0,0.0,0.0,0.0,0.0,0.0,0.0,0.0,0.0,0.0,0.0,0.0,0.0,0.0,0.0,0.0,0.0,0.0,0.0,0.0,0.0,0.0,0.0,0.0,0.0,0.025057305881144375,0.025057305881144375
2018/11/27 01:00:00,2018/11/27 01:00:00,2018/11/27 06:00:00,7.918459565505807,7.918459565505807,7.499351424594565,0.0,0.0,0.0,0.06501908921459039,0.013297274945155983,0.0,0.0014232669458539432,0.3393685098056406,0.0,0.0,0.0,0.0,0.0,0.0,0.0,0.0,0.0,0.0,0.0,0.0,0.0,0.0,0.0,0.0,0.0,0.0,0.0,0.0,0.0,0.0,0.0,0.0,0.0,0.027018883938595403,0.027018883938595403
2018/11/27 02:00:00,2018/11/27 02:00:00,2018/11/27 07:00:00,8.027892515533935,8.027892515533935,7.656048353424298,0.0,0.0,0.0,0.03901145352875434,0.00797836496709361,0.0,0.0008539601675123682,0.3240003834462767,0.0,0.0,0.0,0.0,0.0,0.0,0.0,0.0,0.0,0.0,0.0,0.0,0.0,0.0,0.0,0.0,0.0,0.0,0.0,0.0,0.0,0.0,0.0,0.0,0.0,0.02739228436470205,0.02739228436470205
2018/11/27 03:00:00,2018/11/27 03:00:00,2018/11/27 08:00:00,7.689303272110034,7.689303272110034,7.364073506392257,0.0,0.0,0.0,0.026007635685836267,0.005318909978062415,0.0,0.0005693067783415797,0.2933339132755372,0.0,0.0,0.0,0.0,0.0,0.0,0.0,0.0,0.0,0.0,0.0,0.0,0.0,0.0,0.0,0.0,0.0,0.0,0.0,0.0,0.0,0.0,0.0,0.0,0.0,0.02623697083493689,0.02623697083493689
2018/11/27 04:00:00,2018/11/27 04:00:00,2018/11/27 09:00:00,7.795279393694554,7.795279393694554,7.482649833070826,0.0,0.0,0.0,0.026007635685836267,0.005318909978062415,0.0,0.0005693067783415797,0.2807337081814895,0.0,0.0,0.0,0.0,0.0,0.0,0.0,0.0,0.0,0.0,0.0,0.0,0.0,0.0,0.0,0.0,0.0,0.0,0.0,0.0,0.0,0.0,0.0,0.0,0.0,0.026598576082228664,0.026598576082228664
2018/11/27 05:00:00,2018/11/27 05:00:00,2018/11/27 10:00:00,8.149167299931392,8.149167299931392,7.444914397070628,0.0,0.0,0.0,0.028359609659443317,0.005799920170125916,0.0,0.0006207914554507214,0.2648135642986422,0.0,0.0,0.0,0.0,0.0,0.0,0.40465901727710185,0.0,0.0,0.0,0.0,0.0,0.0,0.0,0.0,0.0,0.0,0.0,0.0,0.0,0.0,0.0,0.0,0.0,0.0,0.0278060907745481,0.0278060907745481
2018/11/27 06:00:00,2018/11/27 06:00:00,2018/11/27 11:00:00,7.661994602692702,7.661994602692702,7.278189446742957,0.0,0.0,0.0,0.07657075757208723,0.01565974590684433,0.0,0.001676132803270518,0.2898985196675431,0.0,0.0,0.0,0.0,0.0,0.0,0.0,0.0,0.0,0.0,0.0,0.0,0.0,0.0,0.0,0.0,0.0,0.0,0.0,0.0,0.0,0.0,0.0,0.0,0.0,0.026143789861617462,0.026143789861617462
2018/11/27 07:00:00,2018/11/27 07:00:00,2018/11/27 12:00:00,7.74868478011088,7.74868478011088,7.170437636653645,0.0,0.0,0.0,0.1797670016564363,0.03676476056443332,0.0,0.0039350971307586715,0.35778028410560686,0.0,0.0,0.0,0.0,0.0,0.0,0.0,0.0,0.0,0.0,0.0,0.0,0.0,0.0,0.0,0.0,0.0,0.0,0.0,0.0,0.0,0.0,0.0,0.0,0.0,0.026439588788530134,0.026439588788530134
2018/11/27 08:00:00,2018/11/27 08:00:00,2018/11/27 13:00:00,8.033624392427356,8.033624392427356,6.589888450160957,0.0,0.0,0.0,0.22749050639997065,0.04652485673906303,0.0,0.004979763976484562,0.509014391321556,0.0,0.0,0.0,0.0,0.0,0.0,0.6557264238293264,0.0,0.0,0.0,0.0,0.0,0.0,0.0,0.0,0.0,0.0,0.0,0.0,0.0,0.0,0.0,0.0,0.0,0.0,0.02741184232483969,0.02741184232483969
2018/11/27 09:00:00,2018/11/27 09:00:00,2018/11/27 14:00:00,10.277535815199307,10.277535815199307,6.121962659944297,0.0,0.0,0.0,0.23738819960796062,0.04854906762080994,0.0,0.005196424341206713,2.5456185928541806,0.0,0.0,0.0,0.0,0.0,0.0,1.3188208708308526,0.0,0.0,0.0,0.0,0.0,0.0,0.0,0.0,0.0,0.0,0.0,0.0,0.0,0.0,0.0,0.0,0.0,0.0,0.03506837978630125,0.03506837978630125
2018/11/27 10:00:00,2018/11/27 10:00:00,2018/11/27 15:00:00,8.233204946931819,8.233204946931819,6.3524883488675545,0.0,0.0,0.0,0.23977021629156023,0.04903622194961379,0.0,0.005248566652813857,0.2678407223394236,0.0,0.0,0.0,0.0,0.0,0.0,1.3188208708308526,0.0,0.0,0.0,0.0,0.0,0.0,0.0,0.0,0.0,0.0,0.0,0.0,0.0,0.0,0.0,0.0,0.0,0.0,0.028092838899229866,0.028092838899229866
2018/11/27 11:00:00,2018/11/27 11:00:00,2018/11/27 16:00:00,7.8832941476572636,7.8832941476572636,6.014591847549998,0.0,0.0,0.0,0.2330133774859433,0.04765435787794319,0.0,0.005100659546659875,0.2641130343658663,0.0,0.0,0.0,0.0,0.0,0.0,1.3188208708308526,0.0,0.0,0.0,0.0,0.0,0.0,0.0,0.0,0.0,0.0,0.0,0.0,0.0,0.0,0.0,0.0,0.0,0.0,0.026898894648299483,0.026898894648299483
2018/11/27 12:00:00,2018/11/27 12:00:00,2018/11/27 17:00:00,7.337350763839118,7.337350763839118,5.713749267571473,0.0,0.0,0.0,0.22365196052793865,0.045739822674966235,0.0,0.004895738261486062,0.2823603378993346,0.0,0.0,0.0,0.0,0.0,0.0,1.0669536369039194,0.0,0.0,0.0,0.0,0.0,0.0,0.0,0.0,0.0,0.0,0.0,0.0,0.0,0.0,0.0,0.0,0.0,0.0,0.025036059989310567,0.025036059989310567
2018/11/27 13:00:00,2018/11/27 13:00:00,2018/11/27 18:00:00,6.873231914499101,6.873231914499101,5.5480640650779485,0.0,0.0,0.0,0.21689512172232184,0.04435795860329565,0.0,0.00474783115533208,0.2887859964794398,0.0,0.0,0.0,0.0,0.0,0.0,0.7703809414607647,0.0,0.0,0.0,0.0,0.0,0.0,0.0,0.0,0.0,0.0,0.0,0.0,0.0,0.0,0.0,0.0,0.0,0.0,0.023452422007668446,0.023452422007668446
2018/11/27 14:00:00,2018/11/27 14:00:00,2018/11/27 19:00:00,5.956131308004956,5.956131308004956,5.394556096183367,0.0,0.0,0.0,0.21490682280316895,0.043951324832805984,0.0,0.004704307320035531,0.2980127568655787,0.0,0.0,0.0,0.0,0.0,0.0,0.0,0.0,0.0,0.0,0.0,0.0,0.0,0.0,0.0,0.0,0.0,0.0,0.0,0.0,0.0,0.0,0.0,0.0,0.0,0.020323147349902614,0.020323147349902614
2018/11/27 15:00:00,2018/11/27 15:00:00,2018/11/27 20:00:00,5.74003213823692,5.74003213823692,5.139459924325077,0.0,0.0,0.0,0.21778688040361655,0.044540335202432085,0.0,0.004767351740287925,0.333477646565506,0.0,0.0,0.0,0.0,0.0,0.0,0.0,0.0,0.0,0.0,0.0,0.0,0.0,0.0,0.0,0.0,0.0,0.0,0.0,0.0,0.0,0.0,0.0,0.0,0.0,0.019585786965741023,0.019585786965741023
2018/11/27 16:00:00,2018/11/27 16:00:00,2018/11/27 21:00:00,5.584371527656039,5.584371527656039,4.97642694058343,0.0,0.0,0.0,0.23530150546679274,0.0481223107090055,0.0,0.00515074663588806,0.3193700242609222,0.0,0.0,0.0,0.0,0.0,0.0,0.0,0.0,0.0,0.0,0.0,0.0,0.0,0.0,0.0,0.0,0.0,0.0,0.0,0.0,0.0,0.0,0.0,0.0,0.0,0.019054651340648383,0.019054651340648383
2018/11/27 17:00:00,2018/11/27 17:00:00,2018/11/27 22:00:00,5.706731507665141,5.706731507665141,4.920946637248929,0.0,0.0,0.0,0.2828605491534366,0.05784877239386212,0.0,0.006191813431398235,0.4388837354375153,0.0,0.0,0.0,0.0,0.0,0.0,0.0,0.0,0.0,0.0,0.0,0.0,0.0,0.0,0.0,0.0,0.0,0.0,0.0,0.0,0.0,0.0,0.0,0.0,0.0,0.019472160588658742,0.019472160588658742
2018/11/27 18:00:00,2018/11/27 18:00:00,2018/11/27 23:00:00,5.714760829281433,5.714760829281433,4.639077464151701,0.0,0.0,0.0,0.3722679450615316,0.07613378284051057,0.0,0.008148940066791236,0.619132697160899,0.0,0.0,0.0,0.0,0.0,0.0,0.0,0.0,0.0,0.0,0.0,0.0,0.0,0.0,0.0,0.0,0.0,0.0,0.0,0.0,0.0,0.0,0.0,0.0,0.0,0.01949955774931374,0.01949955774931374
2018/11/27 19:00:00,2018/11/27 19:00:00,2018/11/28 00:00:00,5.608940440071754,5.608940440071754,4.396991610454589,0.0,0.0,0.0,0.46923765500408443,0.09596538783581401,0.0,0.01027160564973683,0.636474181127529,0.0,0.0,0.0,0.0,0.0,0.0,0.0,0.0,0.0,0.0,0.0,0.0,0.0,0.0,0.0,0.0,0.0,0.0,0.0,0.0,0.0,0.0,0.0,0.0,0.0,0.019138483882516683,0.019138483882516683
2018/11/27 20:00:00,2018/11/27 20:00:00,2018/11/28 01:00:00,6.365798057944476,6.365798057944476,3.589898052385124,0.0,0.0,0.0,0.5020745388118183,0.10268097056095002,0.0,0.01099040457314449,0.9095217530794115,0.0,0.0,0.0,0.0,0.0,0.0,1.2506323385340274,0.0,0.0,0.0,0.0,0.0,0.0,0.0,0.0,0.0,0.0,0.0,0.0,0.0,0.0,0.0,0.0,0.0,0.0,0.021720987204807578,0.021720987204807578
2018/11/27 21:00:00,2018/11/27 21:00:00,2018/11/28 02:00:00,13.106145984647965,13.106145984647965,2.9905265669123358,0.0,0.0,0.0,0.4414642683633875,0.09028535812791409,0.0,0.009663646607898157,8.255385273805576,0.0,0.0,0.0,0.0,0.0,0.0,1.3188208708308526,0.0,0.0,0.0,0.0,0.0,0.0,0.0,0.0,0.0,0.0,0.0,0.0,0.0,0.0,0.0,0.0,0.0,0.0,0.044719990588077456,0.044719990588077456
2018/11/27 22:00:00,2018/11/27 22:00:00,2018/11/28 03:00:00,8.5177846992536,8.5177846992536,2.713647480517906,0.0,0.0,0.0,0.33975371121871306,0.06948418635643629,0.0,0.007437203946564799,4.068641246383126,0.0,0.0,0.0,0.0,0.0,0.0,1.3188208708308526,0.0,0.0,0.0,0.0,0.0,0.0,0.0,0.0,0.0,0.0,0.0,0.0,0.0,0.0,0.0,0.0,0.0,0.0,0.029063864543251734,0.029063864543251734
2018/11/27 23:00:00,2018/11/27 23:00:00,2018/11/28 04:00:00,6.469361745120464,6.469361745120464,2.535190714676252,0.0,0.0,0.0,0.2937686202278071,0.06007961908749219,0.0,0.006430590953364709,2.255071329344695,0.0,0.0,0.0,0.0,0.0,0.0,1.3188208708308526,0.0,0.0,0.0,0.0,0.0,0.0,0.0,0.0,0.0,0.0,0.0,0.0,0.0,0.0,0.0,0.0,0.0,0.0,0.02207436089080206,0.02207436089080206
2018/11/28 00:00:00,2018/11/28 00:00:00,2018/11/28 05:00:00,5.1999245213208765,5.1999245213208765,3.289295817391602,0.0,0.0,0.0,0.13094360677997474,0.026779722120023,0.0,0.002866353705536267,0.4312181504928874,0.0,0.0,0.0,0.0,0.0,0.0,1.3188208708308526,0.0,0.0,0.0,0.0,0.0,0.0,0.0,0.0,0.0,0.0,0.0,0.0,0.0,0.0,0.0,0.0,0.0,0.0,0.017742864754030044,0.017742864754030044
2018/11/28 01:00:00,2018/11/28 01:00:00,2018/11/28 06:00:00,6.73080961607145,6.73080961607145,3.9590393507781316,0.0,0.0,0.0,0.06501908921459039,0.013297274945155983,0.0,0.0014232669458539432,1.3732097633568654,0.0,0.0,0.0,0.0,0.0,0.0,1.3188208708308526,0.0,0.0,0.0,0.0,0.0,0.0,0.0,0.0,0.0,0.0,0.0,0.0,0.0,0.0,0.0,0.0,0.0,0.0,0.022966457342489414,0.022966457342489414
2018/11/28 02:00:00,2018/11/28 02:00:00,2018/11/28 07:00:00,6.218609961586554,6.218609961586554,4.444898009345653,0.0,0.0,0.0,0.03901145352875434,0.00797836496709361,0.0,0.0008539601675123682,0.40704730274668705,0.0,0.0,0.0,0.0,0.0,0.0,1.3188208708308526,0.0,0.0,0.0,0.0,0.0,0.0,0.0,0.0,0.0,0.0,0.0,0.0,0.0,0.0,0.0,0.0,0.0,0.0,0.02121876097510485,0.02121876097510485
2018/11/28 03:00:00,2018/11/28 03:00:00,2018/11/28 08:00:00,7.852480091192352,7.852480091192352,4.265836996777724,0.0,0.0,0.0,0.026007635685836267,0.005318909978062415,0.0,0.0005693067783415797,2.2359263711415354,0.0,0.0,0.0,0.0,0.0,0.0,1.3188208708308526,0.0,0.0,0.0,0.0,0.0,0.0,0.0,0.0,0.0,0.0,0.0,0.0,0.0,0.0,0.0,0.0,0.0,0.0,0.026793752807463475,0.026793752807463475
2018/11/28 04:00:00,2018/11/28 04:00:00,2018/11/28 09:00:00,7.112334266657589,7.112334266657589,4.586420199468608,0.0,0.0,0.0,0.026007635685836267,0.005318909978062415,0.0,0.0005693067783415797,1.9443006589565597,0.0,0.0,0.0,0.0,0.0,0.0,0.5497175557901814,0.0,0.0,0.0,0.0,0.0,0.0,0.0,0.0,0.0,0.0,0.0,0.0,0.0,0.0,0.0,0.0,0.0,0.0,0.02426827244536689,0.02426827244536689
2018/11/28 05:00:00,2018/11/28 05:00:00,2018/11/28 10:00:00,7.141992429521374,7.141992429521374,5.147608323426634,0.0,0.0,0.0,0.028359609659443317,0.005799920170125916,0.0,0.0006207914554507214,1.9596037848097212,0.0,0.0,0.0,0.0,0.0,0.0,0.0,0.0,0.0,0.0,0.0,0.0,0.0,0.0,0.0,0.0,0.0,0.0,0.0,0.0,0.0,0.0,0.0,0.0,0.0,0.024369470216678287,0.024369470216678287
2018/11/28 06:00:00,2018/11/28 06:00:00,2018/11/28 11:00:00,6.149639646453135,6.149639646453135,5.765834490503389,0.0,0.0,0.0,0.07657075757208723,0.01565974590684433,0.0,0.001676132803270518,0.2898985196675431,0.0,0.0,0.0,0.0,0.0,0.0,0.0,0.0,0.0,0.0,0.0,0.0,0.0,0.0,0.0,0.0,0.0,0.0,0.0,0.0,0.0,0.0,0.0,0.0,0.0,0.020983424679657196,0.020983424679657196
2018/11/28 07:00:00,2018/11/28 07:00:00,2018/11/28 12:00:00,6.88624543571699,6.88624543571699,6.3079982922597555,0.0,0.0,0.0,0.1797670016564363,0.03676476056443332,0.0,0.0039350971307586715,0.35778028410560686,0.0,0.0,0.0,0.0,0.0,0.0,0.0,0.0,0.0,0.0,0.0,0.0,0.0,0.0,0.0,0.0,0.0,0.0,0.0,0.0,0.0,0.0,0.0,0.0,0.0,0.023496825949686446,0.023496825949686446
2018/11/28 08:00:00,2018/11/28 08:00:00,2018/11/28 13:00:00,7.205929163829042,7.205929163829042,6.515977009207727,0.0,0.0,0.0,0.22749050639997065,0.04652485673906303,0.0,0.004979763976484562,0.4109570275057973,0.0,0.0,0.0,0.0,0.0,0.0,0.0,0.0,0.0,0.0,0.0,0.0,0.0,0.0,0.0,0.0,0.0,0.0,0.0,0.0,0.0,0.0,0.0,0.0,0.0,0.024587631235166905,0.024587631235166905
2018/11/28 09:00:00,2018/11/28 09:00:00,2018/11/28 14:00:00,7.873186173889816,7.873186173889816,6.84242762629464,0.0,0.0,0.0,0.23738819960796062,0.04854906762080994,0.0,0.005196424341206713,0.33510476266580536,0.0,0.0,0.0,0.0,0.0,0.0,0.4045200933593934,0.0,0.0,0.0,0.0,0.0,0.0,0.0,0.0,0.0,0.0,0.0,0.0,0.0,0.0,0.0,0.0,0.0,0.0,0.026864404837772856,0.026864404837772856
2018/11/28 10:00:00,2018/11/28 10:00:00,2018/11/28 15:00:00,7.704758266218057,7.704758266218057,7.142862538984645,0.0,0.0,0.0,0.23977021629156023,0.04903622194961379,0.0,0.005248566652813857,0.2678407223394236,0.0,0.0,0.0,0.0,0.0,0.0,0.0,0.0,0.0,0.0,0.0,0.0,0.0,0.0,0.0,0.0,0.0,0.0,0.0,0.0,0.0,0.0,0.0,0.0,0.0,0.026289705421584954,0.026289705421584954
2018/11/28 11:00:00,2018/11/28 11:00:00,2018/11/28 16:00:00,7.889861396876723,7.889861396876723,7.339979967600311,0.0,0.0,0.0,0.2330133774859433,0.04765435787794319,0.0,0.005100659546659875,0.2641130343658663,0.0,0.0,0.0,0.0,0.0,0.0,0.0,0.0,0.0,0.0,0.0,0.0,0.0,0.0,0.0,0.0,0.0,0.0,0.0,0.0,0.0,0.0,0.0,0.0,0.0,0.026921303014849636,0.026921303014849636
2018/11/28 12:00:00,2018/11/28 12:00:00,2018/11/28 17:00:00,8.218950005518634,8.218950005518634,7.2490923770601405,0.0,0.0,0.0,0.22365196052793865,0.045739822674966235,0.0,0.004895738261486062,0.2823603378993346,0.0,0.0,0.0,0.0,0.0,0.0,0.41320976909476964,0.0,0.0,0.0,0.0,0.0,0.0,0.0,0.0,0.0,0.0,0.0,0.0,0.0,0.0,0.0,0.0,0.0,0.0,0.02804419905906801,0.02804419905906801
2018/11/28 13:00:00,2018/11/28 13:00:00,2018/11/28 18:00:00,9.582265999873082,9.582265999873082,7.708658221081841,0.0,0.0,0.0,0.21689512172232184,0.04435795860329565,0.0,0.00474783115533208,0.2887859964794398,0.0,0.0,0.0,0.0,0.0,0.0,1.3188208708308526,0.0,0.0,0.0,0.0,0.0,0.0,0.0,0.0,0.0,0.0,0.0,0.0,0.0,0.0,0.0,0.0,0.0,0.0,0.032696022601055204,0.032696022601055204
2018/11/28 14:00:00,2018/11/28 14:00:00,2018/11/28 19:00:00,9.252219095414468,9.252219095414468,8.03094408071327,0.0,0.0,0.0,0.21490682280316895,0.043951324832805984,0.0,0.004704307320035531,0.2980127568655787,0.0,0.0,0.0,0.0,0.0,0.0,0.6596998028796086,0.0,0.0,0.0,0.0,0.0,0.0,0.0,0.0,0.0,0.0,0.0,0.0,0.0,0.0,0.0,0.0,0.0,0.0,0.03156985671839967,0.03156985671839967
2018/11/28 15:00:00,2018/11/28 15:00:00,2018/11/28 20:00:00,9.105956427888964,9.105956427888964,8.505384213977122,0.0,0.0,0.0,0.21778688040361655,0.044540335202432085,0.0,0.004767351740287925,0.333477646565506,0.0,0.0,0.0,0.0,0.0,0.0,0.0,0.0,0.0,0.0,0.0,0.0,0.0,0.0,0.0,0.0,0.0,0.0,0.0,0.0,0.0,0.0,0.0,0.0,0.0,0.031070788180418387,0.031070788180418387
2018/11/28 16:00:00,2018/11/28 16:00:00,2018/11/28 21:00:00,9.410157536027917,9.410157536027917,8.715445494837637,0.0,0.0,0.0,0.23530150546679274,0.0481223107090055,0.0,0.00515074663588806,0.40613747837859465,0.0,0.0,0.0,0.0,0.0,0.0,0.0,0.0,0.0,0.0,0.0,0.0,0.0,0.0,0.0,0.0,0.0,0.0,0.0,0.0,0.0,0.0,0.0,0.0,0.0,0.03210876461596181,0.03210876461596181
2018/11/28 17:00:00,2018/11/28 17:00:00,2018/11/28 22:00:00,12.150116928008536,12.150116928008536,8.652564872628355,0.0,0.0,0.0,0.2828605491534366,0.05784877239386212,0.0,0.006191813431398235,2.5443343573604027,0.0,0.0,0.0,0.0,0.0,0.0,0.6063165630410814,0.0,0.0,0.0,0.0,0.0,0.0,0.0,0.0,0.0,0.0,0.0,0.0,0.0,0.0,0.0,0.0,0.0,0.0,0.04145788665112118,0.04145788665112118
2018/11/28 18:00:00,2018/11/28 18:00:00,2018/11/28 23:00:00,13.05419583738407,13.05419583738407,8.491725712802715,0.0,0.0,0.0,0.3722679450615316,0.07613378284051057,0.0,0.008148940066791236,3.9881039374245977,0.0,0.0,0.0,0.0,0.0,0.0,0.11781551918792203,0.0,0.0,0.0,0.0,0.0,0.0,0.0,0.0,0.0,0.0,0.0,0.0,0.0,0.0,0.0,0.0,0.0,0.0,0.04454272946956008,0.04454272946956008
2018/11/28 19:00:00,2018/11/28 19:00:00,2018/11/29 00:00:00,10.330571233971863,10.330571233971863,9.118622404354698,0.0,0.0,0.0,0.46923765500408443,0.09596538783581401,0.0,0.01027160564973683,0.636474181127529,0.0,0.0,0.0,0.0,0.0,0.0,0.0,0.0,0.0,0.0,0.0,0.0,0.0,0.0,0.0,0.0,0.0,0.0,0.0,0.0,0.0,0.0,0.0,0.0,0.0,0.035249344001954085,0.035249344001954085
2018/11/28 20:00:00,2018/11/28 20:00:00,2018/11/29 01:00:00,10.628313919004295,10.628313919004295,9.432235521252457,0.0,0.0,0.0,0.5020745388118183,0.10268097056095002,0.0,0.01099040457314449,0.5803324838059254,0.0,0.0,0.0,0.0,0.0,0.0,0.0,0.0,0.0,0.0,0.0,0.0,0.0,0.0,0.0,0.0,0.0,0.0,0.0,0.0,0.0,0.0,0.0,0.0,0.0,0.03626528340076103,0.03626528340076103
2018/11/28 21:00:00,2018/11/28 21:00:00,2018/11/29 02:00:00,10.932473027195723,10.932473027195723,9.709883534764872,0.0,0.0,0.0,0.4414642683633875,0.09028535812791409,0.0,0.009663646607898157,0.6811762193316508,0.0,0.0,0.0,0.0,0.0,0.0,0.0,0.0,0.0,0.0,0.0,0.0,0.0,0.0,0.0,0.0,0.0,0.0,0.0,0.0,0.0,0.0,0.0,0.0,0.0,0.03730311652664957,0.03730311652664957
2018/11/28 22:00:00,2018/11/28 22:00:00,2018/11/29 03:00:00,10.766088121863948,10.766088121863948,9.815914196014312,0.0,0.0,0.0,0.33975371121871306,0.06948418635643629,0.0,0.007437203946564799,0.5334988243279194,0.0,0.0,0.0,0.0,0.0,0.0,0.0,0.0,0.0,0.0,0.0,0.0,0.0,0.0,0.0,0.0,0.0,0.0,0.0,0.0,0.0,0.0,0.0,0.0,0.0,0.03673538811822569,0.03673538811822569
2018/11/28 23:00:00,2018/11/28 23:00:00,2018/11/29 04:00:00,10.730636596542238,10.730636596542238,9.916480031898445,0.0,0.0,0.0,0.2937686202278071,0.06007961908749219,0.0,0.006430590953364709,0.4538777343751317,0.0,0.0,0.0,0.0,0.0,0.0,0.0,0.0,0.0,0.0,0.0,0.0,0.0,0.0,0.0,0.0,0.0,0.0,0.0,0.0,0.0,0.0,0.0,0.0,0.0,0.03661442258949002,0.03661442258949002
2018/11/29 00:00:00,2018/11/29 00:00:00,2018/11/29 05:00:00,10.713006173323938,10.713006173323938,10.167059056653866,0.0,0.0,0.0,0.13094360677997474,0.026779722120023,0.0,0.002866353705536267,0.38535743406453843,0.0,0.0,0.0,0.0,0.0,0.0,0.0,0.0,0.0,0.0,0.0,0.0,0.0,0.0,0.0,0.0,0.0,0.0,0.0,0.0,0.0,0.0,0.0,0.0,0.0,0.036554265136543154,0.036554265136543154
2018/11/29 01:00:00,2018/11/29 01:00:00,2018/11/29 06:00:00,11.227575313390123,11.227575313390123,10.808467172478881,0.0,0.0,0.0,0.06501908921459039,0.013297274945155983,0.0,0.0014232669458539432,0.3393685098056406,0.0,0.0,0.0,0.0,0.0,0.0,0.0,0.0,0.0,0.0,0.0,0.0,0.0,0.0,0.0,0.0,0.0,0.0,0.0,0.0,0.0,0.0,0.0,0.0,0.0,0.03831004651786072,0.03831004651786072
2018/11/29 02:00:00,2018/11/29 02:00:00,2018/11/29 07:00:00,11.717672702312878,11.717672702312878,10.941041980772622,0.0,0.0,0.0,0.03901145352875434,0.00797836496709361,0.0,0.0008539601675123682,0.3240003834462767,0.0,0.0,0.0,0.0,0.0,0.0,0.4047865594306197,0.0,0.0,0.0,0.0,0.0,0.0,0.0,0.0,0.0,0.0,0.0,0.0,0.0,0.0,0.0,0.0,0.0,0.0,0.03998232688506706,0.03998232688506706
2018/11/29 03:00:00,2018/11/29 03:00:00,2018/11/29 08:00:00,10.862768777825336,10.862768777825336,10.537539012107558,0.0,0.0,0.0,0.026007635685836267,0.005318909978062415,0.0,0.0005693067783415797,0.2933339132755372,0.0,0.0,0.0,0.0,0.0,0.0,0.0,0.0,0.0,0.0,0.0,0.0,0.0,0.0,0.0,0.0,0.0,0.0,0.0,0.0,0.0,0.0,0.0,0.0,0.0,0.0370652759456394,0.0370652759456394
2018/11/29 04:00:00,2018/11/29 04:00:00,2018/11/29 09:00:00,10.90654751876898,10.90654751876898,10.593917958145248,0.0,0.0,0.0,0.026007635685836267,0.005318909978062415,0.0,0.0005693067783415797,0.2807337081814895,0.0,0.0,0.0,0.0,0.0,0.0,0.0,0.0,0.0,0.0,0.0,0.0,0.0,0.0,0.0,0.0,0.0,0.0,0.0,0.0,0.0,0.0,0.0,0.0,0.0,0.03721465509075581,0.03721465509075581
2018/11/29 05:00:00,2018/11/29 05:00:00,2018/11/29 10:00:00,10.872239249762137,10.872239249762137,10.572645364178474,0.0,0.0,0.0,0.028359609659443317,0.005799920170125916,0.0,0.0006207914554507214,0.2648135642986422,0.0,0.0,0.0,0.0,0.0,0.0,0.0,0.0,0.0,0.0,0.0,0.0,0.0,0.0,0.0,0.0,0.0,0.0,0.0,0.0,0.0,0.0,0.0,0.0,0.0,0.037097590511368676,0.037097590511368676
2018/11/29 06:00:00,2018/11/29 06:00:00,2018/11/29 11:00:00,10.994267245795589,10.994267245795589,10.610462089845845,0.0,0.0,0.0,0.07657075757208723,0.01565974590684433,0.0,0.001676132803270518,0.2898985196675431,0.0,0.0,0.0,0.0,0.0,0.0,0.0,0.0,0.0,0.0,0.0,0.0,0.0,0.0,0.0,0.0,0.0,0.0,0.0,0.0,0.0,0.0,0.0,0.0,0.0,0.03751396698394041,0.03751396698394041
2018/11/29 07:00:00,2018/11/29 07:00:00,2018/11/29 12:00:00,11.272009197081541,11.272009197081541,10.693762053624305,0.0,0.0,0.0,0.1797670016564363,0.03676476056443332,0.0,0.0039350971307586715,0.35778028410560686,0.0,0.0,0.0,0.0,0.0,0.0,0.0,0.0,0.0,0.0,0.0,0.0,0.0,0.0,0.0,0.0,0.0,0.0,0.0,0.0,0.0,0.0,0.0,0.0,0.0,0.038461661101034106,0.038461661101034106
2018/11/29 08:00:00,2018/11/29 08:00:00,2018/11/29 13:00:00,11.419993281373955,11.419993281373955,10.316242386866975,0.0,0.0,0.0,0.22749050639997065,0.04652485673906303,0.0,0.004979763976484562,0.4109570275057973,0.0,0.0,0.0,0.0,0.0,0.0,0.4137987398856657,0.0,0.0,0.0,0.0,0.0,0.0,0.0,0.0,0.0,0.0,0.0,0.0,0.0,0.0,0.0,0.0,0.0,0.0,0.03896660335213477,0.03896660335213477
2018/11/29 09:00:00,2018/11/29 09:00:00,2018/11/29 14:00:00,12.595298046138957,12.595298046138957,10.650238721072322,0.0,0.0,0.0,0.23738819960796062,0.04854906762080994,0.0,0.005196424341206713,0.33510476266580536,0.0,0.0,0.0,0.0,0.0,0.0,1.3188208708308526,0.0,0.0,0.0,0.0,0.0,0.0,0.0,0.0,0.0,0.0,0.0,0.0,0.0,0.0,0.0,0.0,0.0,0.0,0.04297690646336059,0.04297690646336059
2018/11/29 10:00:00,2018/11/29 10:00:00,2018/11/29 15:00:00,12.083211725239108,12.083211725239108,10.202495127174846,0.0,0.0,0.0,0.23977021629156023,0.04903622194961379,0.0,0.005248566652813857,0.2678407223394236,0.0,0.0,0.0,0.0,0.0,0.0,1.3188208708308526,0.0,0.0,0.0,0.0,0.0,0.0,0.0,0.0,0.0,0.0,0.0,0.0,0.0,0.0,0.0,0.0,0.0,0.0,0.04122959680591062,0.04122959680591062
2018/11/29 11:00:00,2018/11/29 11:00:00,2018/11/29 16:00:00,11.420709608912532,11.420709608912532,9.66725263360454,0.0,0.0,0.0,0.2330133774859433,0.04765435787794319,0.0,0.005100659546659875,0.2641130343658663,0.0,0.0,0.0,0.0,0.0,0.0,1.2035755460315778,0.0,0.0,0.0,0.0,0.0,0.0,0.0,0.0,0.0,0.0,0.0,0.0,0.0,0.0,0.0,0.0,0.0,0.0,0.03896904756119673,0.03896904756119673
2018/11/29 12:00:00,2018/11/29 12:00:00,2018/11/29 17:00:00,10.00698579819837,10.00698579819837,9.450337938834645,0.0,0.0,0.0,0.22365196052793865,0.045739822674966235,0.0,0.004895738261486062,0.2823603378993346,0.0,0.0,0.0,0.0,0.0,0.0,0.0,0.0,0.0,0.0,0.0,0.0,0.0,0.0,0.0,0.0,0.0,0.0,0.0,0.0,0.0,0.0,0.0,0.0,0.0,0.034145225547972266,0.034145225547972266
2018/11/29 13:00:00,2018/11/29 13:00:00,2018/11/29 18:00:00,9.887819705983116,9.887819705983116,9.333032798022725,0.0,0.0,0.0,0.21689512172232184,0.04435795860329565,0.0,0.00474783115533208,0.2887859964794398,0.0,0.0,0.0,0.0,0.0,0.0,0.0,0.0,0.0,0.0,0.0,0.0,0.0,0.0,0.0,0.0,0.0,0.0,0.0,0.0,0.0,0.0,0.0,0.0,0.0,0.03373861428875644,0.03373861428875644
2018/11/29 14:00:00,2018/11/29 14:00:00,2018/11/29 19:00:00,10.059458886740591,10.059458886740591,9.497883674919004,0.0,0.0,0.0,0.21490682280316895,0.043951324832805984,0.0,0.004704307320035531,0.2980127568655787,0.0,0.0,0.0,0.0,0.0,0.0,0.0,0.0,0.0,0.0,0.0,0.0,0.0,0.0,0.0,0.0,0.0,0.0,0.0,0.0,0.0,0.0,0.0,0.0,0.0,0.03432427101476962,0.03432427101476962
2018/11/29 15:00:00,2018/11/29 15:00:00,2018/11/29 20:00:00,10.348765268676917,10.348765268676917,9.700801560492994,0.0,0.0,0.0,0.21778688040361655,0.044540335202432085,0.0,0.004767351740287925,0.3808691408375866,0.0,0.0,0.0,0.0,0.0,0.0,0.0,0.0,0.0,0.0,0.0,0.0,0.0,0.0,0.0,0.0,0.0,0.0,0.0,0.0,0.0,0.0,0.0,0.0,0.0,0.03531142457558132,0.03531142457558132
2018/11/29 16:00:00,2018/11/29 16:00:00,2018/11/29 21:00:00,11.649569411102775,11.649569411102775,9.686074245082862,0.0,0.0,0.0,0.23530150546679274,0.0481223107090055,0.0,0.00515074663588806,1.4033042989709898,0.0,0.0,0.0,0.0,0.0,0.0,0.271616304237238,0.0,0.0,0.0,0.0,0.0,0.0,0.0,0.0,0.0,0.0,0.0,0.0,0.0,0.0,0.0,0.0,0.0,0.0,0.03974994899567834,0.03974994899567834
2018/11/29 17:00:00,2018/11/29 17:00:00,2018/11/29 22:00:00,10.97286120475265,10.97286120475265,9.7024727957248,0.0,0.0,0.0,0.2828605491534366,0.05784877239386212,0.0,0.006191813431398235,0.7902082537932907,0.0,0.0,0.0,0.0,0.0,0.0,0.13327902025586041,0.0,0.0,0.0,0.0,0.0,0.0,0.0,0.0,0.0,0.0,0.0,0.0,0.0,0.0,0.0,0.0,0.0,0.0,0.03744092659852966,0.03744092659852966
2018/11/29 18:00:00,2018/11/29 18:00:00,2018/11/29 23:00:00,11.025929810639388,11.025929810639388,9.950246445509654,0.0,0.0,0.0,0.3722679450615316,0.07613378284051057,0.0,0.008148940066791236,0.619132697160899,0.0,0.0,0.0,0.0,0.0,0.0,0.0,0.0,0.0,0.0,0.0,0.0,0.0,0.0,0.0,0.0,0.0,0.0,0.0,0.0,0.0,0.0,0.0,0.0,0.0,0.037622004053225896,0.037622004053225896
2018/11/29 19:00:00,2018/11/29 19:00:00,2018/11/30 00:00:00,11.068966052832398,11.068966052832398,9.386987766379965,0.0,0.0,0.0,0.46923765500408443,0.09596538783581401,0.0,0.01027160564973683,0.636474181127529,0.0,0.0,0.0,0.0,0.0,0.0,0.4700294568352665,0.0,0.0,0.0,0.0,0.0,0.0,0.0,0.0,0.0,0.0,0.0,0.0,0.0,0.0,0.0,0.0,0.0,0.0,0.03776884968946953,0.03776884968946953
2018/11/29 20:00:00,2018/11/29 20:00:00,2018/11/30 01:00:00,12.540287119681196,12.540287119681196,10.030660636113167,0.0,0.0,0.0,0.5020745388118183,0.10268097056095002,0.0,0.01099040457314449,0.5750596987912638,0.0,0.0,0.0,0.0,0.0,0.0,1.3188208708308526,0.0,0.0,0.0,0.0,0.0,0.0,0.0,0.0,0.0,0.0,0.0,0.0,0.0,0.0,0.0,0.0,0.0,0.0,0.042789201541081054,0.042789201541081054
2018/11/29 21:00:00,2018/11/29 21:00:00,2018/11/30 02:00:00,13.400200424902453,13.400200424902453,10.977654813302022,0.0,0.0,0.0,0.4414642683633875,0.09028535812791409,0.0,0.009663646607898157,0.5623114676703773,0.0,0.0,0.0,0.0,0.0,0.0,1.3188208708308526,0.0,0.0,0.0,0.0,0.0,0.0,0.0,0.0,0.0,0.0,0.0,0.0,0.0,0.0,0.0,0.0,0.0,0.0,0.04572334518339225,0.04572334518339225
2018/11/29 22:00:00,2018/11/29 22:00:00,2018/11/30 03:00:00,13.072760710165452,13.072760710165452,10.803765913484964,0.0,0.0,0.0,0.33975371121871306,0.06948418635643629,0.0,0.007437203946564799,0.5334988243279194,0.0,0.0,0.0,0.0,0.0,0.0,1.3188208708308526,0.0,0.0,0.0,0.0,0.0,0.0,0.0,0.0,0.0,0.0,0.0,0.0,0.0,0.0,0.0,0.0,0.0,0.0,0.04460607539421442,0.04460607539421442
2018/11/29 23:00:00,2018/11/29 23:00:00,2018/11/30 04:00:00,11.882354658292916,11.882354658292916,10.51180840380005,0.0,0.0,0.0,0.2937686202278071,0.06007961908749219,0.0,0.006430590953364709,0.4538777343751317,0.0,0.0,0.0,0.0,0.0,0.0,0.5563896898490746,0.0,0.0,0.0,0.0,0.0,0.0,0.0,0.0,0.0,0.0,0.0,0.0,0.0,0.0,0.0,0.0,0.0,0.0,0.04054424459375732,0.04054424459375732
2018/11/30 00:00:00,2018/11/30 00:00:00,2018/11/30 05:00:00,10.679223557979448,10.679223557979448,10.133276441309375,0.0,0.0,0.0,0.13094360677997474,0.026779722120023,0.0,0.002866353705536267,0.38535743406453843,0.0,0.0,0.0,0.0,0.0,0.0,0.0,0.0,0.0,0.0,0.0,0.0,0.0,0.0,0.0,0.0,0.0,0.0,0.0,0.0,0.0,0.0,0.0,0.0,0.0,0.03643899416046705,0.03643899416046705
2018/11/30 01:00:00,2018/11/30 01:00:00,2018/11/30 06:00:00,10.954850743401284,10.954850743401284,10.535742602490043,0.0,0.0,0.0,0.06501908921459039,0.013297274945155983,0.0,0.0014232669458539432,0.3393685098056406,0.0,0.0,0.0,0.0,0.0,0.0,0.0,0.0,0.0,0.0,0.0,0.0,0.0,0.0,0.0,0.0,0.0,0.0,0.0,0.0,0.0,0.0,0.0,0.0,0.0,0.03737947240268418,0.03737947240268418
2018/11/30 02:00:00,2018/11/30 02:00:00,2018/11/30 07:00:00,10.879539210436345,10.879539210436345,10.507695048326708,0.0,0.0,0.0,0.03901145352875434,0.00797836496709361,0.0,0.0008539601675123682,0.3240003834462767,0.0,0.0,0.0,0.0,0.0,0.0,0.0,0.0,0.0,0.0,0.0,0.0,0.0,0.0,0.0,0.0,0.0,0.0,0.0,0.0,0.0,0.0,0.0,0.0,0.0,0.03712249899117856,0.03712249899117856
2018/11/30 03:00:00,2018/11/30 03:00:00,2018/11/30 08:00:00,10.166919285209216,10.166919285209216,9.841689519491437,0.0,0.0,0.0,0.026007635685836267,0.005318909978062415,0.0,0.0005693067783415797,0.2933339132755372,0.0,0.0,0.0,0.0,0.0,0.0,0.0,0.0,0.0,0.0,0.0,0.0,0.0,0.0,0.0,0.0,0.0,0.0,0.0,0.0,0.0,0.0,0.0,0.0,0.0,0.03469094082096108,0.03469094082096108
2018/11/30 04:00:00,2018/11/30 04:00:00,2018/11/30 09:00:00,9.985734218301594,9.985734218301594,9.673104657677863,0.0,0.0,0.0,0.026007635685836267,0.005318909978062415,0.0,0.0005693067783415797,0.2807337081814895,0.0,0.0,0.0,0.0,0.0,0.0,0.0,0.0,0.0,0.0,0.0,0.0,0.0,0.0,0.0,0.0,0.0,0.0,0.0,0.0,0.0,0.0,0.0,0.0,0.0,0.03407271220544741,0.03407271220544741
2018/11/30 05:00:00,2018/11/30 05:00:00,2018/11/30 10:00:00,10.03804887946338,10.03804887946338,9.738454993879717,0.0,0.0,0.0,0.028359609659443317,0.005799920170125916,0.0,0.0006207914554507214,0.2648135642986422,0.0,0.0,0.0,0.0,0.0,0.0,0.0,0.0,0.0,0.0,0.0,0.0,0.0,0.0,0.0,0.0,0.0,0.0,0.0,0.0,0.0,0.0,0.0,0.0,0.0,0.034251217096016605,0.034251217096016605
2018/11/30 06:00:00,2018/11/30 06:00:00,2018/11/30 11:00:00,9.8285164312137,9.8285164312137,9.444711275263955,0.0,0.0,0.0,0.07657075757208723,0.01565974590684433,0.0,0.001676132803270518,0.2898985196675431,0.0,0.0,0.0,0.0,0.0,0.0,0.0,0.0,0.0,0.0,0.0,0.0,0.0,0.0,0.0,0.0,0.0,0.0,0.0,0.0,0.0,0.0,0.0,0.0,0.0,0.033536263277815705,0.033536263277815705
2018/11/30 07:00:00,2018/11/30 07:00:00,2018/11/30 12:00:00,10.118868209803676,10.118868209803676,8.23517041561321,0.0,0.0,0.0,0.1797670016564363,0.03676476056443332,0.0,0.0039350971307586715,0.35778028410560686,0.0,0.0,0.0,0.0,0.0,0.0,1.305450650733231,0.0,0.0,0.0,0.0,0.0,0.0,0.0,0.0,0.0,0.0,0.0,0.0,0.0,0.0,0.0,0.0,0.0,0.0,0.03452698387721882,0.03452698387721882
2018/11/30 08:00:00,2018/11/30 08:00:00,2018/11/30 13:00:00,10.929365440915246,10.929365440915246,8.920592415463078,0.0,0.0,0.0,0.22749050639997065,0.04652485673906303,0.0,0.004979763976484562,0.4109570275057973,0.0,0.0,0.0,0.0,0.0,0.0,1.3188208708308526,0.0,0.0,0.0,0.0,0.0,0.0,0.0,0.0,0.0,0.0,0.0,0.0,0.0,0.0,0.0,0.0,0.0,0.0,0.03729251301060623,0.03729251301060623
2018/11/30 09:00:00,2018/11/30 09:00:00,2018/11/30 14:00:00,10.370258642703716,10.370258642703716,8.425199317637079,0.0,0.0,0.0,0.23738819960796062,0.04854906762080994,0.0,0.005196424341206713,0.33510476266580536,0.0,0.0,0.0,0.0,0.0,0.0,1.3188208708308526,0.0,0.0,0.0,0.0,0.0,0.0,0.0,0.0,0.0,0.0,0.0,0.0,0.0,0.0,0.0,0.0,0.0,0.0,0.03538476295326385,0.03538476295326385
2018/11/30 10:00:00,2018/11/30 10:00:00,2018/11/30 15:00:00,10.022648838013627,10.022648838013627,8.141932239949362,0.0,0.0,0.0,0.23977021629156023,0.04903622194961379,0.0,0.005248566652813857,0.2678407223394236,0.0,0.0,0.0,0.0,0.0,0.0,1.3188208708308526,0.0,0.0,0.0,0.0,0.0,0.0,0.0,0.0,0.0,0.0,0.0,0.0,0.0,0.0,0.0,0.0,0.0,0.0,0.03419867001547167,0.03419867001547167
2018/11/30 11:00:00,2018/11/30 11:00:00,2018/11/30 16:00:00,9.07090283053442,9.07090283053442,7.619577275048339,0.0,0.0,0.0,0.2330133774859433,0.04765435787794319,0.0,0.005100659546659875,0.2641130343658663,0.0,0.0,0.0,0.0,0.0,0.0,0.9014441262096681,0.0,0.0,0.0,0.0,0.0,0.0,0.0,0.0,0.0,0.0,0.0,0.0,0.0,0.0,0.0,0.0,0.0,0.0,0.030951180437180235,0.030951180437180235
2018/11/30 12:00:00,2018/11/30 12:00:00,2018/11/30 17:00:00,8.204195268035404,8.204195268035404,7.281282911393495,0.0,0.0,0.0,0.22365196052793865,0.045739822674966235,0.0,0.004895738261486062,0.2823603378993346,0.0,0.0,0.0,0.0,0.0,0.0,0.3662644972781841,0.0,0.0,0.0,0.0,0.0,0.0,0.0,0.0,0.0,0.0,0.0,0.0,0.0,0.0,0.0,0.0,0.0,0.0,0.027993853845291777,0.027993853845291777
2018/11/30 13:00:00,2018/11/30 13:00:00,2018/11/30 18:00:00,8.776348944186626,8.776348944186626,7.027878562891094,0.0,0.0,0.0,0.21689512172232184,0.04435795860329565,0.0,0.00474783115533208,0.2887859964794398,0.0,0.0,0.0,0.0,0.0,0.0,1.1936834733351438,0.0,0.0,0.0,0.0,0.0,0.0,0.0,0.0,0.0,0.0,0.0,0.0,0.0,0.0,0.0,0.0,0.0,0.0,0.029946121662420312,0.029946121662420312
2018/11/30 14:00:00,2018/11/30 14:00:00,2018/11/30 19:00:00,7.096372484887047,7.096372484887047,6.5347972730654575,0.0,0.0,0.0,0.21490682280316895,0.043951324832805984,0.0,0.004704307320035531,0.2980127568655787,0.0,0.0,0.0,0.0,0.0,0.0,0.0,0.0,0.0,0.0,0.0,0.0,0.0,0.0,0.0,0.0,0.0,0.0,0.0,0.0,0.0,0.0,0.0,0.0,0.0,0.024213808628819774,0.024213808628819774
2018/11/30 15:00:00,2018/11/30 15:00:00,2018/11/30 20:00:00,7.658660311885434,7.658660311885434,6.147290414626618,0.0,0.0,0.0,0.21778688040361655,0.044540335202432085,0.0,0.004767351740287925,0.692640013955586,0.0,0.0,0.0,0.0,0.0,0.0,0.5516353159568942,0.0,0.0,0.0,0.0,0.0,0.0,0.0,0.0,0.0,0.0,0.0,0.0,0.0,0.0,0.0,0.0,0.0,0.0,0.02613241279823868,0.02613241279823868
2018/11/30 16:00:00,2018/11/30 16:00:00,2018/11/30 21:00:00,6.868625017723622,6.868625017723622,6.260680430651013,0.0,0.0,0.0,0.23530150546679274,0.0481223107090055,0.0,0.00515074663588806,0.3193700242609222,0.0,0.0,0.0,0.0,0.0,0.0,0.0,0.0,0.0,0.0,0.0,0.0,0.0,0.0,0.0,0.0,0.0,0.0,0.0,0.0,0.0,0.0,0.0,0.0,0.0,0.023436702635956812,0.023436702635956812
2018/11/30 17:00:00,2018/11/30 17:00:00,2018/11/30 22:00:00,7.279723526494239,7.279723526494239,6.4939386560780274,0.0,0.0,0.0,0.2828605491534366,0.05784877239386212,0.0,0.006191813431398235,0.4388837354375153,0.0,0.0,0.0,0.0,0.0,0.0,0.0,0.0,0.0,0.0,0.0,0.0,0.0,0.0,0.0,0.0,0.0,0.0,0.0,0.0,0.0,0.0,0.0,0.0,0.0,0.02483942785086967,0.02483942785086967
2018/11/30 18:00:00,2018/11/30 18:00:00,2018/11/30 23:00:00,7.704194308252688,7.704194308252688,6.628510943122956,0.0,0.0,0.0,0.3722679450615316,0.07613378284051057,0.0,0.008148940066791236,0.619132697160899,0.0,0.0,0.0,0.0,0.0,0.0,0.0,0.0,0.0,0.0,0.0,0.0,0.0,0.0,0.0,0.0,0.0,0.0,0.0,0.0,0.0,0.0,0.0,0.0,0.0,0.026287781118671423,0.026287781118671423
2018/11/30 19:00:00,2018/11/30 19:00:00,2018/12/01 00:00:00,8.00415298222969,8.00415298222969,6.792204152612525,0.0,0.0,0.0,0.46923765500408443,0.09596538783581401,0.0,0.01027160564973683,0.636474181127529,0.0,0.0,0.0,0.0,0.0,0.0,0.0,0.0,0.0,0.0,0.0,0.0,0.0,0.0,0.0,0.0,0.0,0.0,0.0,0.0,0.0,0.0,0.0,0.0,0.0,0.02731128177956568,0.02731128177956568
2018/11/30 20:00:00,2018/11/30 20:00:00,2018/12/01 01:00:00,8.759272310917185,8.759272310917185,6.713184129929046,0.0,0.0,0.0,0.5020745388118183,0.10268097056095002,0.0,0.01099040457314449,0.5750596987912638,0.0,0.0,0.0,0.0,0.0,0.0,0.8552825682509606,0.0,0.0,0.0,0.0,0.0,0.0,0.0,0.0,0.0,0.0,0.0,0.0,0.0,0.0,0.0,0.0,0.0,0.0,0.029887853817702266,0.029887853817702266
2018/11/30 21:00:00,2018/11/30 21:00:00,2018/12/01 02:00:00,9.94262038155958,9.94262038155958,7.520074769959149,0.0,0.0,0.0,0.4414642683633875,0.09028535812791409,0.0,0.009663646607898157,0.5623114676703773,0.0,0.0,0.0,0.0,0.0,0.0,1.3188208708308526,0.0,0.0,0.0,0.0,0.0,0.0,0.0,0.0,0.0,0.0,0.0,0.0,0.0,0.0,0.0,0.0,0.0,0.0,0.03392560180582442,0.03392560180582442
2018/11/30 22:00:00,2018/11/30 22:00:00,2018/12/01 03:00:00,10.174688169585693,10.174688169585693,7.905693372905208,0.0,0.0,0.0,0.33975371121871306,0.06948418635643629,0.0,0.007437203946564799,0.5334988243279194,0.0,0.0,0.0,0.0,0.0,0.0,1.3188208708308526,0.0,0.0,0.0,0.0,0.0,0.0,0.0,0.0,0.0,0.0,0.0,0.0,0.0,0.0,0.0,0.0,0.0,0.0,0.03471744933357821,0.03471744933357821
2018/11/30 23:00:00,2018/11/30 23:00:00,2018/12/01 04:00:00,9.37984116767398,9.37984116767398,8.21393794032042,0.0,0.0,0.0,0.2937686202278071,0.06007961908749219,0.0,0.006430590953364709,0.4538777343751317,0.0,0.0,0.0,0.0,0.0,0.0,0.3517466627097612,0.0,0.0,0.0,0.0,0.0,0.0,0.0,0.0,0.0,0.0,0.0,0.0,0.0,0.0,0.0,0.0,0.0,0.0,0.03200532095609103,0.03200532095609103
2018/12/01 00:00:00,2018/12/01 00:00:00,2018/12/01 05:00:00,9.11098922332764,9.11098922332764,8.565042106657568,0.0,0.0,0.0,0.13094360677997474,0.026779722120023,0.0,0.002866353705536267,0.38535743406453843,0.0,0.0,0.0,0.0,0.0,0.0,0.0,0.0,0.0,0.0,0.0,0.0,0.0,0.0,0.0,0.0,0.0,0.0,0.0,0.0,0.0,0.0,0.0,0.0,0.0,0.031087960777527634,0.031087960777527634
2018/12/01 01:00:00,2018/12/01 01:00:00,2018/12/01 06:00:00,9.75276001318968,9.75276001318968,9.270628782148538,0.0,0.0,0.0,0.06501908921459039,0.013297274945155983,0.0,0.0014232669458539432,0.40239159993554136,0.0,0.0,0.0,0.0,0.0,0.0,0.0,0.0,0.0,0.0,0.0,0.0,0.0,0.0,0.0,0.0,0.0,0.0,0.0,0.0,0.0,0.0,0.0,0.0,0.0,0.03327777185669244,0.03327777185669244
2018/12/01 02:00:00,2018/12/01 02:00:00,2018/12/01 07:00:00,9.879312722505773,9.879312722505773,9.449394793694328,0.0,0.0,0.0,0.03901145352875434,0.00797836496709361,0.0,0.0008539601675123682,0.382074150148087,0.0,0.0,0.0,0.0,0.0,0.0,0.0,0.0,0.0,0.0,0.0,0.0,0.0,0.0,0.0,0.0,0.0,0.0,0.0,0.0,0.0,0.0,0.0,0.0,0.0,0.03370958727948268,0.03370958727948268
2018/12/01 03:00:00,2018/12/01 03:00:00,2018/12/01 08:00:00,9.502118221573049,9.502118221573049,9.118748288756123,0.0,0.0,0.0,0.026007635685836212,0.005318909978062404,0.0,0.0005693067783415784,0.35147408037468464,0.0,0.0,0.0,0.0,0.0,0.0,0.0,0.0,0.0,0.0,0.0,0.0,0.0,0.0,0.0,0.0,0.0,0.0,0.0,0.0,0.0,0.0,0.0,0.0,0.0,0.03242254724869524,0.03242254724869524
2018/12/01 04:00:00,2018/12/01 04:00:00,2018/12/01 09:00:00,9.633086255884306,9.633086255884306,9.26388923538675,0.0,0.0,0.0,0.026007635685836212,0.005318909978062404,0.0,0.0005693067783415784,0.33730116805531524,0.0,0.0,0.0,0.0,0.0,0.0,0.0,0.0,0.0,0.0,0.0,0.0,0.0,0.0,0.0,0.0,0.0,0.0,0.0,0.0,0.0,0.0,0.0,0.0,0.0,0.03286942837367271,0.03286942837367271
2018/12/01 05:00:00,2018/12/01 05:00:00,2018/12/01 10:00:00,9.67188201868748,9.67188201868748,9.320122497268306,0.0,0.0,0.0,0.02876591880464525,0.0058830158345184146,0.0,0.0006296855569084564,0.3164809012231033,0.0,0.0,0.0,0.0,0.0,0.0,0.0,0.0,0.0,0.0,0.0,0.0,0.0,0.0,0.0,0.0,0.0,0.0,0.0,0.0,0.0,0.0,0.0,0.0,0.0,0.033001804905221144,0.033001804905221144
2018/12/01 06:00:00,2018/12/01 06:00:00,2018/12/01 11:00:00,9.700427566895689,9.700427566895689,9.257339810709787,0.0,0.0,0.0,0.07859679435536127,0.01607409757620221,0.0,0.0017204827198804096,0.3466963815344563,0.0,0.0,0.0,0.0,0.0,0.0,0.0,0.0,0.0,0.0,0.0,0.0,0.0,0.0,0.0,0.0,0.0,0.0,0.0,0.0,0.0,0.0,0.0,0.0,0.0,0.03309920628078174,0.03309920628078174
2018/12/01 07:00:00,2018/12/01 07:00:00,2018/12/01 12:00:00,10.144858540454402,10.144858540454402,9.101743623426886,0.0,0.0,0.0,0.18452357674232273,0.03773754390357793,0.0,0.004039218492300221,0.42639470316413536,0.0,0.0,0.0,0.0,0.0,0.0,0.3904198747251805,0.0,0.0,0.0,0.0,0.0,0.0,0.0,0.0,0.0,0.0,0.0,0.0,0.0,0.0,0.0,0.0,0.0,0.0,0.03461566649554484,0.03461566649554484
2018/12/01 08:00:00,2018/12/01 08:00:00,2018/12/01 13:00:00,10.449400284035056,10.449400284035056,8.81181809069237,0.0,0.0,0.0,0.2335098295518684,0.047755888977462434,0.0,0.0051115268753808285,0.48637227993051274,0.0,0.0,0.0,0.0,0.0,0.0,0.8648326680074602,0.0,0.0,0.0,0.0,0.0,0.0,0.0,0.0,0.0,0.0,0.0,0.0,0.0,0.0,0.0,0.0,0.0,0.0,0.03565480522653077,0.03565480522653077
2018/12/01 09:00:00,2018/12/01 09:00:00,2018/12/01 14:00:00,11.156057786896449,11.156057786896449,9.145850472705717,0.0,0.0,0.0,0.24695335769390644,0.05050527061440958,0.0,0.005405805516797518,0.38852200953476496,0.0,0.0,0.0,0.0,0.0,0.0,1.3188208708308526,0.0,0.0,0.0,0.0,0.0,0.0,0.0,0.0,0.0,0.0,0.0,0.0,0.0,0.0,0.0,0.0,0.0,0.0,0.03806601878343552,0.03806601878343552
2018/12/01 10:00:00,2018/12/01 10:00:00,2018/12/01 15:00:00,10.228124358197325,10.228124358197325,8.981556804595332,0.0,0.0,0.0,0.25268234700990755,0.0516769256931404,0.0,0.005531213012120983,0.3027193804123075,0.0,0.0,0.0,0.0,0.0,0.0,0.6339576874745195,0.0,0.0,0.0,0.0,0.0,0.0,0.0,0.0,0.0,0.0,0.0,0.0,0.0,0.0,0.0,0.0,0.0,0.0,0.03489978103159028,0.03489978103159028
2018/12/01 11:00:00,2018/12/01 11:00:00,2018/12/01 16:00:00,9.289319379219743,9.289319379219743,8.687237563973882,0.0,0.0,0.0,0.24574672449634635,0.05025849795764481,0.0,0.00537939233312173,0.30069720045874637,0.0,0.0,0.0,0.0,0.0,0.0,0.0,0.0,0.0,0.0,0.0,0.0,0.0,0.0,0.0,0.0,0.0,0.0,0.0,0.0,0.0,0.0,0.0,0.0,0.0,0.031696448040099454,0.031696448040099454
2018/12/01 12:00:00,2018/12/01 12:00:00,2018/12/01 17:00:00,8.866087070929709,8.866087070929709,8.2557230963122,0.0,0.0,0.0,0.23613760755858612,0.04829330478983772,0.0,0.00516904889888472,0.3207640133701988,0.0,0.0,0.0,0.0,0.0,0.0,0.0,0.0,0.0,0.0,0.0,0.0,0.0,0.0,0.0,0.0,0.0,0.0,0.0,0.0,0.0,0.0,0.0,0.0,0.0,0.030252320615800136,0.030252320615800136
2018/12/01 13:00:00,2018/12/01 13:00:00,2018/12/01 18:00:00,8.287318729328776,8.287318729328776,7.680839675795704,0.0,0.0,0.0,0.2292019850450249,0.046874877054342116,0.0,0.005017228219885468,0.3253849632138206,0.0,0.0,0.0,0.0,0.0,0.0,0.0,0.0,0.0,0.0,0.0,0.0,0.0,0.0,0.0,0.0,0.0,0.0,0.0,0.0,0.0,0.0,0.0,0.0,0.0,0.028277482641357557,0.028277482641357557
2018/12/01 14:00:00,2018/12/01 14:00:00,2018/12/01 19:00:00,8.65614486801664,8.65614486801664,6.970651435577248,0.0,0.0,0.0,0.22716107639764072,0.04645748388950332,0.0,0.004972552758379963,0.34118455425017113,0.0,0.0,0.0,0.0,0.0,0.0,1.0657177651436953,0.0,0.0,0.0,0.0,0.0,0.0,0.0,0.0,0.0,0.0,0.0,0.0,0.0,0.0,0.0,0.0,0.0,0.0,0.02953596865777142,0.02953596865777142
2018/12/01 15:00:00,2018/12/01 15:00:00,2018/12/01 20:00:00,7.90845615411512,7.90845615411512,6.747860987597163,0.0,0.0,0.0,0.2303532769511554,0.04711033167548305,0.0,0.005042429983472414,0.3818947700095756,0.0,0.0,0.0,0.0,0.0,0.0,0.4961943578982699,0.0,0.0,0.0,0.0,0.0,0.0,0.0,0.0,0.0,0.0,0.0,0.0,0.0,0.0,0.0,0.0,0.0,0.0,0.02698475090942236,0.02698475090942236
2018/12/01 16:00:00,2018/12/01 16:00:00,2018/12/01 21:00:00,7.189048641908547,7.189048641908547,6.512482719052246,0.0,0.0,0.0,0.2504788163447321,0.051226274146665876,0.0,0.005482977756939709,0.36937785460796296,0.0,0.0,0.0,0.0,0.0,0.0,0.0,0.0,0.0,0.0,0.0,0.0,0.0,0.0,0.0,0.0,0.0,0.0,0.0,0.0,0.0,0.0,0.0,0.0,0.0,0.024530032549612002,0.024530032549612002
2018/12/01 17:00:00,2018/12/01 17:00:00,2018/12/01 22:00:00,7.204660304414298,7.204660304414298,6.328297031071014,0.0,0.0,0.0,0.305945947631676,0.06257004570746537,0.0,0.006697152478481841,0.50115012752566,0.0,0.0,0.0,0.0,0.0,0.0,0.0,0.0,0.0,0.0,0.0,0.0,0.0,0.0,0.0,0.0,0.0,0.0,0.0,0.0,0.0,0.0,0.0,0.0,0.0,0.024583301710594887,0.024583301710594887
2018/12/01 18:00:00,2018/12/01 18:00:00,2018/12/01 23:00:00,7.7274454884094315,7.7274454884094315,6.522865342109578,0.0,0.0,0.0,0.4069264191245201,0.08322190518061402,0.0,0.008907613575194035,0.7055242084195247,0.0,0.0,0.0,0.0,0.0,0.0,0.0,0.0,0.0,0.0,0.0,0.0,0.0,0.0,0.0,0.0,0.0,0.0,0.0,0.0,0.0,0.0,0.0,0.0,0.0,0.026367117375034603,0.026367117375034603
2018/12/01 19:00:00,2018/12/01 19:00:00,2018/12/02 00:00:00,9.025684436367687,9.025684436367687,6.361229753729929,0.0,0.0,0.0,0.5052614445357361,0.10333273548333091,0.0,0.011060165894491741,0.7389763663818958,0.0,0.0,0.0,0.0,0.0,0.0,1.3058239703423034,0.0,0.0,0.0,0.0,0.0,0.0,0.0,0.0,0.0,0.0,0.0,0.0,0.0,0.0,0.0,0.0,0.0,0.0,0.030796888995293887,0.030796888995293887
2018/12/01 20:00:00,2018/12/01 20:00:00,2018/12/02 01:00:00,9.780175382189721,9.780175382189721,6.726871922954363,0.0,0.0,0.0,0.5191166306935479,0.10616630670037282,0.0,0.011363455724067538,1.0978361952865172,0.0,0.0,0.0,0.0,0.0,0.0,1.3188208708308526,0.0,0.0,0.0,0.0,0.0,0.0,0.0,0.0,0.0,0.0,0.0,0.0,0.0,0.0,0.0,0.0,0.0,0.0,0.033371316903809005,0.033371316903809005
2018/12/01 21:00:00,2018/12/01 21:00:00,2018/12/02 02:00:00,9.53447451159797,9.53447451159797,7.177554814436236,0.0,0.0,0.0,0.43517064139894374,0.08899822708441008,0.0,0.009525879202414142,0.6773221072788519,0.0,0.0,0.0,0.0,0.0,0.0,1.1459028421971156,0.0,0.0,0.0,0.0,0.0,0.0,0.0,0.0,0.0,0.0,0.0,0.0,0.0,0.0,0.0,0.0,0.0,0.0,0.03253295140465951,0.03253295140465951
2018/12/01 22:00:00,2018/12/01 22:00:00,2018/12/02 03:00:00,8.495928154179783,8.495928154179783,7.448979271089705,0.0,0.0,0.0,0.3276772071694535,0.06701437946342832,0.0,0.007172849443258015,0.645084447013938,0.0,0.0,0.0,0.0,0.0,0.0,0.0,0.0,0.0,0.0,0.0,0.0,0.0,0.0,0.0,0.0,0.0,0.0,0.0,0.0,0.0,0.0,0.0,0.0,0.0,0.028989286975511085,0.028989286975511085
2018/12/01 23:00:00,2018/12/01 23:00:00,2018/12/02 04:00:00,8.608452343203401,8.608452343203401,7.714082848081589,0.0,0.0,0.0,0.28188573431297226,0.05764940969729326,0.0,0.0061704747482896226,0.5486638763632579,0.0,0.0,0.0,0.0,0.0,0.0,0.0,0.0,0.0,0.0,0.0,0.0,0.0,0.0,0.0,0.0,0.0,0.0,0.0,0.0,0.0,0.0,0.0,0.0,0.0,0.029373235138454,0.029373235138454
2018/12/02 00:00:00,2018/12/02 00:00:00,2018/12/02 05:00:00,8.835475135722271,8.835475135722271,8.209671848146218,0.0,0.0,0.0,0.13094360677997474,0.026779722120023,0.0,0.002866353705536267,0.46521360497051883,0.0,0.0,0.0,0.0,0.0,0.0,0.0,0.0,0.0,0.0,0.0,0.0,0.0,0.0,0.0,0.0,0.0,0.0,0.0,0.0,0.0,0.0,0.0,0.0,0.0,0.03014786844076996,0.03014786844076996
2018/12/02 01:00:00,2018/12/02 01:00:00,2018/12/02 06:00:00,9.56979087672378,9.56979087672378,9.087659645682637,0.0,0.0,0.0,0.06501908921459039,0.013297274945155983,0.0,0.0014232669458539432,0.40239159993554136,0.0,0.0,0.0,0.0,0.0,0.0,0.0,0.0,0.0,0.0,0.0,0.0,0.0,0.0,0.0,0.0,0.0,0.0,0.0,0.0,0.0,0.0,0.0,0.0,0.0,0.03265345574803256,0.03265345574803256
2018/12/02 02:00:00,2018/12/02 02:00:00,2018/12/02 07:00:00,9.785814282367491,9.785814282367491,9.355896353556046,0.0,0.0,0.0,0.03901145352875434,0.00797836496709361,0.0,0.0008539601675123682,0.382074150148087,0.0,0.0,0.0,0.0,0.0,0.0,0.0,0.0,0.0,0.0,0.0,0.0,0.0,0.0,0.0,0.0,0.0,0.0,0.0,0.0,0.0,0.0,0.0,0.0,0.0,0.03339055761447806,0.03339055761447806
2018/12/02 03:00:00,2018/12/02 03:00:00,2018/12/02 08:00:00,9.74234536898011,9.74234536898011,9.358975436163185,0.0,0.0,0.0,0.026007635685836212,0.005318909978062404,0.0,0.0005693067783415784,0.35147408037468464,0.0,0.0,0.0,0.0,0.0,0.0,0.0,0.0,0.0,0.0,0.0,0.0,0.0,0.0,0.0,0.0,0.0,0.0,0.0,0.0,0.0,0.0,0.0,0.0,0.0,0.03324223564401972,0.03324223564401972
2018/12/02 04:00:00,2018/12/02 04:00:00,2018/12/02 09:00:00,10.263371857553823,10.263371857553823,9.894174837056267,0.0,0.0,0.0,0.026007635685836212,0.005318909978062404,0.0,0.0005693067783415784,0.33730116805531524,0.0,0.0,0.0,0.0,0.0,0.0,0.0,0.0,0.0,0.0,0.0,0.0,0.0,0.0,0.0,0.0,0.0,0.0,0.0,0.0,0.0,0.0,0.0,0.0,0.0,0.03502005039539274,0.03502005039539274
2018/12/02 05:00:00,2018/12/02 05:00:00,2018/12/02 10:00:00,10.43329663954278,10.43329663954278,10.081537118123606,0.0,0.0,0.0,0.02876591880464525,0.0058830158345184146,0.0,0.0006296855569084564,0.3164809012231033,0.0,0.0,0.0,0.0,0.0,0.0,0.0,0.0,0.0,0.0,0.0,0.0,0.0,0.0,0.0,0.0,0.0,0.0,0.0,0.0,0.0,0.0,0.0,0.0,0.0,0.03559985735467188,0.03559985735467188
2018/12/02 06:00:00,2018/12/02 06:00:00,2018/12/02 11:00:00,10.899189168893306,10.899189168893306,10.051042031117502,0.0,0.0,0.0,0.07859679435536127,0.01607409757620221,0.0,0.0017204827198804096,0.3466963815344563,0.0,0.0,0.0,0.0,0.0,0.0,0.4050593815899027,0.0,0.0,0.0,0.0,0.0,0.0,0.0,0.0,0.0,0.0,0.0,0.0,0.0,0.0,0.0,0.0,0.0,0.0,0.037189547378880077,0.037189547378880077
2018/12/02 07:00:00,2018/12/02 07:00:00,2018/12/02 12:00:00,10.941717602975208,10.941717602975208,10.159935484363237,0.0,0.0,0.0,0.18452357674232273,0.03773754390357793,0.0,0.004039218492300221,0.42639470316413536,0.0,0.0,0.0,0.0,0.0,0.0,0.12908707630963615,0.0,0.0,0.0,0.0,0.0,0.0,0.0,0.0,0.0,0.0,0.0,0.0,0.0,0.0,0.0,0.0,0.0,0.0,0.03733466030331233,0.03733466030331233
2018/12/02 08:00:00,2018/12/02 08:00:00,2018/12/02 13:00:00,11.745996543570467,11.745996543570467,9.654426147404388,0.0,0.0,0.0,0.2335098295518684,0.047755888977462434,0.0,0.0051115268753808285,0.48637227993051274,0.0,0.0,0.0,0.0,0.0,0.0,1.3188208708308526,0.0,0.0,0.0,0.0,0.0,0.0,0.0,0.0,0.0,0.0,0.0,0.0,0.0,0.0,0.0,0.0,0.0,0.0,0.04007897176571628,0.04007897176571628
2018/12/02 09:00:00,2018/12/02 09:00:00,2018/12/02 14:00:00,12.136214709939004,12.136214709939004,10.126007395748271,0.0,0.0,0.0,0.24695335769390644,0.05050527061440958,0.0,0.005405805516797518,0.38852200953476496,0.0,0.0,0.0,0.0,0.0,0.0,1.3188208708308526,0.0,0.0,0.0,0.0,0.0,0.0,0.0,0.0,0.0,0.0,0.0,0.0,0.0,0.0,0.0,0.0,0.0,0.0,0.04141045035200234,0.04141045035200234
2018/12/02 10:00:00,2018/12/02 10:00:00,2018/12/02 15:00:00,12.173437602429225,12.173437602429225,10.242006865470897,0.0,0.0,0.0,0.25268234700990755,0.0516769256931404,0.0,0.005531213012120983,0.3027193804123075,0.0,0.0,0.0,0.0,0.0,0.0,1.3188208708308526,0.0,0.0,0.0,0.0,0.0,0.0,0.0,0.0,0.0,0.0,0.0,0.0,0.0,0.0,0.0,0.0,0.0,0.0,0.04153746003156592,0.04153746003156592
2018/12/02 11:00:00,2018/12/02 11:00:00,2018/12/02 16:00:00,11.789220355217534,11.789220355217534,9.833980625472655,0.0,0.0,0.0,0.24574672449634635,0.05025849795764481,0.0,0.00537939233312173,0.33503424412691357,0.0,0.0,0.0,0.0,0.0,0.0,1.3188208708308526,0.0,0.0,0.0,0.0,0.0,0.0,0.0,0.0,0.0,0.0,0.0,0.0,0.0,0.0,0.0,0.0,0.0,0.0,0.0402264574149912,0.0402264574149912
2018/12/02 12:00:00,2018/12/02 12:00:00,2018/12/02 17:00:00,10.645700959592903,10.645700959592903,9.20643331308623,0.0,0.0,0.0,0.23613760755858612,0.04829330478983772,0.0,0.00516904889888472,1.0948263271285004,0.0,0.0,0.0,0.0,0.0,0.0,0.05484135813086454,0.0,0.0,0.0,0.0,0.0,0.0,0.0,0.0,0.0,0.0,0.0,0.0,0.0,0.0,0.0,0.0,0.0,0.0,0.036324610398368706,0.036324610398368706
2018/12/02 13:00:00,2018/12/02 13:00:00,2018/12/02 18:00:00,9.581109348050454,9.581109348050454,8.97463029451738,0.0,0.0,0.0,0.2292019850450249,0.046874877054342116,0.0,0.005017228219885468,0.3253849632138206,0.0,0.0,0.0,0.0,0.0,0.0,0.0,0.0,0.0,0.0,0.0,0.0,0.0,0.0,0.0,0.0,0.0,0.0,0.0,0.0,0.0,0.0,0.0,0.0,0.0,0.03269207594437351,0.03269207594437351
2018/12/02 14:00:00,2018/12/02 14:00:00,2018/12/02 19:00:00,9.75411162846912,9.75411162846912,8.704025538173584,0.0,0.0,0.0,0.22716107639764072,0.04645748388950332,0.0,0.004972552758379963,0.34118455425017113,0.0,0.0,0.0,0.0,0.0,0.0,0.4303104229998436,0.0,0.0,0.0,0.0,0.0,0.0,0.0,0.0,0.0,0.0,0.0,0.0,0.0,0.0,0.0,0.0,0.0,0.0,0.03328238375576987,0.03328238375576987
2018/12/02 15:00:00,2018/12/02 15:00:00,2018/12/02 20:00:00,9.452541734082933,9.452541734082933,8.788140925463248,0.0,0.0,0.0,0.2303532769511554,0.04711033167548305,0.0,0.005042429983472414,0.3818947700095756,0.0,0.0,0.0,0.0,0.0,0.0,0.0,0.0,0.0,0.0,0.0,0.0,0.0,0.0,0.0,0.0,0.0,0.0,0.0,0.0,0.0,0.0,0.0,0.0,0.0,0.032253385387035455,0.032253385387035455
2018/12/02 16:00:00,2018/12/02 16:00:00,2018/12/02 21:00:00,9.287375850737703,9.287375850737703,8.580363717007861,0.0,0.0,0.0,0.2504788163447321,0.051226274146665876,0.0,0.005482977756939709,0.3998240654815043,0.0,0.0,0.0,0.0,0.0,0.0,0.0,0.0,0.0,0.0,0.0,0.0,0.0,0.0,0.0,0.0,0.0,0.0,0.0,0.0,0.0,0.0,0.0,0.0,0.0,0.031689816450956,0.031689816450956
2018/12/02 17:00:00,2018/12/02 17:00:00,2018/12/02 22:00:00,10.215124791575398,10.215124791575398,8.652410513128116,0.0,0.0,0.0,0.305945947631676,0.06257004570746537,0.0,0.006697152478481841,1.1875011326296598,0.0,0.0,0.0,0.0,0.0,0.0,0.0,0.0,0.0,0.0,0.0,0.0,0.0,0.0,0.0,0.0,0.0,0.0,0.0,0.0,0.0,0.0,0.0,0.0,0.0,0.03485542470459204,0.03485542470459204
2018/12/02 18:00:00,2018/12/02 18:00:00,2018/12/02 23:00:00,9.975828859802412,9.975828859802412,8.771248713502558,0.0,0.0,0.0,0.4069264191245201,0.08322190518061402,0.0,0.008907613575194035,0.7055242084195247,0.0,0.0,0.0,0.0,0.0,0.0,0.0,0.0,0.0,0.0,0.0,0.0,0.0,0.0,0.0,0.0,0.0,0.0,0.0,0.0,0.0,0.0,0.0,0.0,0.0,0.03403891374636006,0.03403891374636006
2018/12/02 19:00:00,2018/12/02 19:00:00,2018/12/03 00:00:00,10.964278489209187,10.964278489209187,8.814087820475082,0.0,0.0,0.0,0.5052614445357361,0.10333273548333091,0.0,0.011060165894491741,0.7389763663818958,0.0,0.0,0.0,0.0,0.0,0.0,0.7915599564386481,0.0,0.0,0.0,0.0,0.0,0.0,0.0,0.0,0.0,0.0,0.0,0.0,0.0,0.0,0.0,0.0,0.0,0.0,0.03741164118092685,0.03741164118092685
2018/12/02 20:00:00,2018/12/02 20:00:00,2018/12/03 01:00:00,10.994934075051235,10.994934075051235,9.333083040063244,0.0,0.0,0.0,0.5191166306935479,0.10616630670037282,0.0,0.011363455724067538,0.6836115091075151,0.0,0.0,0.0,0.0,0.0,0.0,0.3415931327624877,0.0,0.0,0.0,0.0,0.0,0.0,0.0,0.0,0.0,0.0,0.0,0.0,0.0,0.0,0.0,0.0,0.0,0.0,0.03751624229798554,0.03751624229798554
2018/12/02 21:00:00,2018/12/02 21:00:00,2018/12/03 02:00:00,10.817612045217027,10.817612045217027,9.56830353137946,0.0,0.0,0.0,0.43517064139894374,0.08899822708441008,0.0,0.009525879202414142,0.7156137661518006,0.0,0.0,0.0,0.0,0.0,0.0,0.0,0.0,0.0,0.0,0.0,0.0,0.0,0.0,0.0,0.0,0.0,0.0,0.0,0.0,0.0,0.0,0.0,0.0,0.0,0.0369111949015554,0.0369111949015554
2018/12/02 22:00:00,2018/12/02 22:00:00,2018/12/03 03:00:00,11.744834728443687,11.744834728443687,9.834674371725301,0.0,0.0,0.0,0.3276772071694535,0.06701437946342832,0.0,0.007172849443258015,1.5082959206422475,0.0,0.0,0.0,0.0,0.0,0.0,0.0,0.0,0.0,0.0,0.0,0.0,0.0,0.0,0.0,0.0,0.0,0.0,0.0,0.0,0.0,0.0,0.0,0.0,0.0,0.04007500749112362,0.04007500749112362
2018/12/02 23:00:00,2018/12/02 23:00:00,2018/12/03 04:00:00,11.502316381851761,11.502316381851761,9.768323513954217,0.0,0.0,0.0,0.28188573431297226,0.05764940969729326,0.0,0.0061704747482896226,0.5486638763632579,0.0,0.0,0.0,0.0,0.0,0.0,0.8396233727757308,0.0,0.0,0.0,0.0,0.0,0.0,0.0,0.0,0.0,0.0,0.0,0.0,0.0,0.0,0.0,0.0,0.0,0.0,0.03924750120592498,0.03924750120592498
2018/12/03 00:00:00,2018/12/03 00:00:00,2018/12/03 05:00:00,10.895367667511046,10.895367667511046,9.842845270762682,0.0,0.0,0.0,0.13094360677997474,0.026779722120023,0.0,0.002866353705536267,0.46521360497051883,0.0,0.0,0.0,0.0,0.0,0.0,0.42671910917231004,0.0,0.0,0.0,0.0,0.0,0.0,0.0,0.0,0.0,0.0,0.0,0.0,0.0,0.0,0.0,0.0,0.0,0.0,0.037176507885344205,0.037176507885344205
2018/12/03 01:00:00,2018/12/03 01:00:00,2018/12/03 06:00:00,11.114977923569757,11.114977923569757,10.439616985822456,0.0,0.0,0.0,0.06501908921459039,0.013297274945155983,0.0,0.0014232669458539432,0.40239159993554136,0.0,0.0,0.0,0.0,0.0,0.0,0.19322970670615836,0.0,0.0,0.0,0.0,0.0,0.0,0.0,0.0,0.0,0.0,0.0,0.0,0.0,0.0,0.0,0.0,0.0,0.0,0.03792584858363146,0.03792584858363146
2018/12/03 02:00:00,2018/12/03 02:00:00,2018/12/03 07:00:00,10.822806488573084,10.822806488573084,10.392888559761637,0.0,0.0,0.0,0.03901145352875434,0.00797836496709361,0.0,0.0008539601675123682,0.382074150148087,0.0,0.0,0.0,0.0,0.0,0.0,0.0,0.0,0.0,0.0,0.0,0.0,0.0,0.0,0.0,0.0,0.0,0.0,0.0,0.0,0.0,0.0,0.0,0.0,0.0,0.036928919063812196,0.036928919063812196
2018/12/03 03:00:00,2018/12/03 03:00:00,2018/12/03 08:00:00,10.464303930993532,10.464303930993532,10.080933998176606,0.0,0.0,0.0,0.026007635685836212,0.005318909978062404,0.0,0.0005693067783415784,0.35147408037468464,0.0,0.0,0.0,0.0,0.0,0.0,0.0,0.0,0.0,0.0,0.0,0.0,0.0,0.0,0.0,0.0,0.0,0.0,0.0,0.0,0.0,0.0,0.0,0.0,0.0,0.035705658540120574,0.035705658540120574
2018/12/03 04:00:00,2018/12/03 04:00:00,2018/12/03 09:00:00,10.157730572701633,10.157730572701633,9.788533552204077,0.0,0.0,0.0,0.026007635685836212,0.005318909978062404,0.0,0.0005693067783415784,0.33730116805531524,0.0,0.0,0.0,0.0,0.0,0.0,0.0,0.0,0.0,0.0,0.0,0.0,0.0,0.0,0.0,0.0,0.0,0.0,0.0,0.0,0.0,0.0,0.0,0.0,0.0,0.034659587657541645,0.034659587657541645
2018/12/03 05:00:00,2018/12/03 05:00:00,2018/12/03 10:00:00,9.779162074583388,9.779162074583388,9.427402553164214,0.0,0.0,0.0,0.02876591880464525,0.0058830158345184146,0.0,0.0006296855569084564,0.3164809012231033,0.0,0.0,0.0,0.0,0.0,0.0,0.0,0.0,0.0,0.0,0.0,0.0,0.0,0.0,0.0,0.0,0.0,0.0,0.0,0.0,0.0,0.0,0.0,0.0,0.0,0.033367859357504304,0.033367859357504304
2018/12/03 06:00:00,2018/12/03 06:00:00,2018/12/03 11:00:00,10.04779562897237,10.04779562897237,9.162338303831708,0.0,0.0,0.0,0.07859679435536127,0.01607409757620221,0.0,0.0017204827198804096,0.3466963815344563,0.0,0.0,0.0,0.0,0.0,0.0,0.44236956895476026,0.0,0.0,0.0,0.0,0.0,0.0,0.0,0.0,0.0,0.0,0.0,0.0,0.0,0.0,0.0,0.0,0.0,0.0,0.03428447435919809,0.03428447435919809
2018/12/03 07:00:00,2018/12/03 07:00:00,2018/12/03 12:00:00,9.386751717942866,9.386751717942866,8.734056675640531,0.0,0.0,0.0,0.18452357674232273,0.03773754390357793,0.0,0.004039218492300221,0.42639470316413536,0.0,0.0,0.0,0.0,0.0,0.0,0.0,0.0,0.0,0.0,0.0,0.0,0.0,0.0,0.0,0.0,0.0,0.0,0.0,0.0,0.0,0.0,0.0,0.0,0.0,0.032028900713507516,0.032028900713507516
2018/12/03 08:00:00,2018/12/03 08:00:00,2018/12/03 13:00:00,9.485843190199443,9.485843190199443,8.373153876385368,0.0,0.0,0.0,0.2335098295518684,0.047755888977462434,0.0,0.0051115268753808285,0.48637227993051274,0.0,0.0,0.0,0.0,0.0,0.0,0.33993978847884987,0.0,0.0,0.0,0.0,0.0,0.0,0.0,0.0,0.0,0.0,0.0,0.0,0.0,0.0,0.0,0.0,0.0,0.0,0.032367014580991026,0.032367014580991026
2018/12/03 09:00:00,2018/12/03 09:00:00,2018/12/03 14:00:00,9.772304996002728,9.772304996002728,7.688937459186252,0.0,0.0,0.0,0.24695335769390644,0.05050527061440958,0.0,0.005405805516797518,0.46168223216050985,0.0,0.0,0.0,0.0,0.0,0.0,1.3188208708308526,0.0,0.0,0.0,0.0,0.0,0.0,0.0,0.0,0.0,0.0,0.0,0.0,0.0,0.0,0.0,0.0,0.0,0.0,0.03334446205291545,0.03334446205291545
2018/12/03 10:00:00,2018/12/03 10:00:00,2018/12/03 15:00:00,11.165630103930415,11.165630103930415,7.568657287627655,0.0,0.0,0.0,0.25268234700990755,0.0516769256931404,0.0,0.005531213012120983,1.968261459756738,0.0,0.0,0.0,0.0,0.0,0.0,1.3188208708308526,0.0,0.0,0.0,0.0,0.0,0.0,0.0,0.0,0.0,0.0,0.0,0.0,0.0,0.0,0.0,0.0,0.0,0.0,0.03809868085878294,0.03809868085878294
2018/12/03 11:00:00,2018/12/03 11:00:00,2018/12/03 16:00:00,9.522503904926605,9.522503904926605,7.231483718872285,0.0,0.0,0.0,0.24574672449634635,0.05025849795764481,0.0,0.00537939233312173,0.6708147004363559,0.0,0.0,0.0,0.0,0.0,0.0,1.3188208708308526,0.0,0.0,0.0,0.0,0.0,0.0,0.0,0.0,0.0,0.0,0.0,0.0,0.0,0.0,0.0,0.0,0.0,0.0,0.032492106031938646,0.032492106031938646
2018/12/03 12:00:00,2018/12/03 12:00:00,2018/12/03 17:00:00,8.954830969085391,8.954830969085391,6.921442961857807,0.0,0.0,0.0,0.23613760755858612,0.04829330478983772,0.0,0.00516904889888472,0.42496717514942167,0.0,0.0,0.0,0.0,0.0,0.0,1.3188208708308526,0.0,0.0,0.0,0.0,0.0,0.0,0.0,0.0,0.0,0.0,0.0,0.0,0.0,0.0,0.0,0.0,0.0,0.0,0.030555127123137994,0.030555127123137994
2018/12/03 13:00:00,2018/12/03 13:00:00,2018/12/03 18:00:00,9.03229823323217,9.03229823323217,6.556341068822603,0.0,0.0,0.0,0.2292019850450249,0.046874877054342116,0.0,0.005017228219885468,1.1617565474822777,0.0,0.0,0.0,0.0,0.0,0.0,1.0331065266080366,0.0,0.0,0.0,0.0,0.0,0.0,0.0,0.0,0.0,0.0,0.0,0.0,0.0,0.0,0.0,0.0,0.0,0.0,0.03081945618887449,0.03081945618887449
2018/12/03 14:00:00,2018/12/03 14:00:00,2018/12/03 19:00:00,7.037193989985446,7.037193989985446,6.417418322689751,0.0,0.0,0.0,0.22716107639764072,0.04645748388950332,0.0,0.004972552758379963,0.34118455425017113,0.0,0.0,0.0,0.0,0.0,0.0,0.0,0.0,0.0,0.0,0.0,0.0,0.0,0.0,0.0,0.0,0.0,0.0,0.0,0.0,0.0,0.0,0.0,0.0,0.0,0.02401188338412037,0.02401188338412037
2018/12/03 15:00:00,2018/12/03 15:00:00,2018/12/03 20:00:00,7.187954166363945,7.187954166363945,6.24016388467422,0.0,0.0,0.0,0.2303532769511554,0.04711033167548305,0.0,0.005042429983472414,0.3818947700095756,0.0,0.0,0.0,0.0,0.0,0.0,0.28338947307003826,0.0,0.0,0.0,0.0,0.0,0.0,0.0,0.0,0.0,0.0,0.0,0.0,0.0,0.0,0.0,0.0,0.0,0.0,0.024526298047027426,0.024526298047027426
2018/12/03 16:00:00,2018/12/03 16:00:00,2018/12/03 21:00:00,6.679565872878733,6.679565872878733,5.881324183513189,0.0,0.0,0.0,0.2504788163447321,0.051226274146665876,0.0,0.005482977756939709,0.36937785460796296,0.0,0.0,0.0,0.0,0.0,0.0,0.12167576650924421,0.0,0.0,0.0,0.0,0.0,0.0,0.0,0.0,0.0,0.0,0.0,0.0,0.0,0.0,0.0,0.0,0.0,0.0,0.02279160657278485,0.02279160657278485
2018/12/03 17:00:00,2018/12/03 17:00:00,2018/12/03 22:00:00,6.475643382495192,6.475643382495192,5.599280109151908,0.0,0.0,0.0,0.305945947631676,0.06257004570746537,0.0,0.006697152478481841,0.50115012752566,0.0,0.0,0.0,0.0,0.0,0.0,0.0,0.0,0.0,0.0,0.0,0.0,0.0,0.0,0.0,0.0,0.0,0.0,0.0,0.0,0.0,0.0,0.0,0.0,0.0,0.022095794710065526,0.022095794710065526
2018/12/03 18:00:00,2018/12/03 18:00:00,2018/12/03 23:00:00,6.739019928522576,6.739019928522576,5.129428684374533,0.0,0.0,0.0,0.4069264191245201,0.08322190518061402,0.0,0.008907613575194035,0.7055242084195247,0.0,0.0,0.0,0.0,0.0,0.0,0.4050110978481892,0.0,0.0,0.0,0.0,0.0,0.0,0.0,0.0,0.0,0.0,0.0,0.0,0.0,0.0,0.0,0.0,0.0,0.0,0.022994472069013113,0.022994472069013113
2018/12/03 19:00:00,2018/12/03 19:00:00,2018/12/04 00:00:00,6.112608653008409,6.112608653008409,4.616653959760877,0.0,0.0,0.0,0.5052614445357361,0.10333273548333091,0.0,0.011060165894491741,0.7389763663818958,0.0,0.0,0.0,0.0,0.0,0.0,0.1373239809520773,0.0,0.0,0.0,0.0,0.0,0.0,0.0,0.0,0.0,0.0,0.0,0.0,0.0,0.0,0.0,0.0,0.0,0.0,0.02085706978629227,0.02085706978629227
2018/12/03 20:00:00,2018/12/03 20:00:00,2018/12/04 01:00:00,7.046611606738344,7.046611606738344,4.407532833681989,0.0,0.0,0.0,0.5191166306935479,0.10616630670037282,0.0,0.011363455724067538,0.6836115091075151,0.0,0.0,0.0,0.0,0.0,0.0,1.3188208708308526,0.0,0.0,0.0,0.0,0.0,0.0,0.0,0.0,0.0,0.0,0.0,0.0,0.0,0.0,0.0,0.0,0.0,0.0,0.024044017600620405,0.024044017600620405
2018/12/03 21:00:00,2018/12/03 21:00:00,2018/12/04 02:00:00,6.230198284896839,6.230198284896839,4.440630076600734,0.0,0.0,0.0,0.43517064139894374,0.08899822708441008,0.0,0.009525879202414142,0.6773221072788519,0.0,0.0,0.0,0.0,0.0,0.0,0.5785513533314846,0.0,0.0,0.0,0.0,0.0,0.0,0.0,0.0,0.0,0.0,0.0,0.0,0.0,0.0,0.0,0.0,0.0,0.0,0.02125830194389725,0.02125830194389725
2018/12/03 22:00:00,2018/12/03 22:00:00,2018/12/04 03:00:00,5.508680131467141,5.508680131467141,4.177873788019266,0.0,0.0,0.0,0.3276772071694535,0.06701437946342832,0.0,0.007172849443258015,0.645084447013938,0.0,0.0,0.0,0.0,0.0,0.0,0.2838574603577959,0.0,0.0,0.0,0.0,0.0,0.0,0.0,0.0,0.0,0.0,0.0,0.0,0.0,0.0,0.0,0.0,0.0,0.0,0.01879638178305831,0.01879638178305831
2018/12/03 23:00:00,2018/12/03 23:00:00,2018/12/04 04:00:00,5.505416202485408,5.505416202485408,4.35413656121807,0.0,0.0,0.0,0.28188573431297226,0.05764940969729326,0.0,0.0061704747482896226,0.5486638763632579,0.0,0.0,0.0,0.0,0.0,0.0,0.256910146145526,0.0,0.0,0.0,0.0,0.0,0.0,0.0,0.0,0.0,0.0,0.0,0.0,0.0,0.0,0.0,0.0,0.0,0.0,0.018785244804001747,0.018785244804001747
2018/12/04 00:00:00,2018/12/04 00:00:00,2018/12/04 05:00:00,5.6603673412535995,5.6603673412535995,5.034564053677547,0.0,0.0,0.0,0.13094360677997474,0.026779722120023,0.0,0.002866353705536267,0.46521360497051883,0.0,0.0,0.0,0.0,0.0,0.0,0.0,0.0,0.0,0.0,0.0,0.0,0.0,0.0,0.0,0.0,0.0,0.0,0.0,0.0,0.0,0.0,0.0,0.0,0.0,0.01931395961272143,0.01931395961272143
2018/12/04 01:00:00,2018/12/04 01:00:00,2018/12/04 06:00:00,6.57290441863456,6.57290441863456,6.090773187593419,0.0,0.0,0.0,0.06501908921459039,0.013297274945155983,0.0,0.0014232669458539432,0.40239159993554136,0.0,0.0,0.0,0.0,0.0,0.0,0.0,0.0,0.0,0.0,0.0,0.0,0.0,0.0,0.0,0.0,0.0,0.0,0.0,0.0,0.0,0.0,0.0,0.0,0.0,0.022427662875263293,0.022427662875263293
2018/12/04 02:00:00,2018/12/04 02:00:00,2018/12/04 07:00:00,7.294746676108439,7.294746676108439,6.864828747296992,0.0,0.0,0.0,0.03901145352875434,0.00797836496709361,0.0,0.0008539601675123682,0.382074150148087,0.0,0.0,0.0,0.0,0.0,0.0,0.0,0.0,0.0,0.0,0.0,0.0,0.0,0.0,0.0,0.0,0.0,0.0,0.0,0.0,0.0,0.0,0.0,0.0,0.0,0.024890688924120136,0.024890688924120136
2018/12/04 03:00:00,2018/12/04 03:00:00,2018/12/04 08:00:00,7.471899043680136,7.471899043680136,7.088529110863212,0.0,0.0,0.0,0.026007635685836212,0.005318909978062404,0.0,0.0005693067783415784,0.35147408037468464,0.0,0.0,0.0,0.0,0.0,0.0,0.0,0.0,0.0,0.0,0.0,0.0,0.0,0.0,0.0,0.0,0.0,0.0,0.0,0.0,0.0,0.0,0.0,0.0,0.0,0.025495157409343917,0.025495157409343917
2018/12/04 04:00:00,2018/12/04 04:00:00,2018/12/04 09:00:00,8.022225515833545,8.022225515833545,7.653028495335991,0.0,0.0,0.0,0.026007635685836212,0.005318909978062404,0.0,0.0005693067783415784,0.33730116805531524,0.0,0.0,0.0,0.0,0.0,0.0,0.0,0.0,0.0,0.0,0.0,0.0,0.0,0.0,0.0,0.0,0.0,0.0,0.0,0.0,0.0,0.0,0.0,0.0,0.0,0.027372947774558697,0.027372947774558697
2018/12/04 05:00:00,2018/12/04 05:00:00,2018/12/04 10:00:00,9.153987122151277,9.153987122151277,8.3972440994722,0.0,0.0,0.0,0.02876591880464525,0.0058830158345184146,0.0,0.0006296855569084564,0.3164809012231033,0.0,0.0,0.0,0.0,0.0,0.0,0.40498350125990223,0.0,0.0,0.0,0.0,0.0,0.0,0.0,0.0,0.0,0.0,0.0,0.0,0.0,0.0,0.0,0.0,0.0,0.0,0.03123467558086894,0.03123467558086894
2018/12/04 06:00:00,2018/12/04 06:00:00,2018/12/04 11:00:00,9.402130859639735,9.402130859639735,8.959043103453833,0.0,0.0,0.0,0.07859679435536127,0.01607409757620221,0.0,0.0017204827198804096,0.3466963815344563,0.0,0.0,0.0,0.0,0.0,0.0,0.0,0.0,0.0,0.0,0.0,0.0,0.0,0.0,0.0,0.0,0.0,0.0,0.0,0.0,0.0,0.0,0.0,0.0,0.0,0.03208137648119256,0.03208137648119256
2018/12/04 07:00:00,2018/12/04 07:00:00,2018/12/04 12:00:00,10.160606478099798,10.160606478099798,9.507911435797462,0.0,0.0,0.0,0.18452357674232273,0.03773754390357793,0.0,0.004039218492300221,0.42639470316413536,0.0,0.0,0.0,0.0,0.0,0.0,0.0,0.0,0.0,0.0,0.0,0.0,0.0,0.0,0.0,0.0,0.0,0.0,0.0,0.0,0.0,0.0,0.0,0.0,0.0,0.03466940064623327,0.03466940064623327
2018/12/04 08:00:00,2018/12/04 08:00:00,2018/12/04 13:00:00,11.528434545352313,11.528434545352313,10.000157315416343,0.0,0.0,0.0,0.2335098295518684,0.047755888977462434,0.0,0.0051115268753808285,0.5844296437462715,0.0,0.0,0.0,0.0,0.0,0.0,0.6574703407849856,0.0,0.0,0.0,0.0,0.0,0.0,0.0,0.0,0.0,0.0,0.0,0.0,0.0,0.0,0.0,0.0,0.0,0.0,0.03933662000769102,0.03933662000769102
2018/12/04 09:00:00,2018/12/04 09:00:00,2018/12/04 14:00:00,14.341206160428305,14.341206160428305,10.120485016049198,0.0,0.0,0.0,0.24695335769390644,0.05050527061440958,0.0,0.005405805516797518,2.59903583972314,0.0,0.0,0.0,0.0,0.0,0.0,1.3188208708308526,0.0,0.0,0.0,0.0,0.0,0.0,0.0,0.0,0.0,0.0,0.0,0.0,0.0,0.0,0.0,0.0,0.0,0.0,0.04893418746191837,0.04893418746191837
2018/12/04 10:00:00,2018/12/04 10:00:00,2018/12/04 15:00:00,12.569482694577406,12.569482694577406,10.638051957619078,0.0,0.0,0.0,0.25268234700990755,0.0516769256931404,0.0,0.005531213012120983,0.3027193804123075,0.0,0.0,0.0,0.0,0.0,0.0,1.3188208708308526,0.0,0.0,0.0,0.0,0.0,0.0,0.0,0.0,0.0,0.0,0.0,0.0,0.0,0.0,0.0,0.0,0.0,0.0,0.042888820897992036,0.042888820897992036
2018/12/04 11:00:00,2018/12/04 11:00:00,2018/12/04 16:00:00,12.707129991312287,12.707129991312287,10.786227305235574,0.0,0.0,0.0,0.24574672449634635,0.05025849795764481,0.0,0.00537939233312173,0.30069720045874637,0.0,0.0,0.0,0.0,0.0,0.0,1.3188208708308526,0.0,0.0,0.0,0.0,0.0,0.0,0.0,0.0,0.0,0.0,0.0,0.0,0.0,0.0,0.0,0.0,0.0,0.0,0.04335849259413128,0.04335849259413128
2018/12/04 12:00:00,2018/12/04 12:00:00,2018/12/04 17:00:00,12.551948042982131,12.551948042982131,10.769456475609342,0.0,0.0,0.0,0.23613760755858612,0.04829330478983772,0.0,0.00516904889888472,0.3207640133701988,0.0,0.0,0.0,0.0,0.0,0.0,1.1721275927552814,0.0,0.0,0.0,0.0,0.0,0.0,0.0,0.0,0.0,0.0,0.0,0.0,0.0,0.0,0.0,0.0,0.0,0.0,0.042828990231125935,0.042828990231125935
2018/12/04 13:00:00,2018/12/04 13:00:00,2018/12/04 18:00:00,11.911320193328498,11.911320193328498,10.517513298857692,0.0,0.0,0.0,0.2292019850450249,0.046874877054342116,0.0,0.005017228219885468,0.3253849632138206,0.0,0.0,0.0,0.0,0.0,0.0,0.7873278409377337,0.0,0.0,0.0,0.0,0.0,0.0,0.0,0.0,0.0,0.0,0.0,0.0,0.0,0.0,0.0,0.0,0.0,0.0,0.04064307902271051,0.04064307902271051
2018/12/04 14:00:00,2018/12/04 14:00:00,2018/12/04 19:00:00,11.088830385795957,11.088830385795957,10.469054718500264,0.0,0.0,0.0,0.22716107639764072,0.04645748388950332,0.0,0.004972552758379963,0.34118455425017113,0.0,0.0,0.0,0.0,0.0,0.0,0.0,0.0,0.0,0.0,0.0,0.0,0.0,0.0,0.0,0.0,0.0,0.0,0.0,0.0,0.0,0.0,0.0,0.0,0.0,0.03783662955276492,0.03783662955276492
2018/12/04 15:00:00,2018/12/04 15:00:00,2018/12/04 20:00:00,10.845990342616062,10.845990342616062,10.181589533996377,0.0,0.0,0.0,0.2303532769511554,0.04711033167548305,0.0,0.005042429983472414,0.3818947700095756,0.0,0.0,0.0,0.0,0.0,0.0,0.0,0.0,0.0,0.0,0.0,0.0,0.0,0.0,0.0,0.0,0.0,0.0,0.0,0.0,0.0,0.0,0.0,0.0,0.0,0.037008025594123375,0.037008025594123375
2018/12/04 16:00:00,2018/12/04 16:00:00,2018/12/04 21:00:00,10.578005066286293,10.578005066286293,9.901439143429991,0.0,0.0,0.0,0.2504788163447321,0.051226274146665876,0.0,0.005482977756939709,0.36937785460796296,0.0,0.0,0.0,0.0,0.0,0.0,0.0,0.0,0.0,0.0,0.0,0.0,0.0,0.0,0.0,0.0,0.0,0.0,0.0,0.0,0.0,0.0,0.0,0.0,0.0,0.036093622607215665,0.036093622607215665
2018/12/04 17:00:00,2018/12/04 17:00:00,2018/12/04 22:00:00,10.78658063126291,10.78658063126291,9.910217357919626,0.0,0.0,0.0,0.305945947631676,0.06257004570746537,0.0,0.006697152478481841,0.50115012752566,0.0,0.0,0.0,0.0,0.0,0.0,0.0,0.0,0.0,0.0,0.0,0.0,0.0,0.0,0.0,0.0,0.0,0.0,0.0,0.0,0.0,0.0,0.0,0.0,0.0,0.036805311406774524,0.036805311406774524
2018/12/04 18:00:00,2018/12/04 18:00:00,2018/12/04 23:00:00,11.195431436130796,11.195431436130796,9.990851289830943,0.0,0.0,0.0,0.4069264191245201,0.08322190518061402,0.0,0.008907613575194035,0.7055242084195247,0.0,0.0,0.0,0.0,0.0,0.0,0.0,0.0,0.0,0.0,0.0,0.0,0.0,0.0,0.0,0.0,0.0,0.0,0.0,0.0,0.0,0.0,0.0,0.0,0.0,0.03820036714375752,0.03820036714375752
2018/12/04 19:00:00,2018/12/04 19:00:00,2018/12/05 00:00:00,11.52364341496226,11.52364341496226,10.165012702666804,0.0,0.0,0.0,0.5052614445357361,0.10333273548333091,0.0,0.011060165894491741,0.7389763663818958,0.0,0.0,0.0,0.0,0.0,0.0,0.0,0.0,0.0,0.0,0.0,0.0,0.0,0.0,0.0,0.0,0.0,0.0,0.0,0.0,0.0,0.0,0.0,0.0,0.0,0.039320272005295774,0.039320272005295774
2018/12/04 20:00:00,2018/12/04 20:00:00,2018/12/05 01:00:00,13.003561356805548,13.003561356805548,10.08996357446529,0.0,0.0,0.0,0.5191166306935479,0.10616630670037282,0.0,0.011363455724067538,1.018073563395663,0.0,0.0,0.0,0.0,0.0,0.0,1.2588778258266071,0.0,0.0,0.0,0.0,0.0,0.0,0.0,0.0,0.0,0.0,0.0,0.0,0.0,0.0,0.0,0.0,0.0,0.0,0.04436995758852381,0.04436995758852381
2018/12/04 21:00:00,2018/12/04 21:00:00,2018/12/05 02:00:00,20.20933076388397,20.20933076388397,9.986419231953297,0.0,0.0,0.0,0.43517064139894374,0.08899822708441008,0.0,0.009525879202414142,8.370395913414052,0.0,0.0,0.0,0.0,0.0,0.0,1.3188208708308526,0.0,0.0,0.0,0.0,0.0,0.0,0.0,0.0,0.0,0.0,0.0,0.0,0.0,0.0,0.0,0.0,0.0,0.0,0.06895704371146683,0.06895704371146683
2018/12/04 22:00:00,2018/12/04 22:00:00,2018/12/05 03:00:00,15.62364894510249,15.62364894510249,9.722736769126355,0.0,0.0,0.0,0.3276772071694535,0.06701437946342832,0.0,0.007172849443258015,4.180226869069144,0.0,0.0,0.0,0.0,0.0,0.0,1.3188208708308526,0.0,0.0,0.0,0.0,0.0,0.0,0.0,0.0,0.0,0.0,0.0,0.0,0.0,0.0,0.0,0.0,0.0,0.0,0.053310060378911346,0.053310060378911346
2018/12/04 23:00:00,2018/12/04 23:00:00,2018/12/05 04:00:00,13.716985448621184,13.716985448621184,9.702601487698955,0.0,0.0,0.0,0.28188573431297226,0.05764940969729326,0.0,0.0061704747482896226,2.3498574713328217,0.0,0.0,0.0,0.0,0.0,0.0,1.3188208708308526,0.0,0.0,0.0,0.0,0.0,0.0,0.0,0.0,0.0,0.0,0.0,0.0,0.0,0.0,0.0,0.0,0.0,0.0,0.04680425968684275,0.04680425968684275
2018/12/05 00:00:00,2018/12/05 00:00:00,2018/12/05 05:00:00,12.58997042901177,12.58997042901177,10.599485554176514,0.0,0.0,0.0,0.13094360677997474,0.026779722120023,0.0,0.002866353705536267,0.5110743213988677,0.0,0.0,0.0,0.0,0.0,0.0,1.3188208708308526,0.0,0.0,0.0,0.0,0.0,0.0,0.0,0.0,0.0,0.0,0.0,0.0,0.0,0.0,0.0,0.0,0.0,0.0,0.042958727893698395,0.042958727893698395
2018/12/05 01:00:00,2018/12/05 01:00:00,2018/12/05 06:00:00,14.29975399040972,14.29975399040972,11.464960634986502,0.0,0.0,0.0,0.06501908921459039,0.013297274945155983,0.0,0.0014232669458539432,1.4362328534867663,0.0,0.0,0.0,0.0,0.0,0.0,1.3188208708308526,0.0,0.0,0.0,0.0,0.0,0.0,0.0,0.0,0.0,0.0,0.0,0.0,0.0,0.0,0.0,0.0,0.0,0.0,0.048792746899966905,0.048792746899966905
2018/12/05 02:00:00,2018/12/05 02:00:00,2018/12/05 07:00:00,13.072361938993922,13.072361938993922,11.240576220051212,0.0,0.0,0.0,0.03901145352875434,0.00797836496709361,0.0,0.0008539601675123682,0.46512106944849735,0.0,0.0,0.0,0.0,0.0,0.0,1.3188208708308526,0.0,0.0,0.0,0.0,0.0,0.0,0.0,0.0,0.0,0.0,0.0,0.0,0.0,0.0,0.0,0.0,0.0,0.0,0.04460471473158648,0.04460471473158648
2018/12/05 03:00:00,2018/12/05 03:00:00,2018/12/05 08:00:00,13.74605272361476,13.74605272361476,10.101269462100984,0.0,0.0,0.0,0.026007635685836212,0.005318909978062404,0.0,0.0005693067783415784,2.294066538240683,0.0,0.0,0.0,0.0,0.0,0.0,1.3188208708308526,0.0,0.0,0.0,0.0,0.0,0.0,0.0,0.0,0.0,0.0,0.0,0.0,0.0,0.0,0.0,0.0,0.0,0.0,0.046903441266664646,0.046903441266664646
2018/12/05 04:00:00,2018/12/05 04:00:00,2018/12/05 09:00:00,12.83336218365765,12.83336218365765,10.092495508484054,0.0,0.0,0.0,0.026007635685836212,0.005318909978062404,0.0,0.0005693067783415784,2.0008681188303856,0.0,0.0,0.0,0.0,0.0,0.0,0.7081027039009685,0.0,0.0,0.0,0.0,0.0,0.0,0.0,0.0,0.0,0.0,0.0,0.0,0.0,0.0,0.0,0.0,0.0,0.0,0.04378921436849648,0.04378921436849648
2018/12/05 05:00:00,2018/12/05 05:00:00,2018/12/05 10:00:00,12.080560677622096,12.080560677622096,10.034010935691843,0.0,0.0,0.0,0.02876591880464525,0.0058830158345184146,0.0,0.0006296855569084564,2.011271121734182,0.0,0.0,0.0,0.0,0.0,0.0,0.0,0.0,0.0,0.0,0.0,0.0,0.0,0.0,0.0,0.0,0.0,0.0,0.0,0.0,0.0,0.0,0.0,0.0,0.0,0.0412205510632018,0.0412205510632018
2018/12/05 06:00:00,2018/12/05 06:00:00,2018/12/05 11:00:00,10.549932165522115,10.549932165522115,10.106844409336214,0.0,0.0,0.0,0.07859679435536127,0.01607409757620221,0.0,0.0017204827198804096,0.3466963815344563,0.0,0.0,0.0,0.0,0.0,0.0,0.0,0.0,0.0,0.0,0.0,0.0,0.0,0.0,0.0,0.0,0.0,0.0,0.0,0.0,0.0,0.0,0.0,0.0,0.0,0.03599783397038646,0.03599783397038646
2018/12/05 07:00:00,2018/12/05 07:00:00,2018/12/05 12:00:00,10.782495970543767,10.782495970543767,10.129800928241432,0.0,0.0,0.0,0.18452357674232273,0.03773754390357793,0.0,0.004039218492300221,0.42639470316413536,0.0,0.0,0.0,0.0,0.0,0.0,0.0,0.0,0.0,0.0,0.0,0.0,0.0,0.0,0.0,0.0,0.0,0.0,0.0,0.0,0.0,0.0,0.0,0.0,0.0,0.03679137397702748,0.03679137397702748
2018/12/05 08:00:00,2018/12/05 08:00:00,2018/12/05 13:00:00,11.060376151605798,11.060376151605798,10.067864921035552,0.0,0.0,0.0,0.2335098295518684,0.047755888977462434,0.0,0.0051115268753808285,0.48637227993051274,0.0,0.0,0.0,0.0,0.0,0.0,0.2197617052350201,0.0,0.0,0.0,0.0,0.0,0.0,0.0,0.0,0.0,0.0,0.0,0.0,0.0,0.0,0.0,0.0,0.0,0.0,0.037739539753317744,0.037739539753317744
2018/12/05 09:00:00,2018/12/05 09:00:00,2018/12/05 14:00:00,10.754050022208114,10.754050022208114,9.877175867679565,0.0,0.0,0.0,0.24695335769390644,0.05050527061440958,0.0,0.005405805516797518,0.38852200953476496,0.0,0.0,0.0,0.0,0.0,0.0,0.18548771116866877,0.0,0.0,0.0,0.0,0.0,0.0,0.0,0.0,0.0,0.0,0.0,0.0,0.0,0.0,0.0,0.0,0.0,0.0,0.03669431245006681,0.03669431245006681
2018/12/05 10:00:00,2018/12/05 10:00:00,2018/12/05 15:00:00,10.109555355334592,10.109555355334592,9.496945489207116,0.0,0.0,0.0,0.25268234700990755,0.0516769256931404,0.0,0.005531213012120983,0.3027193804123075,0.0,0.0,0.0,0.0,0.0,0.0,0.0,0.0,0.0,0.0,0.0,0.0,0.0,0.0,0.0,0.0,0.0,0.0,0.0,0.0,0.0,0.0,0.0,0.0,0.0,0.034495207124183004,0.034495207124183004
2018/12/05 11:00:00,2018/12/05 11:00:00,2018/12/05 16:00:00,9.322234362190196,9.322234362190196,8.720152546944336,0.0,0.0,0.0,0.24574672449634635,0.05025849795764481,0.0,0.00537939233312173,0.30069720045874637,0.0,0.0,0.0,0.0,0.0,0.0,0.0,0.0,0.0,0.0,0.0,0.0,0.0,0.0,0.0,0.0,0.0,0.0,0.0,0.0,0.0,0.0,0.0,0.0,0.0,0.03180875853399825,0.03180875853399825
2018/12/05 12:00:00,2018/12/05 12:00:00,2018/12/05 17:00:00,9.557355809784381,9.557355809784381,8.531143582284116,0.0,0.0,0.0,0.23613760755858612,0.04829330478983772,0.0,0.00516904889888472,0.3207640133701988,0.0,0.0,0.0,0.0,0.0,0.0,0.41584825288275634,0.0,0.0,0.0,0.0,0.0,0.0,0.0,0.0,0.0,0.0,0.0,0.0,0.0,0.0,0.0,0.0,0.0,0.0,0.03261102557236204,0.03261102557236204
2018/12/05 13:00:00,2018/12/05 13:00:00,2018/12/05 18:00:00,10.420844414682046,10.420844414682046,8.495544490318121,0.0,0.0,0.0,0.2292019850450249,0.046874877054342116,0.0,0.005017228219885468,0.3253849632138206,0.0,0.0,0.0,0.0,0.0,0.0,1.3188208708308526,0.0,0.0,0.0,0.0,0.0,0.0,0.0,0.0,0.0,0.0,0.0,0.0,0.0,0.0,0.0,0.0,0.0,0.0,0.03555736863379048,0.03555736863379048
2018/12/05 14:00:00,2018/12/05 14:00:00,2018/12/05 19:00:00,9.422606515264416,9.422606515264416,8.073746005064468,0.0,0.0,0.0,0.22716107639764072,0.04645748388950332,0.0,0.004972552758379963,0.34118455425017113,0.0,0.0,0.0,0.0,0.0,0.0,0.7290848429042549,0.0,0.0,0.0,0.0,0.0,0.0,0.0,0.0,0.0,0.0,0.0,0.0,0.0,0.0,0.0,0.0,0.0,0.0,0.0321512422623225,0.0321512422623225
2018/12/05 15:00:00,2018/12/05 15:00:00,2018/12/05 20:00:00,8.864202702737343,8.864202702737343,8.199801894117655,0.0,0.0,0.0,0.2303532769511554,0.04711033167548305,0.0,0.005042429983472414,0.3818947700095756,0.0,0.0,0.0,0.0,0.0,0.0,0.0,0.0,0.0,0.0,0.0,0.0,0.0,0.0,0.0,0.0,0.0,0.0,0.0,0.0,0.0,0.0,0.0,0.0,0.0,0.0302458908897826,0.0302458908897826
2018/12/05 16:00:00,2018/12/05 16:00:00,2018/12/05 21:00:00,8.774416467418297,8.774416467418297,8.011083090444323,0.0,0.0,0.0,0.2504788163447321,0.051226274146665876,0.0,0.005482977756939709,0.4561453087256356,0.0,0.0,0.0,0.0,0.0,0.0,0.0,0.0,0.0,0.0,0.0,0.0,0.0,0.0,0.0,0.0,0.0,0.0,0.0,0.0,0.0,0.0,0.0,0.0,0.0,0.029939527783259146,0.029939527783259146
2018/12/05 17:00:00,2018/12/05 17:00:00,2018/12/05 22:00:00,11.153388754991312,11.153388754991312,7.5507261422970755,0.0,0.0,0.0,0.305945947631676,0.06257004570746537,0.0,0.006697152478481841,2.606600749448547,0.0,0.0,0.0,0.0,0.0,0.0,0.6208487174280681,0.0,0.0,0.0,0.0,0.0,0.0,0.0,0.0,0.0,0.0,0.0,0.0,0.0,0.0,0.0,0.0,0.0,0.0,0.03805691167583754,0.03805691167583754
2018/12/05 18:00:00,2018/12/05 18:00:00,2018/12/05 23:00:00,11.85066331216476,11.85066331216476,7.15179717265869,0.0,0.0,0.0,0.4069264191245201,0.08322190518061402,0.0,0.008907613575194035,4.074495448683224,0.0,0.0,0.0,0.0,0.0,0.0,0.1253147529425164,0.0,0.0,0.0,0.0,0.0,0.0,0.0,0.0,0.0,0.0,0.0,0.0,0.0,0.0,0.0,0.0,0.0,0.0,0.04043610931873179,0.04043610931873179
2018/12/05 19:00:00,2018/12/05 19:00:00,2018/12/06 00:00:00,8.779761590886784,8.779761590886784,7.421130878591329,0.0,0.0,0.0,0.5052614445357361,0.10333273548333091,0.0,0.011060165894491741,0.7389763663818958,0.0,0.0,0.0,0.0,0.0,0.0,0.0,0.0,0.0,0.0,0.0,0.0,0.0,0.0,0.0,0.0,0.0,0.0,0.0,0.0,0.0,0.0,0.0,0.0,0.0,0.029957766086989537,0.029957766086989537
2018/12/05 20:00:00,2018/12/05 20:00:00,2018/12/06 01:00:00,8.668236688471815,8.668236688471815,7.34270600123165,0.0,0.0,0.0,0.5191166306935479,0.10616630670037282,0.0,0.011363455724067538,0.6888842941221767,0.0,0.0,0.0,0.0,0.0,0.0,0.0,0.0,0.0,0.0,0.0,0.0,0.0,0.0,0.0,0.0,0.0,0.0,0.0,0.0,0.0,0.0,0.0,0.0,0.0,0.029577227628759657,0.029577227628759657
2018/12/05 21:00:00,2018/12/05 21:00:00,2018/12/06 02:00:00,8.822563200830222,8.822563200830222,7.492681594204329,0.0,0.0,0.0,0.43517064139894374,0.08899822708441008,0.0,0.009525879202414142,0.7961868589401253,0.0,0.0,0.0,0.0,0.0,0.0,0.0,0.0,0.0,0.0,0.0,0.0,0.0,0.0,0.0,0.0,0.0,0.0,0.0,0.0,0.0,0.0,0.0,0.0,0.0,0.03010381112540642,0.03010381112540642
2018/12/05 22:00:00,2018/12/05 22:00:00,2018/12/06 03:00:00,8.871932042591043,8.871932042591043,7.824983159500963,0.0,0.0,0.0,0.3276772071694535,0.06701437946342832,0.0,0.007172849443258015,0.645084447013938,0.0,0.0,0.0,0.0,0.0,0.0,0.0,0.0,0.0,0.0,0.0,0.0,0.0,0.0,0.0,0.0,0.0,0.0,0.0,0.0,0.0,0.0,0.0,0.0,0.0,0.03027226447099514,0.03027226447099514
2018/12/05 23:00:00,2018/12/05 23:00:00,2018/12/06 04:00:00,9.077165554551845,9.077165554551845,8.182796059430034,0.0,0.0,0.0,0.28188573431297226,0.05764940969729326,0.0,0.0061704747482896226,0.5486638763632579,0.0,0.0,0.0,0.0,0.0,0.0,0.0,0.0,0.0,0.0,0.0,0.0,0.0,0.0,0.0,0.0,0.0,0.0,0.0,0.0,0.0,0.0,0.0,0.0,0.0,0.030972549721441454,0.030972549721441454
2018/12/06 00:00:00,2018/12/06 00:00:00,2018/12/06 05:00:00,9.107172613910526,9.107172613910526,8.481369326334475,0.0,0.0,0.0,0.13094360677997474,0.026779722120023,0.0,0.002866353705536267,0.46521360497051883,0.0,0.0,0.0,0.0,0.0,0.0,0.0,0.0,0.0,0.0,0.0,0.0,0.0,0.0,0.0,0.0,0.0,0.0,0.0,0.0,0.0,0.0,0.0,0.0,0.0,0.03107493797605635,0.03107493797605635
2018/12/06 01:00:00,2018/12/06 01:00:00,2018/12/06 06:00:00,9.735008214439858,9.735008214439858,9.252876983398716,0.0,0.0,0.0,0.06501908921459039,0.013297274945155983,0.0,0.0014232669458539432,0.40239159993554136,0.0,0.0,0.0,0.0,0.0,0.0,0.0,0.0,0.0,0.0,0.0,0.0,0.0,0.0,0.0,0.0,0.0,0.0,0.0,0.0,0.0,0.0,0.0,0.0,0.0,0.03321720025357255,0.03321720025357255
2018/12/06 02:00:00,2018/12/06 02:00:00,2018/12/06 07:00:00,10.393447953601571,10.393447953601571,9.558323015363161,0.0,0.0,0.0,0.03901145352875434,0.00797836496709361,0.0,0.0008539601675123682,0.382074150148087,0.0,0.0,0.0,0.0,0.0,0.0,0.4052070094269637,0.0,0.0,0.0,0.0,0.0,0.0,0.0,0.0,0.0,0.0,0.0,0.0,0.0,0.0,0.0,0.0,0.0,0.0,0.03546388810312185,0.03546388810312185
2018/12/06 03:00:00,2018/12/06 03:00:00,2018/12/06 08:00:00,9.80247110988583,9.80247110988583,9.419101177068905,0.0,0.0,0.0,0.026007635685836212,0.005318909978062404,0.0,0.0005693067783415784,0.35147408037468464,0.0,0.0,0.0,0.0,0.0,0.0,0.0,0.0,0.0,0.0,0.0,0.0,0.0,0.0,0.0,0.0,0.0,0.0,0.0,0.0,0.0,0.0,0.0,0.0,0.0,0.033447393023660885,0.033447393023660885
2018/12/06 04:00:00,2018/12/06 04:00:00,2018/12/06 09:00:00,9.756402457993433,9.756402457993433,9.38720543749588,0.0,0.0,0.0,0.026007635685836212,0.005318909978062404,0.0,0.0005693067783415784,0.33730116805531524,0.0,0.0,0.0,0.0,0.0,0.0,0.0,0.0,0.0,0.0,0.0,0.0,0.0,0.0,0.0,0.0,0.0,0.0,0.0,0.0,0.0,0.0,0.0,0.0,0.0,0.033290200384310874,0.033290200384310874
2018/12/06 05:00:00,2018/12/06 05:00:00,2018/12/06 10:00:00,9.554402004509699,9.554402004509699,9.202642483090525,0.0,0.0,0.0,0.02876591880464525,0.0058830158345184146,0.0,0.0006296855569084564,0.3164809012231033,0.0,0.0,0.0,0.0,0.0,0.0,0.0,0.0,0.0,0.0,0.0,0.0,0.0,0.0,0.0,0.0,0.0,0.0,0.0,0.0,0.0,0.0,0.0,0.0,0.0,0.03260094677847118,0.03260094677847118
2018/12/06 06:00:00,2018/12/06 06:00:00,2018/12/06 11:00:00,9.782540051667697,9.782540051667697,9.339452295481795,0.0,0.0,0.0,0.07859679435536127,0.01607409757620221,0.0,0.0017204827198804096,0.3466963815344563,0.0,0.0,0.0,0.0,0.0,0.0,0.0,0.0,0.0,0.0,0.0,0.0,0.0,0.0,0.0,0.0,0.0,0.0,0.0,0.0,0.0,0.0,0.0,0.0,0.0,0.033379385484528526,0.033379385484528526
2018/12/06 07:00:00,2018/12/06 07:00:00,2018/12/06 12:00:00,10.034335024548376,10.034335024548376,9.38163998224604,0.0,0.0,0.0,0.18452357674232273,0.03773754390357793,0.0,0.004039218492300221,0.42639470316413536,0.0,0.0,0.0,0.0,0.0,0.0,0.0,0.0,0.0,0.0,0.0,0.0,0.0,0.0,0.0,0.0,0.0,0.0,0.0,0.0,0.0,0.0,0.0,0.0,0.0,0.03423854490717948,0.03423854490717948
2018/12/06 08:00:00,2018/12/06 08:00:00,2018/12/06 13:00:00,10.19291819192073,10.19291819192073,9.001462861343807,0.0,0.0,0.0,0.2335098295518684,0.047755888977462434,0.0,0.0051115268753808285,0.48637227993051274,0.0,0.0,0.0,0.0,0.0,0.0,0.4187058052416976,0.0,0.0,0.0,0.0,0.0,0.0,0.0,0.0,0.0,0.0,0.0,0.0,0.0,0.0,0.0,0.0,0.0,0.0,0.034779652701997746,0.034779652701997746
2018/12/06 09:00:00,2018/12/06 09:00:00,2018/12/06 14:00:00,11.256219636345817,11.256219636345817,9.246012322155083,0.0,0.0,0.0,0.24695335769390644,0.05050527061440958,0.0,0.005405805516797518,0.38852200953476496,0.0,0.0,0.0,0.0,0.0,0.0,1.3188208708308526,0.0,0.0,0.0,0.0,0.0,0.0,0.0,0.0,0.0,0.0,0.0,0.0,0.0,0.0,0.0,0.0,0.0,0.0,0.038407784926579876,0.038407784926579876
2018/12/06 10:00:00,2018/12/06 10:00:00,2018/12/06 15:00:00,10.821280856234132,10.821280856234132,8.889850119275804,0.0,0.0,0.0,0.25268234700990755,0.0516769256931404,0.0,0.005531213012120983,0.3027193804123075,0.0,0.0,0.0,0.0,0.0,0.0,1.3188208708308526,0.0,0.0,0.0,0.0,0.0,0.0,0.0,0.0,0.0,0.0,0.0,0.0,0.0,0.0,0.0,0.0,0.0,0.0,0.03692371339435615,0.03692371339435615
2018/12/06 11:00:00,2018/12/06 11:00:00,2018/12/06 16:00:00,10.271451600175267,10.271451600175267,8.383813785546094,0.0,0.0,0.0,0.24574672449634635,0.05025849795764481,0.0,0.00537939233312173,0.30069720045874637,0.0,0.0,0.0,0.0,0.0,0.0,1.285555999383314,0.0,0.0,0.0,0.0,0.0,0.0,0.0,0.0,0.0,0.0,0.0,0.0,0.0,0.0,0.0,0.0,0.0,0.0,0.03504761959952097,0.03504761959952097
2018/12/06 12:00:00,2018/12/06 12:00:00,2018/12/06 17:00:00,8.594351905698808,8.594351905698808,7.9839879310813,0.0,0.0,0.0,0.23613760755858612,0.04829330478983772,0.0,0.00516904889888472,0.3207640133701988,0.0,0.0,0.0,0.0,0.0,0.0,0.0,0.0,0.0,0.0,0.0,0.0,0.0,0.0,0.0,0.0,0.0,0.0,0.0,0.0,0.0,0.0,0.0,0.0,0.0,0.029325122487089378,0.029325122487089378
2018/12/06 13:00:00,2018/12/06 13:00:00,2018/12/06 18:00:00,8.090269385526796,8.090269385526796,7.483790331993723,0.0,0.0,0.0,0.2292019850450249,0.046874877054342116,0.0,0.005017228219885468,0.3253849632138206,0.0,0.0,0.0,0.0,0.0,0.0,0.0,0.0,0.0,0.0,0.0,0.0,0.0,0.0,0.0,0.0,0.0,0.0,0.0,0.0,0.0,0.0,0.0,0.0,0.0,0.027605122909478065,0.027605122909478065
2018/12/06 14:00:00,2018/12/06 14:00:00,2018/12/06 19:00:00,7.66571002694036,7.66571002694036,7.045934359644665,0.0,0.0,0.0,0.22716107639764072,0.04645748388950332,0.0,0.004972552758379963,0.34118455425017113,0.0,0.0,0.0,0.0,0.0,0.0,0.0,0.0,0.0,0.0,0.0,0.0,0.0,0.0,0.0,0.0,0.0,0.0,0.0,0.0,0.0,0.0,0.0,0.0,0.0,0.026156467405235594,0.026156467405235594
2018/12/06 15:00:00,2018/12/06 15:00:00,2018/12/06 20:00:00,7.303760755347394,7.303760755347394,6.591968452455627,0.0,0.0,0.0,0.2303532769511554,0.04711033167548305,0.0,0.005042429983472414,0.42928626428165617,0.0,0.0,0.0,0.0,0.0,0.0,0.0,0.0,0.0,0.0,0.0,0.0,0.0,0.0,0.0,0.0,0.0,0.0,0.0,0.0,0.0,0.0,0.0,0.0,0.0,0.024921446214569855,0.024921446214569855
2018/12/06 16:00:00,2018/12/06 16:00:00,2018/12/06 21:00:00,8.597147513698632,8.597147513698632,6.43145488720694,0.0,0.0,0.0,0.2504788163447321,0.051226274146665876,0.0,0.005482977756939709,1.4533121293180298,0.0,0.0,0.0,0.0,0.0,0.0,0.4051924289253228,0.0,0.0,0.0,0.0,0.0,0.0,0.0,0.0,0.0,0.0,0.0,0.0,0.0,0.0,0.0,0.0,0.0,0.0,0.02933466148990428,0.02933466148990428
2018/12/06 17:00:00,2018/12/06 17:00:00,2018/12/06 22:00:00,7.962311189885763,7.962311189885763,6.734623398186704,0.0,0.0,0.0,0.305945947631676,0.06257004570746537,0.0,0.006697152478481841,0.8524746458814354,0.0,0.0,0.0,0.0,0.0,0.0,0.0,0.0,0.0,0.0,0.0,0.0,0.0,0.0,0.0,0.0,0.0,0.0,0.0,0.0,0.0,0.0,0.0,0.0,0.0,0.027168511772120273,0.027168511772120273
2018/12/06 18:00:00,2018/12/06 18:00:00,2018/12/06 23:00:00,8.143738566496047,8.143738566496047,6.939158420196193,0.0,0.0,0.0,0.4069264191245201,0.08322190518061402,0.0,0.008907613575194035,0.7055242084195247,0.0,0.0,0.0,0.0,0.0,0.0,0.0,0.0,0.0,0.0,0.0,0.0,0.0,0.0,0.0,0.0,0.0,0.0,0.0,0.0,0.0,0.0,0.0,0.0,0.0,0.02778756718199708,0.02778756718199708
2018/12/06 19:00:00,2018/12/06 19:00:00,2018/12/07 00:00:00,8.667351313893418,8.667351313893418,6.828382744741909,0.0,0.0,0.0,0.5052614445357361,0.10333273548333091,0.0,0.011060165894491741,0.7389763663818958,0.0,0.0,0.0,0.0,0.0,0.0,0.4803378568560534,0.0,0.0,0.0,0.0,0.0,0.0,0.0,0.0,0.0,0.0,0.0,0.0,0.0,0.0,0.0,0.0,0.0,0.0,0.029574206607716612,0.029574206607716612
2018/12/06 20:00:00,2018/12/06 20:00:00,2018/12/07 01:00:00,9.644847681171509,9.644847681171509,7.005768908115154,0.0,0.0,0.0,0.5191166306935479,0.10616630670037282,0.0,0.011363455724067538,0.6836115091075151,0.0,0.0,0.0,0.0,0.0,0.0,1.3188208708308526,0.0,0.0,0.0,0.0,0.0,0.0,0.0,0.0,0.0,0.0,0.0,0.0,0.0,0.0,0.0,0.0,0.0,0.0,0.032909559990454806,0.032909559990454806
2018/12/06 21:00:00,2018/12/06 21:00:00,2018/12/07 02:00:00,10.028124303482006,10.028124303482006,7.498286577686533,0.0,0.0,0.0,0.43517064139894374,0.08899822708441008,0.0,0.009525879202414142,0.6773221072788519,0.0,0.0,0.0,0.0,0.0,0.0,1.3188208708308526,0.0,0.0,0.0,0.0,0.0,0.0,0.0,0.0,0.0,0.0,0.0,0.0,0.0,0.0,0.0,0.0,0.0,0.0,0.03421735306421064,0.03421735306421064
2018/12/06 22:00:00,2018/12/06 22:00:00,2018/12/07 03:00:00,10.07616818633892,10.07616818633892,7.710398432417989,0.0,0.0,0.0,0.3276772071694535,0.06701437946342832,0.0,0.007172849443258015,0.645084447013938,0.0,0.0,0.0,0.0,0.0,0.0,1.3188208708308526,0.0,0.0,0.0,0.0,0.0,0.0,0.0,0.0,0.0,0.0,0.0,0.0,0.0,0.0,0.0,0.0,0.0,0.0,0.03438128546597792,0.03438128546597792
2018/12/06 23:00:00,2018/12/06 23:00:00,2018/12/07 04:00:00,9.52608650120053,9.52608650120053,7.987247073407643,0.0,0.0,0.0,0.28188573431297226,0.05764940969729326,0.0,0.0061704747482896226,0.5486638763632579,0.0,0.0,0.0,0.0,0.0,0.0,0.6444699326710754,0.0,0.0,0.0,0.0,0.0,0.0,0.0,0.0,0.0,0.0,0.0,0.0,0.0,0.0,0.0,0.0,0.0,0.0,0.032504330348060134,0.032504330348060134
2018/12/07 00:00:00,2018/12/07 00:00:00,2018/12/07 05:00:00,9.076965408518113,9.076965408518113,8.451162120942062,0.0,0.0,0.0,0.13094360677997474,0.026779722120023,0.0,0.002866353705536267,0.46521360497051883,0.0,0.0,0.0,0.0,0.0,0.0,0.0,0.0,0.0,0.0,0.0,0.0,0.0,0.0,0.0,0.0,0.0,0.0,0.0,0.0,0.0,0.0,0.0,0.0,0.0,0.030971866795373396,0.030971866795373396
2018/12/07 01:00:00,2018/12/07 01:00:00,2018/12/07 06:00:00,9.681299158617518,9.681299158617518,9.199167927576378,0.0,0.0,0.0,0.06501908921459039,0.013297274945155983,0.0,0.0014232669458539432,0.40239159993554136,0.0,0.0,0.0,0.0,0.0,0.0,0.0,0.0,0.0,0.0,0.0,0.0,0.0,0.0,0.0,0.0,0.0,0.0,0.0,0.0,0.0,0.0,0.0,0.0,0.0,0.03303393749473535,0.03303393749473535
2018/12/07 02:00:00,2018/12/07 02:00:00,2018/12/07 07:00:00,9.7337390685392,9.7337390685392,9.303821139727754,0.0,0.0,0.0,0.03901145352875434,0.00797836496709361,0.0,0.0008539601675123682,0.382074150148087,0.0,0.0,0.0,0.0,0.0,0.0,0.0,0.0,0.0,0.0,0.0,0.0,0.0,0.0,0.0,0.0,0.0,0.0,0.0,0.0,0.0,0.0,0.0,0.0,0.0,0.033212869751470794,0.033212869751470794
2018/12/07 03:00:00,2018/12/07 03:00:00,2018/12/07 08:00:00,9.357699894597998,9.357699894597998,8.974329961781072,0.0,0.0,0.0,0.026007635685836212,0.005318909978062404,0.0,0.0005693067783415784,0.35147408037468464,0.0,0.0,0.0,0.0,0.0,0.0,0.0,0.0,0.0,0.0,0.0,0.0,0.0,0.0,0.0,0.0,0.0,0.0,0.0,0.0,0.0,0.0,0.0,0.0,0.0,0.031929771856857296,0.031929771856857296
2018/12/07 04:00:00,2018/12/07 04:00:00,2018/12/07 09:00:00,9.344890567726162,9.344890567726162,8.975693547228609,0.0,0.0,0.0,0.026007635685836212,0.005318909978062404,0.0,0.0005693067783415784,0.33730116805531524,0.0,0.0,0.0,0.0,0.0,0.0,0.0,0.0,0.0,0.0,0.0,0.0,0.0,0.0,0.0,0.0,0.0,0.0,0.0,0.0,0.0,0.0,0.0,0.0,0.0,0.031886064654311326,0.031886064654311326
2018/12/07 05:00:00,2018/12/07 05:00:00,2018/12/07 10:00:00,9.361186344833602,9.361186344833602,9.009426823414428,0.0,0.0,0.0,0.02876591880464525,0.0058830158345184146,0.0,0.0006296855569084564,0.3164809012231033,0.0,0.0,0.0,0.0,0.0,0.0,0.0,0.0,0.0,0.0,0.0,0.0,0.0,0.0,0.0,0.0,0.0,0.0,0.0,0.0,0.0,0.0,0.0,0.0,0.0,0.03194166810934102,0.03194166810934102
2018/12/07 06:00:00,2018/12/07 06:00:00,2018/12/07 11:00:00,9.48847047693481,9.48847047693481,9.045382720748906,0.0,0.0,0.0,0.07859679435536127,0.01607409757620221,0.0,0.0017204827198804096,0.3466963815344563,0.0,0.0,0.0,0.0,0.0,0.0,0.0,0.0,0.0,0.0,0.0,0.0,0.0,0.0,0.0,0.0,0.0,0.0,0.0,0.0,0.0,0.0,0.0,0.0,0.0,0.0323759792482712,0.0323759792482712
2018/12/07 07:00:00,2018/12/07 07:00:00,2018/12/07 12:00:00,10.447921138318195,10.447921138318195,8.488494558173171,0.0,0.0,0.0,0.18452357674232273,0.03773754390357793,0.0,0.004039218492300221,0.42639470316413536,0.0,0.0,0.0,0.0,0.0,0.0,1.3067315378426863,0.0,0.0,0.0,0.0,0.0,0.0,0.0,0.0,0.0,0.0,0.0,0.0,0.0,0.0,0.0,0.0,0.0,0.0,0.03564975817588645,0.03564975817588645
2018/12/07 08:00:00,2018/12/07 08:00:00,2018/12/07 13:00:00,11.650958811511208,11.650958811511208,9.55938841534513,0.0,0.0,0.0,0.2335098295518684,0.047755888977462434,0.0,0.0051115268753808285,0.48637227993051274,0.0,0.0,0.0,0.0,0.0,0.0,1.3188208708308526,0.0,0.0,0.0,0.0,0.0,0.0,0.0,0.0,0.0,0.0,0.0,0.0,0.0,0.0,0.0,0.0,0.0,0.0,0.03975468982286438,0.03975468982286438
2018/12/07 09:00:00,2018/12/07 09:00:00,2018/12/07 14:00:00,11.455083579468353,11.455083579468353,9.44487626527762,0.0,0.0,0.0,0.24695335769390644,0.05050527061440958,0.0,0.005405805516797518,0.38852200953476496,0.0,0.0,0.0,0.0,0.0,0.0,1.3188208708308526,0.0,0.0,0.0,0.0,0.0,0.0,0.0,0.0,0.0,0.0,0.0,0.0,0.0,0.0,0.0,0.0,0.0,0.0,0.03908633632339515,0.03908633632339515
2018/12/07 10:00:00,2018/12/07 10:00:00,2018/12/07 15:00:00,11.086666719681944,11.086666719681944,9.155235982723616,0.0,0.0,0.0,0.25268234700990755,0.0516769256931404,0.0,0.005531213012120983,0.3027193804123075,0.0,0.0,0.0,0.0,0.0,0.0,1.3188208708308526,0.0,0.0,0.0,0.0,0.0,0.0,0.0,0.0,0.0,0.0,0.0,0.0,0.0,0.0,0.0,0.0,0.0,0.0,0.03782924682344329,0.03782924682344329
2018/12/07 11:00:00,2018/12/07 11:00:00,2018/12/07 16:00:00,10.470813208505826,10.470813208505826,8.868889650132152,0.0,0.0,0.0,0.24574672449634635,0.05025849795764481,0.0,0.00537939233312173,0.30069720045874637,0.0,0.0,0.0,0.0,0.0,0.0,0.9998417431278135,0.0,0.0,0.0,0.0,0.0,0.0,0.0,0.0,0.0,0.0,0.0,0.0,0.0,0.0,0.0,0.0,0.0,0.0,0.03572786909915341,0.03572786909915341
2018/12/07 12:00:00,2018/12/07 12:00:00,2018/12/07 17:00:00,9.23429217287814,9.23429217287814,8.256623377627323,0.0,0.0,0.0,0.23613760755858612,0.04829330478983772,0.0,0.00516904889888472,0.3207640133701988,0.0,0.0,0.0,0.0,0.0,0.0,0.3673048206333091,0.0,0.0,0.0,0.0,0.0,0.0,0.0,0.0,0.0,0.0,0.0,0.0,0.0,0.0,0.0,0.0,0.0,0.0,0.031508687568594936,0.031508687568594936
2018/12/07 13:00:00,2018/12/07 13:00:00,2018/12/07 18:00:00,9.768748682602942,9.768748682602942,7.938502590471603,0.0,0.0,0.0,0.2292019850450249,0.046874877054342116,0.0,0.005017228219885468,0.3253849632138206,0.0,0.0,0.0,0.0,0.0,0.0,1.2237670385982662,0.0,0.0,0.0,0.0,0.0,0.0,0.0,0.0,0.0,0.0,0.0,0.0,0.0,0.0,0.0,0.0,0.0,0.0,0.0333323274176113,0.0333323274176113
2018/12/07 14:00:00,2018/12/07 14:00:00,2018/12/07 19:00:00,8.220185263951112,8.220185263951112,7.600409596655418,0.0,0.0,0.0,0.22716107639764072,0.04645748388950332,0.0,0.004972552758379963,0.34118455425017113,0.0,0.0,0.0,0.0,0.0,0.0,0.0,0.0,0.0,0.0,0.0,0.0,0.0,0.0,0.0,0.0,0.0,0.0,0.0,0.0,0.0,0.0,0.0,0.0,0.0,0.028048413932421246,0.028048413932421246
2018/12/07 15:00:00,2018/12/07 15:00:00,2018/12/07 20:00:00,8.511075278309312,8.511075278309312,6.927036804944122,0.0,0.0,0.0,0.2303532769511554,0.04711033167548305,0.0,0.005042429983472414,0.7410571373996557,0.0,0.0,0.0,0.0,0.0,0.0,0.5604752973554231,0.0,0.0,0.0,0.0,0.0,0.0,0.0,0.0,0.0,0.0,0.0,0.0,0.0,0.0,0.0,0.0,0.0,0.0,0.029040971067028333,0.029040971067028333
2018/12/07 16:00:00,2018/12/07 16:00:00,2018/12/07 21:00:00,7.330709593021436,7.330709593021436,6.654143670165134,0.0,0.0,0.0,0.2504788163447321,0.051226274146665876,0.0,0.005482977756939709,0.36937785460796296,0.0,0.0,0.0,0.0,0.0,0.0,0.0,0.0,0.0,0.0,0.0,0.0,0.0,0.0,0.0,0.0,0.0,0.0,0.0,0.0,0.0,0.0,0.0,0.0,0.0,0.025013399391999317,0.025013399391999317
2018/12/07 17:00:00,2018/12/07 17:00:00,2018/12/07 22:00:00,7.337579769303416,7.337579769303416,6.461216495960133,0.0,0.0,0.0,0.305945947631676,0.06257004570746537,0.0,0.006697152478481841,0.50115012752566,0.0,0.0,0.0,0.0,0.0,0.0,0.0,0.0,0.0,0.0,0.0,0.0,0.0,0.0,0.0,0.0,0.0,0.0,0.0,0.0,0.0,0.0,0.0,0.0,0.0,0.025036841387764394,0.025036841387764394
2018/12/07 18:00:00,2018/12/07 18:00:00,2018/12/07 23:00:00,7.6052870114345925,7.6052870114345925,6.400706865134739,0.0,0.0,0.0,0.4069264191245201,0.08322190518061402,0.0,0.008907613575194035,0.7055242084195247,0.0,0.0,0.0,0.0,0.0,0.0,0.0,0.0,0.0,0.0,0.0,0.0,0.0,0.0,0.0,0.0,0.0,0.0,0.0,0.0,0.0,0.0,0.0,0.0,0.0,0.025950295683366608,0.025950295683366608
2018/12/07 19:00:00,2018/12/07 19:00:00,2018/12/08 00:00:00,7.664380168469533,7.664380168469533,6.305749456174079,0.0,0.0,0.0,0.5052614445357361,0.10333273548333091,0.0,0.011060165894491741,0.7389763663818958,0.0,0.0,0.0,0.0,0.0,0.0,0.0,0.0,0.0,0.0,0.0,0.0,0.0,0.0,0.0,0.0,0.0,0.0,0.0,0.0,0.0,0.0,0.0,0.0,0.0,0.026151929743411247,0.026151929743411247
2018/12/07 20:00:00,2018/12/07 20:00:00,2018/12/08 01:00:00,8.125113028146446,8.125113028146446,5.94844770602993,0.0,0.0,0.0,0.5191166306935479,0.10616630670037282,0.0,0.011363455724067538,0.6836115091075151,0.0,0.0,0.0,0.0,0.0,0.0,0.8564074198910122,0.0,0.0,0.0,0.0,0.0,0.0,0.0,0.0,0.0,0.0,0.0,0.0,0.0,0.0,0.0,0.0,0.0,0.0,0.027724014257997323,0.027724014257997323
2018/12/07 21:00:00,2018/12/07 21:00:00,2018/12/08 02:00:00,8.935412218440149,8.935412218440149,6.405574492644677,0.0,0.0,0.0,0.43517064139894374,0.08899822708441008,0.0,0.009525879202414142,0.6773221072788519,0.0,0.0,0.0,0.0,0.0,0.0,1.3188208708308526,0.0,0.0,0.0,0.0,0.0,0.0,0.0,0.0,0.0,0.0,0.0,0.0,0.0,0.0,0.0,0.0,0.0,0.0,0.030488867648605613,0.030488867648605613
2018/12/07 22:00:00,2018/12/07 22:00:00,2018/12/08 03:00:00,8.84920970762874,8.84920970762874,6.483439953707809,0.0,0.0,0.0,0.3276772071694535,0.06701437946342832,0.0,0.007172849443258015,0.645084447013938,0.0,0.0,0.0,0.0,0.0,0.0,1.3188208708308526,0.0,0.0,0.0,0.0,0.0,0.0,0.0,0.0,0.0,0.0,0.0,0.0,0.0,0.0,0.0,0.0,0.0,0.0,0.030194732707893798,0.030194732707893798
2018/12/07 23:00:00,2018/12/07 23:00:00,2018/12/08 04:00:00,7.917558623346422,7.917558623346422,6.602814411590087,0.0,0.0,0.0,0.28188573431297226,0.05764940969729326,0.0,0.0061704747482896226,0.5486638763632579,0.0,0.0,0.0,0.0,0.0,0.0,0.42037471663452236,0.0,0.0,0.0,0.0,0.0,0.0,0.0,0.0,0.0,0.0,0.0,0.0,0.0,0.0,0.0,0.0,0.0,0.0,0.02701580979880364,0.02701580979880364
2018/12/08 00:00:00,2018/12/08 00:00:00,2018/12/08 05:00:00,7.374371005145796,7.374371005145796,6.748567717569744,0.0,0.0,0.0,0.13094360677997474,0.026779722120023,0.0,0.002866353705536267,0.46521360497051883,0.0,0.0,0.0,0.0,0.0,0.0,0.0,0.0,0.0,0.0,0.0,0.0,0.0,0.0,0.0,0.0,0.0,0.0,0.0,0.0,0.0,0.0,0.0,0.0,0.0,0.025162378194886963,0.025162378194886963
2018/12/08 01:00:00,2018/12/08 01:00:00,2018/12/08 06:00:00,7.809713190352822,7.809713190352822,7.32758195931168,0.0,0.0,0.0,0.06501908921459039,0.013297274945155983,0.0,0.0014232669458539432,0.40239159993554136,0.0,0.0,0.0,0.0,0.0,0.0,0.0,0.0,0.0,0.0,0.0,0.0,0.0,0.0,0.0,0.0,0.0,0.0,0.0,0.0,0.0,0.0,0.0,0.0,0.0,0.026647826201330344,0.026647826201330344
2018/12/08 02:00:00,2018/12/08 02:00:00,2018/12/08 07:00:00,8.08960416724775,8.08960416724775,7.6596862384363025,0.0,0.0,0.0,0.03901145352875434,0.00797836496709361,0.0,0.0008539601675123682,0.382074150148087,0.0,0.0,0.0,0.0,0.0,0.0,0.0,0.0,0.0,0.0,0.0,0.0,0.0,0.0,0.0,0.0,0.0,0.0,0.0,0.0,0.0,0.0,0.0,0.0,0.0,0.027602853092308866,0.027602853092308866
2018/12/08 03:00:00,2018/12/08 03:00:00,2018/12/08 08:00:00,8.162119962305663,8.162119962305663,7.77875002948874,0.0,0.0,0.0,0.026007635685836212,0.005318909978062404,0.0,0.0005693067783415784,0.35147408037468464,0.0,0.0,0.0,0.0,0.0,0.0,0.0,0.0,0.0,0.0,0.0,0.0,0.0,0.0,0.0,0.0,0.0,0.0,0.0,0.0,0.0,0.0,0.0,0.0,0.0,0.027850287057738177,0.027850287057738177
2018/12/08 04:00:00,2018/12/08 04:00:00,2018/12/08 09:00:00,8.517383178890878,8.517383178890878,8.148186158393324,0.0,0.0,0.0,0.026007635685836212,0.005318909978062404,0.0,0.0005693067783415784,0.33730116805531524,0.0,0.0,0.0,0.0,0.0,0.0,0.0,0.0,0.0,0.0,0.0,0.0,0.0,0.0,0.0,0.0,0.0,0.0,0.0,0.0,0.0,0.0,0.0,0.0,0.0,0.029062494500001583,0.029062494500001583
2018/12/08 05:00:00,2018/12/08 05:00:00,2018/12/08 10:00:00,8.939637357346607,8.939637357346607,8.587877835927431,0.0,0.0,0.0,0.02876591880464525,0.0058830158345184146,0.0,0.0006296855569084564,0.3164809012231033,0.0,0.0,0.0,0.0,0.0,0.0,0.0,0.0,0.0,0.0,0.0,0.0,0.0,0.0,0.0,0.0,0.0,0.0,0.0,0.0,0.0,0.0,0.0,0.0,0.0,0.030503284409440678,0.030503284409440678
2018/12/08 06:00:00,2018/12/08 06:00:00,2018/12/08 11:00:00,9.036480757708532,9.036480757708532,8.59339300152263,0.0,0.0,0.0,0.07859679435536127,0.01607409757620221,0.0,0.0017204827198804096,0.3466963815344563,0.0,0.0,0.0,0.0,0.0,0.0,0.0,0.0,0.0,0.0,0.0,0.0,0.0,0.0,0.0,0.0,0.0,0.0,0.0,0.0,0.0,0.0,0.0,0.0,0.0,0.030833727543354776,0.030833727543354776
2018/12/08 07:00:00,2018/12/08 07:00:00,2018/12/08 12:00:00,9.501098551969141,9.501098551969141,8.44318951953893,0.0,0.0,0.0,0.18452357674232273,0.03773754390357793,0.0,0.004039218492300221,0.42639470316413536,0.0,0.0,0.0,0.0,0.0,0.0,0.40521399012787573,0.0,0.0,0.0,0.0,0.0,0.0,0.0,0.0,0.0,0.0,0.0,0.0,0.0,0.0,0.0,0.0,0.0,0.0,0.032419067994371116,0.032419067994371116
2018/12/08 08:00:00,2018/12/08 08:00:00,2018/12/08 13:00:00,9.694138605244339,9.694138605244339,8.070218185110095,0.0,0.0,0.0,0.2335098295518684,0.047755888977462434,0.0,0.0051115268753808285,0.48637227993051274,0.0,0.0,0.0,0.0,0.0,0.0,0.8511708947990193,0.0,0.0,0.0,0.0,0.0,0.0,0.0,0.0,0.0,0.0,0.0,0.0,0.0,0.0,0.0,0.0,0.0,0.0,0.033077747470069065,0.033077747470069065
2018/12/08 09:00:00,2018/12/08 09:00:00,2018/12/08 14:00:00,10.485483125479016,10.485483125479016,8.475275811288284,0.0,0.0,0.0,0.24695335769390644,0.05050527061440958,0.0,0.005405805516797518,0.38852200953476496,0.0,0.0,0.0,0.0,0.0,0.0,1.3188208708308526,0.0,0.0,0.0,0.0,0.0,0.0,0.0,0.0,0.0,0.0,0.0,0.0,0.0,0.0,0.0,0.0,0.0,0.0,0.03577792489356753,0.03577792489356753
2018/12/08 10:00:00,2018/12/08 10:00:00,2018/12/08 15:00:00,10.082838884351771,10.082838884351771,8.774240471316629,0.0,0.0,0.0,0.25268234700990755,0.0516769256931404,0.0,0.005531213012120983,0.3027193804123075,0.0,0.0,0.0,0.0,0.0,0.0,0.6959885469076676,0.0,0.0,0.0,0.0,0.0,0.0,0.0,0.0,0.0,0.0,0.0,0.0,0.0,0.0,0.0,0.0,0.0,0.0,0.034404046814180515,0.034404046814180515
2018/12/08 11:00:00,2018/12/08 11:00:00,2018/12/08 16:00:00,9.295668946365156,9.295668946365156,8.693587131119296,0.0,0.0,0.0,0.24574672449634635,0.05025849795764481,0.0,0.00537939233312173,0.30069720045874637,0.0,0.0,0.0,0.0,0.0,0.0,0.0,0.0,0.0,0.0,0.0,0.0,0.0,0.0,0.0,0.0,0.0,0.0,0.0,0.0,0.0,0.0,0.0,0.0,0.0,0.03171811364517618,0.03171811364517618
2018/12/08 12:00:00,2018/12/08 12:00:00,2018/12/08 17:00:00,9.205862869238915,9.205862869238915,8.595498894621409,0.0,0.0,0.0,0.23613760755858612,0.04829330478983772,0.0,0.00516904889888472,0.3207640133701988,0.0,0.0,0.0,0.0,0.0,0.0,0.0,0.0,0.0,0.0,0.0,0.0,0.0,0.0,0.0,0.0,0.0,0.0,0.0,0.0,0.0,0.0,0.0,0.0,0.0,0.03141168283565048,0.03141168283565048
2018/12/08 13:00:00,2018/12/08 13:00:00,2018/12/08 18:00:00,8.984483114177745,8.984483114177745,8.378004060644672,0.0,0.0,0.0,0.2292019850450249,0.046874877054342116,0.0,0.005017228219885468,0.3253849632138206,0.0,0.0,0.0,0.0,0.0,0.0,0.0,0.0,0.0,0.0,0.0,0.0,0.0,0.0,0.0,0.0,0.0,0.0,0.0,0.0,0.0,0.0,0.0,0.0,0.0,0.030656304360977382,0.030656304360977382
2018/12/08 14:00:00,2018/12/08 14:00:00,2018/12/08 19:00:00,9.678843727021857,9.678843727021857,7.992556928160914,0.0,0.0,0.0,0.22716107639764072,0.04645748388950332,0.0,0.004972552758379963,0.34118455425017113,0.0,0.0,0.0,0.0,0.0,0.0,1.0665111315652482,0.0,0.0,0.0,0.0,0.0,0.0,0.0,0.0,0.0,0.0,0.0,0.0,0.0,0.0,0.0,0.0,0.0,0.0,0.033025559221063115,0.033025559221063115
2018/12/08 15:00:00,2018/12/08 15:00:00,2018/12/08 20:00:00,9.287988810114902,9.287988810114902,8.096979289136348,0.0,0.0,0.0,0.2303532769511554,0.04711033167548305,0.0,0.005042429983472414,0.3818947700095756,0.0,0.0,0.0,0.0,0.0,0.0,0.5266087123588657,0.0,0.0,0.0,0.0,0.0,0.0,0.0,0.0,0.0,0.0,0.0,0.0,0.0,0.0,0.0,0.0,0.0,0.0,0.031691907953493144,0.031691907953493144
2018/12/08 16:00:00,2018/12/08 16:00:00,2018/12/08 21:00:00,9.016202770715575,9.016202770715575,8.339636847859273,0.0,0.0,0.0,0.2504788163447321,0.051226274146665876,0.0,0.005482977756939709,0.36937785460796296,0.0,0.0,0.0,0.0,0.0,0.0,0.0,0.0,0.0,0.0,0.0,0.0,0.0,0.0,0.0,0.0,0.0,0.0,0.0,0.0,0.0,0.0,0.0,0.0,0.0,0.03076453623505313,0.03076453623505313
2018/12/08 17:00:00,2018/12/08 17:00:00,2018/12/08 22:00:00,9.664573924783246,9.664573924783246,8.788210651439963,0.0,0.0,0.0,0.305945947631676,0.06257004570746537,0.0,0.006697152478481841,0.50115012752566,0.0,0.0,0.0,0.0,0.0,0.0,0.0,0.0,0.0,0.0,0.0,0.0,0.0,0.0,0.0,0.0,0.0,0.0,0.0,0.0,0.0,0.0,0.0,0.0,0.0,0.032976868673700685,0.032976868673700685
2018/12/08 18:00:00,2018/12/08 18:00:00,2018/12/08 23:00:00,10.207650247212973,10.207650247212973,9.003070100913119,0.0,0.0,0.0,0.4069264191245201,0.08322190518061402,0.0,0.008907613575194035,0.7055242084195247,0.0,0.0,0.0,0.0,0.0,0.0,0.0,0.0,0.0,0.0,0.0,0.0,0.0,0.0,0.0,0.0,0.0,0.0,0.0,0.0,0.0,0.0,0.0,0.0,0.0,0.0348299205209877,0.0348299205209877
2018/12/08 19:00:00,2018/12/08 19:00:00,2018/12/09 00:00:00,11.328422189431798,11.328422189431798,8.663534911749004,0.0,0.0,0.0,0.5052614445357361,0.10333273548333091,0.0,0.011060165894491741,0.7389763663818958,0.0,0.0,0.0,0.0,0.0,0.0,1.3062565653873373,0.0,0.0,0.0,0.0,0.0,0.0,0.0,0.0,0.0,0.0,0.0,0.0,0.0,0.0,0.0,0.0,0.0,0.0,0.038654150066890575,0.038654150066890575
2018/12/08 20:00:00,2018/12/08 20:00:00,2018/12/09 01:00:00,12.164740926753732,12.164740926753732,9.111437467518373,0.0,0.0,0.0,0.5191166306935479,0.10616630670037282,0.0,0.011363455724067538,1.0978361952865172,0.0,0.0,0.0,0.0,0.0,0.0,1.3188208708308526,0.0,0.0,0.0,0.0,0.0,0.0,0.0,0.0,0.0,0.0,0.0,0.0,0.0,0.0,0.0,0.0,0.0,0.0,0.04150778576616317,0.04150778576616317
2018/12/08 21:00:00,2018/12/08 21:00:00,2018/12/09 02:00:00,11.928634632099207,11.928634632099207,9.495086564991288,0.0,0.0,0.0,0.43517064139894374,0.08899822708441008,0.0,0.009525879202414142,0.6773221072788519,0.0,0.0,0.0,0.0,0.0,0.0,1.2225312121433003,0.0,0.0,0.0,0.0,0.0,0.0,0.0,0.0,0.0,0.0,0.0,0.0,0.0,0.0,0.0,0.0,0.0,0.0,0.04070215829283088,0.04070215829283088
2018/12/08 22:00:00,2018/12/08 22:00:00,2018/12/09 03:00:00,10.63288849550322,10.63288849550322,9.585939612413144,0.0,0.0,0.0,0.3276772071694535,0.06701437946342832,0.0,0.007172849443258015,0.645084447013938,0.0,0.0,0.0,0.0,0.0,0.0,0.0,0.0,0.0,0.0,0.0,0.0,0.0,0.0,0.0,0.0,0.0,0.0,0.0,0.0,0.0,0.0,0.0,0.0,0.0,0.036280892491199666,0.036280892491199666
2018/12/08 23:00:00,2018/12/08 23:00:00,2018/12/09 04:00:00,10.91735871549874,10.91735871549874,10.022989220376928,0.0,0.0,0.0,0.28188573431297226,0.05764940969729326,0.0,0.0061704747482896226,0.5486638763632579,0.0,0.0,0.0,0.0,0.0,0.0,0.0,0.0,0.0,0.0,0.0,0.0,0.0,0.0,0.0,0.0,0.0,0.0,0.0,0.0,0.0,0.0,0.0,0.0,0.0,0.03725154439570992,0.03725154439570992
2018/12/09 00:00:00,2018/12/09 00:00:00,2018/12/09 05:00:00,11.170030815594476,11.170030815594476,10.544227528018421,0.0,0.0,0.0,0.13094360677997474,0.026779722120023,0.0,0.002866353705536267,0.46521360497051883,0.0,0.0,0.0,0.0,0.0,0.0,0.0,0.0,0.0,0.0,0.0,0.0,0.0,0.0,0.0,0.0,0.0,0.0,0.0,0.0,0.0,0.0,0.0,0.0,0.0,0.03811369669825461,0.03811369669825461
2018/12/09 01:00:00,2018/12/09 01:00:00,2018/12/09 06:00:00,11.736900153034535,11.736900153034535,11.254768921993392,0.0,0.0,0.0,0.06501908921459039,0.013297274945155983,0.0,0.0014232669458539432,0.40239159993554136,0.0,0.0,0.0,0.0,0.0,0.0,0.0,0.0,0.0,0.0,0.0,0.0,0.0,0.0,0.0,0.0,0.0,0.0,0.0,0.0,0.0,0.0,0.0,0.0,0.0,0.04004793361768795,0.04004793361768795
2018/12/09 02:00:00,2018/12/09 02:00:00,2018/12/09 07:00:00,11.965288893602969,11.965288893602969,11.535370964791522,0.0,0.0,0.0,0.03901145352875434,0.00797836496709361,0.0,0.0008539601675123682,0.382074150148087,0.0,0.0,0.0,0.0,0.0,0.0,0.0,0.0,0.0,0.0,0.0,0.0,0.0,0.0,0.0,0.0,0.0,0.0,0.0,0.0,0.0,0.0,0.0,0.0,0.0,0.040827227724483876,0.040827227724483876
2018/12/09 03:00:00,2018/12/09 03:00:00,2018/12/09 08:00:00,11.937364969428163,11.937364969428163,11.553995036611237,0.0,0.0,0.0,0.026007635685836212,0.005318909978062404,0.0,0.0005693067783415784,0.35147408037468464,0.0,0.0,0.0,0.0,0.0,0.0,0.0,0.0,0.0,0.0,0.0,0.0,0.0,0.0,0.0,0.0,0.0,0.0,0.0,0.0,0.0,0.0,0.0,0.0,0.0,0.04073194741647096,0.04073194741647096
2018/12/09 04:00:00,2018/12/09 04:00:00,2018/12/09 09:00:00,12.126318412237785,12.126318412237785,11.75712139174023,0.0,0.0,0.0,0.026007635685836212,0.005318909978062404,0.0,0.0005693067783415784,0.33730116805531524,0.0,0.0,0.0,0.0,0.0,0.0,0.0,0.0,0.0,0.0,0.0,0.0,0.0,0.0,0.0,0.0,0.0,0.0,0.0,0.0,0.0,0.0,0.0,0.0,0.0,0.04137668280961621,0.04137668280961621
2018/12/09 05:00:00,2018/12/09 05:00:00,2018/12/09 10:00:00,12.038144928380156,12.038144928380156,11.686385406960982,0.0,0.0,0.0,0.02876591880464525,0.0058830158345184146,0.0,0.0006296855569084564,0.3164809012231033,0.0,0.0,0.0,0.0,0.0,0.0,0.0,0.0,0.0,0.0,0.0,0.0,0.0,0.0,0.0,0.0,0.0,0.0,0.0,0.0,0.0,0.0,0.0,0.0,0.0,0.04107582263509581,0.04107582263509581
2018/12/09 06:00:00,2018/12/09 06:00:00,2018/12/09 11:00:00,12.513628605800843,12.513628605800843,11.665138209410225,0.0,0.0,0.0,0.07859679435536127,0.01607409757620221,0.0,0.0017204827198804096,0.3466963815344563,0.0,0.0,0.0,0.0,0.0,0.0,0.40540264020471545,0.0,0.0,0.0,0.0,0.0,0.0,0.0,0.0,0.0,0.0,0.0,0.0,0.0,0.0,0.0,0.0,0.0,0.0,0.04269823898876263,0.04269823898876263
2018/12/09 07:00:00,2018/12/09 07:00:00,2018/12/09 12:00:00,12.509672749529615,12.509672749529615,11.68338754077714,0.0,0.0,0.0,0.18452357674232273,0.03773754390357793,0.0,0.004039218492300221,0.42639470316413536,0.0,0.0,0.0,0.0,0.0,0.0,0.1735901664501396,0.0,0.0,0.0,0.0,0.0,0.0,0.0,0.0,0.0,0.0,0.0,0.0,0.0,0.0,0.0,0.0,0.0,0.0,0.042684741057683245,0.042684741057683245
2018/12/09 08:00:00,2018/12/09 08:00:00,2018/12/09 13:00:00,13.250466488703742,13.250466488703742,11.158896092537663,0.0,0.0,0.0,0.2335098295518684,0.047755888977462434,0.0,0.0051115268753808285,0.48637227993051274,0.0,0.0,0.0,0.0,0.0,0.0,1.3188208708308526,0.0,0.0,0.0,0.0,0.0,0.0,0.0,0.0,0.0,0.0,0.0,0.0,0.0,0.0,0.0,0.0,0.0,0.0,0.04521243219452689,0.04521243219452689
2018/12/09 09:00:00,2018/12/09 09:00:00,2018/12/09 14:00:00,13.68504847144494,13.68504847144494,11.674841157254209,0.0,0.0,0.0,0.24695335769390644,0.05050527061440958,0.0,0.005405805516797518,0.38852200953476496,0.0,0.0,0.0,0.0,0.0,0.0,1.3188208708308526,0.0,0.0,0.0,0.0,0.0,0.0,0.0,0.0,0.0,0.0,0.0,0.0,0.0,0.0,0.0,0.0,0.0,0.0,0.046695286284562154,0.046695286284562154
2018/12/09 10:00:00,2018/12/09 10:00:00,2018/12/09 15:00:00,13.723920628626198,13.723920628626198,11.79248989166787,0.0,0.0,0.0,0.25268234700990755,0.0516769256931404,0.0,0.005531213012120983,0.3027193804123075,0.0,0.0,0.0,0.0,0.0,0.0,1.3188208708308526,0.0,0.0,0.0,0.0,0.0,0.0,0.0,0.0,0.0,0.0,0.0,0.0,0.0,0.0,0.0,0.0,0.0,0.0,0.04682792348434006,0.04682792348434006
2018/12/09 11:00:00,2018/12/09 11:00:00,2018/12/09 16:00:00,13.443360396448407,13.443360396448407,11.488120666703526,0.0,0.0,0.0,0.24574672449634635,0.05025849795764481,0.0,0.00537939233312173,0.33503424412691357,0.0,0.0,0.0,0.0,0.0,0.0,1.3188208708308526,0.0,0.0,0.0,0.0,0.0,0.0,0.0,0.0,0.0,0.0,0.0,0.0,0.0,0.0,0.0,0.0,0.0,0.0,0.04587061300137456,0.04587061300137456
2018/12/09 12:00:00,2018/12/09 12:00:00,2018/12/09 17:00:00,12.363814903865796,12.363814903865796,10.853859609516238,0.0,0.0,0.0,0.23613760755858612,0.04829330478983772,0.0,0.00516904889888472,1.0948263271285004,0.0,0.0,0.0,0.0,0.0,0.0,0.12552900597374717,0.0,0.0,0.0,0.0,0.0,0.0,0.0,0.0,0.0,0.0,0.0,0.0,0.0,0.0,0.0,0.0,0.0,0.0,0.04218705382812516,0.04218705382812516
2018/12/09 13:00:00,2018/12/09 13:00:00,2018/12/09 18:00:00,11.63151490630163,11.63151490630163,11.025035852768559,0.0,0.0,0.0,0.2292019850450249,0.046874877054342116,0.0,0.005017228219885468,0.3253849632138206,0.0,0.0,0.0,0.0,0.0,0.0,0.0,0.0,0.0,0.0,0.0,0.0,0.0,0.0,0.0,0.0,0.0,0.0,0.0,0.0,0.0,0.0,0.0,0.0,0.0,0.03968834451746443,0.03968834451746443
2018/12/09 14:00:00,2018/12/09 14:00:00,2018/12/09 19:00:00,11.94746621615262,11.94746621615262,10.890493984982253,0.0,0.0,0.0,0.22716107639764072,0.04645748388950332,0.0,0.004972552758379963,0.34118455425017113,0.0,0.0,0.0,0.0,0.0,0.0,0.4371965638746721,0.0,0.0,0.0,0.0,0.0,0.0,0.0,0.0,0.0,0.0,0.0,0.0,0.0,0.0,0.0,0.0,0.0,0.0,0.04076641427339249,0.04076641427339249
2018/12/09 15:00:00,2018/12/09 15:00:00,2018/12/09 20:00:00,11.543690209924632,11.543690209924632,10.879289401304947,0.0,0.0,0.0,0.2303532769511554,0.04711033167548305,0.0,0.005042429983472414,0.3818947700095756,0.0,0.0,0.0,0.0,0.0,0.0,0.0,0.0,0.0,0.0,0.0,0.0,0.0,0.0,0.0,0.0,0.0,0.0,0.0,0.0,0.0,0.0,0.0,0.0,0.0,0.039388674454275706,0.039388674454275706
2018/12/09 16:00:00,2018/12/09 16:00:00,2018/12/09 21:00:00,11.871830638058011,11.871830638058011,11.164818504328169,0.0,0.0,0.0,0.2504788163447321,0.051226274146665876,0.0,0.005482977756939709,0.3998240654815043,0.0,0.0,0.0,0.0,0.0,0.0,0.0,0.0,0.0,0.0,0.0,0.0,0.0,0.0,0.0,0.0,0.0,0.0,0.0,0.0,0.0,0.0,0.0,0.0,0.0,0.04050833517489345,0.04050833517489345
2018/12/09 17:00:00,2018/12/09 17:00:00,2018/12/09 22:00:00,12.977550858995475,12.977550858995475,11.414836580548192,0.0,0.0,0.0,0.305945947631676,0.06257004570746537,0.0,0.006697152478481841,1.1875011326296598,0.0,0.0,0.0,0.0,0.0,0.0,0.0,0.0,0.0,0.0,0.0,0.0,0.0,0.0,0.0,0.0,0.0,0.0,0.0,0.0,0.0,0.0,0.0,0.0,0.0,0.044281206157048815,0.044281206157048815
2018/12/09 18:00:00,2018/12/09 18:00:00,2018/12/09 23:00:00,12.814953658505567,12.814953658505567,11.610373512205713,0.0,0.0,0.0,0.4069264191245201,0.08322190518061402,0.0,0.008907613575194035,0.7055242084195247,0.0,0.0,0.0,0.0,0.0,0.0,0.0,0.0,0.0,0.0,0.0,0.0,0.0,0.0,0.0,0.0,0.0,0.0,0.0,0.0,0.0,0.0,0.0,0.0,0.0,0.04372640192367054,0.04372640192367054
2018/12/09 19:00:00,2018/12/09 19:00:00,2018/12/10 00:00:00,13.842678927597747,13.842678927597747,11.683924616657977,0.0,0.0,0.0,0.5052614445357361,0.10333273548333091,0.0,0.011060165894491741,0.7389763663818958,0.0,0.0,0.0,0.0,0.0,0.0,0.800123598644314,0.0,0.0,0.0,0.0,0.0,0.0,0.0,0.0,0.0,0.0,0.0,0.0,0.0,0.0,0.0,0.0,0.0,0.0,0.04723314329636449,0.04723314329636449
2018/12/09 20:00:00,2018/12/09 20:00:00,2018/12/10 01:00:00,13.519457041280276,13.519457041280276,11.8400715618843,0.0,0.0,0.0,0.5191166306935479,0.10616630670037282,0.0,0.011363455724067538,0.6836115091075151,0.0,0.0,0.0,0.0,0.0,0.0,0.359127577170472,0.0,0.0,0.0,0.0,0.0,0.0,0.0,0.0,0.0,0.0,0.0,0.0,0.0,0.0,0.0,0.0,0.0,0.0,0.046130265323624874,0.046130265323624874
2018/12/09 21:00:00,2018/12/09 21:00:00,2018/12/10 02:00:00,13.014735407645947,13.014735407645947,11.765426893808382,0.0,0.0,0.0,0.43517064139894374,0.08899822708441008,0.0,0.009525879202414142,0.7156137661518006,0.0,0.0,0.0,0.0,0.0,0.0,0.0,0.0,0.0,0.0,0.0,0.0,0.0,0.0,0.0,0.0,0.0,0.0,0.0,0.0,0.0,0.0,0.0,0.0,0.0,0.04440808500210509,0.04440808500210509
2018/12/09 22:00:00,2018/12/09 22:00:00,2018/12/10 03:00:00,13.901288307998467,13.901288307998467,11.991127951280081,0.0,0.0,0.0,0.3276772071694535,0.06701437946342832,0.0,0.007172849443258015,1.5082959206422475,0.0,0.0,0.0,0.0,0.0,0.0,0.0,0.0,0.0,0.0,0.0,0.0,0.0,0.0,0.0,0.0,0.0,0.0,0.0,0.0,0.0,0.0,0.0,0.0,0.0,0.04743312664333494,0.04743312664333494
2018/12/09 23:00:00,2018/12/09 23:00:00,2018/12/10 04:00:00,14.031472088116256,14.031472088116256,12.278357252219145,0.0,0.0,0.0,0.28188573431297226,0.05764940969729326,0.0,0.0061704747482896226,0.5486638763632579,0.0,0.0,0.0,0.0,0.0,0.0,0.8587453407752982,0.0,0.0,0.0,0.0,0.0,0.0,0.0,0.0,0.0,0.0,0.0,0.0,0.0,0.0,0.0,0.0,0.0,0.0,0.0478773317840687,0.0478773317840687
2018/12/10 00:00:00,2018/12/10 00:00:00,2018/12/10 05:00:00,13.449786626748601,13.449786626748601,12.389437431472839,0.0,0.0,0.0,0.13094360677997474,0.026779722120023,0.0,0.002866353705536267,0.46521360497051883,0.0,0.0,0.0,0.0,0.0,0.0,0.43454590769970824,0.0,0.0,0.0,0.0,0.0,0.0,0.0,0.0,0.0,0.0,0.0,0.0,0.0,0.0,0.0,0.0,0.0,0.0,0.04589254019178417,0.04589254019178417
2018/12/10 01:00:00,2018/12/10 01:00:00,2018/12/10 06:00:00,13.776870457304039,13.776870457304039,13.095758500486344,0.0,0.0,0.0,0.06501908921459039,0.013297274945155983,0.0,0.0014232669458539432,0.40239159993554136,0.0,0.0,0.0,0.0,0.0,0.0,0.19898072577655343,0.0,0.0,0.0,0.0,0.0,0.0,0.0,0.0,0.0,0.0,0.0,0.0,0.0,0.0,0.0,0.0,0.0,0.0,0.047008595654700974,0.047008595654700974
2018/12/10 02:00:00,2018/12/10 02:00:00,2018/12/10 07:00:00,13.905951383030686,13.905951383030686,13.47603345421924,0.0,0.0,0.0,0.03901145352875434,0.00797836496709361,0.0,0.0008539601675123682,0.382074150148087,0.0,0.0,0.0,0.0,0.0,0.0,0.0,0.0,0.0,0.0,0.0,0.0,0.0,0.0,0.0,0.0,0.0,0.0,0.0,0.0,0.0,0.0,0.0,0.0,0.0,0.04744903770306192,0.04744903770306192
2018/12/10 03:00:00,2018/12/10 03:00:00,2018/12/10 08:00:00,13.63797818881632,13.63797818881632,13.254608255999395,0.0,0.0,0.0,0.026007635685836212,0.005318909978062404,0.0,0.0005693067783415784,0.35147408037468464,0.0,0.0,0.0,0.0,0.0,0.0,0.0,0.0,0.0,0.0,0.0,0.0,0.0,0.0,0.0,0.0,0.0,0.0,0.0,0.0,0.0,0.0,0.0,0.0,0.0,0.04653467594201021,0.04653467594201021
2018/12/10 04:00:00,2018/12/10 04:00:00,2018/12/10 09:00:00,14.036167833495071,14.036167833495071,13.666970812997516,0.0,0.0,0.0,0.026007635685836212,0.005318909978062404,0.0,0.0005693067783415784,0.33730116805531524,0.0,0.0,0.0,0.0,0.0,0.0,0.0,0.0,0.0,0.0,0.0,0.0,0.0,0.0,0.0,0.0,0.0,0.0,0.0,0.0,0.0,0.0,0.0,0.0,0.0,0.047893354319556304,0.047893354319556304
2018/12/10 05:00:00,2018/12/10 05:00:00,2018/12/10 10:00:00,14.456460640871065,14.456460640871065,13.85414931634334,0.0,0.0,0.0,0.02876591880464525,0.0058830158345184146,0.0,0.0006296855569084564,0.3164809012231033,0.0,0.0,0.0,0.0,0.0,0.0,0.25055180310854896,0.0,0.0,0.0,0.0,0.0,0.0,0.0,0.0,0.0,0.0,0.0,0.0,0.0,0.0,0.0,0.0,0.0,0.0,0.049327451758430195,0.049327451758430195
2018/12/10 06:00:00,2018/12/10 06:00:00,2018/12/10 11:00:00,14.678312734269742,14.678312734269742,14.04577141492526,0.0,0.0,0.0,0.07859679435536127,0.01607409757620221,0.0,0.0017204827198804096,0.3466963815344563,0.0,0.0,0.0,0.0,0.0,0.0,0.18945356315857825,0.0,0.0,0.0,0.0,0.0,0.0,0.0,0.0,0.0,0.0,0.0,0.0,0.0,0.0,0.0,0.0,0.0,0.0,0.05008444191712029,0.05008444191712029
2018/12/10 07:00:00,2018/12/10 07:00:00,2018/12/10 12:00:00,14.977543033844137,14.977543033844137,14.324847991541802,0.0,0.0,0.0,0.18452357674232273,0.03773754390357793,0.0,0.004039218492300221,0.42639470316413536,0.0,0.0,0.0,0.0,0.0,0.0,0.0,0.0,0.0,0.0,0.0,0.0,0.0,0.0,0.0,0.0,0.0,0.0,0.0,0.0,0.0,0.0,0.0,0.0,0.0,0.05110545726337915,0.05110545726337915
2018/12/10 08:00:00,2018/12/10 08:00:00,2018/12/10 13:00:00,15.798124055465168,15.798124055465168,14.669129211733303,0.0,0.0,0.0,0.2335098295518684,0.047755888977462434,0.0,0.0051115268753808285,0.48637227993051274,0.0,0.0,0.0,0.0,0.0,0.0,0.35624531839663953,0.0,0.0,0.0,0.0,0.0,0.0,0.0,0.0,0.0,0.0,0.0,0.0,0.0,0.0,0.0,0.0,0.0,0.0,0.05390539369065779,0.05390539369065779
2018/12/10 09:00:00,2018/12/10 09:00:00,2018/12/10 14:00:00,16.27985185582525,16.27985185582525,14.196484319008773,0.0,0.0,0.0,0.24695335769390644,0.05050527061440958,0.0,0.005405805516797518,0.46168223216050985,0.0,0.0,0.0,0.0,0.0,0.0,1.3188208708308526,0.0,0.0,0.0,0.0,0.0,0.0,0.0,0.0,0.0,0.0,0.0,0.0,0.0,0.0,0.0,0.0,0.0,0.0,0.05554911585912383,0.05554911585912383
2018/12/10 10:00:00,2018/12/10 10:00:00,2018/12/10 15:00:00,17.207601446781066,17.207601446781066,13.610628630478308,0.0,0.0,0.0,0.25268234700990755,0.0516769256931404,0.0,0.005531213012120983,1.968261459756738,0.0,0.0,0.0,0.0,0.0,0.0,1.3188208708308526,0.0,0.0,0.0,0.0,0.0,0.0,0.0,0.0,0.0,0.0,0.0,0.0,0.0,0.0,0.0,0.0,0.0,0.0,0.05871472633105322,0.05871472633105322
2018/12/10 11:00:00,2018/12/10 11:00:00,2018/12/10 16:00:00,15.038591490438327,15.038591490438327,12.747571304384003,0.0,0.0,0.0,0.24574672449634635,0.05025849795764481,0.0,0.00537939233312173,0.6708147004363559,0.0,0.0,0.0,0.0,0.0,0.0,1.3188208708308526,0.0,0.0,0.0,0.0,0.0,0.0,0.0,0.0,0.0,0.0,0.0,0.0,0.0,0.0,0.0,0.0,0.0,0.0,0.051313763077117734,0.051313763077117734
2018/12/10 12:00:00,2018/12/10 12:00:00,2018/12/10 17:00:00,14.459427168100024,14.459427168100024,12.42603916087244,0.0,0.0,0.0,0.23613760755858612,0.04829330478983772,0.0,0.00516904889888472,0.42496717514942167,0.0,0.0,0.0,0.0,0.0,0.0,1.3188208708308526,0.0,0.0,0.0,0.0,0.0,0.0,0.0,0.0,0.0,0.0,0.0,0.0,0.0,0.0,0.0,0.0,0.0,0.0,0.049337573961396174,0.049337573961396174
2018/12/10 13:00:00,2018/12/10 13:00:00,2018/12/10 18:00:00,14.66094556796652,14.66094556796652,12.070667430354746,0.0,0.0,0.0,0.2292019850450249,0.046874877054342116,0.0,0.005017228219885468,1.1617565474822777,0.0,0.0,0.0,0.0,0.0,0.0,1.1474274998102438,0.0,0.0,0.0,0.0,0.0,0.0,0.0,0.0,0.0,0.0,0.0,0.0,0.0,0.0,0.0,0.0,0.0,0.0,0.05002518273333495,0.05002518273333495
2018/12/10 14:00:00,2018/12/10 14:00:00,2018/12/10 19:00:00,12.103599484100275,12.103599484100275,11.483823816804582,0.0,0.0,0.0,0.22716107639764072,0.04645748388950332,0.0,0.004972552758379963,0.34118455425017113,0.0,0.0,0.0,0.0,0.0,0.0,0.0,0.0,0.0,0.0,0.0,0.0,0.0,0.0,0.0,0.0,0.0,0.0,0.0,0.0,0.0,0.0,0.0,0.0,0.0,0.04129916267107429,0.04129916267107429
2018/12/10 15:00:00,2018/12/10 15:00:00,2018/12/10 20:00:00,12.140995955477623,12.140995955477623,11.070905212588977,0.0,0.0,0.0,0.2303532769511554,0.04711033167548305,0.0,0.005042429983472414,0.3818947700095756,0.0,0.0,0.0,0.0,0.0,0.0,0.4056899342689607,0.0,0.0,0.0,0.0,0.0,0.0,0.0,0.0,0.0,0.0,0.0,0.0,0.0,0.0,0.0,0.0,0.0,0.0,0.04142676462591145,0.04142676462591145
2018/12/10 16:00:00,2018/12/10 16:00:00,2018/12/10 21:00:00,11.802645645546836,11.802645645546836,11.126079722690534,0.0,0.0,0.0,0.2504788163447321,0.051226274146665876,0.0,0.005482977756939709,0.36937785460796296,0.0,0.0,0.0,0.0,0.0,0.0,0.0,0.0,0.0,0.0,0.0,0.0,0.0,0.0,0.0,0.0,0.0,0.0,0.0,0.0,0.0,0.0,0.0,0.0,0.0,0.04027226637041347,0.04027226637041347
2018/12/10 17:00:00,2018/12/10 17:00:00,2018/12/10 22:00:00,12.776496923698804,12.776496923698804,11.559802709858136,0.0,0.0,0.0,0.305945947631676,0.06257004570746537,0.0,0.006697152478481841,0.50115012752566,0.0,0.0,0.0,0.0,0.0,0.0,0.3403309404973845,0.0,0.0,0.0,0.0,0.0,0.0,0.0,0.0,0.0,0.0,0.0,0.0,0.0,0.0,0.0,0.0,0.0,0.0,0.043595182202737996,0.043595182202737996
2018/12/10 18:00:00,2018/12/10 18:00:00,2018/12/10 23:00:00,13.403354513063354,13.403354513063354,12.133451173879267,0.0,0.0,0.0,0.4069264191245201,0.08322190518061402,0.0,0.008907613575194035,0.7055242084195247,0.0,0.0,0.0,0.0,0.0,0.0,0.06532319288423238,0.0,0.0,0.0,0.0,0.0,0.0,0.0,0.0,0.0,0.0,0.0,0.0,0.0,0.0,0.0,0.0,0.0,0.0,0.04573410737031087,0.04573410737031087
2018/12/10 19:00:00,2018/12/10 19:00:00,2018/12/11 00:00:00,14.317518969969415,14.317518969969415,12.755184254895012,0.0,0.0,0.0,0.5052614445357361,0.10333273548333091,0.0,0.011060165894491741,0.7389763663818958,0.0,0.0,0.0,0.0,0.0,0.0,0.2037040027789473,0.0,0.0,0.0,0.0,0.0,0.0,0.0,0.0,0.0,0.0,0.0,0.0,0.0,0.0,0.0,0.0,0.0,0.0,0.048853363477840944,0.048853363477840944
2018/12/10 20:00:00,2018/12/10 20:00:00,2018/12/11 01:00:00,15.873491963875658,15.873491963875658,13.2344131908193,0.0,0.0,0.0,0.5191166306935479,0.10616630670037282,0.0,0.011363455724067538,0.6836115091075151,0.0,0.0,0.0,0.0,0.0,0.0,1.3188208708308526,0.0,0.0,0.0,0.0,0.0,0.0,0.0,0.0,0.0,0.0,0.0,0.0,0.0,0.0,0.0,0.0,0.0,0.0,0.054162559463014376,0.054162559463014376
2018/12/10 21:00:00,2018/12/10 21:00:00,2018/12/11 02:00:00,15.566511647256261,15.566511647256261,13.77859653457675,0.0,0.0,0.0,0.43517064139894374,0.08899822708441008,0.0,0.009525879202414142,0.6773221072788519,0.0,0.0,0.0,0.0,0.0,0.0,0.5768982577148946,0.0,0.0,0.0,0.0,0.0,0.0,0.0,0.0,0.0,0.0,0.0,0.0,0.0,0.0,0.0,0.0,0.0,0.0,0.05311509998209412,0.05311509998209412
2018/12/10 22:00:00,2018/12/10 22:00:00,2018/12/11 03:00:00,15.401093816091192,15.401093816091192,14.06546735513374,0.0,0.0,0.0,0.3276772071694535,0.06701437946342832,0.0,0.007172849443258015,0.645084447013938,0.0,0.0,0.0,0.0,0.0,0.0,0.2886775778673782,0.0,0.0,0.0,0.0,0.0,0.0,0.0,0.0,0.0,0.0,0.0,0.0,0.0,0.0,0.0,0.0,0.0,0.0,0.05255067136505695,0.05255067136505695
2018/12/10 23:00:00,2018/12/10 23:00:00,2018/12/11 04:00:00,15.628356578926882,15.628356578926882,14.467371477090929,0.0,0.0,0.0,0.28188573431297226,0.05764940969729326,0.0,0.0061704747482896226,0.5486638763632579,0.0,0.0,0.0,0.0,0.0,0.0,0.2666156067141416,0.0,0.0,0.0,0.0,0.0,0.0,0.0,0.0,0.0,0.0,0.0,0.0,0.0,0.0,0.0,0.0,0.0,0.0,0.0533261234794266,0.0533261234794266
2018/12/11 00:00:00,2018/12/11 00:00:00,2018/12/11 05:00:00,15.646891368530436,15.646891368530436,15.021088080954383,0.0,0.0,0.0,0.13094360677997474,0.026779722120023,0.0,0.002866353705536267,0.46521360497051883,0.0,0.0,0.0,0.0,0.0,0.0,0.0,0.0,0.0,0.0,0.0,0.0,0.0,0.0,0.0,0.0,0.0,0.0,0.0,0.0,0.0,0.0,0.0,0.0,0.0,0.05338936675609954,0.05338936675609954
2018/12/11 01:00:00,2018/12/11 01:00:00,2018/12/11 06:00:00,16.06448719799626,16.06448719799626,15.582355966955118,0.0,0.0,0.0,0.06501908921459039,0.013297274945155983,0.0,0.0014232669458539432,0.40239159993554136,0.0,0.0,0.0,0.0,0.0,0.0,0.0,0.0,0.0,0.0,0.0,0.0,0.0,0.0,0.0,0.0,0.0,0.0,0.0,0.0,0.0,0.0,0.0,0.0,0.0,0.05481426173172449,0.05481426173172449
2018/12/11 02:00:00,2018/12/11 02:00:00,2018/12/11 07:00:00,15.598443698470327,15.598443698470327,15.16852576965888,0.0,0.0,0.0,0.03901145352875434,0.00797836496709361,0.0,0.0008539601675123682,0.382074150148087,0.0,0.0,0.0,0.0,0.0,0.0,0.0,0.0,0.0,0.0,0.0,0.0,0.0,0.0,0.0,0.0,0.0,0.0,0.0,0.0,0.0,0.0,0.0,0.0,0.0,0.05322405657630753,0.05322405657630753
2018/12/11 03:00:00,2018/12/11 03:00:00,2018/12/11 08:00:00,14.644040780244406,14.644040780244406,14.26067084742748,0.0,0.0,0.0,0.026007635685836212,0.005318909978062404,0.0,0.0005693067783415784,0.35147408037468464,0.0,0.0,0.0,0.0,0.0,0.0,0.0,0.0,0.0,0.0,0.0,0.0,0.0,0.0,0.0,0.0,0.0,0.0,0.0,0.0,0.0,0.0,0.0,0.0,0.0,0.049967501249494325,0.049967501249494325
2018/12/11 04:00:00,2018/12/11 04:00:00,2018/12/11 09:00:00,14.313284411352264,14.313284411352264,13.944087390854708,0.0,0.0,0.0,0.026007635685836212,0.005318909978062404,0.0,0.0005693067783415784,0.33730116805531524,0.0,0.0,0.0,0.0,0.0,0.0,0.0,0.0,0.0,0.0,0.0,0.0,0.0,0.0,0.0,0.0,0.0,0.0,0.0,0.0,0.0,0.0,0.0,0.0,0.0,0.048838914575644564,0.048838914575644564
2018/12/11 05:00:00,2018/12/11 05:00:00,2018/12/11 10:00:00,14.447052717083753,14.447052717083753,13.676111498529858,0.0,0.0,0.0,0.02876591880464525,0.0058830158345184146,0.0,0.0006296855569084564,0.3164809012231033,0.0,0.0,0.0,0.0,0.0,0.0,0.41918169713472014,0.0,0.0,0.0,0.0,0.0,0.0,0.0,0.0,0.0,0.0,0.0,0.0,0.0,0.0,0.0,0.0,0.0,0.0,0.04929535061567513,0.04929535061567513
2018/12/11 06:00:00,2018/12/11 06:00:00,2018/12/11 11:00:00,13.850272773112914,13.850272773112914,13.407185016927013,0.0,0.0,0.0,0.07859679435536127,0.01607409757620221,0.0,0.0017204827198804096,0.3466963815344563,0.0,0.0,0.0,0.0,0.0,0.0,0.0,0.0,0.0,0.0,0.0,0.0,0.0,0.0,0.0,0.0,0.0,0.0,0.0,0.0,0.0,0.0,0.0,0.0,0.0,0.047259054552073326,0.047259054552073326
2018/12/11 07:00:00,2018/12/11 07:00:00,2018/12/11 12:00:00,13.709565323346766,13.709565323346766,13.056870281044429,0.0,0.0,0.0,0.18452357674232273,0.03773754390357793,0.0,0.004039218492300221,0.42639470316413536,0.0,0.0,0.0,0.0,0.0,0.0,0.0,0.0,0.0,0.0,0.0,0.0,0.0,0.0,0.0,0.0,0.0,0.0,0.0,0.0,0.0,0.0,0.0,0.0,0.0,0.04677894118872568,0.04677894118872568
2018/12/11 08:00:00,2018/12/11 08:00:00,2018/12/11 13:00:00,13.648144964502796,13.648144964502796,12.116604055369077,0.0,0.0,0.0,0.2335098295518684,0.047755888977462434,0.0,0.0051115268753808285,0.5844296437462715,0.0,0.0,0.0,0.0,0.0,0.0,0.6607340199827357,0.0,0.0,0.0,0.0,0.0,0.0,0.0,0.0,0.0,0.0,0.0,0.0,0.0,0.0,0.0,0.0,0.0,0.0,0.04656936639285235,0.04656936639285235
2018/12/11 09:00:00,2018/12/11 09:00:00,2018/12/11 14:00:00,15.702320644336746,15.702320644336746,11.481599499957639,0.0,0.0,0.0,0.24695335769390644,0.05050527061440958,0.0,0.005405805516797518,2.59903583972314,0.0,0.0,0.0,0.0,0.0,0.0,1.3188208708308526,0.0,0.0,0.0,0.0,0.0,0.0,0.0,0.0,0.0,0.0,0.0,0.0,0.0,0.0,0.0,0.0,0.0,0.0,0.05357849914446646,0.05357849914446646
2018/12/11 10:00:00,2018/12/11 10:00:00,2018/12/11 15:00:00,13.642384926451873,13.642384926451873,11.710954189493545,0.0,0.0,0.0,0.25268234700990755,0.0516769256931404,0.0,0.005531213012120983,0.3027193804123075,0.0,0.0,0.0,0.0,0.0,0.0,1.3188208708308526,0.0,0.0,0.0,0.0,0.0,0.0,0.0,0.0,0.0,0.0,0.0,0.0,0.0,0.0,0.0,0.0,0.0,0.0,0.04654971234293364,0.04654971234293364
2018/12/11 11:00:00,2018/12/11 11:00:00,2018/12/11 16:00:00,13.195179481837052,13.195179481837052,11.274276795760338,0.0,0.0,0.0,0.24574672449634635,0.05025849795764481,0.0,0.00537939233312173,0.30069720045874637,0.0,0.0,0.0,0.0,0.0,0.0,1.3188208708308526,0.0,0.0,0.0,0.0,0.0,0.0,0.0,0.0,0.0,0.0,0.0,0.0,0.0,0.0,0.0,0.0,0.0,0.0,0.045023785247543587,0.045023785247543587
2018/12/11 12:00:00,2018/12/11 12:00:00,2018/12/11 17:00:00,12.510310676853646,12.510310676853646,10.616488545796432,0.0,0.0,0.0,0.23613760755858612,0.04829330478983772,0.0,0.00516904889888472,0.3207640133701988,0.0,0.0,0.0,0.0,0.0,0.0,1.2834581564397087,0.0,0.0,0.0,0.0,0.0,0.0,0.0,0.0,0.0,0.0,0.0,0.0,0.0,0.0,0.0,0.0,0.0,0.0,0.04268691775432312,0.04268691775432312
2018/12/11 13:00:00,2018/12/11 13:00:00,2018/12/11 18:00:00,11.483363857347598,11.483363857347598,10.073087180672363,0.0,0.0,0.0,0.2292019850450249,0.046874877054342116,0.0,0.005017228219885468,0.3253849632138206,0.0,0.0,0.0,0.0,0.0,0.0,0.8037976231421617,0.0,0.0,0.0,0.0,0.0,0.0,0.0,0.0,0.0,0.0,0.0,0.0,0.0,0.0,0.0,0.0,0.0,0.0,0.03918283255974637,0.03918283255974637
2018/12/11 14:00:00,2018/12/11 14:00:00,2018/12/11 19:00:00,10.309562534631421,10.309562534631421,9.689786867335727,0.0,0.0,0.0,0.22716107639764072,0.04645748388950332,0.0,0.004972552758379963,0.34118455425017113,0.0,0.0,0.0,0.0,0.0,0.0,0.0,0.0,0.0,0.0,0.0,0.0,0.0,0.0,0.0,0.0,0.0,0.0,0.0,0.0,0.0,0.0,0.0,0.0,0.0,0.03517765940162438,0.03517765940162438
2018/12/11 15:00:00,2018/12/11 15:00:00,2018/12/11 20:00:00,9.826733064486724,9.826733064486724,9.162332255867039,0.0,0.0,0.0,0.2303532769511554,0.04711033167548305,0.0,0.005042429983472414,0.3818947700095756,0.0,0.0,0.0,0.0,0.0,0.0,0.0,0.0,0.0,0.0,0.0,0.0,0.0,0.0,0.0,0.0,0.0,0.0,0.0,0.0,0.0,0.0,0.0,0.0,0.0,0.033530178182827525,0.033530178182827525
2018/12/11 16:00:00,2018/12/11 16:00:00,2018/12/11 21:00:00,9.544892702781627,9.544892702781627,8.868326779925326,0.0,0.0,0.0,0.2504788163447321,0.051226274146665876,0.0,0.005482977756939709,0.36937785460796296,0.0,0.0,0.0,0.0,0.0,0.0,0.0,0.0,0.0,0.0,0.0,0.0,0.0,0.0,0.0,0.0,0.0,0.0,0.0,0.0,0.0,0.0,0.0,0.0,0.0,0.0325684997201005,0.0325684997201005
2018/12/11 17:00:00,2018/12/11 17:00:00,2018/12/11 22:00:00,9.763590208732538,9.763590208732538,8.887226935389254,0.0,0.0,0.0,0.305945947631676,0.06257004570746537,0.0,0.006697152478481841,0.50115012752566,0.0,0.0,0.0,0.0,0.0,0.0,0.0,0.0,0.0,0.0,0.0,0.0,0.0,0.0,0.0,0.0,0.0,0.0,0.0,0.0,0.0,0.0,0.0,0.0,0.0,0.03331472598823583,0.03331472598823583
2018/12/11 18:00:00,2018/12/11 18:00:00,2018/12/11 23:00:00,9.986961927010965,9.986961927010965,8.78238178071111,0.0,0.0,0.0,0.4069264191245201,0.08322190518061402,0.0,0.008907613575194035,0.7055242084195247,0.0,0.0,0.0,0.0,0.0,0.0,0.0,0.0,0.0,0.0,0.0,0.0,0.0,0.0,0.0,0.0,0.0,0.0,0.0,0.0,0.0,0.0,0.0,0.0,0.0,0.034076901318096715,0.034076901318096715
2018/12/11 19:00:00,2018/12/11 19:00:00,2018/12/12 00:00:00,10.191416520115311,10.191416520115311,8.832785807819855,0.0,0.0,0.0,0.5052614445357361,0.10333273548333091,0.0,0.011060165894491741,0.7389763663818958,0.0,0.0,0.0,0.0,0.0,0.0,0.0,0.0,0.0,0.0,0.0,0.0,0.0,0.0,0.0,0.0,0.0,0.0,0.0,0.0,0.0,0.0,0.0,0.0,0.0,0.03477452878921031,0.03477452878921031
2018/12/11 20:00:00,2018/12/11 20:00:00,2018/12/12 01:00:00,11.49424078792959,11.49424078792959,8.571515104133674,0.0,0.0,0.0,0.5191166306935479,0.10616630670037282,0.0,0.011363455724067538,1.018073563395663,0.0,0.0,0.0,0.0,0.0,0.0,1.2680057272822653,0.0,0.0,0.0,0.0,0.0,0.0,0.0,0.0,0.0,0.0,0.0,0.0,0.0,0.0,0.0,0.0,0.0,0.0,0.03921994615773494,0.03921994615773494
2018/12/11 21:00:00,2018/12/11 21:00:00,2018/12/12 02:00:00,18.5716520448462,18.5716520448462,8.348740512915528,0.0,0.0,0.0,0.43517064139894374,0.08899822708441008,0.0,0.009525879202414142,8.370395913414052,0.0,0.0,0.0,0.0,0.0,0.0,1.3188208708308526,0.0,0.0,0.0,0.0,0.0,0.0,0.0,0.0,0.0,0.0,0.0,0.0,0.0,0.0,0.0,0.0,0.0,0.0,0.06336905644294025,0.06336905644294025
2018/12/11 22:00:00,2018/12/11 22:00:00,2018/12/12 03:00:00,14.231655145965505,14.231655145965505,8.330742969989371,0.0,0.0,0.0,0.3276772071694535,0.06701437946342832,0.0,0.007172849443258015,4.180226869069144,0.0,0.0,0.0,0.0,0.0,0.0,1.3188208708308526,0.0,0.0,0.0,0.0,0.0,0.0,0.0,0.0,0.0,0.0,0.0,0.0,0.0,0.0,0.0,0.0,0.0,0.0,0.04856038418356107,0.04856038418356107
2018/12/11 23:00:00,2018/12/11 23:00:00,2018/12/12 04:00:00,12.340148546895634,12.340148546895634,8.325764585973406,0.0,0.0,0.0,0.28188573431297226,0.05764940969729326,0.0,0.0061704747482896226,2.3498574713328217,0.0,0.0,0.0,0.0,0.0,0.0,1.3188208708308526,0.0,0.0,0.0,0.0,0.0,0.0,0.0,0.0,0.0,0.0,0.0,0.0,0.0,0.0,0.0,0.0,0.0,0.0,0.04210630093080512,0.04210630093080512
2018/12/12 00:00:00,2018/12/12 00:00:00,2018/12/12 05:00:00,11.02017028442351,11.02017028442351,9.029685409588255,0.0,0.0,0.0,0.13094360677997474,0.026779722120023,0.0,0.002866353705536267,0.5110743213988677,0.0,0.0,0.0,0.0,0.0,0.0,1.3188208708308526,0.0,0.0,0.0,0.0,0.0,0.0,0.0,0.0,0.0,0.0,0.0,0.0,0.0,0.0,0.0,0.0,0.0,0.0,0.03760235174975945,0.03760235174975945
2018/12/12 01:00:00,2018/12/12 01:00:00,2018/12/12 06:00:00,13.190823117051993,13.190823117051993,10.356029761628774,0.0,0.0,0.0,0.06501908921459039,0.013297274945155983,0.0,0.0014232669458539432,1.4362328534867663,0.0,0.0,0.0,0.0,0.0,0.0,1.3188208708308526,0.0,0.0,0.0,0.0,0.0,0.0,0.0,0.0,0.0,0.0,0.0,0.0,0.0,0.0,0.0,0.0,0.0,0.0,0.04500892072578301,0.04500892072578301
2018/12/12 02:00:00,2018/12/12 02:00:00,2018/12/12 07:00:00,12.495152300334462,12.495152300334462,10.663366581391752,0.0,0.0,0.0,0.03901145352875434,0.00797836496709361,0.0,0.0008539601675123682,0.46512106944849735,0.0,0.0,0.0,0.0,0.0,0.0,1.3188208708308526,0.0,0.0,0.0,0.0,0.0,0.0,0.0,0.0,0.0,0.0,0.0,0.0,0.0,0.0,0.0,0.0,0.0,0.0,0.04263519526808938,0.04263519526808938
2018/12/12 03:00:00,2018/12/12 03:00:00,2018/12/12 08:00:00,13.07206544904824,13.07206544904824,9.427282187534466,0.0,0.0,0.0,0.026007635685836212,0.005318909978062404,0.0,0.0005693067783415784,2.294066538240683,0.0,0.0,0.0,0.0,0.0,0.0,1.3188208708308526,0.0,0.0,0.0,0.0,0.0,0.0,0.0,0.0,0.0,0.0,0.0,0.0,0.0,0.0,0.0,0.0,0.0,0.0,0.044603703066708356,0.044603703066708356
2018/12/12 04:00:00,2018/12/12 04:00:00,2018/12/12 09:00:00,12.05114601323871,12.05114601323871,9.160744898505179,0.0,0.0,0.0,0.026007635685836212,0.005318909978062404,0.0,0.0005693067783415784,2.0008681188303856,0.0,0.0,0.0,0.0,0.0,0.0,0.857637143460905,0.0,0.0,0.0,0.0,0.0,0.0,0.0,0.0,0.0,0.0,0.0,0.0,0.0,0.0,0.0,0.0,0.0,0.0,0.041120184142528306,0.041120184142528306
2018/12/12 05:00:00,2018/12/12 05:00:00,2018/12/12 10:00:00,11.086054377238169,11.086054377238169,9.039504635307916,0.0,0.0,0.0,0.02876591880464525,0.0058830158345184146,0.0,0.0006296855569084564,2.011271121734182,0.0,0.0,0.0,0.0,0.0,0.0,0.0,0.0,0.0,0.0,0.0,0.0,0.0,0.0,0.0,0.0,0.0,0.0,0.0,0.0,0.0,0.0,0.0,0.0,0.0,0.03782715742596867,0.03782715742596867
2018/12/12 06:00:00,2018/12/12 06:00:00,2018/12/12 11:00:00,9.389760333983084,9.389760333983084,8.946672577797182,0.0,0.0,0.0,0.07859679435536127,0.01607409757620221,0.0,0.0017204827198804096,0.3466963815344563,0.0,0.0,0.0,0.0,0.0,0.0,0.0,0.0,0.0,0.0,0.0,0.0,0.0,0.0,0.0,0.0,0.0,0.0,0.0,0.0,0.0,0.0,0.0,0.0,0.0,0.032039166529343785,0.032039166529343785
2018/12/12 07:00:00,2018/12/12 07:00:00,2018/12/12 12:00:00,9.468186312336922,9.468186312336922,8.815491270034586,0.0,0.0,0.0,0.18452357674232273,0.03773754390357793,0.0,0.004039218492300221,0.42639470316413536,0.0,0.0,0.0,0.0,0.0,0.0,0.0,0.0,0.0,0.0,0.0,0.0,0.0,0.0,0.0,0.0,0.0,0.0,0.0,0.0,0.0,0.0,0.0,0.0,0.0,0.03230676686112344,0.03230676686112344
2018/12/12 08:00:00,2018/12/12 08:00:00,2018/12/12 13:00:00,10.00439999439079,10.00439999439079,8.825937695725266,0.0,0.0,0.0,0.2335098295518684,0.047755888977462434,0.0,0.0051115268753808285,0.48637227993051274,0.0,0.0,0.0,0.0,0.0,0.0,0.4057127733302991,0.0,0.0,0.0,0.0,0.0,0.0,0.0,0.0,0.0,0.0,0.0,0.0,0.0,0.0,0.0,0.0,0.0,0.0,0.03413640242620382,0.03413640242620382
2018/12/12 09:00:00,2018/12/12 09:00:00,2018/12/12 14:00:00,9.58305945633614,9.58305945633614,8.891673012976261,0.0,0.0,0.0,0.24695335769390644,0.05050527061440958,0.0,0.005405805516797518,0.38852200953476496,0.0,0.0,0.0,0.0,0.0,0.0,0.0,0.0,0.0,0.0,0.0,0.0,0.0,0.0,0.0,0.0,0.0,0.0,0.0,0.0,0.0,0.0,0.0,0.0,0.0,0.032698729984720974,0.032698729984720974
2018/12/12 10:00:00,2018/12/12 10:00:00,2018/12/12 15:00:00,9.435598344686229,9.435598344686229,8.822988478558754,0.0,0.0,0.0,0.25268234700990755,0.0516769256931404,0.0,0.005531213012120983,0.3027193804123075,0.0,0.0,0.0,0.0,0.0,0.0,0.0,0.0,0.0,0.0,0.0,0.0,0.0,0.0,0.0,0.0,0.0,0.0,0.0,0.0,0.0,0.0,0.0,0.0,0.0,0.03219557218891922,0.03219557218891922
2018/12/12 11:00:00,2018/12/12 11:00:00,2018/12/12 16:00:00,9.053023585801695,9.053023585801695,8.450941770555835,0.0,0.0,0.0,0.24574672449634635,0.05025849795764481,0.0,0.00537939233312173,0.30069720045874637,0.0,0.0,0.0,0.0,0.0,0.0,0.0,0.0,0.0,0.0,0.0,0.0,0.0,0.0,0.0,0.0,0.0,0.0,0.0,0.0,0.0,0.0,0.0,0.0,0.0,0.03089017397066399,0.03089017397066399
2018/12/12 12:00:00,2018/12/12 12:00:00,2018/12/12 17:00:00,8.702348661306392,8.702348661306392,7.675642422793942,0.0,0.0,0.0,0.23613760755858612,0.04829330478983772,0.0,0.00516904889888472,0.3207640133701988,0.0,0.0,0.0,0.0,0.0,0.0,0.4163422638949422,0.0,0.0,0.0,0.0,0.0,0.0,0.0,0.0,0.0,0.0,0.0,0.0,0.0,0.0,0.0,0.0,0.0,0.0,0.029693622418340813,0.029693622418340813
2018/12/12 13:00:00,2018/12/12 13:00:00,2018/12/12 18:00:00,9.55416419302726,9.55416419302726,7.628864268663333,0.0,0.0,0.0,0.2292019850450249,0.046874877054342116,0.0,0.005017228219885468,0.3253849632138206,0.0,0.0,0.0,0.0,0.0,0.0,1.3188208708308526,0.0,0.0,0.0,0.0,0.0,0.0,0.0,0.0,0.0,0.0,0.0,0.0,0.0,0.0,0.0,0.0,0.0,0.0,0.03260013533266027,0.03260013533266027
2018/12/12 14:00:00,2018/12/12 14:00:00,2018/12/12 19:00:00,8.93629374771757,8.93629374771757,7.531593221574021,0.0,0.0,0.0,0.22716107639764072,0.04645748388950332,0.0,0.004972552758379963,0.34118455425017113,0.0,0.0,0.0,0.0,0.0,0.0,0.7849248588478536,0.0,0.0,0.0,0.0,0.0,0.0,0.0,0.0,0.0,0.0,0.0,0.0,0.0,0.0,0.0,0.0,0.0,0.0,0.030491875548947604,0.030491875548947604
2018/12/12 15:00:00,2018/12/12 15:00:00,2018/12/12 20:00:00,8.252412493248316,8.252412493248316,7.588011684628629,0.0,0.0,0.0,0.2303532769511554,0.04711033167548305,0.0,0.005042429983472414,0.3818947700095756,0.0,0.0,0.0,0.0,0.0,0.0,0.0,0.0,0.0,0.0,0.0,0.0,0.0,0.0,0.0,0.0,0.0,0.0,0.0,0.0,0.0,0.0,0.0,0.0,0.0,0.028158377715255565,0.028158377715255565
2018/12/12 16:00:00,2018/12/12 16:00:00,2018/12/12 21:00:00,8.205518246640334,8.205518246640334,7.44218486966636,0.0,0.0,0.0,0.2504788163447321,0.051226274146665876,0.0,0.005482977756939709,0.4561453087256356,0.0,0.0,0.0,0.0,0.0,0.0,0.0,0.0,0.0,0.0,0.0,0.0,0.0,0.0,0.0,0.0,0.0,0.0,0.0,0.0,0.0,0.0,0.0,0.0,0.0,0.027998368032058046,0.027998368032058046
2018/12/12 17:00:00,2018/12/12 17:00:00,2018/12/12 22:00:00,10.827960509813366,10.827960509813366,7.213149248079072,0.0,0.0,0.0,0.305945947631676,0.06257004570746537,0.0,0.006697152478481841,2.606600749448547,0.0,0.0,0.0,0.0,0.0,0.0,0.6329973664681229,0.0,0.0,0.0,0.0,0.0,0.0,0.0,0.0,0.0,0.0,0.0,0.0,0.0,0.0,0.0,0.0,0.0,0.0,0.0369465053001952,0.0369465053001952
2018/12/12 18:00:00,2018/12/12 18:00:00,2018/12/12 23:00:00,11.67901245643865,11.67901245643865,6.972114722808159,0.0,0.0,0.0,0.4069264191245201,0.08322190518061402,0.0,0.008907613575194035,4.074495448683224,0.0,0.0,0.0,0.0,0.0,0.0,0.13334634706693937,0.0,0.0,0.0,0.0,0.0,0.0,0.0,0.0,0.0,0.0,0.0,0.0,0.0,0.0,0.0,0.0,0.0,0.0,0.039850412756103945,0.039850412756103945
2018/12/12 19:00:00,2018/12/12 19:00:00,2018/12/13 00:00:00,8.679808999286937,8.679808999286937,7.321178286991483,0.0,0.0,0.0,0.5052614445357361,0.10333273548333091,0.0,0.011060165894491741,0.7389763663818958,0.0,0.0,0.0,0.0,0.0,0.0,0.0,0.0,0.0,0.0,0.0,0.0,0.0,0.0,0.0,0.0,0.0,0.0,0.0,0.0,0.0,0.0,0.0,0.0,0.0,0.029616713960694367,0.029616713960694367
2018/12/12 20:00:00,2018/12/12 20:00:00,2018/12/13 01:00:00,8.731191217119832,8.731191217119832,7.405660529879666,0.0,0.0,0.0,0.5191166306935479,0.10616630670037282,0.0,0.011363455724067538,0.6888842941221767,0.0,0.0,0.0,0.0,0.0,0.0,0.0,0.0,0.0,0.0,0.0,0.0,0.0,0.0,0.0,0.0,0.0,0.0,0.0,0.0,0.0,0.0,0.0,0.0,0.0,0.029792037225105823,0.029792037225105823
2018/12/12 21:00:00,2018/12/12 21:00:00,2018/12/13 02:00:00,8.931421196501734,8.931421196501734,7.6015395898758396,0.0,0.0,0.0,0.43517064139894374,0.08899822708441008,0.0,0.009525879202414142,0.7961868589401253,0.0,0.0,0.0,0.0,0.0,0.0,0.0,0.0,0.0,0.0,0.0,0.0,0.0,0.0,0.0,0.0,0.0,0.0,0.0,0.0,0.0,0.0,0.0,0.0,0.0,0.03047524972738516,0.03047524972738516
2018/12/12 22:00:00,2018/12/12 22:00:00,2018/12/13 03:00:00,8.88509687221154,8.88509687221154,7.8381479891214605,0.0,0.0,0.0,0.3276772071694535,0.06701437946342832,0.0,0.007172849443258015,0.645084447013938,0.0,0.0,0.0,0.0,0.0,0.0,0.0,0.0,0.0,0.0,0.0,0.0,0.0,0.0,0.0,0.0,0.0,0.0,0.0,0.0,0.0,0.0,0.0,0.0,0.0,0.03031718469830009,0.03031718469830009
2018/12/12 23:00:00,2018/12/12 23:00:00,2018/12/13 04:00:00,8.879700567699931,8.879700567699931,7.985331072578118,0.0,0.0,0.0,0.28188573431297226,0.05764940969729326,0.0,0.0061704747482896226,0.5486638763632579,0.0,0.0,0.0,0.0,0.0,0.0,0.0,0.0,0.0,0.0,0.0,0.0,0.0,0.0,0.0,0.0,0.0,0.0,0.0,0.0,0.0,0.0,0.0,0.0,0.0,0.030298771757741347,0.030298771757741347
2018/12/13 00:00:00,2018/12/13 00:00:00,2018/12/13 05:00:00,8.977848581537481,8.977848581537481,8.352045293961428,0.0,0.0,0.0,0.13094360677997474,0.026779722120023,0.0,0.002866353705536267,0.46521360497051883,0.0,0.0,0.0,0.0,0.0,0.0,0.0,0.0,0.0,0.0,0.0,0.0,0.0,0.0,0.0,0.0,0.0,0.0,0.0,0.0,0.0,0.0,0.0,0.0,0.0,0.03063366641404954,0.03063366641404954
2018/12/13 01:00:00,2018/12/13 01:00:00,2018/12/13 06:00:00,9.36808652172732,9.36808652172732,8.797583983183506,0.0,0.0,0.0,0.06501908921459039,0.013297274945155983,0.0,0.0014232669458539432,0.40239159993554136,0.0,0.0,0.0,0.0,0.0,0.0,0.0883713075026728,0.0,0.0,0.0,0.0,0.0,0.0,0.0,0.0,0.0,0.0,0.0,0.0,0.0,0.0,0.0,0.0,0.0,0.0,0.03196521247136054,0.03196521247136054
2018/12/13 02:00:00,2018/12/13 02:00:00,2018/12/13 07:00:00,9.53574254688973,9.53574254688973,8.788642439828347,0.0,0.0,0.0,0.03901145352875434,0.00797836496709361,0.0,0.0008539601675123682,0.382074150148087,0.0,0.0,0.0,0.0,0.0,0.0,0.3171821782499374,0.0,0.0,0.0,0.0,0.0,0.0,0.0,0.0,0.0,0.0,0.0,0.0,0.0,0.0,0.0,0.0,0.0,0.0,0.03253727811720943,0.03253727811720943
2018/12/13 03:00:00,2018/12/13 03:00:00,2018/12/13 08:00:00,8.98640548715093,8.98640548715093,8.603035554334006,0.0,0.0,0.0,0.026007635685836212,0.005318909978062404,0.0,0.0005693067783415784,0.35147408037468464,0.0,0.0,0.0,0.0,0.0,0.0,0.0,0.0,0.0,0.0,0.0,0.0,0.0,0.0,0.0,0.0,0.0,0.0,0.0,0.0,0.0,0.0,0.0,0.0,0.0,0.03066286376458606,0.03066286376458606
2018/12/13 04:00:00,2018/12/13 04:00:00,2018/12/13 09:00:00,9.153845996901719,9.153845996901719,8.784648976404164,0.0,0.0,0.0,0.026007635685836212,0.005318909978062404,0.0,0.0005693067783415784,0.33730116805531524,0.0,0.0,0.0,0.0,0.0,0.0,0.0,0.0,0.0,0.0,0.0,0.0,0.0,0.0,0.0,0.0,0.0,0.0,0.0,0.0,0.0,0.0,0.0,0.0,0.0,0.03123419404191467,0.03123419404191467
2018/12/13 05:00:00,2018/12/13 05:00:00,2018/12/13 10:00:00,9.077738013804701,9.077738013804701,8.725978492385527,0.0,0.0,0.0,0.02876591880464525,0.0058830158345184146,0.0,0.0006296855569084564,0.3164809012231033,0.0,0.0,0.0,0.0,0.0,0.0,0.0,0.0,0.0,0.0,0.0,0.0,0.0,0.0,0.0,0.0,0.0,0.0,0.0,0.0,0.0,0.0,0.0,0.0,0.0,0.030974503031928745,0.030974503031928745
2018/12/13 06:00:00,2018/12/13 06:00:00,2018/12/13 11:00:00,9.02192603886271,9.02192603886271,8.578838282676807,0.0,0.0,0.0,0.07859679435536127,0.01607409757620221,0.0,0.0017204827198804096,0.3466963815344563,0.0,0.0,0.0,0.0,0.0,0.0,0.0,0.0,0.0,0.0,0.0,0.0,0.0,0.0,0.0,0.0,0.0,0.0,0.0,0.0,0.0,0.0,0.0,0.0,0.0,0.03078406482095265,0.03078406482095265
2018/12/13 07:00:00,2018/12/13 07:00:00,2018/12/13 12:00:00,9.130960023543203,9.130960023543203,8.478264981240866,0.0,0.0,0.0,0.18452357674232273,0.03773754390357793,0.0,0.004039218492300221,0.42639470316413536,0.0,0.0,0.0,0.0,0.0,0.0,0.0,0.0,0.0,0.0,0.0,0.0,0.0,0.0,0.0,0.0,0.0,0.0,0.0,0.0,0.0,0.0,0.0,0.0,0.0,0.031156103921875518,0.031156103921875518
2018/12/13 08:00:00,2018/12/13 08:00:00,2018/12/13 13:00:00,9.145884947939502,9.145884947939502,7.950600306201219,0.0,0.0,0.0,0.2335098295518684,0.047755888977462434,0.0,0.0051115268753808285,0.48637227993051274,0.0,0.0,0.0,0.0,0.0,0.0,0.4225351164030578,0.0,0.0,0.0,0.0,0.0,0.0,0.0,0.0,0.0,0.0,0.0,0.0,0.0,0.0,0.0,0.0,0.0,0.0,0.031207029837038682,0.031207029837038682
2018/12/13 09:00:00,2018/12/13 09:00:00,2018/12/13 14:00:00,10.882588750555744,10.882588750555744,8.87238143636501,0.0,0.0,0.0,0.24695335769390644,0.05050527061440958,0.0,0.005405805516797518,0.38852200953476496,0.0,0.0,0.0,0.0,0.0,0.0,1.3188208708308526,0.0,0.0,0.0,0.0,0.0,0.0,0.0,0.0,0.0,0.0,0.0,0.0,0.0,0.0,0.0,0.0,0.0,0.0,0.037132904445657484,0.037132904445657484
2018/12/13 10:00:00,2018/12/13 10:00:00,2018/12/13 15:00:00,11.278875698675234,11.278875698675234,9.347444961716906,0.0,0.0,0.0,0.25268234700990755,0.0516769256931404,0.0,0.005531213012120983,0.3027193804123075,0.0,0.0,0.0,0.0,0.0,0.0,1.3188208708308526,0.0,0.0,0.0,0.0,0.0,0.0,0.0,0.0,0.0,0.0,0.0,0.0,0.0,0.0,0.0,0.0,0.0,0.0,0.03848509055825232,0.03848509055825232
2018/12/13 11:00:00,2018/12/13 11:00:00,2018/12/13 16:00:00,11.188504371167221,11.188504371167221,9.26760168509051,0.0,0.0,0.0,0.24574672449634635,0.05025849795764481,0.0,0.00537939233312173,0.30069720045874637,0.0,0.0,0.0,0.0,0.0,0.0,1.3188208708308526,0.0,0.0,0.0,0.0,0.0,0.0,0.0,0.0,0.0,0.0,0.0,0.0,0.0,0.0,0.0,0.0,0.0,0.0,0.03817673103590881,0.03817673103590881
2018/12/13 12:00:00,2018/12/13 12:00:00,2018/12/13 17:00:00,10.29084057602507,10.29084057602507,9.637007066239295,0.0,0.0,0.0,0.23613760755858612,0.04829330478983772,0.0,0.00516904889888472,0.3207640133701988,0.0,0.0,0.0,0.0,0.0,0.0,0.04346953516826886,0.0,0.0,0.0,0.0,0.0,0.0,0.0,0.0,0.0,0.0,0.0,0.0,0.0,0.0,0.0,0.0,0.0,0.0,0.03511377747831549,0.03511377747831549
2018/12/13 13:00:00,2018/12/13 13:00:00,2018/12/13 18:00:00,10.408795741867978,10.408795741867978,9.802316688334907,0.0,0.0,0.0,0.2292019850450249,0.046874877054342116,0.0,0.005017228219885468,0.3253849632138206,0.0,0.0,0.0,0.0,0.0,0.0,0.0,0.0,0.0,0.0,0.0,0.0,0.0,0.0,0.0,0.0,0.0,0.0,0.0,0.0,0.0,0.0,0.0,0.0,0.0,0.03551625688854706,0.03551625688854706
2018/12/13 14:00:00,2018/12/13 14:00:00,2018/12/13 19:00:00,10.349350587802611,10.349350587802611,9.729574920506916,0.0,0.0,0.0,0.22716107639764072,0.04645748388950332,0.0,0.004972552758379963,0.34118455425017113,0.0,0.0,0.0,0.0,0.0,0.0,0.0,0.0,0.0,0.0,0.0,0.0,0.0,0.0,0.0,0.0,0.0,0.0,0.0,0.0,0.0,0.0,0.0,0.0,0.0,0.03531342176574102,0.03531342176574102
2018/12/13 15:00:00,2018/12/13 15:00:00,2018/12/13 20:00:00,10.339908962171494,10.339908962171494,9.628116659279728,0.0,0.0,0.0,0.2303532769511554,0.04711033167548305,0.0,0.005042429983472414,0.42928626428165617,0.0,0.0,0.0,0.0,0.0,0.0,0.0,0.0,0.0,0.0,0.0,0.0,0.0,0.0,0.0,0.0,0.0,0.0,0.0,0.0,0.0,0.0,0.0,0.0,0.0,0.03528120562761358,0.03528120562761358
2018/12/13 16:00:00,2018/12/13 16:00:00,2018/12/13 21:00:00,11.632872583236296,11.632872583236296,9.466792549637674,0.0,0.0,0.0,0.2504788163447321,0.051226274146665876,0.0,0.005482977756939709,1.4533121293180298,0.0,0.0,0.0,0.0,0.0,0.0,0.4055798360322523,0.0,0.0,0.0,0.0,0.0,0.0,0.0,0.0,0.0,0.0,0.0,0.0,0.0,0.0,0.0,0.0,0.0,0.0,0.039692977099751475,0.039692977099751475
2018/12/13 17:00:00,2018/12/13 17:00:00,2018/12/13 22:00:00,10.783612247070433,10.783612247070433,9.555924455371374,0.0,0.0,0.0,0.305945947631676,0.06257004570746537,0.0,0.006697152478481841,0.8524746458814354,0.0,0.0,0.0,0.0,0.0,0.0,0.0,0.0,0.0,0.0,0.0,0.0,0.0,0.0,0.0,0.0,0.0,0.0,0.0,0.0,0.0,0.0,0.0,0.0,0.0,0.036795182867591085,0.036795182867591085
2018/12/13 18:00:00,2018/12/13 18:00:00,2018/12/13 23:00:00,10.861272899010702,10.861272899010702,9.656692752710848,0.0,0.0,0.0,0.4069264191245201,0.08322190518061402,0.0,0.008907613575194035,0.7055242084195247,0.0,0.0,0.0,0.0,0.0,0.0,0.0,0.0,0.0,0.0,0.0,0.0,0.0,0.0,0.0,0.0,0.0,0.0,0.0,0.0,0.0,0.0,0.0,0.0,0.0,0.03706017179934119,0.03706017179934119
2018/12/13 19:00:00,2018/12/13 19:00:00,2018/12/14 00:00:00,11.327266154579679,11.327266154579679,9.477809552913621,0.0,0.0,0.0,0.5052614445357361,0.10333273548333091,0.0,0.011060165894491741,0.7389763663818958,0.0,0.0,0.0,0.0,0.0,0.0,0.49082588937060123,0.0,0.0,0.0,0.0,0.0,0.0,0.0,0.0,0.0,0.0,0.0,0.0,0.0,0.0,0.0,0.0,0.0,0.0,0.03865020551539795,0.03865020551539795
2018/12/13 20:00:00,2018/12/13 20:00:00,2018/12/14 01:00:00,12.210216398239742,12.210216398239742,9.571137625183386,0.0,0.0,0.0,0.5191166306935479,0.10616630670037282,0.0,0.011363455724067538,0.6836115091075151,0.0,0.0,0.0,0.0,0.0,0.0,1.3188208708308526,0.0,0.0,0.0,0.0,0.0,0.0,0.0,0.0,0.0,0.0,0.0,0.0,0.0,0.0,0.0,0.0,0.0,0.0,0.04166295439157182,0.04166295439157182
2018/12/13 21:00:00,2018/12/13 21:00:00,2018/12/14 02:00:00,12.51142199164838,12.51142199164838,9.981584265852907,0.0,0.0,0.0,0.43517064139894374,0.08899822708441008,0.0,0.009525879202414142,0.6773221072788519,0.0,0.0,0.0,0.0,0.0,0.0,1.3188208708308526,0.0,0.0,0.0,0.0,0.0,0.0,0.0,0.0,0.0,0.0,0.0,0.0,0.0,0.0,0.0,0.0,0.0,0.0,0.042690709714768175,0.042690709714768175
2018/12/13 22:00:00,2018/12/13 22:00:00,2018/12/14 03:00:00,12.49175682844907,12.49175682844907,10.125987074528142,0.0,0.0,0.0,0.3276772071694535,0.06701437946342832,0.0,0.007172849443258015,0.645084447013938,0.0,0.0,0.0,0.0,0.0,0.0,1.3188208708308526,0.0,0.0,0.0,0.0,0.0,0.0,0.0,0.0,0.0,0.0,0.0,0.0,0.0,0.0,0.0,0.0,0.0,0.0,0.04262360944637377,0.04262360944637377
2018/12/13 23:00:00,2018/12/13 23:00:00,2018/12/14 04:00:00,11.903584604312481,11.903584604312481,10.278080162812882,0.0,0.0,0.0,0.28188573431297226,0.05764940969729326,0.0,0.0061704747482896226,0.5486638763632579,0.0,0.0,0.0,0.0,0.0,0.0,0.7311349463777848,0.0,0.0,0.0,0.0,0.0,0.0,0.0,0.0,0.0,0.0,0.0,0.0,0.0,0.0,0.0,0.0,0.0,0.0,0.040616684118488115,0.040616684118488115
2018/12/14 00:00:00,2018/12/14 00:00:00,2018/12/14 05:00:00,11.10086709824752,11.10086709824752,10.475063810671466,0.0,0.0,0.0,0.13094360677997474,0.026779722120023,0.0,0.002866353705536267,0.46521360497051883,0.0,0.0,0.0,0.0,0.0,0.0,0.0,0.0,0.0,0.0,0.0,0.0,0.0,0.0,0.0,0.0,0.0,0.0,0.0,0.0,0.0,0.0,0.0,0.0,0.0,0.03787770048759014,0.03787770048759014
2018/12/14 01:00:00,2018/12/14 01:00:00,2018/12/14 06:00:00,11.351516492540997,11.351516492540997,10.869385261499856,0.0,0.0,0.0,0.06501908921459039,0.013297274945155983,0.0,0.0014232669458539432,0.40239159993554136,0.0,0.0,0.0,0.0,0.0,0.0,0.0,0.0,0.0,0.0,0.0,0.0,0.0,0.0,0.0,0.0,0.0,0.0,0.0,0.0,0.0,0.0,0.0,0.0,0.0,0.03873295103697677,0.03873295103697677
2018/12/14 02:00:00,2018/12/14 02:00:00,2018/12/14 07:00:00,11.37650037314399,11.37650037314399,10.946582444332545,0.0,0.0,0.0,0.03901145352875434,0.00797836496709361,0.0,0.0008539601675123682,0.382074150148087,0.0,0.0,0.0,0.0,0.0,0.0,0.0,0.0,0.0,0.0,0.0,0.0,0.0,0.0,0.0,0.0,0.0,0.0,0.0,0.0,0.0,0.0,0.0,0.0,0.0,0.03881819950794057,0.03881819950794057
2018/12/14 03:00:00,2018/12/14 03:00:00,2018/12/14 08:00:00,11.216110800075972,11.216110800075972,10.832740867259046,0.0,0.0,0.0,0.026007635685836212,0.005318909978062404,0.0,0.0005693067783415784,0.35147408037468464,0.0,0.0,0.0,0.0,0.0,0.0,0.0,0.0,0.0,0.0,0.0,0.0,0.0,0.0,0.0,0.0,0.0,0.0,0.0,0.0,0.0,0.0,0.0,0.0,0.0,0.03827092800597277,0.03827092800597277
2018/12/14 04:00:00,2018/12/14 04:00:00,2018/12/14 09:00:00,11.536075366011842,11.536075366011842,11.166878345514286,0.0,0.0,0.0,0.026007635685836212,0.005318909978062404,0.0,0.0005693067783415784,0.33730116805531524,0.0,0.0,0.0,0.0,0.0,0.0,0.0,0.0,0.0,0.0,0.0,0.0,0.0,0.0,0.0,0.0,0.0,0.0,0.0,0.0,0.0,0.0,0.0,0.0,0.0,0.03936269154911742,0.03936269154911742
2018/12/14 05:00:00,2018/12/14 05:00:00,2018/12/14 10:00:00,11.468516209726,11.468516209726,11.116756688306825,0.0,0.0,0.0,0.02876591880464525,0.0058830158345184146,0.0,0.0006296855569084564,0.3164809012231033,0.0,0.0,0.0,0.0,0.0,0.0,0.0,0.0,0.0,0.0,0.0,0.0,0.0,0.0,0.0,0.0,0.0,0.0,0.0,0.0,0.0,0.0,0.0,0.0,0.0,0.039132170323672485,0.039132170323672485
2018/12/14 06:00:00,2018/12/14 06:00:00,2018/12/14 11:00:00,11.451147973101907,11.451147973101907,11.008060216916006,0.0,0.0,0.0,0.07859679435536127,0.01607409757620221,0.0,0.0017204827198804096,0.3466963815344563,0.0,0.0,0.0,0.0,0.0,0.0,0.0,0.0,0.0,0.0,0.0,0.0,0.0,0.0,0.0,0.0,0.0,0.0,0.0,0.0,0.0,0.0,0.0,0.0,0.0,0.03907290748780367,0.03907290748780367
2018/12/14 07:00:00,2018/12/14 07:00:00,2018/12/14 12:00:00,12.188255969847088,12.188255969847088,10.226410634373611,0.0,0.0,0.0,0.18452357674232273,0.03773754390357793,0.0,0.004039218492300221,0.42639470316413536,0.0,0.0,0.0,0.0,0.0,0.0,1.3091502931711416,0.0,0.0,0.0,0.0,0.0,0.0,0.0,0.0,0.0,0.0,0.0,0.0,0.0,0.0,0.0,0.0,0.0,0.0,0.04158802235951754,0.04158802235951754
2018/12/14 08:00:00,2018/12/14 08:00:00,2018/12/14 13:00:00,13.220802075048358,13.220802075048358,11.12923167888228,0.0,0.0,0.0,0.2335098295518684,0.047755888977462434,0.0,0.0051115268753808285,0.48637227993051274,0.0,0.0,0.0,0.0,0.0,0.0,1.3188208708308526,0.0,0.0,0.0,0.0,0.0,0.0,0.0,0.0,0.0,0.0,0.0,0.0,0.0,0.0,0.0,0.0,0.0,0.0,0.04511121309464631,0.04511121309464631
2018/12/14 09:00:00,2018/12/14 09:00:00,2018/12/14 14:00:00,12.950822161852923,12.950822161852923,10.94061484766219,0.0,0.0,0.0,0.24695335769390644,0.05050527061440958,0.0,0.005405805516797518,0.38852200953476496,0.0,0.0,0.0,0.0,0.0,0.0,1.3188208708308526,0.0,0.0,0.0,0.0,0.0,0.0,0.0,0.0,0.0,0.0,0.0,0.0,0.0,0.0,0.0,0.0,0.0,0.0,0.04419000412969107,0.04419000412969107
2018/12/14 10:00:00,2018/12/14 10:00:00,2018/12/14 15:00:00,12.404111443674088,12.404111443674088,10.47268070671576,0.0,0.0,0.0,0.25268234700990755,0.0516769256931404,0.0,0.005531213012120983,0.3027193804123075,0.0,0.0,0.0,0.0,0.0,0.0,1.3188208708308526,0.0,0.0,0.0,0.0,0.0,0.0,0.0,0.0,0.0,0.0,0.0,0.0,0.0,0.0,0.0,0.0,0.0,0.0,0.04232455121927812,0.04232455121927812
2018/12/14 11:00:00,2018/12/14 11:00:00,2018/12/14 16:00:00,11.918196415676963,11.918196415676963,10.218981783545154,0.0,0.0,0.0,0.24574672449634635,0.05025849795764481,0.0,0.00537939233312173,0.30069720045874637,0.0,0.0,0.0,0.0,0.0,0.0,1.0971328168859498,0.0,0.0,0.0,0.0,0.0,0.0,0.0,0.0,0.0,0.0,0.0,0.0,0.0,0.0,0.0,0.0,0.0,0.0,0.04066654164849426,0.04066654164849426
2018/12/14 12:00:00,2018/12/14 12:00:00,2018/12/14 17:00:00,11.047678051610976,11.047678051610976,10.069031223651356,0.0,0.0,0.0,0.23613760755858612,0.04829330478983772,0.0,0.00516904889888472,0.3207640133701988,0.0,0.0,0.0,0.0,0.0,0.0,0.3682828533421138,0.0,0.0,0.0,0.0,0.0,0.0,0.0,0.0,0.0,0.0,0.0,0.0,0.0,0.0,0.0,0.0,0.0,0.0,0.03769621207232594,0.03769621207232594
2018/12/14 13:00:00,2018/12/14 13:00:00,2018/12/14 18:00:00,11.912522660655025,11.912522660655025,10.052923102037107,0.0,0.0,0.0,0.2292019850450249,0.046874877054342116,0.0,0.005017228219885468,0.3253849632138206,0.0,0.0,0.0,0.0,0.0,0.0,1.2531205050848444,0.0,0.0,0.0,0.0,0.0,0.0,0.0,0.0,0.0,0.0,0.0,0.0,0.0,0.0,0.0,0.0,0.0,0.0,0.04064718200825544,0.04064718200825544
2018/12/14 14:00:00,2018/12/14 14:00:00,2018/12/14 19:00:00,10.422206990403547,10.422206990403547,9.802431323107854,0.0,0.0,0.0,0.22716107639764072,0.04645748388950332,0.0,0.004972552758379963,0.34118455425017113,0.0,0.0,0.0,0.0,0.0,0.0,0.0,0.0,0.0,0.0,0.0,0.0,0.0,0.0,0.0,0.0,0.0,0.0,0.0,0.0,0.0,0.0,0.0,0.0,0.0,0.035562017931418666,0.035562017931418666
2018/12/14 15:00:00,2018/12/14 15:00:00,2018/12/14 20:00:00,10.967007773256627,10.967007773256627,9.374037532980477,0.0,0.0,0.0,0.2303532769511554,0.04711033167548305,0.0,0.005042429983472414,0.7410571373996557,0.0,0.0,0.0,0.0,0.0,0.0,0.5694070642663849,0.0,0.0,0.0,0.0,0.0,0.0,0.0,0.0,0.0,0.0,0.0,0.0,0.0,0.0,0.0,0.0,0.0,0.0,0.0374209538772036,0.0374209538772036
2018/12/14 16:00:00,2018/12/14 16:00:00,2018/12/14 21:00:00,9.909862417618678,9.909862417618678,9.233296494762378,0.0,0.0,0.0,0.2504788163447321,0.051226274146665876,0.0,0.005482977756939709,0.36937785460796296,0.0,0.0,0.0,0.0,0.0,0.0,0.0,0.0,0.0,0.0,0.0,0.0,0.0,0.0,0.0,0.0,0.0,0.0,0.0,0.0,0.0,0.0,0.0,0.0,0.0,0.03381382708266494,0.03381382708266494
2018/12/14 17:00:00,2018/12/14 17:00:00,2018/12/14 22:00:00,10.033131666007117,10.033131666007117,9.156768392663833,0.0,0.0,0.0,0.305945947631676,0.06257004570746537,0.0,0.006697152478481841,0.50115012752566,0.0,0.0,0.0,0.0,0.0,0.0,0.0,0.0,0.0,0.0,0.0,0.0,0.0,0.0,0.0,0.0,0.0,0.0,0.0,0.0,0.0,0.0,0.0,0.0,0.0,0.034234438880686086,0.034234438880686086
2018/12/14 18:00:00,2018/12/14 18:00:00,2018/12/14 23:00:00,10.279751398999318,10.279751398999318,9.075171252699464,0.0,0.0,0.0,0.4069264191245201,0.08322190518061402,0.0,0.008907613575194035,0.7055242084195247,0.0,0.0,0.0,0.0,0.0,0.0,0.0,0.0,0.0,0.0,0.0,0.0,0.0,0.0,0.0,0.0,0.0,0.0,0.0,0.0,0.0,0.0,0.0,0.0,0.0,0.03507593966597904,0.03507593966597904
2018/12/14 19:00:00,2018/12/14 19:00:00,2018/12/15 00:00:00,10.485530545537257,10.485530545537257,9.1268998332418,0.0,0.0,0.0,0.5052614445357361,0.10333273548333091,0.0,0.011060165894491741,0.7389763663818958,0.0,0.0,0.0,0.0,0.0,0.0,0.0,0.0,0.0,0.0,0.0,0.0,0.0,0.0,0.0,0.0,0.0,0.0,0.0,0.0,0.0,0.0,0.0,0.0,0.0,0.035778086697393054,0.035778086697393054
2018/12/14 20:00:00,2018/12/14 20:00:00,2018/12/15 01:00:00,10.846388156088299,10.846388156088299,8.668486882788521,0.0,0.0,0.0,0.5191166306935479,0.10616630670037282,0.0,0.011363455724067538,0.6836115091075151,0.0,0.0,0.0,0.0,0.0,0.0,0.8576433710742734,0.0,0.0,0.0,0.0,0.0,0.0,0.0,0.0,0.0,0.0,0.0,0.0,0.0,0.0,0.0,0.0,0.0,0.0,0.037009382988948306,0.037009382988948306
2018/12/14 21:00:00,2018/12/14 21:00:00,2018/12/15 02:00:00,11.672610280160365,11.672610280160365,9.142772554364894,0.0,0.0,0.0,0.43517064139894374,0.08899822708441008,0.0,0.009525879202414142,0.6773221072788519,0.0,0.0,0.0,0.0,0.0,0.0,1.3188208708308526,0.0,0.0,0.0,0.0,0.0,0.0,0.0,0.0,0.0,0.0,0.0,0.0,0.0,0.0,0.0,0.0,0.0,0.0,0.039828567641358274,0.039828567641358274
2018/12/14 22:00:00,2018/12/14 22:00:00,2018/12/15 03:00:00,12.020363981850256,12.020363981850256,9.654594227929326,0.0,0.0,0.0,0.3276772071694535,0.06701437946342832,0.0,0.007172849443258015,0.645084447013938,0.0,0.0,0.0,0.0,0.0,0.0,1.3188208708308526,0.0,0.0,0.0,0.0,0.0,0.0,0.0,0.0,0.0,0.0,0.0,0.0,0.0,0.0,0.0,0.0,0.0,0.0,0.04101515157570156,0.04101515157570156
2018/12/14 23:00:00,2018/12/14 23:00:00,2018/12/15 04:00:00,11.23492054078233,11.23492054078233,9.8519384286854,0.0,0.0,0.0,0.28188573431297226,0.05764940969729326,0.0,0.0061704747482896226,0.5486638763632579,0.0,0.0,0.0,0.0,0.0,0.0,0.48861261697511654,0.0,0.0,0.0,0.0,0.0,0.0,0.0,0.0,0.0,0.0,0.0,0.0,0.0,0.0,0.0,0.0,0.0,0.0,0.038335109454000114,0.038335109454000114
2018/12/15 00:00:00,2018/12/15 00:00:00,2018/12/15 05:00:00,10.480400702149488,10.480400702149488,9.854597414573433,0.0,0.0,0.0,0.13094360677997474,0.026779722120023,0.0,0.002866353705536267,0.46521360497051883,0.0,0.0,0.0,0.0,0.0,0.0,0.0,0.0,0.0,0.0,0.0,0.0,0.0,0.0,0.0,0.0,0.0,0.0,0.0,0.0,0.0,0.0,0.0,0.0,0.0,0.03576058295920121,0.03576058295920121
2018/12/15 01:00:00,2018/12/15 01:00:00,2018/12/15 06:00:00,10.580192623742965,10.580192623742965,10.098061392701824,0.0,0.0,0.0,0.06501908921459039,0.013297274945155983,0.0,0.0014232669458539432,0.40239159993554136,0.0,0.0,0.0,0.0,0.0,0.0,0.0,0.0,0.0,0.0,0.0,0.0,0.0,0.0,0.0,0.0,0.0,0.0,0.0,0.0,0.0,0.0,0.0,0.0,0.0,0.03610108685711704,0.03610108685711704
2018/12/15 02:00:00,2018/12/15 02:00:00,2018/12/15 07:00:00,10.540437667937233,10.540437667937233,10.110519739125788,0.0,0.0,0.0,0.03901145352875434,0.00797836496709361,0.0,0.0008539601675123682,0.382074150148087,0.0,0.0,0.0,0.0,0.0,0.0,0.0,0.0,0.0,0.0,0.0,0.0,0.0,0.0,0.0,0.0,0.0,0.0,0.0,0.0,0.0,0.0,0.0,0.0,0.0,0.03596543742580868,0.03596543742580868
2018/12/15 03:00:00,2018/12/15 03:00:00,2018/12/15 08:00:00,10.119158424981892,10.119158424981892,9.735788492164966,0.0,0.0,0.0,0.026007635685836212,0.005318909978062404,0.0,0.0005693067783415784,0.35147408037468464,0.0,0.0,0.0,0.0,0.0,0.0,0.0,0.0,0.0,0.0,0.0,0.0,0.0,0.0,0.0,0.0,0.0,0.0,0.0,0.0,0.0,0.0,0.0,0.0,0.0,0.03452797413171878,0.03452797413171878
2018/12/15 04:00:00,2018/12/15 04:00:00,2018/12/15 09:00:00,10.157240774713024,10.157240774713024,9.788043754215469,0.0,0.0,0.0,0.026007635685836212,0.005318909978062404,0.0,0.0005693067783415784,0.33730116805531524,0.0,0.0,0.0,0.0,0.0,0.0,0.0,0.0,0.0,0.0,0.0,0.0,0.0,0.0,0.0,0.0,0.0,0.0,0.0,0.0,0.0,0.0,0.0,0.0,0.0,0.034657916398769896,0.034657916398769896
2018/12/15 05:00:00,2018/12/15 05:00:00,2018/12/15 10:00:00,10.324606107169625,10.324606107169625,9.972846585750453,0.0,0.0,0.0,0.02876591880464525,0.0058830158345184146,0.0,0.0006296855569084564,0.3164809012231033,0.0,0.0,0.0,0.0,0.0,0.0,0.0,0.0,0.0,0.0,0.0,0.0,0.0,0.0,0.0,0.0,0.0,0.0,0.0,0.0,0.0,0.0,0.0,0.0,0.0,0.03522899016072836,0.03522899016072836
2018/12/15 06:00:00,2018/12/15 06:00:00,2018/12/15 11:00:00,10.35838083944921,10.35838083944921,9.915293083263306,0.0,0.0,0.0,0.07859679435536127,0.01607409757620221,0.0,0.0017204827198804096,0.3466963815344563,0.0,0.0,0.0,0.0,0.0,0.0,0.0,0.0,0.0,0.0,0.0,0.0,0.0,0.0,0.0,0.0,0.0,0.0,0.0,0.0,0.0,0.0,0.0,0.0,0.0,0.03534423423869201,0.03534423423869201
2018/12/15 07:00:00,2018/12/15 07:00:00,2018/12/15 12:00:00,10.92557253761019,10.92557253761019,9.867229955389258,0.0,0.0,0.0,0.18452357674232273,0.03773754390357793,0.0,0.004039218492300221,0.42639470316413536,0.0,0.0,0.0,0.0,0.0,0.0,0.4056475399185969,0.0,0.0,0.0,0.0,0.0,0.0,0.0,0.0,0.0,0.0,0.0,0.0,0.0,0.0,0.0,0.0,0.0,0.0,0.037279571097682145,0.037279571097682145
2018/12/15 08:00:00,2018/12/15 08:00:00,2018/12/15 13:00:00,11.214087025261247,11.214087025261247,9.588812089180644,0.0,0.0,0.0,0.2335098295518684,0.047755888977462434,0.0,0.0051115268753808285,0.48637227993051274,0.0,0.0,0.0,0.0,0.0,0.0,0.8525254107453764,0.0,0.0,0.0,0.0,0.0,0.0,0.0,0.0,0.0,0.0,0.0,0.0,0.0,0.0,0.0,0.0,0.0,0.0,0.03826402260519569,0.03826402260519569
2018/12/15 09:00:00,2018/12/15 09:00:00,2018/12/15 14:00:00,11.587329786526835,11.587329786526835,9.577122472336102,0.0,0.0,0.0,0.24695335769390644,0.05050527061440958,0.0,0.005405805516797518,0.38852200953476496,0.0,0.0,0.0,0.0,0.0,0.0,1.3188208708308526,0.0,0.0,0.0,0.0,0.0,0.0,0.0,0.0,0.0,0.0,0.0,0.0,0.0,0.0,0.0,0.0,0.0,0.0,0.03953757875132872,0.03953757875132872
2018/12/15 10:00:00,2018/12/15 10:00:00,2018/12/15 15:00:00,10.26385641623182,10.26385641623182,8.888471426617253,0.0,0.0,0.0,0.25268234700990755,0.0516769256931404,0.0,0.005531213012120983,0.3027193804123075,0.0,0.0,0.0,0.0,0.0,0.0,0.7627751234870923,0.0,0.0,0.0,0.0,0.0,0.0,0.0,0.0,0.0,0.0,0.0,0.0,0.0,0.0,0.0,0.0,0.0,0.0,0.03502170377690892,0.03502170377690892
2018/12/15 11:00:00,2018/12/15 11:00:00,2018/12/15 16:00:00,8.972827859999287,8.972827859999287,8.370746044753428,0.0,0.0,0.0,0.24574672449634635,0.05025849795764481,0.0,0.00537939233312173,0.30069720045874637,0.0,0.0,0.0,0.0,0.0,0.0,0.0,0.0,0.0,0.0,0.0,0.0,0.0,0.0,0.0,0.0,0.0,0.0,0.0,0.0,0.0,0.0,0.0,0.0,0.0,0.030616535014765852,0.030616535014765852
2018/12/15 12:00:00,2018/12/15 12:00:00,2018/12/15 17:00:00,8.50326040367815,8.50326040367815,7.8928964290606425,0.0,0.0,0.0,0.23613760755858612,0.04829330478983772,0.0,0.00516904889888472,0.3207640133701988,0.0,0.0,0.0,0.0,0.0,0.0,0.0,0.0,0.0,0.0,0.0,0.0,0.0,0.0,0.0,0.0,0.0,0.0,0.0,0.0,0.0,0.0,0.0,0.0,0.0,0.029014305629274022,0.029014305629274022
2018/12/15 13:00:00,2018/12/15 13:00:00,2018/12/15 18:00:00,8.05435867761022,8.05435867761022,7.447879624077146,0.0,0.0,0.0,0.2292019850450249,0.046874877054342116,0.0,0.005017228219885468,0.3253849632138206,0.0,0.0,0.0,0.0,0.0,0.0,0.0,0.0,0.0,0.0,0.0,0.0,0.0,0.0,0.0,0.0,0.0,0.0,0.0,0.0,0.0,0.0,0.0,0.0,0.0,0.02748259058594667,0.02748259058594667
2018/12/15 14:00:00,2018/12/15 14:00:00,2018/12/15 19:00:00,8.487529391933807,8.487529391933807,6.800334814325472,0.0,0.0,0.0,0.22716107639764072,0.04645748388950332,0.0,0.004972552758379963,0.34118455425017113,0.0,0.0,0.0,0.0,0.0,0.0,1.0674189103126384,0.0,0.0,0.0,0.0,0.0,0.0,0.0,0.0,0.0,0.0,0.0,0.0,0.0,0.0,0.0,0.0,0.0,0.0,0.02896062923211104,0.02896062923211104
2018/12/15 15:00:00,2018/12/15 15:00:00,2018/12/15 20:00:00,7.467310975601142,7.467310975601142,6.246009970235095,0.0,0.0,0.0,0.2303532769511554,0.04711033167548305,0.0,0.005042429983472414,0.3818947700095756,0.0,0.0,0.0,0.0,0.0,0.0,0.5569001967463612,0.0,0.0,0.0,0.0,0.0,0.0,0.0,0.0,0.0,0.0,0.0,0.0,0.0,0.0,0.0,0.0,0.0,0.0,0.025479502283760058,0.025479502283760058
2018/12/15 16:00:00,2018/12/15 16:00:00,2018/12/15 21:00:00,6.346261983660814,6.346261983660814,5.6696960608045135,0.0,0.0,0.0,0.2504788163447321,0.051226274146665876,0.0,0.005482977756939709,0.36937785460796296,0.0,0.0,0.0,0.0,0.0,0.0,0.0,0.0,0.0,0.0,0.0,0.0,0.0,0.0,0.0,0.0,0.0,0.0,0.0,0.0,0.0,0.0,0.0,0.0,0.0,0.021654327405724257,0.021654327405724257
2018/12/15 17:00:00,2018/12/15 17:00:00,2018/12/15 22:00:00,6.580967520755718,6.580967520755718,5.704604247412435,0.0,0.0,0.0,0.305945947631676,0.06257004570746537,0.0,0.006697152478481841,0.50115012752566,0.0,0.0,0.0,0.0,0.0,0.0,0.0,0.0,0.0,0.0,0.0,0.0,0.0,0.0,0.0,0.0,0.0,0.0,0.0,0.0,0.0,0.0,0.0,0.0,0.0,0.02245517529969312,0.02245517529969312
2018/12/15 18:00:00,2018/12/15 18:00:00,2018/12/15 23:00:00,7.453569879924698,7.453569879924698,6.248989733624845,0.0,0.0,0.0,0.4069264191245201,0.08322190518061402,0.0,0.008907613575194035,0.7055242084195247,0.0,0.0,0.0,0.0,0.0,0.0,0.0,0.0,0.0,0.0,0.0,0.0,0.0,0.0,0.0,0.0,0.0,0.0,0.0,0.0,0.0,0.0,0.0,0.0,0.0,0.025432615756626892,0.025432615756626892
2018/12/15 19:00:00,2018/12/15 19:00:00,2018/12/16 00:00:00,8.931241762612718,8.931241762612718,6.2659969786005165,0.0,0.0,0.0,0.5052614445357361,0.10333273548333091,0.0,0.011060165894491741,0.7389763663818958,0.0,0.0,0.0,0.0,0.0,0.0,1.3066140717167485,0.0,0.0,0.0,0.0,0.0,0.0,0.0,0.0,0.0,0.0,0.0,0.0,0.0,0.0,0.0,0.0,0.0,0.0,0.030474637474031858,0.030474637474031858
2018/12/15 20:00:00,2018/12/15 20:00:00,2018/12/16 01:00:00,9.940126425642344,9.940126425642344,6.886822966406986,0.0,0.0,0.0,0.5191166306935479,0.10616630670037282,0.0,0.011363455724067538,1.0978361952865172,0.0,0.0,0.0,0.0,0.0,0.0,1.3188208708308526,0.0,0.0,0.0,0.0,0.0,0.0,0.0,0.0,0.0,0.0,0.0,0.0,0.0,0.0,0.0,0.0,0.0,0.0,0.033917092081815814,0.033917092081815814
2018/12/15 21:00:00,2018/12/15 21:00:00,2018/12/16 02:00:00,9.928281683914586,9.928281683914586,7.423183064673698,0.0,0.0,0.0,0.43517064139894374,0.08899822708441008,0.0,0.009525879202414142,0.6773221072788519,0.0,0.0,0.0,0.0,0.0,0.0,1.2940817642762688,0.0,0.0,0.0,0.0,0.0,0.0,0.0,0.0,0.0,0.0,0.0,0.0,0.0,0.0,0.0,0.0,0.0,0.0,0.03387667617776561,0.03387667617776561
2018/12/15 22:00:00,2018/12/15 22:00:00,2018/12/16 03:00:00,8.868478255030592,8.868478255030592,7.821529371940512,0.0,0.0,0.0,0.3276772071694535,0.06701437946342832,0.0,0.007172849443258015,0.645084447013938,0.0,0.0,0.0,0.0,0.0,0.0,0.0,0.0,0.0,0.0,0.0,0.0,0.0,0.0,0.0,0.0,0.0,0.0,0.0,0.0,0.0,0.0,0.0,0.0,0.0,0.030260479668095985,0.030260479668095985
2018/12/15 23:00:00,2018/12/15 23:00:00,2018/12/16 04:00:00,9.07135463468262,9.07135463468262,8.176985139560808,0.0,0.0,0.0,0.28188573431297226,0.05764940969729326,0.0,0.0061704747482896226,0.5486638763632579,0.0,0.0,0.0,0.0,0.0,0.0,0.0,0.0,0.0,0.0,0.0,0.0,0.0,0.0,0.0,0.0,0.0,0.0,0.0,0.0,0.0,0.0,0.0,0.0,0.0,0.030952722055691034,0.030952722055691034
2018/12/16 00:00:00,2018/12/16 00:00:00,2018/12/16 05:00:00,9.210901615593414,9.210901615593414,8.585098328017361,0.0,0.0,0.0,0.13094360677997474,0.026779722120023,0.0,0.002866353705536267,0.46521360497051883,0.0,0.0,0.0,0.0,0.0,0.0,0.0,0.0,0.0,0.0,0.0,0.0,0.0,0.0,0.0,0.0,0.0,0.0,0.0,0.0,0.0,0.0,0.0,0.0,0.0,0.03142887573811112,0.03142887573811112
2018/12/16 01:00:00,2018/12/16 01:00:00,2018/12/16 06:00:00,9.905053264143662,9.905053264143662,9.42292203310252,0.0,0.0,0.0,0.06501908921459039,0.013297274945155983,0.0,0.0014232669458539432,0.40239159993554136,0.0,0.0,0.0,0.0,0.0,0.0,0.0,0.0,0.0,0.0,0.0,0.0,0.0,0.0,0.0,0.0,0.0,0.0,0.0,0.0,0.0,0.0,0.0,0.0,0.0,0.03379741758300034,0.03379741758300034
2018/12/16 02:00:00,2018/12/16 02:00:00,2018/12/16 07:00:00,10.199803532585909,10.199803532585909,9.769885603774462,0.0,0.0,0.0,0.03901145352875434,0.00797836496709361,0.0,0.0008539601675123682,0.382074150148087,0.0,0.0,0.0,0.0,0.0,0.0,0.0,0.0,0.0,0.0,0.0,0.0,0.0,0.0,0.0,0.0,0.0,0.0,0.0,0.0,0.0,0.0,0.0,0.0,0.0,0.03480314644074468,0.03480314644074468
2018/12/16 03:00:00,2018/12/16 03:00:00,2018/12/16 08:00:00,9.918299548852033,9.918299548852033,9.534929616035107,0.0,0.0,0.0,0.026007635685836212,0.005318909978062404,0.0,0.0005693067783415784,0.35147408037468464,0.0,0.0,0.0,0.0,0.0,0.0,0.0,0.0,0.0,0.0,0.0,0.0,0.0,0.0,0.0,0.0,0.0,0.0,0.0,0.0,0.0,0.0,0.0,0.0,0.0,0.033842615746379506,0.033842615746379506
2018/12/16 04:00:00,2018/12/16 04:00:00,2018/12/16 09:00:00,10.148761375502932,10.148761375502932,9.779564355005377,0.0,0.0,0.0,0.026007635685836212,0.005318909978062404,0.0,0.0005693067783415784,0.33730116805531524,0.0,0.0,0.0,0.0,0.0,0.0,0.0,0.0,0.0,0.0,0.0,0.0,0.0,0.0,0.0,0.0,0.0,0.0,0.0,0.0,0.0,0.0,0.0,0.0,0.0,0.03462898351084754,0.03462898351084754
2018/12/16 05:00:00,2018/12/16 05:00:00,2018/12/16 10:00:00,10.412959733820703,10.412959733820703,10.06120021240153,0.0,0.0,0.0,0.02876591880464525,0.0058830158345184146,0.0,0.0006296855569084564,0.3164809012231033,0.0,0.0,0.0,0.0,0.0,0.0,0.0,0.0,0.0,0.0,0.0,0.0,0.0,0.0,0.0,0.0,0.0,0.0,0.0,0.0,0.0,0.0,0.0,0.0,0.0,0.03553046500748246,0.03553046500748246
2018/12/16 06:00:00,2018/12/16 06:00:00,2018/12/16 11:00:00,10.99687965134822,10.99687965134822,10.148198291746262,0.0,0.0,0.0,0.07859679435536127,0.01607409757620221,0.0,0.0017204827198804096,0.3466963815344563,0.0,0.0,0.0,0.0,0.0,0.0,0.4055936034160559,0.0,0.0,0.0,0.0,0.0,0.0,0.0,0.0,0.0,0.0,0.0,0.0,0.0,0.0,0.0,0.0,0.0,0.0,0.037522880874558046,0.037522880874558046
2018/12/16 07:00:00,2018/12/16 07:00:00,2018/12/16 12:00:00,10.884138919431381,10.884138919431381,10.027980524851493,0.0,0.0,0.0,0.18452357674232273,0.03773754390357793,0.0,0.004039218492300221,0.42639470316413536,0.0,0.0,0.0,0.0,0.0,0.0,0.20346335227755252,0.0,0.0,0.0,0.0,0.0,0.0,0.0,0.0,0.0,0.0,0.0,0.0,0.0,0.0,0.0,0.0,0.0,0.0,0.03713819383718491,0.03713819383718491
2018/12/16 08:00:00,2018/12/16 08:00:00,2018/12/16 13:00:00,11.706964448001948,11.706964448001948,9.61539405183587,0.0,0.0,0.0,0.2335098295518684,0.047755888977462434,0.0,0.0051115268753808285,0.48637227993051274,0.0,0.0,0.0,0.0,0.0,0.0,1.3188208708308526,0.0,0.0,0.0,0.0,0.0,0.0,0.0,0.0,0.0,0.0,0.0,0.0,0.0,0.0,0.0,0.0,0.0,0.0,0.03994578883394505,0.03994578883394505
2018/12/16 09:00:00,2018/12/16 09:00:00,2018/12/16 14:00:00,11.786356617465609,11.786356617465609,9.776149303274877,0.0,0.0,0.0,0.24695335769390644,0.05050527061440958,0.0,0.005405805516797518,0.38852200953476496,0.0,0.0,0.0,0.0,0.0,0.0,1.3188208708308526,0.0,0.0,0.0,0.0,0.0,0.0,0.0,0.0,0.0,0.0,0.0,0.0,0.0,0.0,0.0,0.0,0.0,0.0,0.04021668594399867,0.04021668594399867
2018/12/16 10:00:00,2018/12/16 10:00:00,2018/12/16 15:00:00,11.341034982047358,11.341034982047358,9.40960424508903,0.0,0.0,0.0,0.25268234700990755,0.0516769256931404,0.0,0.005531213012120983,0.3027193804123075,0.0,0.0,0.0,0.0,0.0,0.0,1.3188208708308526,0.0,0.0,0.0,0.0,0.0,0.0,0.0,0.0,0.0,0.0,0.0,0.0,0.0,0.0,0.0,0.0,0.0,0.0,0.03869718666725485,0.03869718666725485
2018/12/16 11:00:00,2018/12/16 11:00:00,2018/12/16 16:00:00,10.523647087822264,10.523647087822264,8.568407358077385,0.0,0.0,0.0,0.24574672449634635,0.05025849795764481,0.0,0.00537939233312173,0.33503424412691357,0.0,0.0,0.0,0.0,0.0,0.0,1.3188208708308526,0.0,0.0,0.0,0.0,0.0,0.0,0.0,0.0,0.0,0.0,0.0,0.0,0.0,0.0,0.0,0.0,0.0,0.0,0.03590814563418746,0.03590814563418746
2018/12/16 12:00:00,2018/12/16 12:00:00,2018/12/16 17:00:00,9.196291300465756,9.196291300465756,7.6168630410494655,0.0,0.0,0.0,0.23613760755858612,0.04829330478983772,0.0,0.00516904889888472,1.0948263271285004,0.0,0.0,0.0,0.0,0.0,0.0,0.19500197104048247,0.0,0.0,0.0,0.0,0.0,0.0,0.0,0.0,0.0,0.0,0.0,0.0,0.0,0.0,0.0,0.0,0.0,0.0,0.03137902331347286,0.03137902331347286
2018/12/16 13:00:00,2018/12/16 13:00:00,2018/12/16 18:00:00,7.61826317932382,7.61826317932382,7.011784125790746,0.0,0.0,0.0,0.2292019850450249,0.046874877054342116,0.0,0.005017228219885468,0.3253849632138206,0.0,0.0,0.0,0.0,0.0,0.0,0.0,0.0,0.0,0.0,0.0,0.0,0.0,0.0,0.0,0.0,0.0,0.0,0.0,0.0,0.0,0.0,0.0,0.0,0.0,0.025994572170638705,0.025994572170638705
2018/12/16 14:00:00,2018/12/16 14:00:00,2018/12/16 19:00:00,7.381572115071492,7.381572115071492,6.320088497438159,0.0,0.0,0.0,0.22716107639764072,0.04645748388950332,0.0,0.004972552758379963,0.34118455425017113,0.0,0.0,0.0,0.0,0.0,0.0,0.441707950337638,0.0,0.0,0.0,0.0,0.0,0.0,0.0,0.0,0.0,0.0,0.0,0.0,0.0,0.0,0.0,0.0,0.0,0.0,0.02518694938221221,0.02518694938221221
2018/12/16 15:00:00,2018/12/16 15:00:00,2018/12/16 20:00:00,6.5814543402916446,6.5814543402916446,5.917053531671958,0.0,0.0,0.0,0.2303532769511554,0.04711033167548305,0.0,0.005042429983472414,0.3818947700095756,0.0,0.0,0.0,0.0,0.0,0.0,0.0,0.0,0.0,0.0,0.0,0.0,0.0,0.0,0.0,0.0,0.0,0.0,0.0,0.0,0.0,0.0,0.0,0.0,0.0,0.022456836395570598,0.022456836395570598
2018/12/16 16:00:00,2018/12/16 16:00:00,2018/12/16 21:00:00,6.3079683255334364,6.3079683255334364,5.6009561918035935,0.0,0.0,0.0,0.2504788163447321,0.051226274146665876,0.0,0.005482977756939709,0.3998240654815043,0.0,0.0,0.0,0.0,0.0,0.0,0.0,0.0,0.0,0.0,0.0,0.0,0.0,0.0,0.0,0.0,0.0,0.0,0.0,0.0,0.0,0.0,0.0,0.0,0.0,0.021523664125073685,0.021523664125073685
2018/12/16 17:00:00,2018/12/16 17:00:00,2018/12/16 22:00:00,7.107255779869409,7.107255779869409,5.544541501422127,0.0,0.0,0.0,0.305945947631676,0.06257004570746537,0.0,0.006697152478481841,1.1875011326296598,0.0,0.0,0.0,0.0,0.0,0.0,0.0,0.0,0.0,0.0,0.0,0.0,0.0,0.0,0.0,0.0,0.0,0.0,0.0,0.0,0.0,0.0,0.0,0.0,0.0,0.024250943943026456,0.024250943943026456
2018/12/16 18:00:00,2018/12/16 18:00:00,2018/12/16 23:00:00,7.020068075074103,7.020068075074103,5.81548792877425,0.0,0.0,0.0,0.4069264191245201,0.08322190518061402,0.0,0.008907613575194035,0.7055242084195247,0.0,0.0,0.0,0.0,0.0,0.0,0.0,0.0,0.0,0.0,0.0,0.0,0.0,0.0,0.0,0.0,0.0,0.0,0.0,0.0,0.0,0.0,0.0,0.0,0.0,0.02395344738359477,0.02395344738359477
2018/12/16 19:00:00,2018/12/16 19:00:00,2018/12/17 00:00:00,8.134324008090372,8.134324008090372,5.971943530409943,0.0,0.0,0.0,0.5052614445357361,0.10333273548333091,0.0,0.011060165894491741,0.7389763663818958,0.0,0.0,0.0,0.0,0.0,0.0,0.8037497653849746,0.0,0.0,0.0,0.0,0.0,0.0,0.0,0.0,0.0,0.0,0.0,0.0,0.0,0.0,0.0,0.0,0.0,0.0,0.027755443401002583,0.027755443401002583
2018/12/16 20:00:00,2018/12/16 20:00:00,2018/12/17 01:00:00,8.374027520585006,8.374027520585006,6.679434342141368,0.0,0.0,0.0,0.5191166306935479,0.10616630670037282,0.0,0.011363455724067538,0.6836115091075151,0.0,0.0,0.0,0.0,0.0,0.0,0.3743352762181342,0.0,0.0,0.0,0.0,0.0,0.0,0.0,0.0,0.0,0.0,0.0,0.0,0.0,0.0,0.0,0.0,0.0,0.0,0.028573345081271184,0.028573345081271184
2018/12/16 21:00:00,2018/12/16 21:00:00,2018/12/17 02:00:00,8.621772488213649,8.621772488213649,7.372463974376081,0.0,0.0,0.0,0.43517064139894374,0.08899822708441008,0.0,0.009525879202414142,0.7156137661518006,0.0,0.0,0.0,0.0,0.0,0.0,0.0,0.0,0.0,0.0,0.0,0.0,0.0,0.0,0.0,0.0,0.0,0.0,0.0,0.0,0.0,0.0,0.0,0.0,0.0,0.029418685323442623,0.029418685323442623
2018/12/16 22:00:00,2018/12/16 22:00:00,2018/12/17 03:00:00,10.184473032809768,10.184473032809768,8.2099750163418,0.0,0.0,0.0,0.3276772071694535,0.06701437946342832,0.0,0.007172849443258015,1.5082959206422475,0.0,0.0,0.0,0.0,0.0,0.0,0.06433765974957877,0.0,0.0,0.0,0.0,0.0,0.0,0.0,0.0,0.0,0.0,0.0,0.0,0.0,0.0,0.0,0.0,0.0,0.0,0.034750836646049686,0.034750836646049686
2018/12/16 23:00:00,2018/12/16 23:00:00,2018/12/17 04:00:00,10.12122390164063,10.12122390164063,8.420432840726157,0.0,0.0,0.0,0.28188573431297226,0.05764940969729326,0.0,0.0061704747482896226,0.5486638763632579,0.0,0.0,0.0,0.0,0.0,0.0,0.8064215657926606,0.0,0.0,0.0,0.0,0.0,0.0,0.0,0.0,0.0,0.0,0.0,0.0,0.0,0.0,0.0,0.0,0.0,0.0,0.03453502182498016,0.03453502182498016
2018/12/17 00:00:00,2018/12/17 00:00:00,2018/12/17 05:00:00,9.885907561462615,9.885907561462615,8.750013032726754,0.0,0.0,0.0,0.13094360677997474,0.026779722120023,0.0,0.002866353705536267,0.46521360497051883,0.0,0.0,0.0,0.0,0.0,0.0,0.5100912411598076,0.0,0.0,0.0,0.0,0.0,0.0,0.0,0.0,0.0,0.0,0.0,0.0,0.0,0.0,0.0,0.0,0.0,0.0,0.03373208978604908,0.03373208978604908
2018/12/17 01:00:00,2018/12/17 01:00:00,2018/12/17 06:00:00,9.874663864166566,9.874663864166566,9.258530405500705,0.0,0.0,0.0,0.06501908921459039,0.013297274945155983,0.0,0.0014232669458539432,0.40239159993554136,0.0,0.0,0.0,0.0,0.0,0.0,0.13400222762471994,0.0,0.0,0.0,0.0,0.0,0.0,0.0,0.0,0.0,0.0,0.0,0.0,0.0,0.0,0.0,0.0,0.0,0.0,0.03369372472908699,0.03369372472908699
2018/12/17 02:00:00,2018/12/17 02:00:00,2018/12/17 07:00:00,9.381256394296969,9.381256394296969,8.951338465485524,0.0,0.0,0.0,0.03901145352875434,0.00797836496709361,0.0,0.0008539601675123682,0.382074150148087,0.0,0.0,0.0,0.0,0.0,0.0,0.0,0.0,0.0,0.0,0.0,0.0,0.0,0.0,0.0,0.0,0.0,0.0,0.0,0.0,0.0,0.0,0.0,0.0,0.0,0.03201014990590848,0.03201014990590848
2018/12/17 03:00:00,2018/12/17 03:00:00,2018/12/17 08:00:00,9.244265594105665,9.244265594105665,8.860895661288739,0.0,0.0,0.0,0.026007635685836212,0.005318909978062404,0.0,0.0005693067783415784,0.35147408037468464,0.0,0.0,0.0,0.0,0.0,0.0,0.0,0.0,0.0,0.0,0.0,0.0,0.0,0.0,0.0,0.0,0.0,0.0,0.0,0.0,0.0,0.0,0.0,0.0,0.0,0.03154271826716553,0.03154271826716553
2018/12/17 04:00:00,2018/12/17 04:00:00,2018/12/17 09:00:00,9.445461436325692,9.445461436325692,9.076264415828136,0.0,0.0,0.0,0.026007635685836212,0.005318909978062404,0.0,0.0005693067783415784,0.33730116805531524,0.0,0.0,0.0,0.0,0.0,0.0,0.0,0.0,0.0,0.0,0.0,0.0,0.0,0.0,0.0,0.0,0.0,0.0,0.0,0.0,0.0,0.0,0.0,0.0,0.0,0.0322292264276102,0.0322292264276102
2018/12/17 05:00:00,2018/12/17 05:00:00,2018/12/17 10:00:00,9.950321890500932,9.950321890500932,9.254802044826063,0.0,0.0,0.0,0.02876591880464525,0.0058830158345184146,0.0,0.0006296855569084564,0.3164809012231033,0.0,0.0,0.0,0.0,0.0,0.0,0.3437603242556947,0.0,0.0,0.0,0.0,0.0,0.0,0.0,0.0,0.0,0.0,0.0,0.0,0.0,0.0,0.0,0.0,0.0,0.0,0.03395188042409822,0.03395188042409822
2018/12/17 06:00:00,2018/12/17 06:00:00,2018/12/17 11:00:00,10.193938248573248,10.193938248573248,9.675043042646317,0.0,0.0,0.0,0.07859679435536127,0.01607409757620221,0.0,0.0017204827198804096,0.3466963815344563,0.0,0.0,0.0,0.0,0.0,0.0,0.07580744974102949,0.0,0.0,0.0,0.0,0.0,0.0,0.0,0.0,0.0,0.0,0.0,0.0,0.0,0.0,0.0,0.0,0.0,0.0,0.03478313327698549,0.03478313327698549
2018/12/17 07:00:00,2018/12/17 07:00:00,2018/12/17 12:00:00,10.042483012329765,10.042483012329765,9.38978797002743,0.0,0.0,0.0,0.18452357674232273,0.03773754390357793,0.0,0.004039218492300221,0.42639470316413536,0.0,0.0,0.0,0.0,0.0,0.0,0.0,0.0,0.0,0.0,0.0,0.0,0.0,0.0,0.0,0.0,0.0,0.0,0.0,0.0,0.0,0.0,0.0,0.0,0.0,0.03426634697327292,0.03426634697327292
2018/12/17 08:00:00,2018/12/17 08:00:00,2018/12/17 13:00:00,10.553229046938586,10.553229046938586,9.405684774953054,0.0,0.0,0.0,0.2335098295518684,0.047755888977462434,0.0,0.0051115268753808285,0.48637227993051274,0.0,0.0,0.0,0.0,0.0,0.0,0.3747947466503067,0.0,0.0,0.0,0.0,0.0,0.0,0.0,0.0,0.0,0.0,0.0,0.0,0.0,0.0,0.0,0.0,0.0,0.0,0.03600908338772755,0.03600908338772755
2018/12/17 09:00:00,2018/12/17 09:00:00,2018/12/17 14:00:00,11.358945025813977,11.358945025813977,9.2755774889975,0.0,0.0,0.0,0.24695335769390644,0.05050527061440958,0.0,0.005405805516797518,0.46168223216050985,0.0,0.0,0.0,0.0,0.0,0.0,1.3188208708308526,0.0,0.0,0.0,0.0,0.0,0.0,0.0,0.0,0.0,0.0,0.0,0.0,0.0,0.0,0.0,0.0,0.0,0.0,0.03875829822435284,0.03875829822435284
2018/12/17 10:00:00,2018/12/17 10:00:00,2018/12/17 15:00:00,12.7847283266522,12.7847283266522,9.187755510349442,0.0,0.0,0.0,0.25268234700990755,0.0516769256931404,0.0,0.005531213012120983,1.968261459756738,0.0,0.0,0.0,0.0,0.0,0.0,1.3188208708308526,0.0,0.0,0.0,0.0,0.0,0.0,0.0,0.0,0.0,0.0,0.0,0.0,0.0,0.0,0.0,0.0,0.0,0.0,0.04362326889298498,0.04362326889298498
2018/12/17 11:00:00,2018/12/17 11:00:00,2018/12/17 16:00:00,10.83989542896625,10.83989542896625,8.548875242911928,0.0,0.0,0.0,0.24574672449634635,0.05025849795764481,0.0,0.00537939233312173,0.6708147004363559,0.0,0.0,0.0,0.0,0.0,0.0,1.3188208708308526,0.0,0.0,0.0,0.0,0.0,0.0,0.0,0.0,0.0,0.0,0.0,0.0,0.0,0.0,0.0,0.0,0.0,0.0,0.03698722890214589,0.03698722890214589
2018/12/17 12:00:00,2018/12/17 12:00:00,2018/12/17 17:00:00,10.308951326417915,10.308951326417915,8.275563319190331,0.0,0.0,0.0,0.23613760755858612,0.04829330478983772,0.0,0.00516904889888472,0.42496717514942167,0.0,0.0,0.0,0.0,0.0,0.0,1.3188208708308526,0.0,0.0,0.0,0.0,0.0,0.0,0.0,0.0,0.0,0.0,0.0,0.0,0.0,0.0,0.0,0.0,0.0,0.0,0.03517557387430099,0.03517557387430099
2018/12/17 13:00:00,2018/12/17 13:00:00,2018/12/17 18:00:00,10.693426376514676,10.693426376514676,8.004523786613325,0.0,0.0,0.0,0.2292019850450249,0.046874877054342116,0.0,0.005017228219885468,1.1617565474822777,0.0,0.0,0.0,0.0,0.0,0.0,1.2460519520998217,0.0,0.0,0.0,0.0,0.0,0.0,0.0,0.0,0.0,0.0,0.0,0.0,0.0,0.0,0.0,0.0,0.0,0.0,0.03648745615012927,0.03648745615012927
2018/12/17 14:00:00,2018/12/17 14:00:00,2018/12/17 19:00:00,8.530287025128857,8.530287025128857,7.910511357833161,0.0,0.0,0.0,0.22716107639764072,0.04645748388950332,0.0,0.004972552758379963,0.34118455425017113,0.0,0.0,0.0,0.0,0.0,0.0,0.0,0.0,0.0,0.0,0.0,0.0,0.0,0.0,0.0,0.0,0.0,0.0,0.0,0.0,0.0,0.0,0.0,0.0,0.0,0.029106524215753896,0.029106524215753896
2018/12/17 15:00:00,2018/12/17 15:00:00,2018/12/17 20:00:00,8.472902482710468,8.472902482710468,7.403044585448702,0.0,0.0,0.0,0.2303532769511554,0.04711033167548305,0.0,0.005042429983472414,0.3818947700095756,0.0,0.0,0.0,0.0,0.0,0.0,0.40545708864207947,0.0,0.0,0.0,0.0,0.0,0.0,0.0,0.0,0.0,0.0,0.0,0.0,0.0,0.0,0.0,0.0,0.0,0.0,0.02891072018611334,0.02891072018611334
2018/12/17 16:00:00,2018/12/17 16:00:00,2018/12/17 21:00:00,7.614224606687283,7.614224606687283,6.937658683830982,0.0,0.0,0.0,0.2504788163447321,0.051226274146665876,0.0,0.005482977756939709,0.36937785460796296,0.0,0.0,0.0,0.0,0.0,0.0,0.0,0.0,0.0,0.0,0.0,0.0,0.0,0.0,0.0,0.0,0.0,0.0,0.0,0.0,0.0,0.0,0.0,0.0,0.0,0.025980791999831304,0.025980791999831304
2018/12/17 17:00:00,2018/12/17 17:00:00,2018/12/17 22:00:00,8.222631585343512,8.222631585343512,6.940835895475298,0.0,0.0,0.0,0.305945947631676,0.06257004570746537,0.0,0.006697152478481841,0.50115012752566,0.0,0.0,0.0,0.0,0.0,0.0,0.4054324165249312,0.0,0.0,0.0,0.0,0.0,0.0,0.0,0.0,0.0,0.0,0.0,0.0,0.0,0.0,0.0,0.0,0.0,0.0,0.02805676112081451,0.02805676112081451
2018/12/17 18:00:00,2018/12/17 18:00:00,2018/12/17 23:00:00,8.54311812576108,8.54311812576108,7.3385379794612255,0.0,0.0,0.0,0.4069264191245201,0.08322190518061402,0.0,0.008907613575194035,0.7055242084195247,0.0,0.0,0.0,0.0,0.0,0.0,0.0,0.0,0.0,0.0,0.0,0.0,0.0,0.0,0.0,0.0,0.0,0.0,0.0,0.0,0.0,0.0,0.0,0.0,0.0,0.029150305713394758,0.029150305713394758
2018/12/17 19:00:00,2018/12/17 19:00:00,2018/12/18 00:00:00,9.465674159304152,9.465674159304152,7.7479059049160295,0.0,0.0,0.0,0.5052614445357361,0.10333273548333091,0.0,0.011060165894491741,0.7389763663818958,0.0,0.0,0.0,0.0,0.0,0.0,0.35913754209266785,0.0,0.0,0.0,0.0,0.0,0.0,0.0,0.0,0.0,0.0,0.0,0.0,0.0,0.0,0.0,0.0,0.0,0.0,0.03229819504602899,0.03229819504602899
2018/12/17 20:00:00,2018/12/17 20:00:00,2018/12/18 01:00:00,10.750232350515867,10.750232350515867,8.111153577459513,0.0,0.0,0.0,0.5191166306935479,0.10616630670037282,0.0,0.011363455724067538,0.6836115091075151,0.0,0.0,0.0,0.0,0.0,0.0,1.3188208708308526,0.0,0.0,0.0,0.0,0.0,0.0,0.0,0.0,0.0,0.0,0.0,0.0,0.0,0.0,0.0,0.0,0.0,0.0,0.036681286023965226,0.036681286023965226
2018/12/17 21:00:00,2018/12/17 21:00:00,2018/12/18 02:00:00,10.304777602738554,10.304777602738554,8.63256273849266,0.0,0.0,0.0,0.43517064139894374,0.08899822708441008,0.0,0.009525879202414142,0.6773221072788519,0.0,0.0,0.0,0.0,0.0,0.0,0.46119800928127547,0.0,0.0,0.0,0.0,0.0,0.0,0.0,0.0,0.0,0.0,0.0,0.0,0.0,0.0,0.0,0.0,0.0,0.0,0.035161332549362524,0.035161332549362524
2018/12/17 22:00:00,2018/12/17 22:00:00,2018/12/18 03:00:00,10.15628005606843,10.15628005606843,8.816713252302394,0.0,0.0,0.0,0.3276772071694535,0.06701437946342832,0.0,0.007172849443258015,0.645084447013938,0.0,0.0,0.0,0.0,0.0,0.0,0.29261792067595893,0.0,0.0,0.0,0.0,0.0,0.0,0.0,0.0,0.0,0.0,0.0,0.0,0.0,0.0,0.0,0.0,0.0,0.0,0.03465463829330744,0.03465463829330744
2018/12/17 23:00:00,2018/12/17 23:00:00,2018/12/18 04:00:00,10.277928090491592,10.277928090491592,9.109942942532516,0.0,0.0,0.0,0.28188573431297226,0.05764940969729326,0.0,0.0061704747482896226,0.5486638763632579,0.0,0.0,0.0,0.0,0.0,0.0,0.27361565283726436,0.0,0.0,0.0,0.0,0.0,0.0,0.0,0.0,0.0,0.0,0.0,0.0,0.0,0.0,0.0,0.0,0.0,0.0,0.035069718284086907,0.035069718284086907
2018/12/18 00:00:00,2018/12/18 00:00:00,2018/12/18 05:00:00,10.282325396905343,10.282325396905343,9.65652210932929,0.0,0.0,0.0,0.13094360677997474,0.026779722120023,0.0,0.002866353705536267,0.46521360497051883,0.0,0.0,0.0,0.0,0.0,0.0,0.0,0.0,0.0,0.0,0.0,0.0,0.0,0.0,0.0,0.0,0.0,0.0,0.0,0.0,0.0,0.0,0.0,0.0,0.0,0.03508472250437151,0.03508472250437151
2018/12/18 01:00:00,2018/12/18 01:00:00,2018/12/18 06:00:00,11.1446096256971,11.1446096256971,10.66247839465596,0.0,0.0,0.0,0.06501908921459039,0.013297274945155983,0.0,0.0014232669458539432,0.40239159993554136,0.0,0.0,0.0,0.0,0.0,0.0,0.0,0.0,0.0,0.0,0.0,0.0,0.0,0.0,0.0,0.0,0.0,0.0,0.0,0.0,0.0,0.0,0.0,0.0,0.0,0.038026956067234635,0.038026956067234635
2018/12/18 02:00:00,2018/12/18 02:00:00,2018/12/18 07:00:00,11.217711434593877,11.217711434593877,10.78779350578243,0.0,0.0,0.0,0.03901145352875434,0.00797836496709361,0.0,0.0008539601675123682,0.382074150148087,0.0,0.0,0.0,0.0,0.0,0.0,0.0,0.0,0.0,0.0,0.0,0.0,0.0,0.0,0.0,0.0,0.0,0.0,0.0,0.0,0.0,0.0,0.0,0.0,0.0,0.03827638959328146,0.03827638959328146
2018/12/18 03:00:00,2018/12/18 03:00:00,2018/12/18 08:00:00,10.69146816957863,10.69146816957863,10.308098236761705,0.0,0.0,0.0,0.026007635685836212,0.005318909978062404,0.0,0.0005693067783415784,0.35147408037468464,0.0,0.0,0.0,0.0,0.0,0.0,0.0,0.0,0.0,0.0,0.0,0.0,0.0,0.0,0.0,0.0,0.0,0.0,0.0,0.0,0.0,0.0,0.0,0.0,0.0,0.03648077447606185,0.03648077447606185
2018/12/18 04:00:00,2018/12/18 04:00:00,2018/12/18 09:00:00,10.542575672170463,10.542575672170463,10.173378651672907,0.0,0.0,0.0,0.026007635685836212,0.005318909978062404,0.0,0.0005693067783415784,0.33730116805531524,0.0,0.0,0.0,0.0,0.0,0.0,0.0,0.0,0.0,0.0,0.0,0.0,0.0,0.0,0.0,0.0,0.0,0.0,0.0,0.0,0.0,0.0,0.0,0.0,0.0,0.03597273259322856,0.03597273259322856
2018/12/18 05:00:00,2018/12/18 05:00:00,2018/12/18 10:00:00,10.920722945041867,10.920722945041867,10.153374485180827,0.0,0.0,0.0,0.02876591880464525,0.0058830158345184146,0.0,0.0006296855569084564,0.3164809012231033,0.0,0.0,0.0,0.0,0.0,0.0,0.41558893844186756,0.0,0.0,0.0,0.0,0.0,0.0,0.0,0.0,0.0,0.0,0.0,0.0,0.0,0.0,0.0,0.0,0.0,0.0,0.03726302361421405,0.03726302361421405
2018/12/18 06:00:00,2018/12/18 06:00:00,2018/12/18 11:00:00,10.564136301146858,10.564136301146858,10.121048544960955,0.0,0.0,0.0,0.07859679435536127,0.01607409757620221,0.0,0.0017204827198804096,0.3466963815344563,0.0,0.0,0.0,0.0,0.0,0.0,0.0,0.0,0.0,0.0,0.0,0.0,0.0,0.0,0.0,0.0,0.0,0.0,0.0,0.0,0.0,0.0,0.0,0.0,0.0,0.03604630045414105,0.03604630045414105
2018/12/18 07:00:00,2018/12/18 07:00:00,2018/12/18 12:00:00,10.76947710159252,10.76947710159252,10.116782059290184,0.0,0.0,0.0,0.18452357674232273,0.03773754390357793,0.0,0.004039218492300221,0.42639470316413536,0.0,0.0,0.0,0.0,0.0,0.0,0.0,0.0,0.0,0.0,0.0,0.0,0.0,0.0,0.0,0.0,0.0,0.0,0.0,0.0,0.0,0.0,0.0,0.0,0.0,0.03674695178780044,0.03674695178780044
2018/12/18 08:00:00,2018/12/18 08:00:00,2018/12/18 13:00:00,11.0815568680687,11.0815568680687,9.546652002131001,0.0,0.0,0.0,0.2335098295518684,0.047755888977462434,0.0,0.0051115268753808285,0.5844296437462715,0.0,0.0,0.0,0.0,0.0,0.0,0.6640979767867156,0.0,0.0,0.0,0.0,0.0,0.0,0.0,0.0,0.0,0.0,0.0,0.0,0.0,0.0,0.0,0.0,0.0,0.0,0.037811811299963055,0.037811811299963055
2018/12/18 09:00:00,2018/12/18 09:00:00,2018/12/18 14:00:00,13.047559814069874,13.047559814069874,8.826838669690767,0.0,0.0,0.0,0.24695335769390644,0.05050527061440958,0.0,0.005405805516797518,2.59903583972314,0.0,0.0,0.0,0.0,0.0,0.0,1.3188208708308526,0.0,0.0,0.0,0.0,0.0,0.0,0.0,0.0,0.0,0.0,0.0,0.0,0.0,0.0,0.0,0.0,0.0,0.0,0.044520086436245734,0.044520086436245734
2018/12/18 10:00:00,2018/12/18 10:00:00,2018/12/18 15:00:00,10.449686285460423,10.449686285460423,8.518255548502095,0.0,0.0,0.0,0.25268234700990755,0.0516769256931404,0.0,0.005531213012120983,0.3027193804123075,0.0,0.0,0.0,0.0,0.0,0.0,1.3188208708308526,0.0,0.0,0.0,0.0,0.0,0.0,0.0,0.0,0.0,0.0,0.0,0.0,0.0,0.0,0.0,0.0,0.0,0.0,0.035655781103120704,0.035655781103120704
2018/12/18 11:00:00,2018/12/18 11:00:00,2018/12/18 16:00:00,9.514010535547252,9.514010535547252,7.593107849470541,0.0,0.0,0.0,0.24574672449634635,0.05025849795764481,0.0,0.00537939233312173,0.30069720045874637,0.0,0.0,0.0,0.0,0.0,0.0,1.3188208708308526,0.0,0.0,0.0,0.0,0.0,0.0,0.0,0.0,0.0,0.0,0.0,0.0,0.0,0.0,0.0,0.0,0.0,0.0,0.032463125475858265,0.032463125475858265
2018/12/18 12:00:00,2018/12/18 12:00:00,2018/12/18 17:00:00,9.101234243104996,9.101234243104996,7.172049397656634,0.0,0.0,0.0,0.23613760755858612,0.04829330478983772,0.0,0.00516904889888472,0.3207640133701988,0.0,0.0,0.0,0.0,0.0,0.0,1.3188208708308526,0.0,0.0,0.0,0.0,0.0,0.0,0.0,0.0,0.0,0.0,0.0,0.0,0.0,0.0,0.0,0.0,0.0,0.0,0.03105467543000788,0.03105467543000788
2018/12/18 13:00:00,2018/12/18 13:00:00,2018/12/18 18:00:00,8.322776574146243,8.322776574146243,6.872389676083944,0.0,0.0,0.0,0.2292019850450249,0.046874877054342116,0.0,0.005017228219885468,0.3253849632138206,0.0,0.0,0.0,0.0,0.0,0.0,0.8439078445292274,0.0,0.0,0.0,0.0,0.0,0.0,0.0,0.0,0.0,0.0,0.0,0.0,0.0,0.0,0.0,0.0,0.0,0.0,0.028398469733090553,0.028398469733090553
2018/12/18 14:00:00,2018/12/18 14:00:00,2018/12/18 19:00:00,7.087689246693681,7.087689246693681,6.467913579397986,0.0,0.0,0.0,0.22716107639764072,0.04645748388950332,0.0,0.004972552758379963,0.34118455425017113,0.0,0.0,0.0,0.0,0.0,0.0,0.0,0.0,0.0,0.0,0.0,0.0,0.0,0.0,0.0,0.0,0.0,0.0,0.0,0.0,0.0,0.0,0.0,0.0,0.0,0.024184180213972555,0.024184180213972555
2018/12/18 15:00:00,2018/12/18 15:00:00,2018/12/18 20:00:00,6.888290369632878,6.888290369632878,6.223889561013191,0.0,0.0,0.0,0.2303532769511554,0.04711033167548305,0.0,0.005042429983472414,0.3818947700095756,0.0,0.0,0.0,0.0,0.0,0.0,0.0,0.0,0.0,0.0,0.0,0.0,0.0,0.0,0.0,0.0,0.0,0.0,0.0,0.0,0.0,0.0,0.0,0.0,0.0,0.02350380354825576,0.02350380354825576
2018/12/18 16:00:00,2018/12/18 16:00:00,2018/12/18 21:00:00,6.884397328265775,6.884397328265775,6.207831405409474,0.0,0.0,0.0,0.2504788163447321,0.051226274146665876,0.0,0.005482977756939709,0.36937785460796296,0.0,0.0,0.0,0.0,0.0,0.0,0.0,0.0,0.0,0.0,0.0,0.0,0.0,0.0,0.0,0.0,0.0,0.0,0.0,0.0,0.0,0.0,0.0,0.0,0.0,0.02349051995035446,0.02349051995035446
2018/12/18 17:00:00,2018/12/18 17:00:00,2018/12/18 22:00:00,7.354907507591398,7.354907507591398,6.4785442342481145,0.0,0.0,0.0,0.305945947631676,0.06257004570746537,0.0,0.006697152478481841,0.50115012752566,0.0,0.0,0.0,0.0,0.0,0.0,0.0,0.0,0.0,0.0,0.0,0.0,0.0,0.0,0.0,0.0,0.0,0.0,0.0,0.0,0.0,0.0,0.0,0.0,0.0,0.025095966037685043,0.025095966037685043
2018/12/18 18:00:00,2018/12/18 18:00:00,2018/12/18 23:00:00,8.002701527965115,8.002701527965115,6.798121381665263,0.0,0.0,0.0,0.4069264191245201,0.08322190518061402,0.0,0.008907613575194035,0.7055242084195247,0.0,0.0,0.0,0.0,0.0,0.0,0.0,0.0,0.0,0.0,0.0,0.0,0.0,0.0,0.0,0.0,0.0,0.0,0.0,0.0,0.0,0.0,0.0,0.0,0.0,0.027306329216002994,0.027306329216002994
2018/12/18 19:00:00,2018/12/18 19:00:00,2018/12/19 00:00:00,8.803901976442631,8.803901976442631,7.445271264147177,0.0,0.0,0.0,0.5052614445357361,0.10333273548333091,0.0,0.011060165894491741,0.7389763663818958,0.0,0.0,0.0,0.0,0.0,0.0,0.0,0.0,0.0,0.0,0.0,0.0,0.0,0.0,0.0,0.0,0.0,0.0,0.0,0.0,0.0,0.0,0.0,0.0,0.0,0.030040136435688126,0.030040136435688126
2018/12/18 20:00:00,2018/12/18 20:00:00,2018/12/19 01:00:00,10.660097663695167,10.660097663695167,7.727521443737775,0.0,0.0,0.0,0.5191166306935479,0.10616630670037282,0.0,0.011363455724067538,1.018073563395663,0.0,0.0,0.0,0.0,0.0,0.0,1.2778562634437398,0.0,0.0,0.0,0.0,0.0,0.0,0.0,0.0,0.0,0.0,0.0,0.0,0.0,0.0,0.0,0.0,0.0,0.0,0.03637373395251702,0.03637373395251702
2018/12/18 21:00:00,2018/12/18 21:00:00,2018/12/19 02:00:00,18.112283994976575,18.112283994976575,7.889372463045902,0.0,0.0,0.0,0.43517064139894374,0.08899822708441008,0.0,0.009525879202414142,8.370395913414052,0.0,0.0,0.0,0.0,0.0,0.0,1.3188208708308526,0.0,0.0,0.0,0.0,0.0,0.0,0.0,0.0,0.0,0.0,0.0,0.0,0.0,0.0,0.0,0.0,0.0,0.0,0.06180162884899337,0.06180162884899337
2018/12/18 22:00:00,2018/12/18 22:00:00,2018/12/19 03:00:00,14.165973897649838,14.165973897649838,8.2650617216737,0.0,0.0,0.0,0.3276772071694535,0.06701437946342832,0.0,0.007172849443258015,4.180226869069144,0.0,0.0,0.0,0.0,0.0,0.0,1.3188208708308526,0.0,0.0,0.0,0.0,0.0,0.0,0.0,0.0,0.0,0.0,0.0,0.0,0.0,0.0,0.0,0.0,0.0,0.0,0.0483362706409582,0.0483362706409582
2018/12/18 23:00:00,2018/12/18 23:00:00,2018/12/19 04:00:00,12.73015267513701,12.73015267513701,8.71576871421478,0.0,0.0,0.0,0.28188573431297226,0.05764940969729326,0.0,0.0061704747482896226,2.3498574713328217,0.0,0.0,0.0,0.0,0.0,0.0,1.3188208708308526,0.0,0.0,0.0,0.0,0.0,0.0,0.0,0.0,0.0,0.0,0.0,0.0,0.0,0.0,0.0,0.0,0.0,0.0,0.04343704918927068,0.04343704918927068
2018/12/19 00:00:00,2018/12/19 00:00:00,2018/12/19 05:00:00,11.903676628659218,11.903676628659218,9.913191753823964,0.0,0.0,0.0,0.13094360677997474,0.026779722120023,0.0,0.002866353705536267,0.5110743213988677,0.0,0.0,0.0,0.0,0.0,0.0,1.3188208708308526,0.0,0.0,0.0,0.0,0.0,0.0,0.0,0.0,0.0,0.0,0.0,0.0,0.0,0.0,0.0,0.0,0.0,0.0,0.040616998118341685,0.040616998118341685
2018/12/19 01:00:00,2018/12/19 01:00:00,2018/12/19 06:00:00,14.497851941113307,14.497851941113307,11.66305858569009,0.0,0.0,0.0,0.06501908921459039,0.013297274945155983,0.0,0.0014232669458539432,1.4362328534867663,0.0,0.0,0.0,0.0,0.0,0.0,1.3188208708308526,0.0,0.0,0.0,0.0,0.0,0.0,0.0,0.0,0.0,0.0,0.0,0.0,0.0,0.0,0.0,0.0,0.0,0.0,0.04946868462424976,0.04946868462424976
2018/12/19 02:00:00,2018/12/19 02:00:00,2018/12/19 07:00:00,13.804209327382909,13.804209327382909,11.972423608440199,0.0,0.0,0.0,0.03901145352875434,0.00797836496709361,0.0,0.0008539601675123682,0.46512106944849735,0.0,0.0,0.0,0.0,0.0,0.0,1.3188208708308526,0.0,0.0,0.0,0.0,0.0,0.0,0.0,0.0,0.0,0.0,0.0,0.0,0.0,0.0,0.0,0.0,0.0,0.0,0.04710187967687254,0.04710187967687254
2018/12/19 03:00:00,2018/12/19 03:00:00,2018/12/19 08:00:00,14.423811966679759,14.423811966679759,10.779028705165985,0.0,0.0,0.0,0.026007635685836212,0.005318909978062404,0.0,0.0005693067783415784,2.294066538240683,0.0,0.0,0.0,0.0,0.0,0.0,1.3188208708308526,0.0,0.0,0.0,0.0,0.0,0.0,0.0,0.0,0.0,0.0,0.0,0.0,0.0,0.0,0.0,0.0,0.0,0.0,0.04921604994707706,0.04921604994707706
2018/12/19 04:00:00,2018/12/19 04:00:00,2018/12/19 09:00:00,14.005219334486108,14.005219334486108,10.775882103732775,0.0,0.0,0.0,0.026007635685836212,0.005318909978062404,0.0,0.0005693067783415784,2.0008681188303856,0.0,0.0,0.0,0.0,0.0,0.0,1.1965732594807075,0.0,0.0,0.0,0.0,0.0,0.0,0.0,0.0,0.0,0.0,0.0,0.0,0.0,0.0,0.0,0.0,0.0,0.0,0.04778775374208546,0.04778775374208546
2018/12/19 05:00:00,2018/12/19 05:00:00,2018/12/19 10:00:00,12.875568772843256,12.875568772843256,10.829019030913004,0.0,0.0,0.0,0.02876591880464525,0.0058830158345184146,0.0,0.0006296855569084564,2.011271121734182,0.0,0.0,0.0,0.0,0.0,0.0,0.0,0.0,0.0,0.0,0.0,0.0,0.0,0.0,0.0,0.0,0.0,0.0,0.0,0.0,0.0,0.0,0.0,0.0,0.0,0.04393322911343722,0.04393322911343722
2018/12/19 06:00:00,2018/12/19 06:00:00,2018/12/19 11:00:00,11.44605240738774,11.44605240738774,11.002964651201838,0.0,0.0,0.0,0.07859679435536127,0.01607409757620221,0.0,0.0017204827198804096,0.3466963815344563,0.0,0.0,0.0,0.0,0.0,0.0,0.0,0.0,0.0,0.0,0.0,0.0,0.0,0.0,0.0,0.0,0.0,0.0,0.0,0.0,0.0,0.0,0.0,0.0,0.0,0.03905552070979544,0.03905552070979544
2018/12/19 07:00:00,2018/12/19 07:00:00,2018/12/19 12:00:00,11.648745751236781,11.648745751236781,10.996050708934446,0.0,0.0,0.0,0.18452357674232273,0.03773754390357793,0.0,0.004039218492300221,0.42639470316413536,0.0,0.0,0.0,0.0,0.0,0.0,0.0,0.0,0.0,0.0,0.0,0.0,0.0,0.0,0.0,0.0,0.0,0.0,0.0,0.0,0.0,0.0,0.0,0.0,0.0,0.0397471385538064,0.0397471385538064
2018/12/19 08:00:00,2018/12/19 08:00:00,2018/12/19 13:00:00,11.721366899157603,11.721366899157603,10.948617373822378,0.0,0.0,0.0,0.2335098295518684,0.047755888977462434,0.0,0.0051115268753808285,0.48637227993051274,0.0,0.0,0.0,0.0,0.0,0.0,0.0,0.0,0.0,0.0,0.0,0.0,0.0,0.0,0.0,0.0,0.0,0.0,0.0,0.0,0.0,0.0,0.0,0.0,0.0,0.039994931997837824,0.039994931997837824
2018/12/19 09:00:00,2018/12/19 09:00:00,2018/12/19 14:00:00,11.677348142549421,11.677348142549421,10.985961699189541,0.0,0.0,0.0,0.24695335769390644,0.05050527061440958,0.0,0.005405805516797518,0.38852200953476496,0.0,0.0,0.0,0.0,0.0,0.0,0.0,0.0,0.0,0.0,0.0,0.0,0.0,0.0,0.0,0.0,0.0,0.0,0.0,0.0,0.0,0.0,0.0,0.0,0.0,0.039844733885935006,0.039844733885935006
2018/12/19 10:00:00,2018/12/19 10:00:00,2018/12/19 15:00:00,11.708990138153201,11.708990138153201,11.096380272025725,0.0,0.0,0.0,0.25268234700990755,0.0516769256931404,0.0,0.005531213012120983,0.3027193804123075,0.0,0.0,0.0,0.0,0.0,0.0,0.0,0.0,0.0,0.0,0.0,0.0,0.0,0.0,0.0,0.0,0.0,0.0,0.0,0.0,0.0,0.0,0.0,0.0,0.0,0.03995270077011641,0.03995270077011641
2018/12/19 11:00:00,2018/12/19 11:00:00,2018/12/19 16:00:00,11.552932802830389,11.552932802830389,10.950850987584529,0.0,0.0,0.0,0.24574672449634635,0.05025849795764481,0.0,0.00537939233312173,0.30069720045874637,0.0,0.0,0.0,0.0,0.0,0.0,0.0,0.0,0.0,0.0,0.0,0.0,0.0,0.0,0.0,0.0,0.0,0.0,0.0,0.0,0.0,0.0,0.0,0.0,0.0,0.03942021146509788,0.03942021146509788
2018/12/19 12:00:00,2018/12/19 12:00:00,2018/12/19 17:00:00,11.379268503123662,11.379268503123662,10.330726436786339,0.0,0.0,0.0,0.23613760755858612,0.04829330478983772,0.0,0.00516904889888472,0.3207640133701988,0.0,0.0,0.0,0.0,0.0,0.0,0.43817809171981753,0.0,0.0,0.0,0.0,0.0,0.0,0.0,0.0,0.0,0.0,0.0,0.0,0.0,0.0,0.0,0.0,0.0,0.0,0.03882764475193392,0.03882764475193392
2018/12/19 13:00:00,2018/12/19 13:00:00,2018/12/19 18:00:00,12.199542031165475,12.199542031165475,10.27424210680155,0.0,0.0,0.0,0.2292019850450249,0.046874877054342116,0.0,0.005017228219885468,0.3253849632138206,0.0,0.0,0.0,0.0,0.0,0.0,1.3188208708308526,0.0,0.0,0.0,0.0,0.0,0.0,0.0,0.0,0.0,0.0,0.0,0.0,0.0,0.0,0.0,0.0,0.0,0.0,0.041626531968408355,0.041626531968408355
2018/12/19 14:00:00,2018/12/19 14:00:00,2018/12/19 19:00:00,11.728439393380633,11.728439393380633,10.108486270348404,0.0,0.0,0.0,0.22716107639764072,0.04645748388950332,0.0,0.004972552758379963,0.34118455425017113,0.0,0.0,0.0,0.0,0.0,0.0,1.000177455736535,0.0,0.0,0.0,0.0,0.0,0.0,0.0,0.0,0.0,0.0,0.0,0.0,0.0,0.0,0.0,0.0,0.0,0.0,0.04001906433052041,0.04001906433052041
2018/12/19 15:00:00,2018/12/19 15:00:00,2018/12/19 20:00:00,10.96782618173749,10.96782618173749,10.303425373117804,0.0,0.0,0.0,0.2303532769511554,0.04711033167548305,0.0,0.005042429983472414,0.3818947700095756,0.0,0.0,0.0,0.0,0.0,0.0,0.0,0.0,0.0,0.0,0.0,0.0,0.0,0.0,0.0,0.0,0.0,0.0,0.0,0.0,0.0,0.0,0.0,0.0,0.0,0.03742374640062004,0.03742374640062004
2018/12/19 16:00:00,2018/12/19 16:00:00,2018/12/19 21:00:00,11.178425173334672,11.178425173334672,10.415091796360699,0.0,0.0,0.0,0.2504788163447321,0.051226274146665876,0.0,0.005482977756939709,0.4561453087256356,0.0,0.0,0.0,0.0,0.0,0.0,0.0,0.0,0.0,0.0,0.0,0.0,0.0,0.0,0.0,0.0,0.0,0.0,0.0,0.0,0.0,0.0,0.0,0.0,0.0,0.03814233941286913,0.03814233941286913
2018/12/19 17:00:00,2018/12/19 17:00:00,2018/12/19 22:00:00,13.987335074134126,13.987335074134126,10.371926067534906,0.0,0.0,0.0,0.305945947631676,0.06257004570746537,0.0,0.006697152478481841,2.606600749448547,0.0,0.0,0.0,0.0,0.0,0.0,0.6335951113330502,0.0,0.0,0.0,0.0,0.0,0.0,0.0,0.0,0.0,0.0,0.0,0.0,0.0,0.0,0.0,0.0,0.0,0.0,0.04772673016157963,0.04772673016157963
2018/12/19 18:00:00,2018/12/19 18:00:00,2018/12/19 23:00:00,14.665199580933784,14.665199580933784,9.948588235297985,0.0,0.0,0.0,0.4069264191245201,0.08322190518061402,0.0,0.008907613575194035,4.074495448683224,0.0,0.0,0.0,0.0,0.0,0.0,0.14305995907224658,0.0,0.0,0.0,0.0,0.0,0.0,0.0,0.0,0.0,0.0,0.0,0.0,0.0,0.0,0.0,0.0,0.0,0.0,0.050039698016476196,0.050039698016476196
2018/12/19 19:00:00,2018/12/19 19:00:00,2018/12/20 00:00:00,11.680412297546088,11.680412297546088,10.321781585250632,0.0,0.0,0.0,0.5052614445357361,0.10333273548333091,0.0,0.011060165894491741,0.7389763663818958,0.0,0.0,0.0,0.0,0.0,0.0,0.0,0.0,0.0,0.0,0.0,0.0,0.0,0.0,0.0,0.0,0.0,0.0,0.0,0.0,0.0,0.0,0.0,0.0,0.0,0.03985518920840524,0.03985518920840524
2018/12/19 20:00:00,2018/12/19 20:00:00,2018/12/20 01:00:00,11.520079452195713,11.520079452195713,10.194548764955547,0.0,0.0,0.0,0.5191166306935479,0.10616630670037282,0.0,0.011363455724067538,0.6888842941221767,0.0,0.0,0.0,0.0,0.0,0.0,0.0,0.0,0.0,0.0,0.0,0.0,0.0,0.0,0.0,0.0,0.0,0.0,0.0,0.0,0.0,0.0,0.0,0.0,0.0,0.03930811126928971,0.03930811126928971
2018/12/19 21:00:00,2018/12/19 21:00:00,2018/12/20 02:00:00,11.53029266287691,11.53029266287691,10.200411056251017,0.0,0.0,0.0,0.43517064139894374,0.08899822708441008,0.0,0.009525879202414142,0.7961868589401253,0.0,0.0,0.0,0.0,0.0,0.0,0.0,0.0,0.0,0.0,0.0,0.0,0.0,0.0,0.0,0.0,0.0,0.0,0.0,0.0,0.0,0.0,0.0,0.0,0.0,0.03934296016278381,0.03934296016278381
2018/12/19 22:00:00,2018/12/19 22:00:00,2018/12/20 03:00:00,11.290524554916447,11.290524554916447,10.24357567182637,0.0,0.0,0.0,0.3276772071694535,0.06701437946342832,0.0,0.007172849443258015,0.645084447013938,0.0,0.0,0.0,0.0,0.0,0.0,0.0,0.0,0.0,0.0,0.0,0.0,0.0,0.0,0.0,0.0,0.0,0.0,0.0,0.0,0.0,0.0,0.0,0.0,0.0,0.038524838073813274,0.038524838073813274
2018/12/19 23:00:00,2018/12/19 23:00:00,2018/12/20 04:00:00,11.113990888654321,11.113990888654321,10.219621393532508,0.0,0.0,0.0,0.28188573431297226,0.05764940969729326,0.0,0.0061704747482896226,0.5486638763632579,0.0,0.0,0.0,0.0,0.0,0.0,0.0,0.0,0.0,0.0,0.0,0.0,0.0,0.0,0.0,0.0,0.0,0.0,0.0,0.0,0.0,0.0,0.0,0.0,0.0,0.03792248068339747,0.03792248068339747
2018/12/20 00:00:00,2018/12/20 00:00:00,2018/12/20 05:00:00,10.911859231272171,10.911859231272171,10.286055943696118,0.0,0.0,0.0,0.13094360677997474,0.026779722120023,0.0,0.002866353705536267,0.46521360497051883,0.0,0.0,0.0,0.0,0.0,0.0,0.0,0.0,0.0,0.0,0.0,0.0,0.0,0.0,0.0,0.0,0.0,0.0,0.0,0.0,0.0,0.0,0.0,0.0,0.0,0.03723277939163172,0.03723277939163172
2018/12/20 01:00:00,2018/12/20 01:00:00,2018/12/20 06:00:00,11.546179586737221,11.546179586737221,10.884938178561237,0.0,0.0,0.0,0.06501908921459039,0.013297274945155983,0.0,0.0014232669458539432,0.40239159993554136,0.0,0.0,0.0,0.0,0.0,0.0,0.1791101771348424,0.0,0.0,0.0,0.0,0.0,0.0,0.0,0.0,0.0,0.0,0.0,0.0,0.0,0.0,0.0,0.0,0.0,0.0,0.0393971685537432,0.0393971685537432
2018/12/20 02:00:00,2018/12/20 02:00:00,2018/12/20 07:00:00,11.653465830105487,11.653465830105487,10.996932035457613,0.0,0.0,0.0,0.03901145352875434,0.00797836496709361,0.0,0.0008539601675123682,0.382074150148087,0.0,0.0,0.0,0.0,0.0,0.0,0.2266158658364298,0.0,0.0,0.0,0.0,0.0,0.0,0.0,0.0,0.0,0.0,0.0,0.0,0.0,0.0,0.0,0.0,0.0,0.0,0.03976324411854151,0.03976324411854151
2018/12/20 03:00:00,2018/12/20 03:00:00,2018/12/20 08:00:00,10.807999449361757,10.807999449361757,10.424629516544831,0.0,0.0,0.0,0.026007635685836212,0.005318909978062404,0.0,0.0005693067783415784,0.35147408037468464,0.0,0.0,0.0,0.0,0.0,0.0,0.0,0.0,0.0,0.0,0.0,0.0,0.0,0.0,0.0,0.0,0.0,0.0,0.0,0.0,0.0,0.0,0.0,0.0,0.0,0.03687839538927481,0.03687839538927481
2018/12/20 04:00:00,2018/12/20 04:00:00,2018/12/20 09:00:00,10.50404503940183,10.50404503940183,10.134848018904275,0.0,0.0,0.0,0.026007635685836212,0.005318909978062404,0.0,0.0005693067783415784,0.33730116805531524,0.0,0.0,0.0,0.0,0.0,0.0,0.0,0.0,0.0,0.0,0.0,0.0,0.0,0.0,0.0,0.0,0.0,0.0,0.0,0.0,0.0,0.0,0.0,0.0,0.0,0.03584126072218544,0.03584126072218544
2018/12/20 05:00:00,2018/12/20 05:00:00,2018/12/20 10:00:00,10.393176815087912,10.393176815087912,10.041417293668738,0.0,0.0,0.0,0.02876591880464525,0.0058830158345184146,0.0,0.0006296855569084564,0.3164809012231033,0.0,0.0,0.0,0.0,0.0,0.0,0.0,0.0,0.0,0.0,0.0,0.0,0.0,0.0,0.0,0.0,0.0,0.0,0.0,0.0,0.0,0.0,0.0,0.0,0.0,0.035462962940851175,0.035462962940851175
2018/12/20 06:00:00,2018/12/20 06:00:00,2018/12/20 11:00:00,10.455766948815304,10.455766948815304,10.012679192629403,0.0,0.0,0.0,0.07859679435536127,0.01607409757620221,0.0,0.0017204827198804096,0.3466963815344563,0.0,0.0,0.0,0.0,0.0,0.0,0.0,0.0,0.0,0.0,0.0,0.0,0.0,0.0,0.0,0.0,0.0,0.0,0.0,0.0,0.0,0.0,0.0,0.0,0.0,0.03567652917111247,0.03567652917111247
2018/12/20 07:00:00,2018/12/20 07:00:00,2018/12/20 12:00:00,10.343821222274272,10.343821222274272,9.691126179971935,0.0,0.0,0.0,0.18452357674232273,0.03773754390357793,0.0,0.004039218492300221,0.42639470316413536,0.0,0.0,0.0,0.0,0.0,0.0,0.0,0.0,0.0,0.0,0.0,0.0,0.0,0.0,0.0,0.0,0.0,0.0,0.0,0.0,0.0,0.0,0.0,0.0,0.0,0.03529455480251055,0.03529455480251055
2018/12/20 08:00:00,2018/12/20 08:00:00,2018/12/20 13:00:00,10.231690178387915,10.231690178387915,9.034721812707271,0.0,0.0,0.0,0.2335098295518684,0.047755888977462434,0.0,0.0051115268753808285,0.48637227993051274,0.0,0.0,0.0,0.0,0.0,0.0,0.42421884034541724,0.0,0.0,0.0,0.0,0.0,0.0,0.0,0.0,0.0,0.0,0.0,0.0,0.0,0.0,0.0,0.0,0.0,0.0,0.03491194810538518,0.03491194810538518
2018/12/20 09:00:00,2018/12/20 09:00:00,2018/12/20 14:00:00,11.295949561398094,11.295949561398094,9.285742247207363,0.0,0.0,0.0,0.24695335769390644,0.05050527061440958,0.0,0.005405805516797518,0.38852200953476496,0.0,0.0,0.0,0.0,0.0,0.0,1.3188208708308526,0.0,0.0,0.0,0.0,0.0,0.0,0.0,0.0,0.0,0.0,0.0,0.0,0.0,0.0,0.0,0.0,0.0,0.0,0.03854334894948059,0.03854334894948059
2018/12/20 10:00:00,2018/12/20 10:00:00,2018/12/20 15:00:00,10.833406477837467,10.833406477837467,8.90197574087914,0.0,0.0,0.0,0.25268234700990755,0.0516769256931404,0.0,0.005531213012120983,0.3027193804123075,0.0,0.0,0.0,0.0,0.0,0.0,1.3188208708308526,0.0,0.0,0.0,0.0,0.0,0.0,0.0,0.0,0.0,0.0,0.0,0.0,0.0,0.0,0.0,0.0,0.0,0.0,0.036965087699556996,0.036965087699556996
2018/12/20 11:00:00,2018/12/20 11:00:00,2018/12/20 16:00:00,10.62652022627863,10.62652022627863,8.705617540201917,0.0,0.0,0.0,0.24574672449634635,0.05025849795764481,0.0,0.00537939233312173,0.30069720045874637,0.0,0.0,0.0,0.0,0.0,0.0,1.3188208708308526,0.0,0.0,0.0,0.0,0.0,0.0,0.0,0.0,0.0,0.0,0.0,0.0,0.0,0.0,0.0,0.0,0.0,0.0,0.03625916307203101,0.03625916307203101
2018/12/20 12:00:00,2018/12/20 12:00:00,2018/12/20 17:00:00,9.256180052828567,9.256180052828567,8.53552531401873,0.0,0.0,0.0,0.23613760755858612,0.04829330478983772,0.0,0.00516904889888472,0.3207640133701988,0.0,0.0,0.0,0.0,0.0,0.0,0.11029076419232989,0.0,0.0,0.0,0.0,0.0,0.0,0.0,0.0,0.0,0.0,0.0,0.0,0.0,0.0,0.0,0.0,0.0,0.0,0.0315833720552871,0.0315833720552871
2018/12/20 13:00:00,2018/12/20 13:00:00,2018/12/20 18:00:00,8.880167547002987,8.880167547002987,8.273688493469912,0.0,0.0,0.0,0.2292019850450249,0.046874877054342116,0.0,0.005017228219885468,0.3253849632138206,0.0,0.0,0.0,0.0,0.0,0.0,0.0,0.0,0.0,0.0,0.0,0.0,0.0,0.0,0.0,0.0,0.0,0.0,0.0,0.0,0.0,0.0,0.0,0.0,0.0,0.03030036515598839,0.03030036515598839
2018/12/20 14:00:00,2018/12/20 14:00:00,2018/12/20 19:00:00,8.680971525979134,8.680971525979134,8.06119585868344,0.0,0.0,0.0,0.22716107639764072,0.04645748388950332,0.0,0.004972552758379963,0.34118455425017113,0.0,0.0,0.0,0.0,0.0,0.0,0.0,0.0,0.0,0.0,0.0,0.0,0.0,0.0,0.0,0.0,0.0,0.0,0.0,0.0,0.0,0.0,0.0,0.0,0.0,0.029620680663247075,0.029620680663247075
2018/12/20 15:00:00,2018/12/20 15:00:00,2018/12/20 20:00:00,8.56693088597602,8.56693088597602,7.855138583084254,0.0,0.0,0.0,0.2303532769511554,0.04711033167548305,0.0,0.005042429983472414,0.42928626428165617,0.0,0.0,0.0,0.0,0.0,0.0,0.0,0.0,0.0,0.0,0.0,0.0,0.0,0.0,0.0,0.0,0.0,0.0,0.0,0.0,0.0,0.0,0.0,0.0,0.0,0.029231558158921898,0.029231558158921898
2018/12/20 16:00:00,2018/12/20 16:00:00,2018/12/20 21:00:00,9.625008328509722,9.625008328509722,7.4588431854512995,0.0,0.0,0.0,0.2504788163447321,0.051226274146665876,0.0,0.005482977756939709,1.4533121293180298,0.0,0.0,0.0,0.0,0.0,0.0,0.40566494549205206,0.0,0.0,0.0,0.0,0.0,0.0,0.0,0.0,0.0,0.0,0.0,0.0,0.0,0.0,0.0,0.0,0.0,0.0,0.03284186536341891,0.03284186536341891
2018/12/20 17:00:00,2018/12/20 17:00:00,2018/12/20 22:00:00,8.642205253648832,8.642205253648832,7.414517461949774,0.0,0.0,0.0,0.305945947631676,0.06257004570746537,0.0,0.006697152478481841,0.8524746458814354,0.0,0.0,0.0,0.0,0.0,0.0,0.0,0.0,0.0,0.0,0.0,0.0,0.0,0.0,0.0,0.0,0.0,0.0,0.0,0.0,0.0,0.0,0.0,0.0,0.0,0.029488404757288398,0.029488404757288398
2018/12/20 18:00:00,2018/12/20 18:00:00,2018/12/20 23:00:00,8.432726577850497,8.432726577850497,7.228146431550643,0.0,0.0,0.0,0.4069264191245201,0.08322190518061402,0.0,0.008907613575194035,0.7055242084195247,0.0,0.0,0.0,0.0,0.0,0.0,0.0,0.0,0.0,0.0,0.0,0.0,0.0,0.0,0.0,0.0,0.0,0.0,0.0,0.0,0.0,0.0,0.0,0.0,0.0,0.028773634418160658,0.028773634418160658
2018/12/20 19:00:00,2018/12/20 19:00:00,2018/12/21 00:00:00,8.681701493844187,8.681701493844187,6.826331918765114,0.0,0.0,0.0,0.5052614445357361,0.10333273548333091,0.0,0.011060165894491741,0.7389763663818958,0.0,0.0,0.0,0.0,0.0,0.0,0.4967388627836179,0.0,0.0,0.0,0.0,0.0,0.0,0.0,0.0,0.0,0.0,0.0,0.0,0.0,0.0,0.0,0.0,0.0,0.0,0.029623171414997665,0.029623171414997665
2018/12/20 20:00:00,2018/12/20 20:00:00,2018/12/21 01:00:00,9.479789819270819,9.479789819270819,6.840711046214462,0.0,0.0,0.0,0.5191166306935479,0.10616630670037282,0.0,0.011363455724067538,0.6836115091075151,0.0,0.0,0.0,0.0,0.0,0.0,1.3188208708308526,0.0,0.0,0.0,0.0,0.0,0.0,0.0,0.0,0.0,0.0,0.0,0.0,0.0,0.0,0.0,0.0,0.0,0.0,0.03234635963854866,0.03234635963854866
2018/12/20 21:00:00,2018/12/20 21:00:00,2018/12/21 02:00:00,10.106605544627055,10.106605544627055,7.576767818831582,0.0,0.0,0.0,0.43517064139894374,0.08899822708441008,0.0,0.009525879202414142,0.6773221072788519,0.0,0.0,0.0,0.0,0.0,0.0,1.3188208708308526,0.0,0.0,0.0,0.0,0.0,0.0,0.0,0.0,0.0,0.0,0.0,0.0,0.0,0.0,0.0,0.0,0.0,0.0,0.034485141960310106,0.034485141960310106
2018/12/20 22:00:00,2018/12/20 22:00:00,2018/12/21 03:00:00,10.518381978852958,10.518381978852958,8.152612224932028,0.0,0.0,0.0,0.3276772071694535,0.06701437946342832,0.0,0.007172849443258015,0.645084447013938,0.0,0.0,0.0,0.0,0.0,0.0,1.3188208708308526,0.0,0.0,0.0,0.0,0.0,0.0,0.0,0.0,0.0,0.0,0.0,0.0,0.0,0.0,0.0,0.0,0.0,0.0,0.035890180351042564,0.035890180351042564
2018/12/20 23:00:00,2018/12/20 23:00:00,2018/12/21 04:00:00,9.931782728599389,9.931782728599389,8.230173354694244,0.0,0.0,0.0,0.28188573431297226,0.05764940969729326,0.0,0.0061704747482896226,0.5486638763632579,0.0,0.0,0.0,0.0,0.0,0.0,0.8072398787833316,0.0,0.0,0.0,0.0,0.0,0.0,0.0,0.0,0.0,0.0,0.0,0.0,0.0,0.0,0.0,0.0,0.0,0.0,0.033888622228537224,0.033888622228537224
2018/12/21 00:00:00,2018/12/21 00:00:00,2018/12/21 05:00:00,9.057678669641751,9.057678669641751,8.431875382065698,0.0,0.0,0.0,0.13094360677997474,0.026779722120023,0.0,0.002866353705536267,0.46521360497051883,0.0,0.0,0.0,0.0,0.0,0.0,0.0,0.0,0.0,0.0,0.0,0.0,0.0,0.0,0.0,0.0,0.0,0.0,0.0,0.0,0.0,0.0,0.0,0.0,0.0,0.030906057763333314,0.030906057763333314
2018/12/21 01:00:00,2018/12/21 01:00:00,2018/12/21 06:00:00,9.596136817126638,9.596136817126638,9.114005586085495,0.0,0.0,0.0,0.06501908921459039,0.013297274945155983,0.0,0.0014232669458539432,0.40239159993554136,0.0,0.0,0.0,0.0,0.0,0.0,0.0,0.0,0.0,0.0,0.0,0.0,0.0,0.0,0.0,0.0,0.0,0.0,0.0,0.0,0.0,0.0,0.0,0.0,0.0,0.03274335175622825,0.03274335175622825
2018/12/21 02:00:00,2018/12/21 02:00:00,2018/12/21 07:00:00,10.084808671765058,10.084808671765058,9.654890742953613,0.0,0.0,0.0,0.03901145352875434,0.00797836496709361,0.0,0.0008539601675123682,0.382074150148087,0.0,0.0,0.0,0.0,0.0,0.0,0.0,0.0,0.0,0.0,0.0,0.0,0.0,0.0,0.0,0.0,0.0,0.0,0.0,0.0,0.0,0.0,0.0,0.0,0.0,0.03441076800244486,0.03441076800244486
2018/12/21 03:00:00,2018/12/21 03:00:00,2018/12/21 08:00:00,10.017619393361874,10.017619393361874,9.634249460544948,0.0,0.0,0.0,0.026007635685836212,0.005318909978062404,0.0,0.0005693067783415784,0.35147408037468464,0.0,0.0,0.0,0.0,0.0,0.0,0.0,0.0,0.0,0.0,0.0,0.0,0.0,0.0,0.0,0.0,0.0,0.0,0.0,0.0,0.0,0.0,0.0,0.0,0.0,0.034181508851712845,0.034181508851712845
2018/12/21 04:00:00,2018/12/21 04:00:00,2018/12/21 09:00:00,9.880879355877997,9.880879355877997,9.511682335380442,0.0,0.0,0.0,0.026007635685836212,0.005318909978062404,0.0,0.0005693067783415784,0.33730116805531524,0.0,0.0,0.0,0.0,0.0,0.0,0.0,0.0,0.0,0.0,0.0,0.0,0.0,0.0,0.0,0.0,0.0,0.0,0.0,0.0,0.0,0.0,0.0,0.0,0.0,0.03371493285015944,0.03371493285015944
2018/12/21 05:00:00,2018/12/21 05:00:00,2018/12/21 10:00:00,10.081544931242908,10.081544931242908,9.729785409823734,0.0,0.0,0.0,0.02876591880464525,0.0058830158345184146,0.0,0.0006296855569084564,0.3164809012231033,0.0,0.0,0.0,0.0,0.0,0.0,0.0,0.0,0.0,0.0,0.0,0.0,0.0,0.0,0.0,0.0,0.0,0.0,0.0,0.0,0.0,0.0,0.0,0.0,0.0,0.034399631666438564,0.034399631666438564
2018/12/21 06:00:00,2018/12/21 06:00:00,2018/12/21 11:00:00,10.22019058839135,10.22019058839135,9.777102832205449,0.0,0.0,0.0,0.07859679435536127,0.01607409757620221,0.0,0.0017204827198804096,0.3466963815344563,0.0,0.0,0.0,0.0,0.0,0.0,0.0,0.0,0.0,0.0,0.0,0.0,0.0,0.0,0.0,0.0,0.0,0.0,0.0,0.0,0.0,0.0,0.0,0.0,0.0,0.03487270990698456,0.03487270990698456
2018/12/21 07:00:00,2018/12/21 07:00:00,2018/12/21 12:00:00,10.789312495177281,10.789312495177281,8.828348697834588,0.0,0.0,0.0,0.18452357674232273,0.03773754390357793,0.0,0.004039218492300221,0.42639470316413536,0.0,0.0,0.0,0.0,0.0,0.0,1.3082687550403582,0.0,0.0,0.0,0.0,0.0,0.0,0.0,0.0,0.0,0.0,0.0,0.0,0.0,0.0,0.0,0.0,0.0,0.0,0.03681463290591559,0.03681463290591559
2018/12/21 08:00:00,2018/12/21 08:00:00,2018/12/21 13:00:00,11.66723049858091,11.66723049858091,9.575660102414831,0.0,0.0,0.0,0.2335098295518684,0.047755888977462434,0.0,0.0051115268753808285,0.48637227993051274,0.0,0.0,0.0,0.0,0.0,0.0,1.3188208708308526,0.0,0.0,0.0,0.0,0.0,0.0,0.0,0.0,0.0,0.0,0.0,0.0,0.0,0.0,0.0,0.0,0.0,0.0,0.03981021107933913,0.03981021107933913
2018/12/21 09:00:00,2018/12/21 09:00:00,2018/12/21 14:00:00,11.368252562752371,11.368252562752371,9.35804524856164,0.0,0.0,0.0,0.24695335769390644,0.05050527061440958,0.0,0.005405805516797518,0.38852200953476496,0.0,0.0,0.0,0.0,0.0,0.0,1.3188208708308526,0.0,0.0,0.0,0.0,0.0,0.0,0.0,0.0,0.0,0.0,0.0,0.0,0.0,0.0,0.0,0.0,0.0,0.0,0.03879005683323532,0.03879005683323532
2018/12/21 10:00:00,2018/12/21 10:00:00,2018/12/21 15:00:00,11.145351760728632,11.145351760728632,9.213921023770304,0.0,0.0,0.0,0.25268234700990755,0.0516769256931404,0.0,0.005531213012120983,0.3027193804123075,0.0,0.0,0.0,0.0,0.0,0.0,1.3188208708308526,0.0,0.0,0.0,0.0,0.0,0.0,0.0,0.0,0.0,0.0,0.0,0.0,0.0,0.0,0.0,0.0,0.0,0.0,0.03802948833504731,0.03802948833504731
2018/12/21 11:00:00,2018/12/21 11:00:00,2018/12/21 16:00:00,10.750603469797898,10.750603469797898,8.969323962028602,0.0,0.0,0.0,0.24574672449634635,0.05025849795764481,0.0,0.00537939233312173,0.30069720045874637,0.0,0.0,0.0,0.0,0.0,0.0,1.1791976925234358,0.0,0.0,0.0,0.0,0.0,0.0,0.0,0.0,0.0,0.0,0.0,0.0,0.0,0.0,0.0,0.0,0.0,0.0,0.03668255233450525,0.03668255233450525
2018/12/21 12:00:00,2018/12/21 12:00:00,2018/12/21 17:00:00,9.502702706421877,9.502702706421877,8.52338680916934,0.0,0.0,0.0,0.23613760755858612,0.04829330478983772,0.0,0.00516904889888472,0.3207640133701988,0.0,0.0,0.0,0.0,0.0,0.0,0.3689519226350294,0.0,0.0,0.0,0.0,0.0,0.0,0.0,0.0,0.0,0.0,0.0,0.0,0.0,0.0,0.0,0.0,0.0,0.0,0.03242454159218638,0.03242454159218638
2018/12/21 13:00:00,2018/12/21 13:00:00,2018/12/21 18:00:00,10.526177012281774,10.526177012281774,8.641681968126694,0.0,0.0,0.0,0.2292019850450249,0.046874877054342116,0.0,0.005017228219885468,0.3253849632138206,0.0,0.0,0.0,0.0,0.0,0.0,1.2780159906220088,0.0,0.0,0.0,0.0,0.0,0.0,0.0,0.0,0.0,0.0,0.0,0.0,0.0,0.0,0.0,0.0,0.0,0.0,0.03591677808785847,0.03591677808785847
2018/12/21 14:00:00,2018/12/21 14:00:00,2018/12/21 19:00:00,9.498448444129977,9.498448444129977,8.878672776834282,0.0,0.0,0.0,0.22716107639764072,0.04645748388950332,0.0,0.004972552758379963,0.34118455425017113,0.0,0.0,0.0,0.0,0.0,0.0,0.0,0.0,0.0,0.0,0.0,0.0,0.0,0.0,0.0,0.0,0.0,0.0,0.0,0.0,0.0,0.0,0.0,0.0,0.0,0.03241002545831485,0.03241002545831485
2018/12/21 15:00:00,2018/12/21 15:00:00,2018/12/21 20:00:00,10.303677688910835,10.303677688910835,8.704684370275691,0.0,0.0,0.0,0.2303532769511554,0.04711033167548305,0.0,0.005042429983472414,0.7410571373996557,0.0,0.0,0.0,0.0,0.0,0.0,0.5754301426253777,0.0,0.0,0.0,0.0,0.0,0.0,0.0,0.0,0.0,0.0,0.0,0.0,0.0,0.0,0.0,0.0,0.0,0.0,0.035157579490600555,0.035157579490600555
2018/12/21 16:00:00,2018/12/21 16:00:00,2018/12/21 21:00:00,9.61981947200825,9.61981947200825,8.94325354915195,0.0,0.0,0.0,0.2504788163447321,0.051226274146665876,0.0,0.005482977756939709,0.36937785460796296,0.0,0.0,0.0,0.0,0.0,0.0,0.0,0.0,0.0,0.0,0.0,0.0,0.0,0.0,0.0,0.0,0.0,0.0,0.0,0.0,0.0,0.0,0.0,0.0,0.0,0.032824160264285994,0.032824160264285994
2018/12/21 17:00:00,2018/12/21 17:00:00,2018/12/21 22:00:00,10.318320661405826,10.318320661405826,9.441957388062542,0.0,0.0,0.0,0.305945947631676,0.06257004570746537,0.0,0.006697152478481841,0.50115012752566,0.0,0.0,0.0,0.0,0.0,0.0,0.0,0.0,0.0,0.0,0.0,0.0,0.0,0.0,0.0,0.0,0.0,0.0,0.0,0.0,0.0,0.0,0.0,0.0,0.0,0.03520754334671238,0.03520754334671238
2018/12/21 18:00:00,2018/12/21 18:00:00,2018/12/21 23:00:00,10.987082916388474,10.987082916388474,9.78250277008862,0.0,0.0,0.0,0.4069264191245201,0.08322190518061402,0.0,0.008907613575194035,0.7055242084195247,0.0,0.0,0.0,0.0,0.0,0.0,0.0,0.0,0.0,0.0,0.0,0.0,0.0,0.0,0.0,0.0,0.0,0.0,0.0,0.0,0.0,0.0,0.0,0.0,0.0,0.03748945305407543,0.03748945305407543
2018/12/21 19:00:00,2018/12/21 19:00:00,2018/12/22 00:00:00,11.336748021812049,11.336748021812049,9.978117309516593,0.0,0.0,0.0,0.5052614445357361,0.10333273548333091,0.0,0.011060165894491741,0.7389763663818958,0.0,0.0,0.0,0.0,0.0,0.0,0.0,0.0,0.0,0.0,0.0,0.0,0.0,0.0,0.0,0.0,0.0,0.0,0.0,0.0,0.0,0.0,0.0,0.0,0.0,0.038682558963458555,0.038682558963458555
2018/12/21 20:00:00,2018/12/21 20:00:00,2018/12/22 01:00:00,11.914979323701823,11.914979323701823,9.736635806356272,0.0,0.0,0.0,0.5191166306935479,0.10616630670037282,0.0,0.011363455724067538,0.6836115091075151,0.0,0.0,0.0,0.0,0.0,0.0,0.8580856151200461,0.0,0.0,0.0,0.0,0.0,0.0,0.0,0.0,0.0,0.0,0.0,0.0,0.0,0.0,0.0,0.0,0.0,0.0,0.04065556448381001,0.04065556448381001
2018/12/21 21:00:00,2018/12/21 21:00:00,2018/12/22 02:00:00,12.73224686406797,12.73224686406797,10.202409138272497,0.0,0.0,0.0,0.43517064139894374,0.08899822708441008,0.0,0.009525879202414142,0.6773221072788519,0.0,0.0,0.0,0.0,0.0,0.0,1.3188208708308526,0.0,0.0,0.0,0.0,0.0,0.0,0.0,0.0,0.0,0.0,0.0,0.0,0.0,0.0,0.0,0.0,0.0,0.0,0.04344419485279311,0.04344419485279311
2018/12/21 22:00:00,2018/12/21 22:00:00,2018/12/22 03:00:00,12.56140944335796,12.56140944335796,10.19563968943703,0.0,0.0,0.0,0.3276772071694535,0.06701437946342832,0.0,0.007172849443258015,0.645084447013938,0.0,0.0,0.0,0.0,0.0,0.0,1.3188208708308526,0.0,0.0,0.0,0.0,0.0,0.0,0.0,0.0,0.0,0.0,0.0,0.0,0.0,0.0,0.0,0.0,0.0,0.0,0.0428612738434291,0.0428612738434291
2018/12/21 23:00:00,2018/12/21 23:00:00,2018/12/22 04:00:00,11.762838925344651,11.762838925344651,10.322560527019103,0.0,0.0,0.0,0.28188573431297226,0.05764940969729326,0.0,0.0061704747482896226,0.5486638763632579,0.0,0.0,0.0,0.0,0.0,0.0,0.5459089032037359,0.0,0.0,0.0,0.0,0.0,0.0,0.0,0.0,0.0,0.0,0.0,0.0,0.0,0.0,0.0,0.0,0.0,0.0,0.04013644031179417,0.04013644031179417
2018/12/22 00:00:00,2018/12/22 00:00:00,2018/12/22 05:00:00,10.984168138284545,10.984168138284545,10.35836485070849,0.0,0.0,0.0,0.13094360677997474,0.026779722120023,0.0,0.002866353705536267,0.46521360497051883,0.0,0.0,0.0,0.0,0.0,0.0,0.0,0.0,0.0,0.0,0.0,0.0,0.0,0.0,0.0,0.0,0.0,0.0,0.0,0.0,0.0,0.0,0.0,0.0,0.0,0.03747950742631219,0.03747950742631219
2018/12/22 01:00:00,2018/12/22 01:00:00,2018/12/22 06:00:00,11.15353096390814,11.15353096390814,10.671399732866998,0.0,0.0,0.0,0.06501908921459039,0.013297274945155983,0.0,0.0014232669458539432,0.40239159993554136,0.0,0.0,0.0,0.0,0.0,0.0,0.0,0.0,0.0,0.0,0.0,0.0,0.0,0.0,0.0,0.0,0.0,0.0,0.0,0.0,0.0,0.0,0.0,0.0,0.0,0.03805739691241506,0.03805739691241506
2018/12/22 02:00:00,2018/12/22 02:00:00,2018/12/22 07:00:00,11.060602387109052,11.060602387109052,10.630684458297607,0.0,0.0,0.0,0.03901145352875434,0.00797836496709361,0.0,0.0008539601675123682,0.382074150148087,0.0,0.0,0.0,0.0,0.0,0.0,0.0,0.0,0.0,0.0,0.0,0.0,0.0,0.0,0.0,0.0,0.0,0.0,0.0,0.0,0.0,0.0,0.0,0.0,0.0,0.037740311700279736,0.037740311700279736
2018/12/22 03:00:00,2018/12/22 03:00:00,2018/12/22 08:00:00,10.467522960841475,10.467522960841475,10.084153028024549,0.0,0.0,0.0,0.026007635685836212,0.005318909978062404,0.0,0.0005693067783415784,0.35147408037468464,0.0,0.0,0.0,0.0,0.0,0.0,0.0,0.0,0.0,0.0,0.0,0.0,0.0,0.0,0.0,0.0,0.0,0.0,0.0,0.0,0.0,0.0,0.0,0.0,0.0,0.035716642317096,0.035716642317096
2018/12/22 04:00:00,2018/12/22 04:00:00,2018/12/22 09:00:00,10.31838061419537,10.31838061419537,9.949183593697814,0.0,0.0,0.0,0.026007635685836212,0.005318909978062404,0.0,0.0005693067783415784,0.33730116805531524,0.0,0.0,0.0,0.0,0.0,0.0,0.0,0.0,0.0,0.0,0.0,0.0,0.0,0.0,0.0,0.0,0.0,0.0,0.0,0.0,0.0,0.0,0.0,0.0,0.0,0.03520774791395795,0.03520774791395795
2018/12/22 05:00:00,2018/12/22 05:00:00,2018/12/22 10:00:00,10.488630057594872,10.488630057594872,10.136870536175698,0.0,0.0,0.0,0.02876591880464525,0.0058830158345184146,0.0,0.0006296855569084564,0.3164809012231033,0.0,0.0,0.0,0.0,0.0,0.0,0.0,0.0,0.0,0.0,0.0,0.0,0.0,0.0,0.0,0.0,0.0,0.0,0.0,0.0,0.0,0.0,0.0,0.0,0.0,0.035788662663066455,0.035788662663066455
2018/12/22 06:00:00,2018/12/22 06:00:00,2018/12/22 11:00:00,10.860767262953907,10.860767262953907,10.417679506768005,0.0,0.0,0.0,0.07859679435536127,0.01607409757620221,0.0,0.0017204827198804096,0.3466963815344563,0.0,0.0,0.0,0.0,0.0,0.0,0.0,0.0,0.0,0.0,0.0,0.0,0.0,0.0,0.0,0.0,0.0,0.0,0.0,0.0,0.0,0.0,0.0,0.0,0.0,0.03705844649888083,0.03705844649888083
2018/12/22 07:00:00,2018/12/22 07:00:00,2018/12/22 12:00:00,11.391365261189586,11.391365261189586,10.332929956419697,0.0,0.0,0.0,0.18452357674232273,0.03773754390357793,0.0,0.004039218492300221,0.42639470316413536,0.0,0.0,0.0,0.0,0.0,0.0,0.4057402624675535,0.0,0.0,0.0,0.0,0.0,0.0,0.0,0.0,0.0,0.0,0.0,0.0,0.0,0.0,0.0,0.0,0.0,0.0,0.038868920570735876,0.038868920570735876
2018/12/22 08:00:00,2018/12/22 08:00:00,2018/12/22 13:00:00,11.559649688073899,11.559649688073899,9.933868560182715,0.0,0.0,0.0,0.2335098295518684,0.047755888977462434,0.0,0.0051115268753808285,0.48637227993051274,0.0,0.0,0.0,0.0,0.0,0.0,0.8530316025559592,0.0,0.0,0.0,0.0,0.0,0.0,0.0,0.0,0.0,0.0,0.0,0.0,0.0,0.0,0.0,0.0,0.0,0.0,0.03944313041054705,0.03944313041054705
2018/12/22 09:00:00,2018/12/22 09:00:00,2018/12/22 14:00:00,11.953095892217377,11.953095892217377,9.942888578026643,0.0,0.0,0.0,0.24695335769390644,0.05050527061440958,0.0,0.005405805516797518,0.38852200953476496,0.0,0.0,0.0,0.0,0.0,0.0,1.3188208708308526,0.0,0.0,0.0,0.0,0.0,0.0,0.0,0.0,0.0,0.0,0.0,0.0,0.0,0.0,0.0,0.0,0.0,0.0,0.04078562351010668,0.04078562351010668
2018/12/22 10:00:00,2018/12/22 10:00:00,2018/12/22 15:00:00,10.84874708032852,10.84874708032852,9.421782948434599,0.0,0.0,0.0,0.25268234700990755,0.0516769256931404,0.0,0.005531213012120983,0.3027193804123075,0.0,0.0,0.0,0.0,0.0,0.0,0.8143542657664457,0.0,0.0,0.0,0.0,0.0,0.0,0.0,0.0,0.0,0.0,0.0,0.0,0.0,0.0,0.0,0.0,0.0,0.0,0.03701743196611857,0.03701743196611857
2018/12/22 11:00:00,2018/12/22 11:00:00,2018/12/22 16:00:00,9.569627160918905,9.569627160918905,8.967545345673045,0.0,0.0,0.0,0.24574672449634635,0.05025849795764481,0.0,0.00537939233312173,0.30069720045874637,0.0,0.0,0.0,0.0,0.0,0.0,0.0,0.0,0.0,0.0,0.0,0.0,0.0,0.0,0.0,0.0,0.0,0.0,0.0,0.0,0.0,0.0,0.0,0.0,0.0,0.03265289712696564,0.03265289712696564
2018/12/22 12:00:00,2018/12/22 12:00:00,2018/12/22 17:00:00,9.42321565155109,9.42321565155109,8.812851676933583,0.0,0.0,0.0,0.23613760755858612,0.04829330478983772,0.0,0.00516904889888472,0.3207640133701988,0.0,0.0,0.0,0.0,0.0,0.0,0.0,0.0,0.0,0.0,0.0,0.0,0.0,0.0,0.0,0.0,0.0,0.0,0.0,0.0,0.0,0.0,0.0,0.0,0.0,0.03215332071994374,0.03215332071994374
2018/12/22 13:00:00,2018/12/22 13:00:00,2018/12/22 18:00:00,8.789896139731578,8.789896139731578,8.183417086198506,0.0,0.0,0.0,0.2292019850450249,0.046874877054342116,0.0,0.005017228219885468,0.3253849632138206,0.0,0.0,0.0,0.0,0.0,0.0,0.0,0.0,0.0,0.0,0.0,0.0,0.0,0.0,0.0,0.0,0.0,0.0,0.0,0.0,0.0,0.0,0.0,0.0,0.0,0.02999234657537144,0.02999234657537144
2018/12/22 14:00:00,2018/12/22 14:00:00,2018/12/22 19:00:00,9.005005758119111,9.005005758119111,7.317347464631893,0.0,0.0,0.0,0.22716107639764072,0.04645748388950332,0.0,0.004972552758379963,0.34118455425017113,0.0,0.0,0.0,0.0,0.0,0.0,1.067882626191523,0.0,0.0,0.0,0.0,0.0,0.0,0.0,0.0,0.0,0.0,0.0,0.0,0.0,0.0,0.0,0.0,0.0,0.0,0.030726330472770683,0.030726330472770683
2018/12/22 15:00:00,2018/12/22 15:00:00,2018/12/22 20:00:00,8.049057200913145,8.049057200913145,6.802272269024622,0.0,0.0,0.0,0.2303532769511554,0.04711033167548305,0.0,0.005042429983472414,0.3818947700095756,0.0,0.0,0.0,0.0,0.0,0.0,0.5823841232688359,0.0,0.0,0.0,0.0,0.0,0.0,0.0,0.0,0.0,0.0,0.0,0.0,0.0,0.0,0.0,0.0,0.0,0.0,0.02746450121106303,0.02746450121106303
2018/12/22 16:00:00,2018/12/22 16:00:00,2018/12/22 21:00:00,7.377469509976305,7.377469509976305,6.700903587120004,0.0,0.0,0.0,0.2504788163447321,0.051226274146665876,0.0,0.005482977756939709,0.36937785460796296,0.0,0.0,0.0,0.0,0.0,0.0,0.0,0.0,0.0,0.0,0.0,0.0,0.0,0.0,0.0,0.0,0.0,0.0,0.0,0.0,0.0,0.0,0.0,0.0,0.0,0.025172950723761568,0.025172950723761568
2018/12/22 17:00:00,2018/12/22 17:00:00,2018/12/22 22:00:00,7.771053723184551,7.771053723184551,6.894690449841267,0.0,0.0,0.0,0.305945947631676,0.06257004570746537,0.0,0.006697152478481841,0.50115012752566,0.0,0.0,0.0,0.0,0.0,0.0,0.0,0.0,0.0,0.0,0.0,0.0,0.0,0.0,0.0,0.0,0.0,0.0,0.0,0.0,0.0,0.0,0.0,0.0,0.0,0.02651591472942012,0.02651591472942012
2018/12/22 18:00:00,2018/12/22 18:00:00,2018/12/22 23:00:00,8.475278361544962,8.475278361544962,7.270698215245109,0.0,0.0,0.0,0.4069264191245201,0.08322190518061402,0.0,0.008907613575194035,0.7055242084195247,0.0,0.0,0.0,0.0,0.0,0.0,0.0,0.0,0.0,0.0,0.0,0.0,0.0,0.0,0.0,0.0,0.0,0.0,0.0,0.0,0.0,0.0,0.0,0.0,0.0,0.028918827014714325,0.028918827014714325
2018/12/22 19:00:00,2018/12/22 19:00:00,2018/12/23 00:00:00,10.097760061693924,10.097760061693924,7.432261020210564,0.0,0.0,0.0,0.5052614445357361,0.10333273548333091,0.0,0.011060165894491741,0.7389763663818958,0.0,0.0,0.0,0.0,0.0,0.0,1.3068683291879046,0.0,0.0,0.0,0.0,0.0,0.0,0.0,0.0,0.0,0.0,0.0,0.0,0.0,0.0,0.0,0.0,0.0,0.0,0.03445495994387446,0.03445495994387446
2018/12/22 20:00:00,2018/12/22 20:00:00,2018/12/23 01:00:00,11.014309076178726,11.014309076178726,7.961005616943368,0.0,0.0,0.0,0.5191166306935479,0.10616630670037282,0.0,0.011363455724067538,1.0978361952865172,0.0,0.0,0.0,0.0,0.0,0.0,1.3188208708308526,0.0,0.0,0.0,0.0,0.0,0.0,0.0,0.0,0.0,0.0,0.0,0.0,0.0,0.0,0.0,0.0,0.0,0.0,0.0375823524930864,0.0375823524930864
2018/12/22 21:00:00,2018/12/22 21:00:00,2018/12/23 02:00:00,10.92221098786288,10.92221098786288,8.392373262067409,0.0,0.0,0.0,0.43517064139894374,0.08899822708441008,0.0,0.009525879202414142,0.6773221072788519,0.0,0.0,0.0,0.0,0.0,0.0,1.3188208708308526,0.0,0.0,0.0,0.0,0.0,0.0,0.0,0.0,0.0,0.0,0.0,0.0,0.0,0.0,0.0,0.0,0.0,0.0,0.037268101023013575,0.037268101023013575
2018/12/22 22:00:00,2018/12/22 22:00:00,2018/12/23 03:00:00,9.728121906923512,9.728121906923512,8.640735069938765,0.0,0.0,0.0,0.3276772071694535,0.06701437946342832,0.0,0.007172849443258015,0.645084447013938,0.0,0.0,0.0,0.0,0.0,0.0,0.04043795389467012,0.0,0.0,0.0,0.0,0.0,0.0,0.0,0.0,0.0,0.0,0.0,0.0,0.0,0.0,0.0,0.0,0.0,0.0,0.03319370321579512,0.03319370321579512
2018/12/22 23:00:00,2018/12/22 23:00:00,2018/12/23 04:00:00,9.802950965984735,9.802950965984735,8.908581470862924,0.0,0.0,0.0,0.28188573431297226,0.05764940969729326,0.0,0.0061704747482896226,0.5486638763632579,0.0,0.0,0.0,0.0,0.0,0.0,0.0,0.0,0.0,0.0,0.0,0.0,0.0,0.0,0.0,0.0,0.0,0.0,0.0,0.0,0.0,0.0,0.0,0.0,0.0,0.033449030359324,0.033449030359324
2018/12/23 00:00:00,2018/12/23 00:00:00,2018/12/23 05:00:00,9.622160685359063,9.622160685359063,8.99635739778301,0.0,0.0,0.0,0.13094360677997474,0.026779722120023,0.0,0.002866353705536267,0.46521360497051883,0.0,0.0,0.0,0.0,0.0,0.0,0.0,0.0,0.0,0.0,0.0,0.0,0.0,0.0,0.0,0.0,0.0,0.0,0.0,0.0,0.0,0.0,0.0,0.0,0.0,0.0328321488094415,0.0328321488094415
2018/12/23 01:00:00,2018/12/23 01:00:00,2018/12/23 06:00:00,9.777498276126964,9.777498276126964,9.295367045085822,0.0,0.0,0.0,0.06501908921459039,0.013297274945155983,0.0,0.0014232669458539432,0.40239159993554136,0.0,0.0,0.0,0.0,0.0,0.0,0.0,0.0,0.0,0.0,0.0,0.0,0.0,0.0,0.0,0.0,0.0,0.0,0.0,0.0,0.0,0.0,0.0,0.0,0.0,0.033362182246063694,0.033362182246063694
2018/12/23 02:00:00,2018/12/23 02:00:00,2018/12/23 07:00:00,9.745898142563085,9.745898142563085,9.315980213751638,0.0,0.0,0.0,0.03901145352875434,0.00797836496709361,0.0,0.0008539601675123682,0.382074150148087,0.0,0.0,0.0,0.0,0.0,0.0,0.0,0.0,0.0,0.0,0.0,0.0,0.0,0.0,0.0,0.0,0.0,0.0,0.0,0.0,0.0,0.0,0.0,0.0,0.0,0.03325435820097722,0.03325435820097722
2018/12/23 03:00:00,2018/12/23 03:00:00,2018/12/23 08:00:00,9.367732306177325,9.367732306177325,8.9843623733604,0.0,0.0,0.0,0.026007635685836212,0.005318909978062404,0.0,0.0005693067783415784,0.35147408037468464,0.0,0.0,0.0,0.0,0.0,0.0,0.0,0.0,0.0,0.0,0.0,0.0,0.0,0.0,0.0,0.0,0.0,0.0,0.0,0.0,0.0,0.0,0.0,0.0,0.0,0.03196400383870221,0.03196400383870221
2018/12/23 04:00:00,2018/12/23 04:00:00,2018/12/23 09:00:00,9.522195922084101,9.522195922084101,9.152998901586546,0.0,0.0,0.0,0.026007635685836212,0.005318909978062404,0.0,0.0005693067783415784,0.33730116805531524,0.0,0.0,0.0,0.0,0.0,0.0,0.0,0.0,0.0,0.0,0.0,0.0,0.0,0.0,0.0,0.0,0.0,0.0,0.0,0.0,0.0,0.0,0.0,0.0,0.0,0.03249105515170015,0.03249105515170015
2018/12/23 05:00:00,2018/12/23 05:00:00,2018/12/23 10:00:00,9.771150218107012,9.771150218107012,9.419390696687838,0.0,0.0,0.0,0.02876591880464525,0.0058830158345184146,0.0,0.0006296855569084564,0.3164809012231033,0.0,0.0,0.0,0.0,0.0,0.0,0.0,0.0,0.0,0.0,0.0,0.0,0.0,0.0,0.0,0.0,0.0,0.0,0.0,0.0,0.0,0.0,0.0,0.0,0.0,0.03334052179033267,0.03334052179033267
2018/12/23 06:00:00,2018/12/23 06:00:00,2018/12/23 11:00:00,10.594431647409,10.594431647409,9.745677000664397,0.0,0.0,0.0,0.07859679435536127,0.01607409757620221,0.0,0.0017204827198804096,0.3466963815344563,0.0,0.0,0.0,0.0,0.0,0.0,0.4056668905586991,0.0,0.0,0.0,0.0,0.0,0.0,0.0,0.0,0.0,0.0,0.0,0.0,0.0,0.0,0.0,0.0,0.0,0.0,0.03614967238371458,0.03614967238371458
2018/12/23 07:00:00,2018/12/23 07:00:00,2018/12/23 12:00:00,10.887282084531389,10.887282084531389,10.013382786537058,0.0,0.0,0.0,0.18452357674232273,0.03773754390357793,0.0,0.004039218492300221,0.42639470316413536,0.0,0.0,0.0,0.0,0.0,0.0,0.22120425569199562,0.0,0.0,0.0,0.0,0.0,0.0,0.0,0.0,0.0,0.0,0.0,0.0,0.0,0.0,0.0,0.0,0.0,0.0,0.037148918753102514,0.037148918753102514
2018/12/23 08:00:00,2018/12/23 08:00:00,2018/12/23 13:00:00,11.818273101316722,11.818273101316722,9.726702705150643,0.0,0.0,0.0,0.2335098295518684,0.047755888977462434,0.0,0.0051115268753808285,0.48637227993051274,0.0,0.0,0.0,0.0,0.0,0.0,1.3188208708308526,0.0,0.0,0.0,0.0,0.0,0.0,0.0,0.0,0.0,0.0,0.0,0.0,0.0,0.0,0.0,0.0,0.0,0.0,0.04032558942020733,0.04032558942020733
2018/12/23 09:00:00,2018/12/23 09:00:00,2018/12/23 14:00:00,12.155759458039691,12.155759458039691,10.14555214384896,0.0,0.0,0.0,0.24695335769390644,0.05050527061440958,0.0,0.005405805516797518,0.38852200953476496,0.0,0.0,0.0,0.0,0.0,0.0,1.3188208708308526,0.0,0.0,0.0,0.0,0.0,0.0,0.0,0.0,0.0,0.0,0.0,0.0,0.0,0.0,0.0,0.0,0.0,0.0,0.04147713974735418,0.04147713974735418
2018/12/23 10:00:00,2018/12/23 10:00:00,2018/12/23 15:00:00,11.64804536992564,11.64804536992564,9.716614632967312,0.0,0.0,0.0,0.25268234700990755,0.0516769256931404,0.0,0.005531213012120983,0.3027193804123075,0.0,0.0,0.0,0.0,0.0,0.0,1.3188208708308526,0.0,0.0,0.0,0.0,0.0,0.0,0.0,0.0,0.0,0.0,0.0,0.0,0.0,0.0,0.0,0.0,0.0,0.0,0.039744748755487426,0.039744748755487426
2018/12/23 11:00:00,2018/12/23 11:00:00,2018/12/23 16:00:00,10.712227662668417,10.712227662668417,8.756987932923536,0.0,0.0,0.0,0.24574672449634635,0.05025849795764481,0.0,0.00537939233312173,0.33503424412691357,0.0,0.0,0.0,0.0,0.0,0.0,1.3188208708308526,0.0,0.0,0.0,0.0,0.0,0.0,0.0,0.0,0.0,0.0,0.0,0.0,0.0,0.0,0.0,0.0,0.0,0.0,0.036551608750048724,0.036551608750048724
2018/12/23 12:00:00,2018/12/23 12:00:00,2018/12/23 17:00:00,9.53494951105285,9.53494951105285,7.887589351306025,0.0,0.0,0.0,0.23613760755858612,0.04829330478983772,0.0,0.00516904889888472,1.0948263271285004,0.0,0.0,0.0,0.0,0.0,0.0,0.2629338713710153,0.0,0.0,0.0,0.0,0.0,0.0,0.0,0.0,0.0,0.0,0.0,0.0,0.0,0.0,0.0,0.0,0.0,0.0,0.03253457216877861,0.03253457216877861
2018/12/23 13:00:00,2018/12/23 13:00:00,2018/12/23 18:00:00,7.887452057592712,7.887452057592712,7.280973004059639,0.0,0.0,0.0,0.2292019850450249,0.046874877054342116,0.0,0.005017228219885468,0.3253849632138206,0.0,0.0,0.0,0.0,0.0,0.0,0.0,0.0,0.0,0.0,0.0,0.0,0.0,0.0,0.0,0.0,0.0,0.0,0.0,0.0,0.0,0.0,0.0,0.0,0.0,0.02691308201454713,0.02691308201454713
2018/12/23 14:00:00,2018/12/23 14:00:00,2018/12/23 19:00:00,7.524850585482502,7.524850585482502,6.459127223254897,0.0,0.0,0.0,0.22716107639764072,0.04645748388950332,0.0,0.004972552758379963,0.34118455425017113,0.0,0.0,0.0,0.0,0.0,0.0,0.4459476949319104,0.0,0.0,0.0,0.0,0.0,0.0,0.0,0.0,0.0,0.0,0.0,0.0,0.0,0.0,0.0,0.0,0.0,0.0,0.025675835425123673,0.025675835425123673
2018/12/23 15:00:00,2018/12/23 15:00:00,2018/12/23 20:00:00,6.61710375186101,6.61710375186101,5.952702943241324,0.0,0.0,0.0,0.2303532769511554,0.04711033167548305,0.0,0.005042429983472414,0.3818947700095756,0.0,0.0,0.0,0.0,0.0,0.0,0.0,0.0,0.0,0.0,0.0,0.0,0.0,0.0,0.0,0.0,0.0,0.0,0.0,0.0,0.0,0.0,0.0,0.0,0.0,0.022578477139670344,0.022578477139670344
2018/12/23 16:00:00,2018/12/23 16:00:00,2018/12/23 21:00:00,6.380512533938019,6.380512533938019,5.673500400208177,0.0,0.0,0.0,0.2504788163447321,0.051226274146665876,0.0,0.005482977756939709,0.3998240654815043,0.0,0.0,0.0,0.0,0.0,0.0,0.0,0.0,0.0,0.0,0.0,0.0,0.0,0.0,0.0,0.0,0.0,0.0,0.0,0.0,0.0,0.0,0.0,0.0,0.0,0.021771195040788543,0.021771195040788543
2018/12/23 17:00:00,2018/12/23 17:00:00,2018/12/23 22:00:00,7.779798493059628,7.779798493059628,6.2170842146123455,0.0,0.0,0.0,0.305945947631676,0.06257004570746537,0.0,0.006697152478481841,1.1875011326296598,0.0,0.0,0.0,0.0,0.0,0.0,0.0,0.0,0.0,0.0,0.0,0.0,0.0,0.0,0.0,0.0,0.0,0.0,0.0,0.0,0.0,0.0,0.0,0.0,0.0,0.0265457530989123,0.0265457530989123
2018/12/23 18:00:00,2018/12/23 18:00:00,2018/12/23 23:00:00,8.253150839491157,8.253150839491157,7.048570693191304,0.0,0.0,0.0,0.4069264191245201,0.08322190518061402,0.0,0.008907613575194035,0.7055242084195247,0.0,0.0,0.0,0.0,0.0,0.0,0.0,0.0,0.0,0.0,0.0,0.0,0.0,0.0,0.0,0.0,0.0,0.0,0.0,0.0,0.0,0.0,0.0,0.0,0.0,0.028160897055194957,0.028160897055194957
2018/12/23 19:00:00,2018/12/23 19:00:00,2018/12/24 00:00:00,9.698853106123808,9.698853106123808,7.532051277545628,0.0,0.0,0.0,0.5052614445357361,0.10333273548333091,0.0,0.011060165894491741,0.7389763663818958,0.0,0.0,0.0,0.0,0.0,0.0,0.8081711162827259,0.0,0.0,0.0,0.0,0.0,0.0,0.0,0.0,0.0,0.0,0.0,0.0,0.0,0.0,0.0,0.0,0.0,0.0,0.033093834001930104,0.033093834001930104
2018/12/23 20:00:00,2018/12/23 20:00:00,2018/12/24 01:00:00,9.774447108312982,9.774447108312982,8.064818819816153,0.0,0.0,0.0,0.5191166306935479,0.10616630670037282,0.0,0.011363455724067538,0.6836115091075151,0.0,0.0,0.0,0.0,0.0,0.0,0.38937038627132514,0.0,0.0,0.0,0.0,0.0,0.0,0.0,0.0,0.0,0.0,0.0,0.0,0.0,0.0,0.0,0.0,0.0,0.0,0.03335177123766476,0.03335177123766476
2018/12/23 21:00:00,2018/12/23 21:00:00,2018/12/24 02:00:00,9.463912541436823,9.463912541436823,8.214604027599256,0.0,0.0,0.0,0.43517064139894374,0.08899822708441008,0.0,0.009525879202414142,0.7156137661518006,0.0,0.0,0.0,0.0,0.0,0.0,0.0,0.0,0.0,0.0,0.0,0.0,0.0,0.0,0.0,0.0,0.0,0.0,0.0,0.0,0.0,0.0,0.0,0.0,0.0,0.032292184161170925,0.032292184161170925
2018/12/23 22:00:00,2018/12/23 22:00:00,2018/12/24 03:00:00,10.59433951922789,10.59433951922789,8.44623700029437,0.0,0.0,0.0,0.3276772071694535,0.06701437946342832,0.0,0.007172849443258015,1.5082959206422475,0.0,0.0,0.0,0.0,0.0,0.0,0.2379421622151343,0.0,0.0,0.0,0.0,0.0,0.0,0.0,0.0,0.0,0.0,0.0,0.0,0.0,0.0,0.0,0.0,0.0,0.0,0.036149358029563726,0.036149358029563726
2018/12/23 23:00:00,2018/12/23 23:00:00,2018/12/24 04:00:00,10.149965467062675,10.149965467062675,8.61209478124531,0.0,0.0,0.0,0.28188573431297226,0.05764940969729326,0.0,0.0061704747482896226,0.5486638763632579,0.0,0.0,0.0,0.0,0.0,0.0,0.6435011906955547,0.0,0.0,0.0,0.0,0.0,0.0,0.0,0.0,0.0,0.0,0.0,0.0,0.0,0.0,0.0,0.0,0.0,0.0,0.03463309203850182,0.03463309203850182
2018/12/24 00:00:00,2018/12/24 00:00:00,2018/12/24 05:00:00,10.137901079704282,10.137901079704282,8.86035404395969,0.0,0.0,0.0,0.13094360677997474,0.026779722120023,0.0,0.002866353705536267,0.46521360497051883,0.0,0.0,0.0,0.0,0.0,0.0,0.651743748168537,0.0,0.0,0.0,0.0,0.0,0.0,0.0,0.0,0.0,0.0,0.0,0.0,0.0,0.0,0.0,0.0,0.0,0.0,0.034591926673050354,0.034591926673050354
2018/12/24 01:00:00,2018/12/24 01:00:00,2018/12/24 06:00:00,10.046121904075163,10.046121904075163,9.563990673034022,0.0,0.0,0.0,0.06501908921459039,0.013297274945155983,0.0,0.0014232669458539432,0.40239159993554136,0.0,0.0,0.0,0.0,0.0,0.0,0.0,0.0,0.0,0.0,0.0,0.0,0.0,0.0,0.0,0.0,0.0,0.0,0.0,0.0,0.0,0.0,0.0,0.0,0.0,0.034278763377362714,0.034278763377362714
2018/12/24 02:00:00,2018/12/24 02:00:00,2018/12/24 07:00:00,10.000972589520778,10.000972589520778,9.571054660709331,0.0,0.0,0.0,0.03901145352875434,0.00797836496709361,0.0,0.0008539601675123682,0.382074150148087,0.0,0.0,0.0,0.0,0.0,0.0,0.0,0.0,0.0,0.0,0.0,0.0,0.0,0.0,0.0,0.0,0.0,0.0,0.0,0.0,0.0,0.0,0.0,0.0,0.0,0.03412470764470909,0.03412470764470909
2018/12/24 03:00:00,2018/12/24 03:00:00,2018/12/24 08:00:00,9.535578291610351,9.535578291610351,9.152208358793425,0.0,0.0,0.0,0.026007635685836212,0.005318909978062404,0.0,0.0005693067783415784,0.35147408037468464,0.0,0.0,0.0,0.0,0.0,0.0,0.0,0.0,0.0,0.0,0.0,0.0,0.0,0.0,0.0,0.0,0.0,0.0,0.0,0.0,0.0,0.0,0.0,0.0,0.0,0.03253671765538057,0.03253671765538057
2018/12/24 04:00:00,2018/12/24 04:00:00,2018/12/24 09:00:00,9.670227506023275,9.670227506023275,9.30103048552572,0.0,0.0,0.0,0.026007635685836212,0.005318909978062404,0.0,0.0005693067783415784,0.33730116805531524,0.0,0.0,0.0,0.0,0.0,0.0,0.0,0.0,0.0,0.0,0.0,0.0,0.0,0.0,0.0,0.0,0.0,0.0,0.0,0.0,0.0,0.0,0.0,0.0,0.0,0.03299615947819342,0.03299615947819342
2018/12/24 05:00:00,2018/12/24 05:00:00,2018/12/24 10:00:00,10.089070427861893,10.089070427861893,9.33166941223959,0.0,0.0,0.0,0.02876591880464525,0.0058830158345184146,0.0,0.0006296855569084564,0.3164809012231033,0.0,0.0,0.0,0.0,0.0,0.0,0.4056414942031281,0.0,0.0,0.0,0.0,0.0,0.0,0.0,0.0,0.0,0.0,0.0,0.0,0.0,0.0,0.0,0.0,0.0,0.0,0.03442530970621974,0.03442530970621974
2018/12/24 06:00:00,2018/12/24 06:00:00,2018/12/24 11:00:00,9.666016709128181,9.666016709128181,9.22292895294228,0.0,0.0,0.0,0.07859679435536127,0.01607409757620221,0.0,0.0017204827198804096,0.3466963815344563,0.0,0.0,0.0,0.0,0.0,0.0,0.0,0.0,0.0,0.0,0.0,0.0,0.0,0.0,0.0,0.0,0.0,0.0,0.0,0.0,0.0,0.0,0.0,0.0,0.0,0.03298179165429328,0.03298179165429328
2018/12/24 07:00:00,2018/12/24 07:00:00,2018/12/24 12:00:00,9.729570321207579,9.729570321207579,9.076875278905243,0.0,0.0,0.0,0.18452357674232273,0.03773754390357793,0.0,0.004039218492300221,0.42639470316413536,0.0,0.0,0.0,0.0,0.0,0.0,0.0,0.0,0.0,0.0,0.0,0.0,0.0,0.0,0.0,0.0,0.0,0.0,0.0,0.0,0.0,0.0,0.0,0.0,0.0,0.03319864540652205,0.03319864540652205
2018/12/24 08:00:00,2018/12/24 08:00:00,2018/12/24 13:00:00,10.278696648781022,10.278696648781022,9.108881646331481,0.0,0.0,0.0,0.2335098295518684,0.047755888977462434,0.0,0.0051115268753808285,0.48637227993051274,0.0,0.0,0.0,0.0,0.0,0.0,0.39706547711431595,0.0,0.0,0.0,0.0,0.0,0.0,0.0,0.0,0.0,0.0,0.0,0.0,0.0,0.0,0.0,0.0,0.0,0.0,0.03507234071172581,0.03507234071172581
2018/12/24 09:00:00,2018/12/24 09:00:00,2018/12/24 14:00:00,10.530791415975767,10.530791415975767,8.44742387915929,0.0,0.0,0.0,0.24695335769390644,0.05050527061440958,0.0,0.005405805516797518,0.46168223216050985,0.0,0.0,0.0,0.0,0.0,0.0,1.3188208708308526,0.0,0.0,0.0,0.0,0.0,0.0,0.0,0.0,0.0,0.0,0.0,0.0,0.0,0.0,0.0,0.0,0.0,0.0,0.0359325230742188,0.0359325230742188
2018/12/24 10:00:00,2018/12/24 10:00:00,2018/12/24 15:00:00,11.737485804340105,11.737485804340105,8.140512988037347,0.0,0.0,0.0,0.25268234700990755,0.0516769256931404,0.0,0.005531213012120983,1.968261459756738,0.0,0.0,0.0,0.0,0.0,0.0,1.3188208708308526,0.0,0.0,0.0,0.0,0.0,0.0,0.0,0.0,0.0,0.0,0.0,0.0,0.0,0.0,0.0,0.0,0.0,0.0,0.04004993194129153,0.04004993194129153
2018/12/24 11:00:00,2018/12/24 11:00:00,2018/12/24 16:00:00,9.921754792118563,9.921754792118563,7.630734606064243,0.0,0.0,0.0,0.24574672449634635,0.05025849795764481,0.0,0.00537939233312173,0.6708147004363559,0.0,0.0,0.0,0.0,0.0,0.0,1.3188208708308526,0.0,0.0,0.0,0.0,0.0,0.0,0.0,0.0,0.0,0.0,0.0,0.0,0.0,0.0,0.0,0.0,0.0,0.0,0.03385440551635,0.03385440551635
2018/12/24 12:00:00,2018/12/24 12:00:00,2018/12/24 17:00:00,9.244236939340388,9.244236939340388,7.210848932112803,0.0,0.0,0.0,0.23613760755858612,0.04829330478983772,0.0,0.00516904889888472,0.42496717514942167,0.0,0.0,0.0,0.0,0.0,0.0,1.3188208708308526,0.0,0.0,0.0,0.0,0.0,0.0,0.0,0.0,0.0,0.0,0.0,0.0,0.0,0.0,0.0,0.0,0.0,0.0,0.03154262049312616,0.03154262049312616
2018/12/24 13:00:00,2018/12/24 13:00:00,2018/12/24 18:00:00,9.381038953459893,9.381038953459893,6.619367444827511,0.0,0.0,0.0,0.2292019850450249,0.046874877054342116,0.0,0.005017228219885468,1.1617565474822777,0.0,0.0,0.0,0.0,0.0,0.0,1.3188208708308526,0.0,0.0,0.0,0.0,0.0,0.0,0.0,0.0,0.0,0.0,0.0,0.0,0.0,0.0,0.0,0.0,0.0,0.0,0.032009407967569105,0.032009407967569105
2018/12/24 14:00:00,2018/12/24 14:00:00,2018/12/24 19:00:00,7.314719984342703,7.314719984342703,6.382684292216175,0.0,0.0,0.0,0.22716107639764072,0.04645748388950332,0.0,0.004972552758379963,0.34118455425017113,0.0,0.0,0.0,0.0,0.0,0.0,0.31226002483083204,0.0,0.0,0.0,0.0,0.0,0.0,0.0,0.0,0.0,0.0,0.0,0.0,0.0,0.0,0.0,0.0,0.0,0.0,0.0249588406261762,0.0249588406261762
2018/12/24 15:00:00,2018/12/24 15:00:00,2018/12/24 20:00:00,7.0129568435550365,7.0129568435550365,6.34855603493535,0.0,0.0,0.0,0.2303532769511554,0.04711033167548305,0.0,0.005042429983472414,0.3818947700095756,0.0,0.0,0.0,0.0,0.0,0.0,0.0,0.0,0.0,0.0,0.0,0.0,0.0,0.0,0.0,0.0,0.0,0.0,0.0,0.0,0.0,0.0,0.0,0.0,0.0,0.02392918287387736,0.02392918287387736
2018/12/24 16:00:00,2018/12/24 16:00:00,2018/12/24 21:00:00,7.578349524489566,7.578349524489566,6.419260823708496,0.0,0.0,0.0,0.2504788163447321,0.051226274146665876,0.0,0.005482977756939709,0.36937785460796296,0.0,0.0,0.0,0.0,0.0,0.0,0.48252277792476966,0.0,0.0,0.0,0.0,0.0,0.0,0.0,0.0,0.0,0.0,0.0,0.0,0.0,0.0,0.0,0.0,0.0,0.0,0.025858381236201197,0.025858381236201197
2018/12/24 17:00:00,2018/12/24 17:00:00,2018/12/24 22:00:00,7.538850919387295,7.538850919387295,6.662487646044012,0.0,0.0,0.0,0.305945947631676,0.06257004570746537,0.0,0.006697152478481841,0.50115012752566,0.0,0.0,0.0,0.0,0.0,0.0,0.0,0.0,0.0,0.0,0.0,0.0,0.0,0.0,0.0,0.0,0.0,0.0,0.0,0.0,0.0,0.0,0.0,0.0,0.0,0.025723606509101042,0.025723606509101042
2018/12/24 18:00:00,2018/12/24 18:00:00,2018/12/24 23:00:00,8.26979499645044,8.26979499645044,6.8327515348269205,0.0,0.0,0.0,0.4069264191245201,0.08322190518061402,0.0,0.008907613575194035,0.7055242084195247,0.0,0.0,0.0,0.0,0.0,0.0,0.23246331532366615,0.0,0.0,0.0,0.0,0.0,0.0,0.0,0.0,0.0,0.0,0.0,0.0,0.0,0.0,0.0,0.0,0.0,0.0,0.028217689230670303,0.028217689230670303
2018/12/24 19:00:00,2018/12/24 19:00:00,2018/12/25 00:00:00,8.529483118447642,8.529483118447642,6.97982468967594,0.0,0.0,0.0,0.5052614445357361,0.10333273548333091,0.0,0.011060165894491741,0.7389763663818958,0.0,0.0,0.0,0.0,0.0,0.0,0.19102771647624794,0.0,0.0,0.0,0.0,0.0,0.0,0.0,0.0,0.0,0.0,0.0,0.0,0.0,0.0,0.0,0.0,0.0,0.0,0.029103781174492208,0.029103781174492208
2018/12/24 20:00:00,2018/12/24 20:00:00,2018/12/25 01:00:00,9.67641209306338,9.67641209306338,7.127000535090269,0.0,0.0,0.0,0.5191166306935479,0.10616630670037282,0.0,0.011363455724067538,0.6836115091075151,0.0,0.0,0.0,0.0,0.0,0.0,1.2291536557476077,0.0,0.0,0.0,0.0,0.0,0.0,0.0,0.0,0.0,0.0,0.0,0.0,0.0,0.0,0.0,0.0,0.0,0.0,0.03301726214823453,0.03301726214823453
2018/12/24 21:00:00,2018/12/24 21:00:00,2018/12/25 02:00:00,9.2378420268564,9.2378420268564,7.444822052079657,0.0,0.0,0.0,0.43517064139894374,0.08899822708441008,0.0,0.009525879202414142,0.6773221072788519,0.0,0.0,0.0,0.0,0.0,0.0,0.5820031198121228,0.0,0.0,0.0,0.0,0.0,0.0,0.0,0.0,0.0,0.0,0.0,0.0,0.0,0.0,0.0,0.0,0.0,0.0,0.0315208001634556,0.0315208001634556
2018/12/24 22:00:00,2018/12/24 22:00:00,2018/12/25 03:00:00,9.057660355673272,9.057660355673272,7.71703113415922,0.0,0.0,0.0,0.3276772071694535,0.06701437946342832,0.0,0.007172849443258015,0.645084447013938,0.0,0.0,0.0,0.0,0.0,0.0,0.29368033842397234,0.0,0.0,0.0,0.0,0.0,0.0,0.0,0.0,0.0,0.0,0.0,0.0,0.0,0.0,0.0,0.0,0.0,0.0,0.030905995273528993,0.030905995273528993
2018/12/24 23:00:00,2018/12/24 23:00:00,2018/12/25 04:00:00,9.197816163429032,9.197816163429032,8.025173303308371,0.0,0.0,0.0,0.28188573431297226,0.05764940969729326,0.0,0.0061704747482896226,0.5486638763632579,0.0,0.0,0.0,0.0,0.0,0.0,0.27827336499884914,0.0,0.0,0.0,0.0,0.0,0.0,0.0,0.0,0.0,0.0,0.0,0.0,0.0,0.0,0.0,0.0,0.0,0.0,0.03138422635771223,0.03138422635771223
2018/12/25 00:00:00,2018/12/25 00:00:00,2018/12/25 05:00:00,8.980639184216303,8.980639184216303,8.35483589664025,0.0,0.0,0.0,0.13094360677997474,0.026779722120023,0.0,0.002866353705536267,0.46521360497051883,0.0,0.0,0.0,0.0,0.0,0.0,0.0,0.0,0.0,0.0,0.0,0.0,0.0,0.0,0.0,0.0,0.0,0.0,0.0,0.0,0.0,0.0,0.0,0.0,0.0,0.03064318833801393,0.03064318833801393
2018/12/25 01:00:00,2018/12/25 01:00:00,2018/12/25 06:00:00,9.515143535753497,9.515143535753497,9.033012304712354,0.0,0.0,0.0,0.06501908921459039,0.013297274945155983,0.0,0.0014232669458539432,0.40239159993554136,0.0,0.0,0.0,0.0,0.0,0.0,0.0,0.0,0.0,0.0,0.0,0.0,0.0,0.0,0.0,0.0,0.0,0.0,0.0,0.0,0.0,0.0,0.0,0.0,0.0,0.03246699142993957,0.03246699142993957
2018/12/25 02:00:00,2018/12/25 02:00:00,2018/12/25 07:00:00,9.730748487848425,9.730748487848425,9.300830559036978,0.0,0.0,0.0,0.03901145352875434,0.00797836496709361,0.0,0.0008539601675123682,0.382074150148087,0.0,0.0,0.0,0.0,0.0,0.0,0.0,0.0,0.0,0.0,0.0,0.0,0.0,0.0,0.0,0.0,0.0,0.0,0.0,0.0,0.0,0.0,0.0,0.0,0.0,0.033202665474751994,0.033202665474751994
2018/12/25 03:00:00,2018/12/25 03:00:00,2018/12/25 08:00:00,9.698382503013951,9.698382503013951,9.315012570197025,0.0,0.0,0.0,0.026007635685836212,0.005318909978062404,0.0,0.0005693067783415784,0.35147408037468464,0.0,0.0,0.0,0.0,0.0,0.0,0.0,0.0,0.0,0.0,0.0,0.0,0.0,0.0,0.0,0.0,0.0,0.0,0.0,0.0,0.0,0.0,0.0,0.0,0.0,0.03309222823875089,0.03309222823875089
2018/12/25 04:00:00,2018/12/25 04:00:00,2018/12/25 09:00:00,9.944577976898803,9.944577976898803,9.575380956401247,0.0,0.0,0.0,0.026007635685836212,0.005318909978062404,0.0,0.0005693067783415784,0.33730116805531524,0.0,0.0,0.0,0.0,0.0,0.0,0.0,0.0,0.0,0.0,0.0,0.0,0.0,0.0,0.0,0.0,0.0,0.0,0.0,0.0,0.0,0.0,0.0,0.0,0.0,0.03393228139303853,0.03393228139303853
2018/12/25 05:00:00,2018/12/25 05:00:00,2018/12/25 10:00:00,10.763274295144164,10.763274295144164,9.993118183070276,0.0,0.0,0.0,0.02876591880464525,0.0058830158345184146,0.0,0.0006296855569084564,0.3164809012231033,0.0,0.0,0.0,0.0,0.0,0.0,0.41839659065471496,0.0,0.0,0.0,0.0,0.0,0.0,0.0,0.0,0.0,0.0,0.0,0.0,0.0,0.0,0.0,0.0,0.0,0.0,0.036725786950607645,0.036725786950607645
2018/12/25 06:00:00,2018/12/25 06:00:00,2018/12/25 11:00:00,10.731782583914756,10.731782583914756,10.288694827728854,0.0,0.0,0.0,0.07859679435536127,0.01607409757620221,0.0,0.0017204827198804096,0.3466963815344563,0.0,0.0,0.0,0.0,0.0,0.0,0.0,0.0,0.0,0.0,0.0,0.0,0.0,0.0,0.0,0.0,0.0,0.0,0.0,0.0,0.0,0.0,0.0,0.0,0.0,0.036618332857586616,0.036618332857586616
2018/12/25 07:00:00,2018/12/25 07:00:00,2018/12/25 12:00:00,10.883396786883829,10.883396786883829,10.230701744581493,0.0,0.0,0.0,0.18452357674232273,0.03773754390357793,0.0,0.004039218492300221,0.42639470316413536,0.0,0.0,0.0,0.0,0.0,0.0,0.0,0.0,0.0,0.0,0.0,0.0,0.0,0.0,0.0,0.0,0.0,0.0,0.0,0.0,0.0,0.0,0.0,0.0,0.0,0.037135661577847916,0.037135661577847916
2018/12/25 08:00:00,2018/12/25 08:00:00,2018/12/25 13:00:00,11.46559515402412,11.46559515402412,9.925225992748402,0.0,0.0,0.0,0.2335098295518684,0.047755888977462434,0.0,0.0051115268753808285,0.5844296437462715,0.0,0.0,0.0,0.0,0.0,0.0,0.6695622721247347,0.0,0.0,0.0,0.0,0.0,0.0,0.0,0.0,0.0,0.0,0.0,0.0,0.0,0.0,0.0,0.0,0.0,0.0,0.039122203275873055,0.039122203275873055
2018/12/25 09:00:00,2018/12/25 09:00:00,2018/12/25 14:00:00,13.764872431827627,13.764872431827627,9.544151287448521,0.0,0.0,0.0,0.24695335769390644,0.05050527061440958,0.0,0.005405805516797518,2.59903583972314,0.0,0.0,0.0,0.0,0.0,0.0,1.3188208708308526,0.0,0.0,0.0,0.0,0.0,0.0,0.0,0.0,0.0,0.0,0.0,0.0,0.0,0.0,0.0,0.0,0.0,0.0,0.04696765672520872,0.04696765672520872
2018/12/25 10:00:00,2018/12/25 10:00:00,2018/12/25 15:00:00,12.287392539834807,12.287392539834807,10.355961802876479,0.0,0.0,0.0,0.25268234700990755,0.0516769256931404,0.0,0.005531213012120983,0.3027193804123075,0.0,0.0,0.0,0.0,0.0,0.0,1.3188208708308526,0.0,0.0,0.0,0.0,0.0,0.0,0.0,0.0,0.0,0.0,0.0,0.0,0.0,0.0,0.0,0.0,0.0,0.0,0.04192629010672394,0.04192629010672394
2018/12/25 11:00:00,2018/12/25 11:00:00,2018/12/25 16:00:00,12.866126229513023,12.866126229513023,10.945223543436311,0.0,0.0,0.0,0.24574672449634635,0.05025849795764481,0.0,0.00537939233312173,0.30069720045874637,0.0,0.0,0.0,0.0,0.0,0.0,1.3188208708308526,0.0,0.0,0.0,0.0,0.0,0.0,0.0,0.0,0.0,0.0,0.0,0.0,0.0,0.0,0.0,0.0,0.0,0.0,0.04390100984399294,0.04390100984399294
2018/12/25 12:00:00,2018/12/25 12:00:00,2018/12/25 17:00:00,12.81203878801355,12.81203878801355,10.882853942565191,0.0,0.0,0.0,0.23613760755858612,0.04829330478983772,0.0,0.00516904889888472,0.3207640133701988,0.0,0.0,0.0,0.0,0.0,0.0,1.3188208708308526,0.0,0.0,0.0,0.0,0.0,0.0,0.0,0.0,0.0,0.0,0.0,0.0,0.0,0.0,0.0,0.0,0.0,0.0,0.04371645598066631,0.04371645598066631
2018/12/25 13:00:00,2018/12/25 13:00:00,2018/12/25 18:00:00,12.124800773953703,12.124800773953703,10.570353014627424,0.0,0.0,0.0,0.2292019850450249,0.046874877054342116,0.0,0.005017228219885468,0.3253849632138206,0.0,0.0,0.0,0.0,0.0,0.0,0.9479687057932068,0.0,0.0,0.0,0.0,0.0,0.0,0.0,0.0,0.0,0.0,0.0,0.0,0.0,0.0,0.0,0.0,0.0,0.0,0.04137150441698579,0.04137150441698579
2018/12/25 14:00:00,2018/12/25 14:00:00,2018/12/25 19:00:00,11.048058315891097,11.048058315891097,10.428282648595404,0.0,0.0,0.0,0.22716107639764072,0.04645748388950332,0.0,0.004972552758379963,0.34118455425017113,0.0,0.0,0.0,0.0,0.0,0.0,0.0,0.0,0.0,0.0,0.0,0.0,0.0,0.0,0.0,0.0,0.0,0.0,0.0,0.0,0.0,0.0,0.0,0.0,0.0,0.03769750958686972,0.03769750958686972
2018/12/25 15:00:00,2018/12/25 15:00:00,2018/12/25 20:00:00,10.592142174957342,10.592142174957342,9.927741366337656,0.0,0.0,0.0,0.2303532769511554,0.04711033167548305,0.0,0.005042429983472414,0.3818947700095756,0.0,0.0,0.0,0.0,0.0,0.0,0.0,0.0,0.0,0.0,0.0,0.0,0.0,0.0,0.0,0.0,0.0,0.0,0.0,0.0,0.0,0.0,0.0,0.0,0.0,0.03614186038569399,0.03614186038569399
2018/12/25 16:00:00,2018/12/25 16:00:00,2018/12/25 21:00:00,10.18269475239814,10.18269475239814,9.50612882954184,0.0,0.0,0.0,0.2504788163447321,0.051226274146665876,0.0,0.005482977756939709,0.36937785460796296,0.0,0.0,0.0,0.0,0.0,0.0,0.0,0.0,0.0,0.0,0.0,0.0,0.0,0.0,0.0,0.0,0.0,0.0,0.0,0.0,0.0,0.0,0.0,0.0,0.0,0.03474476890627599,0.03474476890627599
2018/12/25 17:00:00,2018/12/25 17:00:00,2018/12/25 22:00:00,10.240153444279573,10.240153444279573,9.363790170936289,0.0,0.0,0.0,0.305945947631676,0.06257004570746537,0.0,0.006697152478481841,0.50115012752566,0.0,0.0,0.0,0.0,0.0,0.0,0.0,0.0,0.0,0.0,0.0,0.0,0.0,0.0,0.0,0.0,0.0,0.0,0.0,0.0,0.0,0.0,0.0,0.0,0.0,0.034940825944184066,0.034940825944184066
2018/12/25 18:00:00,2018/12/25 18:00:00,2018/12/25 23:00:00,10.865109115880431,10.865109115880431,9.660528969580575,0.0,0.0,0.0,0.4069264191245201,0.08322190518061402,0.0,0.008907613575194035,0.7055242084195247,0.0,0.0,0.0,0.0,0.0,0.0,0.0,0.0,0.0,0.0,0.0,0.0,0.0,0.0,0.0,0.0,0.0,0.0,0.0,0.0,0.0,0.0,0.0,0.0,0.0,0.03707326150416434,0.03707326150416434
2018/12/25 19:00:00,2018/12/25 19:00:00,2018/12/26 00:00:00,11.559132109545192,11.559132109545192,10.200501397249736,0.0,0.0,0.0,0.5052614445357361,0.10333273548333091,0.0,0.011060165894491741,0.7389763663818958,0.0,0.0,0.0,0.0,0.0,0.0,0.0,0.0,0.0,0.0,0.0,0.0,0.0,0.0,0.0,0.0,0.0,0.0,0.0,0.0,0.0,0.0,0.0,0.0,0.0,0.039441364360713674,0.039441364360713674
2018/12/25 20:00:00,2018/12/25 20:00:00,2018/12/26 01:00:00,13.329143854956365,13.329143854956365,10.402132876497827,0.0,0.0,0.0,0.5191166306935479,0.10616630670037282,0.0,0.011363455724067538,1.018073563395663,0.0,0.0,0.0,0.0,0.0,0.0,1.2722910219448866,0.0,0.0,0.0,0.0,0.0,0.0,0.0,0.0,0.0,0.0,0.0,0.0,0.0,0.0,0.0,0.0,0.0,0.0,0.04548089029673584,0.04548089029673584
2018/12/25 21:00:00,2018/12/25 21:00:00,2018/12/26 02:00:00,20.95338018584735,20.95338018584735,10.730468653916677,0.0,0.0,0.0,0.43517064139894374,0.08899822708441008,0.0,0.009525879202414142,8.370395913414052,0.0,0.0,0.0,0.0,0.0,0.0,1.3188208708308526,0.0,0.0,0.0,0.0,0.0,0.0,0.0,0.0,0.0,0.0,0.0,0.0,0.0,0.0,0.0,0.0,0.0,0.0,0.07149584369021289,0.07149584369021289
2018/12/25 22:00:00,2018/12/25 22:00:00,2018/12/26 03:00:00,17.045357901844216,17.045357901844216,11.14444572586808,0.0,0.0,0.0,0.3276772071694535,0.06701437946342832,0.0,0.007172849443258015,4.180226869069144,0.0,0.0,0.0,0.0,0.0,0.0,1.3188208708308526,0.0,0.0,0.0,0.0,0.0,0.0,0.0,0.0,0.0,0.0,0.0,0.0,0.0,0.0,0.0,0.0,0.0,0.0,0.05816112881954593,0.05816112881954593
2018/12/25 23:00:00,2018/12/25 23:00:00,2018/12/26 04:00:00,15.338424055408497,15.338424055408497,11.324040094486268,0.0,0.0,0.0,0.28188573431297226,0.05764940969729326,0.0,0.0061704747482896226,2.3498574713328217,0.0,0.0,0.0,0.0,0.0,0.0,1.3188208708308526,0.0,0.0,0.0,0.0,0.0,0.0,0.0,0.0,0.0,0.0,0.0,0.0,0.0,0.0,0.0,0.0,0.0,0.0,0.05233683343656371,0.05233683343656371
2018/12/26 00:00:00,2018/12/26 00:00:00,2018/12/26 05:00:00,14.183454175670414,14.183454175670414,12.19296930083516,0.0,0.0,0.0,0.13094360677997474,0.026779722120023,0.0,0.002866353705536267,0.5110743213988677,0.0,0.0,0.0,0.0,0.0,0.0,1.3188208708308526,0.0,0.0,0.0,0.0,0.0,0.0,0.0,0.0,0.0,0.0,0.0,0.0,0.0,0.0,0.0,0.0,0.0,0.0,0.04839591577763475,0.04839591577763475
2018/12/26 01:00:00,2018/12/26 01:00:00,2018/12/26 06:00:00,16.622952470141527,16.622952470141527,13.788159114718308,0.0,0.0,0.0,0.06501908921459039,0.013297274945155983,0.0,0.0014232669458539432,1.4362328534867663,0.0,0.0,0.0,0.0,0.0,0.0,1.3188208708308526,0.0,0.0,0.0,0.0,0.0,0.0,0.0,0.0,0.0,0.0,0.0,0.0,0.0,0.0,0.0,0.0,0.0,0.0,0.05671982281301861,0.05671982281301861
2018/12/26 02:00:00,2018/12/26 02:00:00,2018/12/26 07:00:00,15.462147142843305,15.462147142843305,13.630361423900595,0.0,0.0,0.0,0.03901145352875434,0.00797836496709361,0.0,0.0008539601675123682,0.46512106944849735,0.0,0.0,0.0,0.0,0.0,0.0,1.3188208708308526,0.0,0.0,0.0,0.0,0.0,0.0,0.0,0.0,0.0,0.0,0.0,0.0,0.0,0.0,0.0,0.0,0.0,0.0,0.05275899379645086,0.05275899379645086
2018/12/26 03:00:00,2018/12/26 03:00:00,2018/12/26 08:00:00,15.550855614615411,15.550855614615411,11.906072353101637,0.0,0.0,0.0,0.026007635685836212,0.005318909978062404,0.0,0.0005693067783415784,2.294066538240683,0.0,0.0,0.0,0.0,0.0,0.0,1.3188208708308526,0.0,0.0,0.0,0.0,0.0,0.0,0.0,0.0,0.0,0.0,0.0,0.0,0.0,0.0,0.0,0.0,0.0,0.0,0.05306167942404711,0.05306167942404711
2018/12/26 04:00:00,2018/12/26 04:00:00,2018/12/26 09:00:00,14.954906864588086,14.954906864588086,11.603322022484607,0.0,0.0,0.0,0.026007635685836212,0.005318909978062404,0.0,0.0005693067783415784,2.0008681188303856,0.0,0.0,0.0,0.0,0.0,0.0,1.3188208708308526,0.0,0.0,0.0,0.0,0.0,0.0,0.0,0.0,0.0,0.0,0.0,0.0,0.0,0.0,0.0,0.0,0.0,0.0,0.05102821950963625,0.05102821950963625
2018/12/26 05:00:00,2018/12/26 05:00:00,2018/12/26 10:00:00,13.621879912589788,13.621879912589788,11.567560165576232,0.0,0.0,0.0,0.02876591880464525,0.0058830158345184146,0.0,0.0006296855569084564,2.011271121734182,0.0,0.0,0.0,0.0,0.0,0.0,0.007770005083304465,0.0,0.0,0.0,0.0,0.0,0.0,0.0,0.0,0.0,0.0,0.0,0.0,0.0,0.0,0.0,0.0,0.0,0.0,0.04647974638741972,0.04647974638741972
2018/12/26 06:00:00,2018/12/26 06:00:00,2018/12/26 11:00:00,12.04867216098822,12.04867216098822,11.605584404802318,0.0,0.0,0.0,0.07859679435536127,0.01607409757620221,0.0,0.0017204827198804096,0.3466963815344563,0.0,0.0,0.0,0.0,0.0,0.0,0.0,0.0,0.0,0.0,0.0,0.0,0.0,0.0,0.0,0.0,0.0,0.0,0.0,0.0,0.0,0.0,0.0,0.0,0.0,0.0411117430150231,0.0411117430150231
2018/12/26 07:00:00,2018/12/26 07:00:00,2018/12/26 12:00:00,11.991996650349213,11.991996650349213,11.339301608046876,0.0,0.0,0.0,0.18452357674232273,0.03773754390357793,0.0,0.004039218492300221,0.42639470316413536,0.0,0.0,0.0,0.0,0.0,0.0,0.0,0.0,0.0,0.0,0.0,0.0,0.0,0.0,0.0,0.0,0.0,0.0,0.0,0.0,0.0,0.0,0.0,0.0,0.0,0.04091835830030073,0.04091835830030073
2018/12/26 08:00:00,2018/12/26 08:00:00,2018/12/26 13:00:00,11.953176122880164,11.953176122880164,11.180426597544939,0.0,0.0,0.0,0.2335098295518684,0.047755888977462434,0.0,0.0051115268753808285,0.48637227993051274,0.0,0.0,0.0,0.0,0.0,0.0,0.0,0.0,0.0,0.0,0.0,0.0,0.0,0.0,0.0,0.0,0.0,0.0,0.0,0.0,0.0,0.0,0.0,0.0,0.0,0.04078589726827243,0.04078589726827243
2018/12/26 09:00:00,2018/12/26 09:00:00,2018/12/26 14:00:00,11.681225757287645,11.681225757287645,10.989839313927765,0.0,0.0,0.0,0.24695335769390644,0.05050527061440958,0.0,0.005405805516797518,0.38852200953476496,0.0,0.0,0.0,0.0,0.0,0.0,0.0,0.0,0.0,0.0,0.0,0.0,0.0,0.0,0.0,0.0,0.0,0.0,0.0,0.0,0.0,0.0,0.0,0.0,0.0,0.039857964846035765,0.039857964846035765
2018/12/26 10:00:00,2018/12/26 10:00:00,2018/12/26 15:00:00,11.031300866174027,11.031300866174027,10.418691000046552,0.0,0.0,0.0,0.25268234700990755,0.0516769256931404,0.0,0.005531213012120983,0.3027193804123075,0.0,0.0,0.0,0.0,0.0,0.0,0.0,0.0,0.0,0.0,0.0,0.0,0.0,0.0,0.0,0.0,0.0,0.0,0.0,0.0,0.0,0.0,0.0,0.0,0.0,0.037640330840768045,0.037640330840768045
2018/12/26 11:00:00,2018/12/26 11:00:00,2018/12/26 16:00:00,10.430829891860606,10.430829891860606,9.828748076614747,0.0,0.0,0.0,0.24574672449634635,0.05025849795764481,0.0,0.00537939233312173,0.30069720045874637,0.0,0.0,0.0,0.0,0.0,0.0,0.0,0.0,0.0,0.0,0.0,0.0,0.0,0.0,0.0,0.0,0.0,0.0,0.0,0.0,0.0,0.0,0.0,0.0,0.0,0.035591440468940624,0.035591440468940624
2018/12/26 12:00:00,2018/12/26 12:00:00,2018/12/26 17:00:00,10.303923036013684,10.303923036013684,9.255464574794969,0.0,0.0,0.0,0.23613760755858612,0.04829330478983772,0.0,0.00516904889888472,0.3207640133701988,0.0,0.0,0.0,0.0,0.0,0.0,0.43809448660120937,0.0,0.0,0.0,0.0,0.0,0.0,0.0,0.0,0.0,0.0,0.0,0.0,0.0,0.0,0.0,0.0,0.0,0.0,0.03515841664899503,0.03515841664899503
2018/12/26 13:00:00,2018/12/26 13:00:00,2018/12/26 18:00:00,11.211943305493135,11.211943305493135,9.28664338112921,0.0,0.0,0.0,0.2292019850450249,0.046874877054342116,0.0,0.005017228219885468,0.3253849632138206,0.0,0.0,0.0,0.0,0.0,0.0,1.3188208708308526,0.0,0.0,0.0,0.0,0.0,0.0,0.0,0.0,0.0,0.0,0.0,0.0,0.0,0.0,0.0,0.0,0.0,0.0,0.038256707935576895,0.038256707935576895
2018/12/26 14:00:00,2018/12/26 14:00:00,2018/12/26 19:00:00,10.96908284377297,10.96908284377297,9.313503554262574,0.0,0.0,0.0,0.22716107639764072,0.04645748388950332,0.0,0.004972552758379963,0.34118455425017113,0.0,0.0,0.0,0.0,0.0,0.0,1.035803622214703,0.0,0.0,0.0,0.0,0.0,0.0,0.0,0.0,0.0,0.0,0.0,0.0,0.0,0.0,0.0,0.0,0.0,0.0,0.03742803430603974,0.03742803430603974
2018/12/26 15:00:00,2018/12/26 15:00:00,2018/12/26 20:00:00,10.238885525338885,10.238885525338885,9.5744847167192,0.0,0.0,0.0,0.2303532769511554,0.04711033167548305,0.0,0.005042429983472414,0.3818947700095756,0.0,0.0,0.0,0.0,0.0,0.0,0.0,0.0,0.0,0.0,0.0,0.0,0.0,0.0,0.0,0.0,0.0,0.0,0.0,0.0,0.0,0.0,0.0,0.0,0.0,0.034936499628640164,0.034936499628640164
2018/12/26 16:00:00,2018/12/26 16:00:00,2018/12/26 21:00:00,10.45928503396664,10.45928503396664,9.69595165699267,0.0,0.0,0.0,0.2504788163447321,0.051226274146665876,0.0,0.005482977756939709,0.4561453087256356,0.0,0.0,0.0,0.0,0.0,0.0,0.0,0.0,0.0,0.0,0.0,0.0,0.0,0.0,0.0,0.0,0.0,0.0,0.0,0.0,0.0,0.0,0.0,0.0,0.0,0.03568853336632288,0.03568853336632288
2018/12/26 17:00:00,2018/12/26 17:00:00,2018/12/26 22:00:00,13.253909857860798,13.253909857860798,9.631020032503208,0.0,0.0,0.0,0.305945947631676,0.06257004570746537,0.0,0.006697152478481841,2.606600749448547,0.0,0.0,0.0,0.0,0.0,0.0,0.6410759300914187,0.0,0.0,0.0,0.0,0.0,0.0,0.0,0.0,0.0,0.0,0.0,0.0,0.0,0.0,0.0,0.0,0.0,0.0,0.04522418144838651,0.04522418144838651
2018/12/26 18:00:00,2018/12/26 18:00:00,2018/12/26 23:00:00,14.282192524932634,14.282192524932634,9.557789063810452,0.0,0.0,0.0,0.4069264191245201,0.08322190518061402,0.0,0.008907613575194035,4.074495448683224,0.0,0.0,0.0,0.0,0.0,0.0,0.15085207455863073,0.0,0.0,0.0,0.0,0.0,0.0,0.0,0.0,0.0,0.0,0.0,0.0,0.0,0.0,0.0,0.0,0.0,0.0,0.04873282474041153,0.04873282474041153
2018/12/26 19:00:00,2018/12/26 19:00:00,2018/12/27 00:00:00,11.749300785558551,11.749300785558551,10.390670073263095,0.0,0.0,0.0,0.5052614445357361,0.10333273548333091,0.0,0.011060165894491741,0.7389763663818958,0.0,0.0,0.0,0.0,0.0,0.0,0.0,0.0,0.0,0.0,0.0,0.0,0.0,0.0,0.0,0.0,0.0,0.0,0.0,0.0,0.0,0.0,0.0,0.0,0.0,0.040090246298350125,0.040090246298350125
2018/12/26 20:00:00,2018/12/26 20:00:00,2018/12/27 01:00:00,12.202884894055844,12.202884894055844,10.877354206815678,0.0,0.0,0.0,0.5191166306935479,0.10616630670037282,0.0,0.011363455724067538,0.6888842941221767,0.0,0.0,0.0,0.0,0.0,0.0,0.0,0.0,0.0,0.0,0.0,0.0,0.0,0.0,0.0,0.0,0.0,0.0,0.0,0.0,0.0,0.0,0.0,0.0,0.0,0.04163793828092537,0.04163793828092537
2018/12/26 21:00:00,2018/12/26 21:00:00,2018/12/27 02:00:00,12.599683748261896,12.599683748261896,11.269802141636003,0.0,0.0,0.0,0.43517064139894374,0.08899822708441008,0.0,0.009525879202414142,0.7961868589401253,0.0,0.0,0.0,0.0,0.0,0.0,0.0,0.0,0.0,0.0,0.0,0.0,0.0,0.0,0.0,0.0,0.0,0.0,0.0,0.0,0.0,0.0,0.0,0.0,0.0,0.04299187108819306,0.04299187108819306
2018/12/26 22:00:00,2018/12/26 22:00:00,2018/12/27 03:00:00,12.523243235364617,12.523243235364617,11.476294352274543,0.0,0.0,0.0,0.3276772071694535,0.06701437946342832,0.0,0.007172849443258015,0.645084447013938,0.0,0.0,0.0,0.0,0.0,0.0,0.0,0.0,0.0,0.0,0.0,0.0,0.0,0.0,0.0,0.0,0.0,0.0,0.0,0.0,0.0,0.0,0.0,0.0,0.0,0.04273104544033913,0.04273104544033913
2018/12/26 23:00:00,2018/12/26 23:00:00,2018/12/27 04:00:00,12.73230408529077,12.73230408529077,11.837934590168956,0.0,0.0,0.0,0.28188573431297226,0.05764940969729326,0.0,0.0061704747482896226,0.5486638763632579,0.0,0.0,0.0,0.0,0.0,0.0,0.0,0.0,0.0,0.0,0.0,0.0,0.0,0.0,0.0,0.0,0.0,0.0,0.0,0.0,0.0,0.0,0.0,0.0,0.0,0.043444390099553525,0.043444390099553525
2018/12/27 00:00:00,2018/12/27 00:00:00,2018/12/27 05:00:00,12.590449189680195,12.590449189680195,11.964645902104142,0.0,0.0,0.0,0.13094360677997474,0.026779722120023,0.0,0.002866353705536267,0.46521360497051883,0.0,0.0,0.0,0.0,0.0,0.0,0.0,0.0,0.0,0.0,0.0,0.0,0.0,0.0,0.0,0.0,0.0,0.0,0.0,0.0,0.0,0.0,0.0,0.0,0.0,0.042960361491600554,0.042960361491600554
2018/12/27 01:00:00,2018/12/27 01:00:00,2018/12/27 06:00:00,13.278787335892758,13.278787335892758,12.522074698747723,0.0,0.0,0.0,0.06501908921459039,0.013297274945155983,0.0,0.0014232669458539432,0.40239159993554136,0.0,0.0,0.0,0.0,0.0,0.0,0.2745814061038943,0.0,0.0,0.0,0.0,0.0,0.0,0.0,0.0,0.0,0.0,0.0,0.0,0.0,0.0,0.0,0.0,0.0,0.0,0.04530906685899826,0.04530906685899826
2018/12/27 02:00:00,2018/12/27 02:00:00,2018/12/27 07:00:00,13.168679672139051,13.168679672139051,12.607447409847554,0.0,0.0,0.0,0.03901145352875434,0.00797836496709361,0.0,0.0008539601675123682,0.382074150148087,0.0,0.0,0.0,0.0,0.0,0.0,0.13131433348005198,0.0,0.0,0.0,0.0,0.0,0.0,0.0,0.0,0.0,0.0,0.0,0.0,0.0,0.0,0.0,0.0,0.0,0.0,0.0449333642159399,0.0449333642159399
2018/12/27 03:00:00,2018/12/27 03:00:00,2018/12/27 08:00:00,12.725494966700932,12.725494966700932,12.342125033884006,0.0,0.0,0.0,0.026007635685836212,0.005318909978062404,0.0,0.0005693067783415784,0.35147408037468464,0.0,0.0,0.0,0.0,0.0,0.0,0.0,0.0,0.0,0.0,0.0,0.0,0.0,0.0,0.0,0.0,0.0,0.0,0.0,0.0,0.0,0.0,0.0,0.0,0.0,0.04342115644111517,0.04342115644111517
2018/12/27 04:00:00,2018/12/27 04:00:00,2018/12/27 09:00:00,12.851675136225198,12.851675136225198,12.482478115727645,0.0,0.0,0.0,0.026007635685836212,0.005318909978062404,0.0,0.0005693067783415784,0.33730116805531524,0.0,0.0,0.0,0.0,0.0,0.0,0.0,0.0,0.0,0.0,0.0,0.0,0.0,0.0,0.0,0.0,0.0,0.0,0.0,0.0,0.0,0.0,0.0,0.0,0.0,0.04385170070638865,0.04385170070638865
2018/12/27 05:00:00,2018/12/27 05:00:00,2018/12/27 10:00:00,12.94488976952995,12.94488976952995,12.593130248110777,0.0,0.0,0.0,0.02876591880464525,0.0058830158345184146,0.0,0.0006296855569084564,0.3164809012231033,0.0,0.0,0.0,0.0,0.0,0.0,0.0,0.0,0.0,0.0,0.0,0.0,0.0,0.0,0.0,0.0,0.0,0.0,0.0,0.0,0.0,0.0,0.0,0.0,0.0,0.04416976198305552,0.04416976198305552
2018/12/27 06:00:00,2018/12/27 06:00:00,2018/12/27 11:00:00,12.953082757329588,12.953082757329588,12.509995001143686,0.0,0.0,0.0,0.07859679435536127,0.01607409757620221,0.0,0.0017204827198804096,0.3466963815344563,0.0,0.0,0.0,0.0,0.0,0.0,0.0,0.0,0.0,0.0,0.0,0.0,0.0,0.0,0.0,0.0,0.0,0.0,0.0,0.0,0.0,0.0,0.0,0.0,0.0,0.044197717595461886,0.044197717595461886
2018/12/27 07:00:00,2018/12/27 07:00:00,2018/12/27 12:00:00,13.221601471559797,13.221601471559797,12.568906429257462,0.0,0.0,0.0,0.18452357674232273,0.03773754390357793,0.0,0.004039218492300221,0.42639470316413536,0.0,0.0,0.0,0.0,0.0,0.0,0.0,0.0,0.0,0.0,0.0,0.0,0.0,0.0,0.0,0.0,0.0,0.0,0.0,0.0,0.0,0.0,0.0,0.0,0.0,0.045113940746582246,0.045113940746582246
2018/12/27 08:00:00,2018/12/27 08:00:00,2018/12/27 13:00:00,13.163104574432515,13.163104574432515,11.964254085969793,0.0,0.0,0.0,0.2335098295518684,0.047755888977462434,0.0,0.0051115268753808285,0.48637227993051274,0.0,0.0,0.0,0.0,0.0,0.0,0.42610096312749574,0.0,0.0,0.0,0.0,0.0,0.0,0.0,0.0,0.0,0.0,0.0,0.0,0.0,0.0,0.0,0.0,0.0,0.0,0.04491434120816507,0.04491434120816507
2018/12/27 09:00:00,2018/12/27 09:00:00,2018/12/27 14:00:00,14.316234639258205,14.316234639258205,12.306027325067474,0.0,0.0,0.0,0.24695335769390644,0.05050527061440958,0.0,0.005405805516797518,0.38852200953476496,0.0,0.0,0.0,0.0,0.0,0.0,1.3188208708308526,0.0,0.0,0.0,0.0,0.0,0.0,0.0,0.0,0.0,0.0,0.0,0.0,0.0,0.0,0.0,0.0,0.0,0.0,0.048848981163056374,0.048848981163056374
2018/12/27 10:00:00,2018/12/27 10:00:00,2018/12/27 15:00:00,14.451097809829362,14.451097809829362,12.519667072871034,0.0,0.0,0.0,0.25268234700990755,0.0516769256931404,0.0,0.005531213012120983,0.3027193804123075,0.0,0.0,0.0,0.0,0.0,0.0,1.3188208708308526,0.0,0.0,0.0,0.0,0.0,0.0,0.0,0.0,0.0,0.0,0.0,0.0,0.0,0.0,0.0,0.0,0.0,0.0,0.04930915303400035,0.04930915303400035
2018/12/27 11:00:00,2018/12/27 11:00:00,2018/12/27 16:00:00,14.236208508717567,14.236208508717567,12.315305822640855,0.0,0.0,0.0,0.24574672449634635,0.05025849795764481,0.0,0.00537939233312173,0.30069720045874637,0.0,0.0,0.0,0.0,0.0,0.0,1.3188208708308526,0.0,0.0,0.0,0.0,0.0,0.0,0.0,0.0,0.0,0.0,0.0,0.0,0.0,0.0,0.0,0.0,0.0,0.0,0.04857592088974875,0.04857592088974875
2018/12/27 12:00:00,2018/12/27 12:00:00,2018/12/27 17:00:00,12.911937363790187,12.911937363790187,12.127512173873635,0.0,0.0,0.0,0.23613760755858612,0.04829330478983772,0.0,0.00516904889888472,0.3207640133701988,0.0,0.0,0.0,0.0,0.0,0.0,0.17406121529904356,0.0,0.0,0.0,0.0,0.0,0.0,0.0,0.0,0.0,0.0,0.0,0.0,0.0,0.0,0.0,0.0,0.0,0.0,0.0440573237974697,0.0440573237974697
2018/12/27 13:00:00,2018/12/27 13:00:00,2018/12/27 18:00:00,12.580327465673218,12.580327465673218,11.973848412140145,0.0,0.0,0.0,0.2292019850450249,0.046874877054342116,0.0,0.005017228219885468,0.3253849632138206,0.0,0.0,0.0,0.0,0.0,0.0,0.0,0.0,0.0,0.0,0.0,0.0,0.0,0.0,0.0,0.0,0.0,0.0,0.0,0.0,0.0,0.0,0.0,0.0,0.0,0.0429258247633467,0.0429258247633467
2018/12/27 14:00:00,2018/12/27 14:00:00,2018/12/27 19:00:00,12.120745123884083,12.120745123884083,11.500969456588388,0.0,0.0,0.0,0.22716107639764072,0.04645748388950332,0.0,0.004972552758379963,0.34118455425017113,0.0,0.0,0.0,0.0,0.0,0.0,0.0,0.0,0.0,0.0,0.0,0.0,0.0,0.0,0.0,0.0,0.0,0.0,0.0,0.0,0.0,0.0,0.0,0.0,0.0,0.04135766597560459,0.04135766597560459
2018/12/27 15:00:00,2018/12/27 15:00:00,2018/12/27 20:00:00,11.58257632455781,11.58257632455781,10.870784021666042,0.0,0.0,0.0,0.2303532769511554,0.04711033167548305,0.0,0.005042429983472414,0.42928626428165617,0.0,0.0,0.0,0.0,0.0,0.0,0.0,0.0,0.0,0.0,0.0,0.0,0.0,0.0,0.0,0.0,0.0,0.0,0.0,0.0,0.0,0.0,0.0,0.0,0.0,0.039521359278818294,0.039521359278818294
2018/12/27 16:00:00,2018/12/27 16:00:00,2018/12/27 21:00:00,12.653468542413156,12.653468542413156,10.485532099286846,0.0,0.0,0.0,0.2504788163447321,0.051226274146665876,0.0,0.005482977756939709,1.4533121293180298,0.0,0.0,0.0,0.0,0.0,0.0,0.4074362455599426,0.0,0.0,0.0,0.0,0.0,0.0,0.0,0.0,0.0,0.0,0.0,0.0,0.0,0.0,0.0,0.0,0.0,0.0,0.04317539227672884,0.04317539227672884
2018/12/27 17:00:00,2018/12/27 17:00:00,2018/12/27 22:00:00,12.063474395812674,12.063474395812674,10.835786604113615,0.0,0.0,0.0,0.305945947631676,0.06257004570746537,0.0,0.006697152478481841,0.8524746458814354,0.0,0.0,0.0,0.0,0.0,0.0,0.0,0.0,0.0,0.0,0.0,0.0,0.0,0.0,0.0,0.0,0.0,0.0,0.0,0.0,0.0,0.0,0.0,0.0,0.0,0.041162250296325135,0.041162250296325135
2018/12/27 18:00:00,2018/12/27 18:00:00,2018/12/27 23:00:00,12.653122867953043,12.653122867953043,11.448542721653189,0.0,0.0,0.0,0.4069264191245201,0.08322190518061402,0.0,0.008907613575194035,0.7055242084195247,0.0,0.0,0.0,0.0,0.0,0.0,0.0,0.0,0.0,0.0,0.0,0.0,0.0,0.0,0.0,0.0,0.0,0.0,0.0,0.0,0.0,0.0,0.0,0.0,0.0,0.04317421278745557,0.04317421278745557
2018/12/27 19:00:00,2018/12/27 19:00:00,2018/12/28 00:00:00,13.355929477401117,13.355929477401117,11.49342542112284,0.0,0.0,0.0,0.5052614445357361,0.10333273548333091,0.0,0.011060165894491741,0.7389763663818958,0.0,0.0,0.0,0.0,0.0,0.0,0.5038733439828199,0.0,0.0,0.0,0.0,0.0,0.0,0.0,0.0,0.0,0.0,0.0,0.0,0.0,0.0,0.0,0.0,0.0,0.0,0.04557228656113182,0.04557228656113182
2018/12/27 20:00:00,2018/12/27 20:00:00,2018/12/28 01:00:00,14.723225338922525,14.723225338922525,12.084146565866169,0.0,0.0,0.0,0.5191166306935479,0.10616630670037282,0.0,0.011363455724067538,0.6836115091075151,0.0,0.0,0.0,0.0,0.0,0.0,1.3188208708308526,0.0,0.0,0.0,0.0,0.0,0.0,0.0,0.0,0.0,0.0,0.0,0.0,0.0,0.0,0.0,0.0,0.0,0.0,0.05023768996270983,0.05023768996270983
2018/12/27 21:00:00,2018/12/27 21:00:00,2018/12/28 02:00:00,15.579579562018221,15.579579562018221,13.049741836222749,0.0,0.0,0.0,0.43517064139894374,0.08899822708441008,0.0,0.009525879202414142,0.6773221072788519,0.0,0.0,0.0,0.0,0.0,0.0,1.3188208708308526,0.0,0.0,0.0,0.0,0.0,0.0,0.0,0.0,0.0,0.0,0.0,0.0,0.0,0.0,0.0,0.0,0.0,0.0,0.053159689522439935,0.053159689522439935
2018/12/27 22:00:00,2018/12/27 22:00:00,2018/12/28 03:00:00,15.730884127664947,15.730884127664947,13.365114373744019,0.0,0.0,0.0,0.3276772071694535,0.06701437946342832,0.0,0.007172849443258015,0.645084447013938,0.0,0.0,0.0,0.0,0.0,0.0,1.3188208708308526,0.0,0.0,0.0,0.0,0.0,0.0,0.0,0.0,0.0,0.0,0.0,0.0,0.0,0.0,0.0,0.0,0.0,0.0,0.05367596171714772,0.05367596171714772
2018/12/27 23:00:00,2018/12/27 23:00:00,2018/12/28 04:00:00,15.318796016771593,15.318796016771593,13.541434160370422,0.0,0.0,0.0,0.28188573431297226,0.05764940969729326,0.0,0.0061704747482896226,0.5486638763632579,0.0,0.0,0.0,0.0,0.0,0.0,0.8829923612793599,0.0,0.0,0.0,0.0,0.0,0.0,0.0,0.0,0.0,0.0,0.0,0.0,0.0,0.0,0.0,0.0,0.0,0.0,0.05226985984233296,0.05226985984233296
2018/12/28 00:00:00,2018/12/28 00:00:00,2018/12/28 05:00:00,14.649289818413251,14.649289818413251,14.023486530837198,0.0,0.0,0.0,0.13094360677997474,0.026779722120023,0.0,0.002866353705536267,0.46521360497051883,0.0,0.0,0.0,0.0,0.0,0.0,0.0,0.0,0.0,0.0,0.0,0.0,0.0,0.0,0.0,0.0,0.0,0.0,0.0,0.0,0.0,0.0,0.0,0.0,0.0,0.04998541169683576,0.04998541169683576
2018/12/28 01:00:00,2018/12/28 01:00:00,2018/12/28 06:00:00,15.383922599376978,15.383922599376978,14.901791368335836,0.0,0.0,0.0,0.06501908921459039,0.013297274945155983,0.0,0.0014232669458539432,0.40239159993554136,0.0,0.0,0.0,0.0,0.0,0.0,0.0,0.0,0.0,0.0,0.0,0.0,0.0,0.0,0.0,0.0,0.0,0.0,0.0,0.0,0.0,0.0,0.0,0.0,0.0,0.05249208078848738,0.05249208078848738
2018/12/28 02:00:00,2018/12/28 02:00:00,2018/12/28 07:00:00,15.516865680130259,15.516865680130259,15.086947751318814,0.0,0.0,0.0,0.03901145352875434,0.00797836496709361,0.0,0.0008539601675123682,0.382074150148087,0.0,0.0,0.0,0.0,0.0,0.0,0.0,0.0,0.0,0.0,0.0,0.0,0.0,0.0,0.0,0.0,0.0,0.0,0.0,0.0,0.0,0.0,0.0,0.0,0.0,0.05294570104626574,0.05294570104626574
2018/12/28 03:00:00,2018/12/28 03:00:00,2018/12/28 08:00:00,15.316602816578628,15.316602816578628,14.933232883761702,0.0,0.0,0.0,0.026007635685836212,0.005318909978062404,0.0,0.0005693067783415784,0.35147408037468464,0.0,0.0,0.0,0.0,0.0,0.0,0.0,0.0,0.0,0.0,0.0,0.0,0.0,0.0,0.0,0.0,0.0,0.0,0.0,0.0,0.0,0.0,0.0,0.0,0.0,0.05226237633863156,0.05226237633863156
2018/12/28 04:00:00,2018/12/28 04:00:00,2018/12/28 09:00:00,15.36263969538287,15.36263969538287,14.993442674885314,0.0,0.0,0.0,0.026007635685836212,0.005318909978062404,0.0,0.0005693067783415784,0.33730116805531524,0.0,0.0,0.0,0.0,0.0,0.0,0.0,0.0,0.0,0.0,0.0,0.0,0.0,0.0,0.0,0.0,0.0,0.0,0.0,0.0,0.0,0.0,0.0,0.0,0.0,0.0524194605637914,0.0524194605637914
2018/12/28 05:00:00,2018/12/28 05:00:00,2018/12/28 10:00:00,15.73137287577693,15.73137287577693,15.379613354357756,0.0,0.0,0.0,0.02876591880464525,0.0058830158345184146,0.0,0.0006296855569084564,0.3164809012231033,0.0,0.0,0.0,0.0,0.0,0.0,0.0,0.0,0.0,0.0,0.0,0.0,0.0,0.0,0.0,0.0,0.0,0.0,0.0,0.0,0.0,0.0,0.0,0.0,0.0,0.053677629393594585,0.053677629393594585
2018/12/28 06:00:00,2018/12/28 06:00:00,2018/12/28 11:00:00,16.19951608420884,16.19951608420884,15.756428328022938,0.0,0.0,0.0,0.07859679435536127,0.01607409757620221,0.0,0.0017204827198804096,0.3466963815344563,0.0,0.0,0.0,0.0,0.0,0.0,0.0,0.0,0.0,0.0,0.0,0.0,0.0,0.0,0.0,0.0,0.0,0.0,0.0,0.0,0.0,0.0,0.0,0.0,0.0,0.055274999047455475,0.055274999047455475
2018/12/28 07:00:00,2018/12/28 07:00:00,2018/12/28 12:00:00,17.15900944479067,17.15900944479067,15.195029232627105,0.0,0.0,0.0,0.18452357674232273,0.03773754390357793,0.0,0.004039218492300221,0.42639470316413536,0.0,0.0,0.0,0.0,0.0,0.0,1.311285169861228,0.0,0.0,0.0,0.0,0.0,0.0,0.0,0.0,0.0,0.0,0.0,0.0,0.0,0.0,0.0,0.0,0.0,0.0,0.05854892367066687,0.05854892367066687
2018/12/28 08:00:00,2018/12/28 08:00:00,2018/12/28 13:00:00,18.16037808016443,18.16037808016443,16.06880768399835,0.0,0.0,0.0,0.2335098295518684,0.047755888977462434,0.0,0.0051115268753808285,0.48637227993051274,0.0,0.0,0.0,0.0,0.0,0.0,1.3188208708308526,0.0,0.0,0.0,0.0,0.0,0.0,0.0,0.0,0.0,0.0,0.0,0.0,0.0,0.0,0.0,0.0,0.0,0.0,0.06196573254808709,0.06196573254808709
2018/12/28 09:00:00,2018/12/28 09:00:00,2018/12/28 14:00:00,17.602956303969712,17.602956303969712,15.592748989778979,0.0,0.0,0.0,0.24695335769390644,0.05050527061440958,0.0,0.005405805516797518,0.38852200953476496,0.0,0.0,0.0,0.0,0.0,0.0,1.3188208708308526,0.0,0.0,0.0,0.0,0.0,0.0,0.0,0.0,0.0,0.0,0.0,0.0,0.0,0.0,0.0,0.0,0.0,0.0,0.06006373201992139,0.06006373201992139
2018/12/28 10:00:00,2018/12/28 10:00:00,2018/12/28 15:00:00,15.776462705399208,15.776462705399208,13.84503196844088,0.0,0.0,0.0,0.25268234700990755,0.0516769256931404,0.0,0.005531213012120983,0.3027193804123075,0.0,0.0,0.0,0.0,0.0,0.0,1.3188208708308526,0.0,0.0,0.0,0.0,0.0,0.0,0.0,0.0,0.0,0.0,0.0,0.0,0.0,0.0,0.0,0.0,0.0,0.0,0.053831482155397195,0.053831482155397195
2018/12/28 11:00:00,2018/12/28 11:00:00,2018/12/28 16:00:00,13.724197479403133,13.724197479403133,11.855279183758379,0.0,0.0,0.0,0.24574672449634635,0.05025849795764481,0.0,0.00537939233312173,0.30069720045874637,0.0,0.0,0.0,0.0,0.0,0.0,1.2668364803988943,0.0,0.0,0.0,0.0,0.0,0.0,0.0,0.0,0.0,0.0,0.0,0.0,0.0,0.0,0.0,0.0,0.0,0.0,0.04682886813764647,0.04682886813764647
2018/12/28 12:00:00,2018/12/28 12:00:00,2018/12/28 17:00:00,11.58108011894407,11.58108011894407,10.598582300734225,0.0,0.0,0.0,0.23613760755858612,0.04829330478983772,0.0,0.00516904889888472,0.3207640133701988,0.0,0.0,0.0,0.0,0.0,0.0,0.37213384359233775,0.0,0.0,0.0,0.0,0.0,0.0,0.0,0.0,0.0,0.0,0.0,0.0,0.0,0.0,0.0,0.0,0.0,0.0,0.03951625401743614,0.03951625401743614
2018/12/28 13:00:00,2018/12/28 13:00:00,2018/12/28 18:00:00,12.053929772212133,12.053929772212133,10.147574016282123,0.0,0.0,0.0,0.2292019850450249,0.046874877054342116,0.0,0.005017228219885468,0.3253849632138206,0.0,0.0,0.0,0.0,0.0,0.0,1.2998767023969355,0.0,0.0,0.0,0.0,0.0,0.0,0.0,0.0,0.0,0.0,0.0,0.0,0.0,0.0,0.0,0.0,0.0,0.0,0.04112968271481925,0.04112968271481925
2018/12/28 14:00:00,2018/12/28 14:00:00,2018/12/28 19:00:00,10.128305497399458,10.128305497399458,9.508529830103763,0.0,0.0,0.0,0.22716107639764072,0.04645748388950332,0.0,0.004972552758379963,0.34118455425017113,0.0,0.0,0.0,0.0,0.0,0.0,0.0,0.0,0.0,0.0,0.0,0.0,0.0,0.0,0.0,0.0,0.0,0.0,0.0,0.0,0.0,0.0,0.0,0.0,0.0,0.03455918521336713,0.03455918521336713
2018/12/28 15:00:00,2018/12/28 15:00:00,2018/12/28 20:00:00,10.43423765689394,10.43423765689394,8.826700001397885,0.0,0.0,0.0,0.2303532769511554,0.04711033167548305,0.0,0.005042429983472414,0.7410571373996557,0.0,0.0,0.0,0.0,0.0,0.0,0.5839744794862903,0.0,0.0,0.0,0.0,0.0,0.0,0.0,0.0,0.0,0.0,0.0,0.0,0.0,0.0,0.0,0.0,0.0,0.0,0.035603068236584566,0.035603068236584566
2018/12/28 16:00:00,2018/12/28 16:00:00,2018/12/28 21:00:00,9.567270146656991,9.567270146656991,8.890704223800691,0.0,0.0,0.0,0.2504788163447321,0.051226274146665876,0.0,0.005482977756939709,0.36937785460796296,0.0,0.0,0.0,0.0,0.0,0.0,0.0,0.0,0.0,0.0,0.0,0.0,0.0,0.0,0.0,0.0,0.0,0.0,0.0,0.0,0.0,0.0,0.0,0.0,0.0,0.032644854666906656,0.032644854666906656
2018/12/28 17:00:00,2018/12/28 17:00:00,2018/12/28 22:00:00,10.31865246232883,10.31865246232883,9.442289188985546,0.0,0.0,0.0,0.305945947631676,0.06257004570746537,0.0,0.006697152478481841,0.50115012752566,0.0,0.0,0.0,0.0,0.0,0.0,0.0,0.0,0.0,0.0,0.0,0.0,0.0,0.0,0.0,0.0,0.0,0.0,0.0,0.0,0.0,0.0,0.0,0.0,0.0,0.035208675497549954,0.035208675497549954
2018/12/28 18:00:00,2018/12/28 18:00:00,2018/12/28 23:00:00,11.20177163932875,11.20177163932875,9.997191493028897,0.0,0.0,0.0,0.4069264191245201,0.08322190518061402,0.0,0.008907613575194035,0.7055242084195247,0.0,0.0,0.0,0.0,0.0,0.0,0.0,0.0,0.0,0.0,0.0,0.0,0.0,0.0,0.0,0.0,0.0,0.0,0.0,0.0,0.0,0.0,0.0,0.0,0.0,0.03822200079774483,0.03822200079774483
2018/12/28 19:00:00,2018/12/28 19:00:00,2018/12/29 00:00:00,11.71491560950479,11.71491560950479,10.356284897209333,0.0,0.0,0.0,0.5052614445357361,0.10333273548333091,0.0,0.011060165894491741,0.7389763663818958,0.0,0.0,0.0,0.0,0.0,0.0,0.0,0.0,0.0,0.0,0.0,0.0,0.0,0.0,0.0,0.0,0.0,0.0,0.0,0.0,0.0,0.0,0.0,0.0,0.0,0.03997291930143625,0.03997291930143625
2018/12/28 20:00:00,2018/12/28 20:00:00,2018/12/29 01:00:00,12.569271027843655,12.569271027843655,10.389778826312005,0.0,0.0,0.0,0.5191166306935479,0.10616630670037282,0.0,0.011363455724067538,0.6836115091075151,0.0,0.0,0.0,0.0,0.0,0.0,0.8592342993061449,0.0,0.0,0.0,0.0,0.0,0.0,0.0,0.0,0.0,0.0,0.0,0.0,0.0,0.0,0.0,0.0,0.0,0.0,0.04288809866169524,0.04288809866169524
2018/12/28 21:00:00,2018/12/28 21:00:00,2018/12/29 02:00:00,13.604372663940609,13.604372663940609,11.074534938145138,0.0,0.0,0.0,0.43517064139894374,0.08899822708441008,0.0,0.009525879202414142,0.6773221072788519,0.0,0.0,0.0,0.0,0.0,0.0,1.3188208708308526,0.0,0.0,0.0,0.0,0.0,0.0,0.0,0.0,0.0,0.0,0.0,0.0,0.0,0.0,0.0,0.0,0.0,0.0,0.04642000922321206,0.04642000922321206
2018/12/28 22:00:00,2018/12/28 22:00:00,2018/12/29 03:00:00,13.566635289161443,13.566635289161443,11.200865535240515,0.0,0.0,0.0,0.3276772071694535,0.06701437946342832,0.0,0.007172849443258015,0.645084447013938,0.0,0.0,0.0,0.0,0.0,0.0,1.3188208708308526,0.0,0.0,0.0,0.0,0.0,0.0,0.0,0.0,0.0,0.0,0.0,0.0,0.0,0.0,0.0,0.0,0.0,0.0,0.04629124405861525,0.04629124405861525
2018/12/28 23:00:00,2018/12/28 23:00:00,2018/12/29 04:00:00,12.905064164162027,12.905064164162027,11.404749352096331,0.0,0.0,0.0,0.28188573431297226,0.05764940969729326,0.0,0.0061704747482896226,0.5486638763632579,0.0,0.0,0.0,0.0,0.0,0.0,0.6059453169438843,0.0,0.0,0.0,0.0,0.0,0.0,0.0,0.0,0.0,0.0,0.0,0.0,0.0,0.0,0.0,0.0,0.0,0.0,0.044033871485627506,0.044033871485627506
2018/12/29 00:00:00,2018/12/29 00:00:00,2018/12/29 05:00:00,12.324663660097997,12.324663660097997,11.698860372521944,0.0,0.0,0.0,0.13094360677997474,0.026779722120023,0.0,0.002866353705536267,0.46521360497051883,0.0,0.0,0.0,0.0,0.0,0.0,0.0,0.0,0.0,0.0,0.0,0.0,0.0,0.0,0.0,0.0,0.0,0.0,0.0,0.0,0.0,0.0,0.0,0.0,0.0,0.0420534643461479,0.0420534643461479
2018/12/29 01:00:00,2018/12/29 01:00:00,2018/12/29 06:00:00,13.083649244190411,13.083649244190411,12.601518013149269,0.0,0.0,0.0,0.06501908921459039,0.013297274945155983,0.0,0.0014232669458539432,0.40239159993554136,0.0,0.0,0.0,0.0,0.0,0.0,0.0,0.0,0.0,0.0,0.0,0.0,0.0,0.0,0.0,0.0,0.0,0.0,0.0,0.0,0.0,0.0,0.0,0.0,0.0,0.04464322858476216,0.04464322858476216
2018/12/29 02:00:00,2018/12/29 02:00:00,2018/12/29 07:00:00,13.207749717969818,13.207749717969818,12.777831789158371,0.0,0.0,0.0,0.03901145352875434,0.00797836496709361,0.0,0.0008539601675123682,0.382074150148087,0.0,0.0,0.0,0.0,0.0,0.0,0.0,0.0,0.0,0.0,0.0,0.0,0.0,0.0,0.0,0.0,0.0,0.0,0.0,0.0,0.0,0.0,0.0,0.0,0.0,0.04506667663927734,0.04506667663927734
2018/12/29 03:00:00,2018/12/29 03:00:00,2018/12/29 08:00:00,12.38760370052177,12.38760370052177,12.004233767704845,0.0,0.0,0.0,0.026007635685836212,0.005318909978062404,0.0,0.0005693067783415784,0.35147408037468464,0.0,0.0,0.0,0.0,0.0,0.0,0.0,0.0,0.0,0.0,0.0,0.0,0.0,0.0,0.0,0.0,0.0,0.0,0.0,0.0,0.0,0.0,0.0,0.0,0.0,0.042268224506660484,0.042268224506660484
2018/12/29 04:00:00,2018/12/29 04:00:00,2018/12/29 09:00:00,11.967467331268955,11.967467331268955,11.5982703107714,0.0,0.0,0.0,0.026007635685836212,0.005318909978062404,0.0,0.0005693067783415784,0.33730116805531524,0.0,0.0,0.0,0.0,0.0,0.0,0.0,0.0,0.0,0.0,0.0,0.0,0.0,0.0,0.0,0.0,0.0,0.0,0.0,0.0,0.0,0.0,0.0,0.0,0.0,0.04083466085639265,0.04083466085639265
2018/12/29 05:00:00,2018/12/29 05:00:00,2018/12/29 10:00:00,11.68767972346043,11.68767972346043,11.335920202041256,0.0,0.0,0.0,0.02876591880464525,0.0058830158345184146,0.0,0.0006296855569084564,0.3164809012231033,0.0,0.0,0.0,0.0,0.0,0.0,0.0,0.0,0.0,0.0,0.0,0.0,0.0,0.0,0.0,0.0,0.0,0.0,0.0,0.0,0.0,0.0,0.0,0.0,0.0,0.039879986675095264,0.039879986675095264
2018/12/29 06:00:00,2018/12/29 06:00:00,2018/12/29 11:00:00,11.524020754607008,11.524020754607008,11.080932998421106,0.0,0.0,0.0,0.07859679435536127,0.01607409757620221,0.0,0.0017204827198804096,0.3466963815344563,0.0,0.0,0.0,0.0,0.0,0.0,0.0,0.0,0.0,0.0,0.0,0.0,0.0,0.0,0.0,0.0,0.0,0.0,0.0,0.0,0.0,0.0,0.0,0.0,0.0,0.03932155954057742,0.03932155954057742
2018/12/29 07:00:00,2018/12/29 07:00:00,2018/12/29 12:00:00,11.856101441714777,11.856101441714777,10.797270938896318,0.0,0.0,0.0,0.18452357674232273,0.03773754390357793,0.0,0.004039218492300221,0.42639470316413536,0.0,0.0,0.0,0.0,0.0,0.0,0.4061354605161249,0.0,0.0,0.0,0.0,0.0,0.0,0.0,0.0,0.0,0.0,0.0,0.0,0.0,0.0,0.0,0.0,0.0,0.0,0.04045466497213123,0.04045466497213123
2018/12/29 08:00:00,2018/12/29 08:00:00,2018/12/29 13:00:00,12.060098317572917,12.060098317572917,10.43318622857918,0.0,0.0,0.0,0.2335098295518684,0.047755888977462434,0.0,0.0051115268753808285,0.48637227993051274,0.0,0.0,0.0,0.0,0.0,0.0,0.8541625636585116,0.0,0.0,0.0,0.0,0.0,0.0,0.0,0.0,0.0,0.0,0.0,0.0,0.0,0.0,0.0,0.0,0.0,0.0,0.04115073064842228,0.04115073064842228
2018/12/29 09:00:00,2018/12/29 09:00:00,2018/12/29 14:00:00,12.636612953171147,12.636612953171147,10.626405638980414,0.0,0.0,0.0,0.24695335769390644,0.05050527061440958,0.0,0.005405805516797518,0.38852200953476496,0.0,0.0,0.0,0.0,0.0,0.0,1.3188208708308526,0.0,0.0,0.0,0.0,0.0,0.0,0.0,0.0,0.0,0.0,0.0,0.0,0.0,0.0,0.0,0.0,0.0,0.0,0.04311787866493617,0.04311787866493617
2018/12/29 10:00:00,2018/12/29 10:00:00,2018/12/29 15:00:00,12.058835063154586,12.058835063154586,10.573795253979073,0.0,0.0,0.0,0.25268234700990755,0.0516769256931404,0.0,0.005531213012120983,0.3027193804123075,0.0,0.0,0.0,0.0,0.0,0.0,0.8724299430480384,0.0,0.0,0.0,0.0,0.0,0.0,0.0,0.0,0.0,0.0,0.0,0.0,0.0,0.0,0.0,0.0,0.0,0.0,0.041146420248876575,0.041146420248876575
2018/12/29 11:00:00,2018/12/29 11:00:00,2018/12/29 16:00:00,11.099016501724453,11.099016501724453,10.496934686478593,0.0,0.0,0.0,0.24574672449634635,0.05025849795764481,0.0,0.00537939233312173,0.30069720045874637,0.0,0.0,0.0,0.0,0.0,0.0,0.0,0.0,0.0,0.0,0.0,0.0,0.0,0.0,0.0,0.0,0.0,0.0,0.0,0.0,0.0,0.0,0.0,0.0,0.0,0.03787138599519926,0.03787138599519926
2018/12/29 12:00:00,2018/12/29 12:00:00,2018/12/29 17:00:00,10.72531491139698,10.72531491139698,10.114950936779474,0.0,0.0,0.0,0.23613760755858612,0.04829330478983772,0.0,0.00516904889888472,0.3207640133701988,0.0,0.0,0.0,0.0,0.0,0.0,0.0,0.0,0.0,0.0,0.0,0.0,0.0,0.0,0.0,0.0,0.0,0.0,0.0,0.0,0.0,0.0,0.0,0.0,0.0,0.03659626426057415,0.03659626426057415
2018/12/29 13:00:00,2018/12/29 13:00:00,2018/12/29 18:00:00,10.29672447771929,10.29672447771929,9.690245424186216,0.0,0.0,0.0,0.2292019850450249,0.046874877054342116,0.0,0.005017228219885468,0.3253849632138206,0.0,0.0,0.0,0.0,0.0,0.0,0.0,0.0,0.0,0.0,0.0,0.0,0.0,0.0,0.0,0.0,0.0,0.0,0.0,0.0,0.0,0.0,0.0,0.0,0.0,0.03513385416819022,0.03513385416819022
2018/12/29 14:00:00,2018/12/29 14:00:00,2018/12/29 19:00:00,11.016020607033932,11.016020607033932,9.327483741024425,0.0,0.0,0.0,0.22716107639764072,0.04645748388950332,0.0,0.004972552758379963,0.34118455425017113,0.0,0.0,0.0,0.0,0.0,0.0,1.0687611987138113,0.0,0.0,0.0,0.0,0.0,0.0,0.0,0.0,0.0,0.0,0.0,0.0,0.0,0.0,0.0,0.0,0.0,0.0,0.03758819247410184,0.03758819247410184
2018/12/29 15:00:00,2018/12/29 15:00:00,2018/12/29 20:00:00,10.400323856781426,10.400323856781426,9.125771432077855,0.0,0.0,0.0,0.2303532769511554,0.04711033167548305,0.0,0.005042429983472414,0.3818947700095756,0.0,0.0,0.0,0.0,0.0,0.0,0.6101516160838879,0.0,0.0,0.0,0.0,0.0,0.0,0.0,0.0,0.0,0.0,0.0,0.0,0.0,0.0,0.0,0.0,0.0,0.0,0.03548734963985796,0.03548734963985796
2018/12/29 16:00:00,2018/12/29 16:00:00,2018/12/29 21:00:00,9.651337620044774,9.651337620044774,8.974771697188473,0.0,0.0,0.0,0.2504788163447321,0.051226274146665876,0.0,0.005482977756939709,0.36937785460796296,0.0,0.0,0.0,0.0,0.0,0.0,0.0,0.0,0.0,0.0,0.0,0.0,0.0,0.0,0.0,0.0,0.0,0.0,0.0,0.0,0.0,0.0,0.0,0.0,0.0,0.03293170456336507,0.03293170456336507
2018/12/29 17:00:00,2018/12/29 17:00:00,2018/12/29 22:00:00,9.74765357278432,9.74765357278432,8.871290299441036,0.0,0.0,0.0,0.305945947631676,0.06257004570746537,0.0,0.006697152478481841,0.50115012752566,0.0,0.0,0.0,0.0,0.0,0.0,0.0,0.0,0.0,0.0,0.0,0.0,0.0,0.0,0.0,0.0,0.0,0.0,0.0,0.0,0.0,0.0,0.0,0.0,0.0,0.033260347972727325,0.033260347972727325
2018/12/29 18:00:00,2018/12/29 18:00:00,2018/12/29 23:00:00,9.940172256025077,9.940172256025077,8.735592109725223,0.0,0.0,0.0,0.4069264191245201,0.08322190518061402,0.0,0.008907613575194035,0.7055242084195247,0.0,0.0,0.0,0.0,0.0,0.0,0.0,0.0,0.0,0.0,0.0,0.0,0.0,0.0,0.0,0.0,0.0,0.0,0.0,0.0,0.0,0.0,0.0,0.0,0.0,0.0339172484614477,0.0339172484614477
2018/12/29 19:00:00,2018/12/29 19:00:00,2018/12/30 00:00:00,11.01905488596027,11.01905488596027,8.35312557784085,0.0,0.0,0.0,0.5052614445357361,0.10333273548333091,0.0,0.011060165894491741,0.7389763663818958,0.0,0.0,0.0,0.0,0.0,0.0,1.3072985958239651,0.0,0.0,0.0,0.0,0.0,0.0,0.0,0.0,0.0,0.0,0.0,0.0,0.0,0.0,0.0,0.0,0.0,0.0,0.03759854585527022,0.03759854585527022
2018/12/29 20:00:00,2018/12/29 20:00:00,2018/12/30 01:00:00,11.659645909089965,11.659645909089965,8.606342449854607,0.0,0.0,0.0,0.5191166306935479,0.10616630670037282,0.0,0.011363455724067538,1.0978361952865172,0.0,0.0,0.0,0.0,0.0,0.0,1.3188208708308526,0.0,0.0,0.0,0.0,0.0,0.0,0.0,0.0,0.0,0.0,0.0,0.0,0.0,0.0,0.0,0.0,0.0,0.0,0.039784331406470634,0.039784331406470634
2018/12/29 21:00:00,2018/12/29 21:00:00,2018/12/30 02:00:00,11.347194192374545,11.347194192374545,8.817356466579074,0.0,0.0,0.0,0.43517064139894374,0.08899822708441008,0.0,0.009525879202414142,0.6773221072788519,0.0,0.0,0.0,0.0,0.0,0.0,1.3188208708308526,0.0,0.0,0.0,0.0,0.0,0.0,0.0,0.0,0.0,0.0,0.0,0.0,0.0,0.0,0.0,0.0,0.0,0.0,0.03871820274842658,0.03871820274842658
2018/12/29 22:00:00,2018/12/29 22:00:00,2018/12/30 03:00:00,9.994973738806323,9.994973738806323,8.84352599863662,0.0,0.0,0.0,0.3276772071694535,0.06701437946342832,0.0,0.007172849443258015,0.645084447013938,0.0,0.0,0.0,0.0,0.0,0.0,0.10449885707962807,0.0,0.0,0.0,0.0,0.0,0.0,0.0,0.0,0.0,0.0,0.0,0.0,0.0,0.0,0.0,0.0,0.0,0.0,0.03410423873281051,0.03410423873281051
2018/12/29 23:00:00,2018/12/29 23:00:00,2018/12/30 04:00:00,9.697091647110172,9.697091647110172,8.80272215198836,0.0,0.0,0.0,0.28188573431297226,0.05764940969729326,0.0,0.0061704747482896226,0.5486638763632579,0.0,0.0,0.0,0.0,0.0,0.0,0.0,0.0,0.0,0.0,0.0,0.0,0.0,0.0,0.0,0.0,0.0,0.0,0.0,0.0,0.0,0.0,0.0,0.0,0.0,0.0330878236591029,0.0330878236591029
2018/12/30 00:00:00,2018/12/30 00:00:00,2018/12/30 05:00:00,9.491927778952407,9.491927778952407,8.866124491376352,0.0,0.0,0.0,0.13094360677997474,0.026779722120023,0.0,0.002866353705536267,0.46521360497051883,0.0,0.0,0.0,0.0,0.0,0.0,0.0,0.0,0.0,0.0,0.0,0.0,0.0,0.0,0.0,0.0,0.0,0.0,0.0,0.0,0.0,0.0,0.0,0.0,0.0,0.03238777604298631,0.03238777604298631
2018/12/30 01:00:00,2018/12/30 01:00:00,2018/12/30 06:00:00,9.726008682592864,9.726008682592864,9.243877451551722,0.0,0.0,0.0,0.06501908921459039,0.013297274945155983,0.0,0.0014232669458539432,0.40239159993554136,0.0,0.0,0.0,0.0,0.0,0.0,0.0,0.0,0.0,0.0,0.0,0.0,0.0,0.0,0.0,0.0,0.0,0.0,0.0,0.0,0.0,0.0,0.0,0.0,0.0,0.03318649260084487,0.03318649260084487
2018/12/30 02:00:00,2018/12/30 02:00:00,2018/12/30 07:00:00,9.562770058893575,9.562770058893575,9.132852130082128,0.0,0.0,0.0,0.03901145352875434,0.00797836496709361,0.0,0.0008539601675123682,0.382074150148087,0.0,0.0,0.0,0.0,0.0,0.0,0.0,0.0,0.0,0.0,0.0,0.0,0.0,0.0,0.0,0.0,0.0,0.0,0.0,0.0,0.0,0.0,0.0,0.0,0.0,0.03262949974238031,0.03262949974238031
2018/12/30 03:00:00,2018/12/30 03:00:00,2018/12/30 08:00:00,9.022148028230673,9.022148028230673,8.638778095413748,0.0,0.0,0.0,0.026007635685836212,0.005318909978062404,0.0,0.0005693067783415784,0.35147408037468464,0.0,0.0,0.0,0.0,0.0,0.0,0.0,0.0,0.0,0.0,0.0,0.0,0.0,0.0,0.0,0.0,0.0,0.0,0.0,0.0,0.0,0.0,0.0,0.0,0.0,0.030784822279511223,0.030784822279511223
2018/12/30 04:00:00,2018/12/30 04:00:00,2018/12/30 09:00:00,8.984072086403906,8.984072086403906,8.61487506590635,0.0,0.0,0.0,0.026007635685836212,0.005318909978062404,0.0,0.0005693067783415784,0.33730116805531524,0.0,0.0,0.0,0.0,0.0,0.0,0.0,0.0,0.0,0.0,0.0,0.0,0.0,0.0,0.0,0.0,0.0,0.0,0.0,0.0,0.0,0.0,0.0,0.0,0.0,0.03065490187711988,0.03065490187711988
2018/12/30 05:00:00,2018/12/30 05:00:00,2018/12/30 10:00:00,9.055102185595116,9.055102185595116,8.637763988614536,0.0,0.0,0.0,0.02876591880464525,0.0058830158345184146,0.0,0.0006296855569084564,0.3164809012231033,0.0,0.0,0.0,0.0,0.0,0.0,0.06557867556140455,0.0,0.0,0.0,0.0,0.0,0.0,0.0,0.0,0.0,0.0,0.0,0.0,0.0,0.0,0.0,0.0,0.0,0.0,0.030897266441883762,0.030897266441883762
2018/12/30 06:00:00,2018/12/30 06:00:00,2018/12/30 11:00:00,9.496345790909375,9.496345790909375,8.712823596925956,0.0,0.0,0.0,0.07859679435536127,0.01607409757620221,0.0,0.0017204827198804096,0.3466963815344563,0.0,0.0,0.0,0.0,0.0,0.0,0.3404344377975178,0.0,0.0,0.0,0.0,0.0,0.0,0.0,0.0,0.0,0.0,0.0,0.0,0.0,0.0,0.0,0.0,0.0,0.0,0.03240285091346044,0.03240285091346044
2018/12/30 07:00:00,2018/12/30 07:00:00,2018/12/30 12:00:00,9.432551106608182,9.432551106608182,8.537136193096826,0.0,0.0,0.0,0.18452357674232273,0.03773754390357793,0.0,0.004039218492300221,0.42639470316413536,0.0,0.0,0.0,0.0,0.0,0.0,0.24271987120902005,0.0,0.0,0.0,0.0,0.0,0.0,0.0,0.0,0.0,0.0,0.0,0.0,0.0,0.0,0.0,0.0,0.0,0.0,0.03218517458932515,0.03218517458932515
2018/12/30 08:00:00,2018/12/30 08:00:00,2018/12/30 13:00:00,9.83971892667,9.83971892667,7.748148530503923,0.0,0.0,0.0,0.2335098295518684,0.047755888977462434,0.0,0.0051115268753808285,0.48637227993051274,0.0,0.0,0.0,0.0,0.0,0.0,1.3188208708308526,0.0,0.0,0.0,0.0,0.0,0.0,0.0,0.0,0.0,0.0,0.0,0.0,0.0,0.0,0.0,0.0,0.0,0.0,0.0335744877483775,0.0335744877483775
2018/12/30 09:00:00,2018/12/30 09:00:00,2018/12/30 14:00:00,10.293851992019242,10.293851992019242,8.28364467782851,0.0,0.0,0.0,0.24695335769390644,0.05050527061440958,0.0,0.005405805516797518,0.38852200953476496,0.0,0.0,0.0,0.0,0.0,0.0,1.3188208708308526,0.0,0.0,0.0,0.0,0.0,0.0,0.0,0.0,0.0,0.0,0.0,0.0,0.0,0.0,0.0,0.0,0.0,0.0,0.035124052847983575,0.035124052847983575
2018/12/30 10:00:00,2018/12/30 10:00:00,2018/12/30 15:00:00,10.46718972558719,10.46718972558719,8.535758988628862,0.0,0.0,0.0,0.25268234700990755,0.0516769256931404,0.0,0.005531213012120983,0.3027193804123075,0.0,0.0,0.0,0.0,0.0,0.0,1.3188208708308526,0.0,0.0,0.0,0.0,0.0,0.0,0.0,0.0,0.0,0.0,0.0,0.0,0.0,0.0,0.0,0.0,0.0,0.0,0.03571550527212087,0.03571550527212087
2018/12/30 11:00:00,2018/12/30 11:00:00,2018/12/30 16:00:00,10.29264634469653,10.29264634469653,8.337406614951652,0.0,0.0,0.0,0.24574672449634635,0.05025849795764481,0.0,0.00537939233312173,0.33503424412691357,0.0,0.0,0.0,0.0,0.0,0.0,1.3188208708308526,0.0,0.0,0.0,0.0,0.0,0.0,0.0,0.0,0.0,0.0,0.0,0.0,0.0,0.0,0.0,0.0,0.0,0.0,0.03511993901184995,0.03511993901184995
2018/12/30 12:00:00,2018/12/30 12:00:00,2018/12/30 17:00:00,9.541482452855536,9.541482452855536,7.827830331697804,0.0,0.0,0.0,0.23613760755858612,0.04829330478983772,0.0,0.00516904889888472,1.0948263271285004,0.0,0.0,0.0,0.0,0.0,0.0,0.3292258327819225,0.0,0.0,0.0,0.0,0.0,0.0,0.0,0.0,0.0,0.0,0.0,0.0,0.0,0.0,0.0,0.0,0.0,0.0,0.03255686347365731,0.03255686347365731
2018/12/30 13:00:00,2018/12/30 13:00:00,2018/12/30 18:00:00,8.079975305840135,8.079975305840135,7.473496252307062,0.0,0.0,0.0,0.2292019850450249,0.046874877054342116,0.0,0.005017228219885468,0.3253849632138206,0.0,0.0,0.0,0.0,0.0,0.0,0.0,0.0,0.0,0.0,0.0,0.0,0.0,0.0,0.0,0.0,0.0,0.0,0.0,0.0,0.0,0.0,0.0,0.0,0.0,0.027569998079704335,0.027569998079704335
2018/12/30 14:00:00,2018/12/30 14:00:00,2018/12/30 19:00:00,8.218569827498218,8.218569827498218,7.1473296542734,0.0,0.0,0.0,0.22716107639764072,0.04645748388950332,0.0,0.004972552758379963,0.34118455425017113,0.0,0.0,0.0,0.0,0.0,0.0,0.45146450592912213,0.0,0.0,0.0,0.0,0.0,0.0,0.0,0.0,0.0,0.0,0.0,0.0,0.0,0.0,0.0,0.0,0.0,0.0,0.02804290183885432,0.02804290183885432
2018/12/30 15:00:00,2018/12/30 15:00:00,2018/12/30 20:00:00,7.729527955289573,7.729527955289573,7.065127146669886,0.0,0.0,0.0,0.2303532769511554,0.04711033167548305,0.0,0.005042429983472414,0.3818947700095756,0.0,0.0,0.0,0.0,0.0,0.0,0.0,0.0,0.0,0.0,0.0,0.0,0.0,0.0,0.0,0.0,0.0,0.0,0.0,0.0,0.0,0.0,0.0,0.0,0.0,0.02637422304129141,0.02637422304129141
2018/12/30 16:00:00,2018/12/30 16:00:00,2018/12/30 21:00:00,7.478900496779349,7.478900496779349,6.771888363049507,0.0,0.0,0.0,0.2504788163447321,0.051226274146665876,0.0,0.005482977756939709,0.3998240654815043,0.0,0.0,0.0,0.0,0.0,0.0,0.0,0.0,0.0,0.0,0.0,0.0,0.0,0.0,0.0,0.0,0.0,0.0,0.0,0.0,0.0,0.0,0.0,0.0,0.0,0.02551904733984419,0.02551904733984419
2018/12/30 17:00:00,2018/12/30 17:00:00,2018/12/30 22:00:00,8.227209107630323,8.227209107630323,6.664494829183039,0.0,0.0,0.0,0.305945947631676,0.06257004570746537,0.0,0.006697152478481841,1.1875011326296598,0.0,0.0,0.0,0.0,0.0,0.0,0.0,0.0,0.0,0.0,0.0,0.0,0.0,0.0,0.0,0.0,0.0,0.0,0.0,0.0,0.0,0.0,0.0,0.0,0.0,0.028072380262690592,0.028072380262690592
2018/12/30 18:00:00,2018/12/30 18:00:00,2018/12/30 23:00:00,7.8510296139631315,7.8510296139631315,6.646449467663278,0.0,0.0,0.0,0.4069264191245201,0.08322190518061402,0.0,0.008907613575194035,0.7055242084195247,0.0,0.0,0.0,0.0,0.0,0.0,0.0,0.0,0.0,0.0,0.0,0.0,0.0,0.0,0.0,0.0,0.0,0.0,0.0,0.0,0.0,0.0,0.0,0.0,0.0,0.026788803577681132,0.026788803577681132
2018/12/30 19:00:00,2018/12/30 19:00:00,2018/12/31 00:00:00,8.75590824680279,8.75590824680279,6.582310053845191,0.0,0.0,0.0,0.5052614445357361,0.10333273548333091,0.0,0.011060165894491741,0.7389763663818958,0.0,0.0,0.0,0.0,0.0,0.0,0.8149674806621449,0.0,0.0,0.0,0.0,0.0,0.0,0.0,0.0,0.0,0.0,0.0,0.0,0.0,0.0,0.0,0.0,0.0,0.0,0.029876375163663954,0.029876375163663954
2018/12/30 20:00:00,2018/12/30 20:00:00,2018/12/31 01:00:00,8.545977410667637,8.545977410667637,6.821466753271995,0.0,0.0,0.0,0.5191166306935479,0.10616630670037282,0.0,0.011363455724067538,0.6836115091075151,0.0,0.0,0.0,0.0,0.0,0.0,0.40425275517013914,0.0,0.0,0.0,0.0,0.0,0.0,0.0,0.0,0.0,0.0,0.0,0.0,0.0,0.0,0.0,0.0,0.0,0.0,0.029160061990660378,0.029160061990660378
2018/12/30 21:00:00,2018/12/30 21:00:00,2018/12/31 02:00:00,7.951955150595733,7.951955150595733,6.702646636758164,0.0,0.0,0.0,0.43517064139894374,0.08899822708441008,0.0,0.009525879202414142,0.7156137661518006,0.0,0.0,0.0,0.0,0.0,0.0,0.0,0.0,0.0,0.0,0.0,0.0,0.0,0.0,0.0,0.0,0.0,0.0,0.0,0.0,0.0,0.0,0.0,0.0,0.0,0.027133175527573453,0.027133175527573453
2018/12/30 22:00:00,2018/12/30 22:00:00,2018/12/31 03:00:00,9.1216992921445,9.1216992921445,6.80564567824494,0.0,0.0,0.0,0.3276772071694535,0.06701437946342832,0.0,0.007172849443258015,1.5082959206422475,0.0,0.0,0.0,0.0,0.0,0.0,0.4058932571811709,0.0,0.0,0.0,0.0,0.0,0.0,0.0,0.0,0.0,0.0,0.0,0.0,0.0,0.0,0.0,0.0,0.0,0.0,0.031124505019995908,0.031124505019995908
2018/12/30 23:00:00,2018/12/30 23:00:00,2018/12/31 04:00:00,8.41930252943592,8.41930252943592,7.02746877008605,0.0,0.0,0.0,0.28188573431297226,0.05764940969729326,0.0,0.0061704747482896226,0.5486638763632579,0.0,0.0,0.0,0.0,0.0,0.0,0.4974642642280578,0.0,0.0,0.0,0.0,0.0,0.0,0.0,0.0,0.0,0.0,0.0,0.0,0.0,0.0,0.0,0.0,0.0,0.0,0.028727829700323927,0.028727829700323927
2018/12/31 00:00:00,2018/12/31 00:00:00,2018/12/31 05:00:00,8.574949854933182,8.574949854933182,7.293283939099655,0.0,0.0,0.0,0.13094360677997474,0.026779722120023,0.0,0.002866353705536267,0.46521360497051883,0.0,0.0,0.0,0.0,0.0,0.0,0.6558626282574758,0.0,0.0,0.0,0.0,0.0,0.0,0.0,0.0,0.0,0.0,0.0,0.0,0.0,0.0,0.0,0.0,0.0,0.0,0.02925891999486592,0.02925891999486592
2018/12/31 01:00:00,2018/12/31 01:00:00,2018/12/31 06:00:00,8.435159514397482,8.435159514397482,7.95302828335634,0.0,0.0,0.0,0.06501908921459039,0.013297274945155983,0.0,0.0014232669458539432,0.40239159993554136,0.0,0.0,0.0,0.0,0.0,0.0,0.0,0.0,0.0,0.0,0.0,0.0,0.0,0.0,0.0,0.0,0.0,0.0,0.0,0.0,0.0,0.0,0.0,0.0,0.0,0.028781935935602174,0.028781935935602174
2018/12/31 02:00:00,2018/12/31 02:00:00,2018/12/31 07:00:00,8.465847144789354,8.465847144789354,8.035929215977907,0.0,0.0,0.0,0.03901145352875434,0.00797836496709361,0.0,0.0008539601675123682,0.382074150148087,0.0,0.0,0.0,0.0,0.0,0.0,0.0,0.0,0.0,0.0,0.0,0.0,0.0,0.0,0.0,0.0,0.0,0.0,0.0,0.0,0.0,0.0,0.0,0.0,0.0,0.02888664639311595,0.02888664639311595
2018/12/31 03:00:00,2018/12/31 03:00:00,2018/12/31 08:00:00,8.03153696909215,8.03153696909215,7.648167036275226,0.0,0.0,0.0,0.026007635685836212,0.005318909978062404,0.0,0.0005693067783415784,0.35147408037468464,0.0,0.0,0.0,0.0,0.0,0.0,0.0,0.0,0.0,0.0,0.0,0.0,0.0,0.0,0.0,0.0,0.0,0.0,0.0,0.0,0.0,0.0,0.0,0.0,0.0,0.02740471974646973,0.02740471974646973
2018/12/31 04:00:00,2018/12/31 04:00:00,2018/12/31 09:00:00,8.0253378914602,8.0253378914602,7.656140870962646,0.0,0.0,0.0,0.026007635685836212,0.005318909978062404,0.0,0.0005693067783415784,0.33730116805531524,0.0,0.0,0.0,0.0,0.0,0.0,0.0,0.0,0.0,0.0,0.0,0.0,0.0,0.0,0.0,0.0,0.0,0.0,0.0,0.0,0.0,0.0,0.0,0.0,0.0,0.02738356763251645,0.02738356763251645
2018/12/31 05:00:00,2018/12/31 05:00:00,2018/12/31 10:00:00,8.50554070638488,8.50554070638488,7.747902958532622,0.0,0.0,0.0,0.02876591880464525,0.0058830158345184146,0.0,0.0006296855569084564,0.3164809012231033,0.0,0.0,0.0,0.0,0.0,0.0,0.4058782264330817,0.0,0.0,0.0,0.0,0.0,0.0,0.0,0.0,0.0,0.0,0.0,0.0,0.0,0.0,0.0,0.0,0.0,0.0,0.029022086338851217,0.029022086338851217
2018/12/31 06:00:00,2018/12/31 06:00:00,2018/12/31 11:00:00,8.194962477748827,8.194962477748827,7.751874721562927,0.0,0.0,0.0,0.07859679435536127,0.01607409757620221,0.0,0.0017204827198804096,0.3466963815344563,0.0,0.0,0.0,0.0,0.0,0.0,0.0,0.0,0.0,0.0,0.0,0.0,0.0,0.0,0.0,0.0,0.0,0.0,0.0,0.0,0.0,0.0,0.0,0.0,0.0,0.027962350282367862,0.027962350282367862
2018/12/31 07:00:00,2018/12/31 07:00:00,2018/12/31 12:00:00,8.288904887531636,8.288904887531636,7.6362098452293,0.0,0.0,0.0,0.18452357674232273,0.03773754390357793,0.0,0.004039218492300221,0.42639470316413536,0.0,0.0,0.0,0.0,0.0,0.0,0.0,0.0,0.0,0.0,0.0,0.0,0.0,0.0,0.0,0.0,0.0,0.0,0.0,0.0,0.0,0.0,0.0,0.0,0.0,0.02828289483346851,0.02828289483346851
2018/12/31 08:00:00,2018/12/31 08:00:00,2018/12/31 13:00:00,8.746540855627126,8.746540855627126,7.569329000206654,0.0,0.0,0.0,0.2335098295518684,0.047755888977462434,0.0,0.0051115268753808285,0.48637227993051274,0.0,0.0,0.0,0.0,0.0,0.0,0.4044623300852462,0.0,0.0,0.0,0.0,0.0,0.0,0.0,0.0,0.0,0.0,0.0,0.0,0.0,0.0,0.0,0.0,0.0,0.0,0.029844412323809945,0.029844412323809945
2018/12/31 09:00:00,2018/12/31 09:00:00,2018/12/31 14:00:00,9.318254267962649,9.318254267962649,7.234886731146172,0.0,0.0,0.0,0.24695335769390644,0.05050527061440958,0.0,0.005405805516797518,0.46168223216050985,0.0,0.0,0.0,0.0,0.0,0.0,1.3188208708308526,0.0,0.0,0.0,0.0,0.0,0.0,0.0,0.0,0.0,0.0,0.0,0.0,0.0,0.0,0.0,0.0,0.0,0.0,0.031795177899645165,0.031795177899645165
2018/12/31 10:00:00,2018/12/31 10:00:00,2018/12/31 15:00:00,11.117302315138646,11.117302315138646,7.520329498835888,0.0,0.0,0.0,0.25268234700990755,0.0516769256931404,0.0,0.005531213012120983,1.968261459756738,0.0,0.0,0.0,0.0,0.0,0.0,1.3188208708308526,0.0,0.0,0.0,0.0,0.0,0.0,0.0,0.0,0.0,0.0,0.0,0.0,0.0,0.0,0.0,0.0,0.0,0.0,0.03793377973053045,0.03793377973053045
2018/12/31 11:00:00,2018/12/31 11:00:00,2018/12/31 16:00:00,9.686228645692776,9.686228645692776,7.395208459638455,0.0,0.0,0.0,0.24574672449634635,0.05025849795764481,0.0,0.00537939233312173,0.6708147004363559,0.0,0.0,0.0,0.0,0.0,0.0,1.3188208708308526,0.0,0.0,0.0,0.0,0.0,0.0,0.0,0.0,0.0,0.0,0.0,0.0,0.0,0.0,0.0,0.0,0.0,0.0,0.03305075758935873,0.03305075758935873
2018/12/31 12:00:00,2018/12/31 12:00:00,2018/12/31 17:00:00,9.341674960075315,9.341674960075315,7.308286952847732,0.0,0.0,0.0,0.23613760755858612,0.04829330478983772,0.0,0.00516904889888472,0.42496717514942167,0.0,0.0,0.0,0.0,0.0,0.0,1.3188208708308526,0.0,0.0,0.0,0.0,0.0,0.0,0.0,0.0,0.0,0.0,0.0,0.0,0.0,0.0,0.0,0.0,0.0,0.0,0.03187509255434774,0.03187509255434774
2018/12/31 13:00:00,2018/12/31 13:00:00,2018/12/31 18:00:00,9.910665611334503,9.910665611334503,7.14899410270212,0.0,0.0,0.0,0.2292019850450249,0.046874877054342116,0.0,0.005017228219885468,1.1617565474822777,0.0,0.0,0.0,0.0,0.0,0.0,1.3188208708308526,0.0,0.0,0.0,0.0,0.0,0.0,0.0,0.0,0.0,0.0,0.0,0.0,0.0,0.0,0.0,0.0,0.0,0.0,0.03381656769118969,0.03381656769118969
2018/12/31 14:00:00,2018/12/31 14:00:00,2018/12/31 19:00:00,8.217891400308375,8.217891400308375,7.193800779731696,0.0,0.0,0.0,0.22716107639764072,0.04645748388950332,0.0,0.004972552758379963,0.34118455425017113,0.0,0.0,0.0,0.0,0.0,0.0,0.40431495328098344,0.0,0.0,0.0,0.0,0.0,0.0,0.0,0.0,0.0,0.0,0.0,0.0,0.0,0.0,0.0,0.0,0.0,0.0,0.028040586951046723,0.028040586951046723
2018/12/31 15:00:00,2018/12/31 15:00:00,2018/12/31 20:00:00,7.980341083447265,7.980341083447265,7.315940274827578,0.0,0.0,0.0,0.2303532769511554,0.04711033167548305,0.0,0.005042429983472414,0.3818947700095756,0.0,0.0,0.0,0.0,0.0,0.0,0.0,0.0,0.0,0.0,0.0,0.0,0.0,0.0,0.0,0.0,0.0,0.0,0.0,0.0,0.0,0.0,0.0,0.0,0.0,0.02723003227336594,0.02723003227336594
2018/12/31 16:00:00,2018/12/31 16:00:00,2018/12/31 21:00:00,8.40316984074353,8.40316984074353,7.238945379810884,0.0,0.0,0.0,0.2504788163447321,0.051226274146665876,0.0,0.005482977756939709,0.36937785460796296,0.0,0.0,0.0,0.0,0.0,0.0,0.4876585380763447,0.0,0.0,0.0,0.0,0.0,0.0,0.0,0.0,0.0,0.0,0.0,0.0,0.0,0.0,0.0,0.0,0.0,0.0,0.028672782725619916,0.028672782725619916
2018/12/31 17:00:00,2018/12/31 17:00:00,2018/12/31 22:00:00,8.088113259768294,8.088113259768294,7.211749986425011,0.0,0.0,0.0,0.305945947631676,0.06257004570746537,0.0,0.006697152478481841,0.50115012752566,0.0,0.0,0.0,0.0,0.0,0.0,0.0,0.0,0.0,0.0,0.0,0.0,0.0,0.0,0.0,0.0,0.0,0.0,0.0,0.0,0.0,0.0,0.0,0.0,0.0,0.027597765908896822,0.027597765908896822
2018/12/31 18:00:00,2018/12/31 18:00:00,2018/12/31 23:00:00,8.664496475567553,8.664496475567553,7.223208067084111,0.0,0.0,0.0,0.4069264191245201,0.08322190518061402,0.0,0.008907613575194035,0.7055242084195247,0.0,0.0,0.0,0.0,0.0,0.0,0.23670826218358917,0.0,0.0,0.0,0.0,0.0,0.0,0.0,0.0,0.0,0.0,0.0,0.0,0.0,0.0,0.0,0.0,0.0,0.0,0.029564465502801965,0.029564465502801965
2018/12/31 19:00:00,2018/12/31 19:00:00,2019/01/01 00:00:00,8.773228151417625,8.773228151417625,7.22117312254632,0.0,0.0,0.0,0.5052614445357361,0.10333273548333091,0.0,0.011060165894491741,0.7389763663818958,0.0,0.0,0.0,0.0,0.0,0.0,0.19342431657585019,0.0,0.0,0.0,0.0,0.0,0.0,0.0,0.0,0.0,0.0,0.0,0.0,0.0,0.0,0.0,0.0,0.0,0.0,0.0299354730840037,0.0299354730840037
2018/12/31 20:00:00,2018/12/31 20:00:00,2019/01/01 01:00:00,9.695051131045203,9.695051131045203,7.143569695807085,0.0,0.0,0.0,0.5191166306935479,0.10616630670037282,0.0,0.011363455724067538,0.6836115091075151,0.0,0.0,0.0,0.0,0.0,0.0,1.2312235330126151,0.0,0.0,0.0,0.0,0.0,0.0,0.0,0.0,0.0,0.0,0.0,0.0,0.0,0.0,0.0,0.0,0.0,0.0,0.03308086113485457,0.03308086113485457
2018/12/31 21:00:00,2018/12/31 21:00:00,2019/01/01 02:00:00,9.051495319913856,9.051495319913856,7.2311870339769415,0.0,0.0,0.0,0.43517064139894374,0.08899822708441008,0.0,0.009525879202414142,0.6773221072788519,0.0,0.0,0.0,0.0,0.0,0.0,0.6092914309722943,0.0,0.0,0.0,0.0,0.0,0.0,0.0,0.0,0.0,0.0,0.0,0.0,0.0,0.0,0.0,0.0,0.0,0.0,0.03088495931517334,0.03088495931517334
2018/12/31 22:00:00,2018/12/31 22:00:00,2019/01/01 03:00:00,8.63256721921565,8.63256721921565,7.28966158265238,0.0,0.0,0.0,0.3276772071694535,0.06701437946342832,0.0,0.007172849443258015,0.645084447013938,0.0,0.0,0.0,0.0,0.0,0.0,0.2959567534731909,0.0,0.0,0.0,0.0,0.0,0.0,0.0,0.0,0.0,0.0,0.0,0.0,0.0,0.0,0.0,0.0,0.0,0.0,0.02945551844504647,0.02945551844504647
2018/12/31 23:00:00,2018/12/31 23:00:00,2019/01/01 04:00:00,8.78144012831547,8.78144012831547,7.602821559839481,0.0,0.0,0.0,0.28188573431297226,0.05764940969729326,0.0,0.0061704747482896226,0.5486638763632579,0.0,0.0,0.0,0.0,0.0,0.0,0.2842490733541787,0.0,0.0,0.0,0.0,0.0,0.0,0.0,0.0,0.0,0.0,0.0,0.0,0.0,0.0,0.0,0.0,0.0,0.0,0.0299634934898508,0.0299634934898508
2019/01/01 00:00:00,2019/01/01 00:00:00,2019/01/01 05:00:00,8.51339119627211,8.51339119627211,7.887587908696057,0.0,0.0,0.0,0.13094360677997474,0.026779722120023,0.0,0.002866353705536267,0.46521360497051883,0.0,0.0,0.0,0.0,0.0,0.0,0.0,0.0,0.0,0.0,0.0,0.0,0.0,0.0,0.0,0.0,0.0,0.0,0.0,0.0,0.0,0.0,0.0,0.0,0.0,0.029048873300806317,0.029048873300806317
